1700680 894
1700690 892
1700700 892
1700710 893
1700720 892
1700730 892
1700740 895
1700750 897
1700760 897
1700770 899
1700780 900
1700790 900
1700800 901
1700810 903
1700820 903
1700830 904
1700840 904
1700850 904
1700860 905
1700870 905
1700880 905
1700890 901
1700900 899
1700910 899
1700920 896
1700930 895
1700940 895
1700950 892
1700960 890
1700970 890
1700980 888
1700990 887
1701000 887
1701010 885
1701020 884
1701030 884
1701040 884
1701050 883
1701060 883
1701070 883
1701080 882
1701090 882
1701100 882
1701110 883
1701120 884
1701130 884
1701140 885
1701150 887
1701160 887
1701170 888
1701180 890
1701190 890
1701200 892
1701210 895
1701220 895
1701230 897
1701240 898
1701250 898
1701260 898
1701270 897
1701280 897
1701290 894
1701300 890
1701310 890
1701320 885
1701330 880
1701340 880
1701350 875
1701360 871
1701370 871
1701380 867
1701390 863
1701400 863
1701410 860
1701420 857
1701430 857
1701440 854
1701450 850
1701460 850
1701470 848
1701480 844
1701490 844
1701500 842
1701510 842
1701520 842
1701530 840
1701540 839
1701550 839
1701560 837
1701570 835
1701580 835
1701590 832
1701600 830
1701610 828
1701620 828
1701630 823
1701640 818
1701650 818
1701660 814
1701670 812
1701680 812
1701690 810
1701700 809
1701710 809
1701720 808
1701730 808
1701740 808
1701750 808
1701760 807
1701770 807
1701780 807
1701790 807
1701800 807
1701810 807
1701820 807
1701830 807
1701840 806
1701850 806
1701860 806
1701870 805
1701880 804
1701890 804
1701900 803
1701910 803
1701920 803
1701930 803
1701940 803
1701950 803
1701960 803
1701970 803
1701980 803
1701990 803
1702000 803
1702010 803
1702020 802
1702030 802
1702040 802
1702050 801
1702060 801
1702070 801
1702080 801
1702090 801
1702100 801
1702110 800
1702120 800
1702130 800
1702140 799
1702150 799
1702160 799
1702170 799
1702180 798
1702190 798
1702200 798
1702210 798
1702220 797
1702230 797
1702240 797
1702250 797
1702260 797
1702270 797
1702280 797
1702290 797
1702300 799
1702310 799
1702320 799
1702330 800
1702340 801
1702350 801
1702360 802
1702370 803
1702380 803
1702390 803
1702400 803
1702410 803
1702420 803
1702430 803
1702440 803
1702450 800
1702460 795
1702470 795
1702480 794
1702490 794
1702500 794
1702510 794
1702520 794
1702530 794
1702540 794
1702550 795
1702560 795
1702570 801
1702580 802
1702590 802
1702600 802
1702610 804
1702620 804
1702630 804
1702640 805
1702650 805
1702660 806
1702670 806
1702680 806
1702690 807
1702700 807
1702710 810
1702720 810
1702730 812
1702740 813
1702750 813
1702760 815
1702770 817
1702780 817
1702790 819
1702800 819
1702810 819
1702820 820
1702830 819
1702840 819
1702850 820
1702860 820
1702870 820
1702880 820
1702890 821
1702900 821
1702910 821
1702920 824
1702930 824
1702940 826
1702950 832
1702960 832
1702970 840
1702980 842
1702990 842
1703000 842
1703010 842
1703020 842
1703030 842
1703040 843
1703050 843
1703060 843
1703070 844
1703080 844
1703090 844
1703100 845
1703110 845
1703120 845
1703130 846
1703140 846
1703150 846
1703160 846
1703170 846
1703180 846
1703190 847
1703200 847
1703210 847
1703220 847
1703230 847
1703240 847
1703250 848
1703260 848
1703270 848
1703280 848
1703290 849
1703300 849
1703310 849
1703320 849
1703330 849
1703340 850
1703350 850
1703360 850
1703370 850
1703380 851
1703390 851
1703400 851
1703410 851
1703420 851
1703430 852
1703440 852
1703450 852
1703460 853
1703470 853
1703480 853
1703490 854
1703500 855
1703510 855
1703520 856
1703530 858
1703540 858
1703550 861
1703560 864
1703570 864
1703580 866
1703590 868
1703600 868
1703610 871
1703620 874
1703630 874
1703640 876
1703650 878
1703660 878
1703670 880
1703680 882
1703690 882
1703700 883
1703710 883
1703720 883
1703730 882
1703740 878
1703750 878
1703760 875
1703770 873
1703780 873
1703790 872
1703800 872
1703810 872
1703820 872
1703830 872
1703840 872
1703850 872
1703860 871
1703870 870
1703880 870
1703890 870
1703900 872
1703910 872
1703920 874
1703930 876
1703940 876
1703950 877
1703960 878
1703970 878
1703980 879
1703990 879
1704000 879
1704010 879
1704020 877
1704030 877
1704040 874
1704050 868
1704060 868
1704070 864
1704080 863
1704090 863
1704100 867
1704110 871
1704120 871
1704130 874
1704140 877
1704150 877
1704160 878
1704170 878
1704180 878
1704190 878
1704200 878
1704210 878
1704220 877
1704230 876
1704240 876
1704250 876
1704260 874
1704270 874
1704280 873
1704290 871
1704300 871
1704310 869
1704320 868
1704330 868
1704340 868
1704350 867
1704360 867
1704370 864
1704380 860
1704390 860
1704400 860
1704410 859
1704420 858
1704430 858
1704440 855
1704450 852
1704460 852
1704470 851
1704480 851
1704490 851
1704500 851
1704510 850
1704520 850
1704530 848
1704540 848
1704550 848
1704560 849
1704570 849
1704580 849
1704590 850
1704600 851
1704610 851
1704620 853
1704630 856
1704640 856
1704650 858
1704660 859
1704670 859
1704680 862
1704690 866
1704700 866
1704710 869
1704720 870
1704730 870
1704740 871
1704750 873
1704760 873
1704770 876
1704780 879
1704790 879
1704800 882
1704810 884
1704820 884
1704830 887
1704840 890
1704850 890
1704860 893
1704870 896
1704880 896
1704890 900
1704900 903
1704910 903
1704920 907
1704930 911
1704940 911
1704950 915
1704960 918
1704970 921
1704980 921
1704990 924
1705000 926
1705010 926
1705020 927
1705030 928
1705040 928
1705050 930
1705060 929
1705070 929
1705080 928
1705090 927
1705100 927
1705110 929
1705120 931
1705130 931
1705140 933
1705150 935
1705160 935
1705170 934
1705180 933
1705190 933
1705200 931
1705210 928
1705220 928
1705230 928
1705240 927
1705250 927
1705260 927
1705270 927
1705280 927
1705290 926
1705300 923
1705310 923
1705320 919
1705330 916
1705340 916
1705350 914
1705360 915
1705370 915
1705380 915
1705390 916
1705400 916
1705410 918
1705420 918
1705430 918
1705440 919
1705450 920
1705460 920
1705470 922
1705480 923
1705490 923
1705500 924
1705510 927
1705520 930
1705530 930
1705540 933
1705550 935
1705560 935
1705570 940
1705580 945
1705590 945
1705600 950
1705610 954
1705620 954
1705630 959
1705640 967
1705650 967
1705660 970
1705670 973
1705680 973
1705690 977
1705700 981
1705710 981
1705720 988
1705730 995
1705740 995
1705750 1000
1705760 1005
1705770 1005
1705780 1007
1705790 1009
1705800 1009
1705810 1011
1705820 1010
1705830 1010
1705840 1005
1705850 1001
1705860 1001
1705870 999
1705880 1003
1705890 1003
1705900 1008
1705910 1007
1705920 1007
1705930 1005
1705940 1002
1705950 1002
1705960 1001
1705970 1002
1705980 1006
1705990 1006
1706000 1007
1706010 1007
1706020 1009
1706030 1012
1706040 1012
1706050 1015
1706060 1017
1706070 1017
1706080 1020
1706090 1023
1706100 1027
1706110 1027
1706120 1030
1706130 1033
1706140 1033
1706150 1038
1706160 1044
1706170 1044
1706180 1055
1706190 1059
1706200 1059
1706210 1055
1706220 1056
1706230 1056
1706240 1060
1706250 1066
1706260 1066
1706270 1072
1706280 1077
1706290 1077
1706300 1083
1706310 1088
1706320 1088
1706330 1094
1706340 1100
1706350 1100
1706360 1106
1706370 1111
1706380 1111
1706390 1117
1706400 1122
1706410 1122
1706420 1128
1706430 1132
1706440 1132
1706450 1136
1706460 1142
1706470 1142
1706480 1148
1706490 1153
1706500 1153
1706510 1157
1706520 1162
1706530 1162
1706540 1166
1706550 1168
1706560 1168
1706570 1165
1706580 1161
1706590 1161
1706600 1154
1706610 1148
1706620 1148
1706630 1143
1706640 1138
1706650 1133
1706660 1133
1706670 1131
1706680 1130
1706690 1130
1706700 1129
1706710 1127
1706720 1127
1706730 1123
1706740 1119
1706750 1119
1706760 1114
1706770 1110
1706780 1110
1706790 1105
1706800 1100
1706810 1100
1706820 1095
1706830 1090
1706840 1090
1706850 1085
1706860 1079
1706870 1079
1706880 1074
1706890 1071
1706900 1071
1706910 1068
1706920 1066
1706930 1066
1706940 1064
1706950 1061
1706960 1061
1706970 1059
1706980 1055
1706990 1055
1707000 1052
1707010 1049
1707020 1049
1707030 1046
1707040 1043
1707050 1043
1707060 1040
1707070 1037
1707080 1037
1707090 1032
1707100 1029
1707110 1029
1707120 1026
1707130 1023
1707140 1023
1707150 1023
1707160 1022
1707170 1022
1707180 1021
1707190 1019
1707200 1019
1707210 1017
1707220 1014
1707230 1012
1707240 1012
1707250 1007
1707260 1004
1707270 1004
1707280 1002
1707290 1000
1707300 1000
1707310 999
1707320 997
1707330 997
1707340 995
1707350 993
1707360 993
1707370 993
1707380 992
1707390 992
1707400 991
1707410 990
1707420 990
1707430 990
1707440 986
1707450 986
1707460 980
1707470 975
1707480 975
1707490 969
1707500 963
1707510 963
1707520 958
1707530 953
1707540 953
1707550 948
1707560 944
1707570 944
1707580 940
1707590 935
1707600 935
1707610 932
1707620 927
1707630 927
1707640 923
1707650 916
1707660 916
1707670 915
1707680 912
1707690 912
1707700 906
1707710 905
1707720 905
1707730 901
1707740 897
1707750 897
1707760 893
1707770 888
1707780 882
1707790 882
1707800 880
1707810 881
1707820 881
1707830 888
1707840 891
1707850 891
1707860 895
1707870 899
1707880 899
1707890 903
1707900 907
1707910 907
1707920 913
1707930 917
1707940 917
1707950 919
1707960 921
1707970 921
1707980 923
1707990 925
1708000 925
1708010 925
1708020 924
1708030 924
1708040 924
1708050 926
1708060 926
1708070 928
1708080 931
1708090 931
1708100 934
1708110 935
1708120 935
1708130 934
1708140 929
1708150 929
1708160 926
1708170 926
1708180 926
1708190 929
1708200 933
1708210 933
1708220 938
1708230 946
1708240 946
1708250 948
1708260 943
1708270 943
1708280 937
1708290 932
1708300 932
1708310 926
1708320 924
1708330 918
1708340 918
1708350 919
1708360 912
1708370 912
1708380 904
1708390 897
1708400 897
1708410 891
1708420 885
1708430 885
1708440 878
1708450 871
1708460 871
1708470 864
1708480 858
1708490 858
1708500 852
1708510 851
1708520 851
1708530 858
1708540 861
1708550 861
1708560 864
1708570 864
1708580 864
1708590 865
1708600 870
1708610 870
1708620 875
1708630 879
1708640 879
1708650 881
1708660 883
1708670 883
1708680 883
1708690 878
1708700 878
1708710 879
1708720 880
1708730 880
1708740 880
1708750 878
1708760 878
1708770 874
1708780 871
1708790 871
1708800 867
1708810 862
1708820 862
1708830 857
1708840 851
1708850 851
1708860 844
1708870 839
1708880 839
1708890 831
1708900 832
1708910 839
1708920 839
1708930 844
1708940 849
1708950 849
1708960 853
1708970 857
1708980 857
1708990 859
1709000 856
1709010 856
1709020 850
1709030 844
1709040 844
1709050 844
1709060 849
1709070 849
1709080 854
1709090 859
1709100 859
1709110 864
1709120 868
1709130 868
1709140 873
1709150 877
1709160 877
1709170 880
1709180 882
1709190 882
1709200 880
1709210 878
1709220 878
1709230 875
1709240 872
1709250 872
1709260 871
1709270 876
1709280 876
1709290 880
1709300 884
1709310 884
1709320 888
1709330 893
1709340 893
1709350 897
1709360 901
1709370 901
1709380 905
1709390 907
1709400 907
1709410 904
1709420 898
1709430 898
1709440 893
1709450 888
1709460 885
1709470 885
1709480 883
1709490 880
1709500 880
1709510 877
1709520 874
1709530 874
1709540 868
1709550 862
1709560 862
1709570 859
1709580 854
1709590 854
1709600 847
1709610 841
1709620 841
1709630 834
1709640 828
1709650 828
1709660 822
1709670 816
1709680 816
1709690 816
1709700 816
1709710 816
1709720 815
1709730 815
1709740 815
1709750 815
1709760 816
1709770 816
1709780 823
1709790 824
1709800 824
1709810 831
1709820 838
1709830 838
1709840 839
1709850 845
1709860 845
1709870 852
1709880 856
1709890 856
1709900 858
1709910 859
1709920 859
1709930 861
1709940 862
1709950 862
1709960 862
1709970 861
1709980 861
1709990 860
1710000 859
1710010 859
1710020 859
1710030 860
1710040 860
1710050 860
1710060 860
1710070 860
1710080 860
1710090 860
1710100 858
1710110 858
1710120 851
1710130 857
1710140 857
1710150 858
1710160 858
1710170 858
1710180 858
1710190 856
1710200 856
1710210 856
1710220 854
1710230 854
1710240 851
1710250 846
1710260 846
1710270 842
1710280 841
1710290 841
1710300 839
1710310 837
1710320 837
1710330 838
1710340 838
1710350 838
1710360 837
1710370 835
1710380 835
1710390 835
1710400 835
1710410 835
1710420 836
1710430 839
1710440 839
1710450 840
1710460 840
1710470 840
1710480 841
1710490 841
1710500 841
1710510 841
1710520 840
1710530 840
1710540 840
1710550 838
1710560 838
1710570 836
1710580 831
1710590 828
1710600 828
1710610 831
1710620 835
1710630 835
1710640 838
1710650 841
1710660 841
1710670 842
1710680 843
1710690 843
1710700 844
1710710 843
1710720 843
1710730 843
1710740 843
1710750 843
1710760 843
1710770 843
1710780 843
1710790 843
1710800 843
1710810 843
1710820 843
1710830 843
1710840 843
1710850 844
1710860 843
1710870 843
1710880 842
1710890 839
1710900 839
1710910 835
1710920 831
1710930 831
1710940 828
1710950 833
1710960 833
1710970 834
1710980 837
1710990 837
1711000 840
1711010 842
1711020 842
1711030 842
1711040 843
1711050 843
1711060 843
1711070 843
1711080 843
1711090 841
1711100 838
1711110 838
1711120 836
1711130 832
1711140 837
1711150 837
1711160 839
1711170 841
1711180 841
1711190 841
1711200 842
1711210 842
1711220 842
1711230 843
1711240 843
1711250 843
1711260 844
1711270 844
1711280 844
1711290 845
1711300 845
1711310 845
1711320 846
1711330 846
1711340 848
1711350 848
1711360 848
1711370 848
1711380 848
1711390 848
1711400 849
1711410 849
1711420 849
1711430 849
1711440 849
1711450 849
1711460 849
1711470 848
1711480 848
1711490 847
1711500 845
1711510 845
1711520 843
1711530 840
1711540 840
1711550 836
1711560 837
1711570 837
1711580 839
1711590 842
1711600 842
1711610 845
1711620 846
1711630 846
1711640 847
1711650 848
1711660 848
1711670 850
1711680 852
1711690 852
1711700 854
1711710 855
1711720 856
1711730 856
1711740 857
1711750 859
1711760 859
1711770 861
1711780 862
1711790 862
1711800 863
1711810 864
1711820 864
1711830 865
1711840 867
1711850 867
1711860 868
1711870 868
1711880 868
1711890 869
1711900 870
1711910 870
1711920 871
1711930 872
1711940 872
1711950 872
1711960 874
1711970 874
1711980 874
1711990 876
1712000 876
1712010 876
1712020 876
1712030 876
1712040 876
1712050 876
1712060 876
1712070 875
1712080 874
1712090 874
1712100 871
1712110 868
1712120 868
1712130 866
1712140 865
1712150 865
1712160 864
1712170 864
1712180 864
1712190 864
1712200 863
1712210 863
1712220 861
1712230 856
1712240 856
1712250 851
1712260 848
1712270 846
1712280 846
1712290 848
1712300 850
1712310 850
1712320 856
1712330 864
1712340 864
1712350 858
1712360 852
1712370 852
1712380 856
1712390 863
1712400 863
1712410 869
1712420 875
1712430 875
1712440 880
1712450 885
1712460 885
1712470 890
1712480 893
1712490 893
1712500 897
1712510 901
1712520 901
1712530 906
1712540 910
1712550 910
1712560 911
1712570 913
1712580 913
1712590 915
1712600 916
1712610 916
1712620 918
1712630 920
1712640 920
1712650 922
1712660 923
1712670 923
1712680 925
1712690 926
1712700 926
1712710 927
1712720 927
1712730 927
1712740 925
1712750 923
1712760 923
1712770 919
1712780 915
1712790 915
1712800 912
1712810 909
1712820 909
1712830 906
1712840 903
1712850 900
1712860 900
1712870 896
1712880 893
1712890 893
1712900 890
1712910 888
1712920 888
1712930 885
1712940 883
1712950 883
1712960 882
1712970 880
1712980 880
1712990 878
1713000 877
1713010 877
1713020 875
1713030 872
1713040 872
1713050 871
1713060 870
1713070 870
1713080 870
1713090 867
1713100 867
1713110 862
1713120 856
1713130 856
1713140 846
1713150 844
1713160 844
1713170 846
1713180 846
1713190 846
1713200 848
1713210 855
1713220 855
1713230 861
1713240 868
1713250 868
1713260 873
1713270 878
1713280 878
1713290 882
1713300 887
1713310 887
1713320 892
1713330 896
1713340 896
1713350 901
1713360 906
1713370 906
1713380 909
1713390 912
1713400 915
1713410 915
1713420 918
1713430 921
1713440 921
1713450 923
1713460 925
1713470 925
1713480 926
1713490 925
1713500 925
1713510 921
1713520 917
1713530 917
1713540 912
1713550 908
1713560 908
1713570 907
1713580 905
1713590 905
1713600 902
1713610 899
1713620 899
1713630 900
1713640 902
1713650 902
1713660 905
1713670 911
1713680 911
1713690 915
1713700 919
1713710 919
1713720 923
1713730 928
1713740 928
1713750 933
1713760 937
1713770 937
1713780 941
1713790 943
1713800 943
1713810 944
1713820 942
1713830 942
1713840 940
1713850 938
1713860 938
1713870 938
1713880 939
1713890 939
1713900 940
1713910 940
1713920 940
1713930 940
1713940 940
1713950 939
1713960 939
1713970 938
1713980 938
1713990 938
1714000 938
1714010 934
1714020 934
1714030 927
1714040 921
1714050 921
1714060 915
1714070 910
1714080 910
1714090 905
1714100 900
1714110 900
1714120 905
1714130 908
1714140 908
1714150 912
1714160 915
1714170 915
1714180 919
1714190 923
1714200 923
1714210 926
1714220 928
1714230 928
1714240 931
1714250 934
1714260 934
1714270 936
1714280 938
1714290 938
1714300 940
1714310 942
1714320 942
1714330 945
1714340 948
1714350 948
1714360 951
1714370 953
1714380 953
1714390 955
1714400 956
1714410 956
1714420 957
1714430 955
1714440 955
1714450 951
1714460 946
1714470 946
1714480 941
1714490 938
1714500 938
1714510 935
1714520 932
1714530 929
1714540 929
1714550 927
1714560 923
1714570 923
1714580 918
1714590 913
1714600 913
1714610 909
1714620 904
1714630 904
1714640 898
1714650 893
1714660 893
1714670 887
1714680 881
1714690 881
1714700 875
1714710 869
1714720 869
1714730 862
1714740 858
1714750 858
1714760 859
1714770 858
1714780 858
1714790 864
1714800 870
1714810 870
1714820 875
1714830 879
1714840 879
1714850 885
1714860 890
1714870 890
1714880 894
1714890 900
1714900 900
1714910 905
1714920 909
1714930 909
1714940 914
1714950 918
1714960 918
1714970 922
1714980 925
1714990 925
1715000 929
1715010 933
1715020 933
1715030 936
1715040 937
1715050 937
1715060 939
1715070 940
1715080 940
1715090 940
1715100 938
1715110 936
1715120 936
1715130 934
1715140 930
1715150 930
1715160 925
1715170 921
1715180 921
1715190 919
1715200 915
1715210 915
1715220 913
1715230 916
1715240 916
1715250 919
1715260 923
1715270 923
1715280 926
1715290 929
1715300 929
1715310 932
1715320 935
1715330 935
1715340 938
1715350 940
1715360 940
1715370 941
1715380 940
1715390 940
1715400 938
1715410 936
1715420 936
1715430 932
1715440 927
1715450 927
1715460 922
1715470 917
1715480 917
1715490 913
1715500 910
1715510 910
1715520 907
1715530 905
1715540 905
1715550 903
1715560 900
1715570 900
1715580 897
1715590 897
1715600 897
1715610 895
1715620 895
1715630 895
1715640 894
1715650 892
1715660 889
1715670 889
1715680 888
1715690 887
1715700 887
1715710 887
1715720 887
1715730 887
1715740 885
1715750 883
1715760 883
1715770 882
1715780 879
1715790 879
1715800 869
1715810 867
1715820 867
1715830 863
1715840 868
1715850 868
1715860 877
1715870 882
1715880 882
1715890 888
1715900 892
1715910 892
1715920 894
1715930 895
1715940 895
1715950 898
1715960 903
1715970 903
1715980 907
1715990 910
1716000 910
1716010 912
1716020 915
1716030 915
1716040 916
1716050 918
1716060 918
1716070 919
1716080 919
1716090 919
1716100 920
1716110 918
1716120 918
1716130 916
1716140 917
1716150 917
1716160 920
1716170 923
1716180 923
1716190 925
1716200 928
1716210 931
1716220 931
1716230 934
1716240 939
1716250 939
1716260 943
1716270 946
1716280 946
1716290 951
1716300 955
1716310 955
1716320 959
1716330 963
1716340 963
1716350 967
1716360 971
1716370 971
1716380 975
1716390 980
1716400 980
1716410 981
1716420 977
1716430 977
1716440 973
1716450 968
1716460 968
1716470 963
1716480 958
1716490 958
1716500 955
1716510 951
1716520 951
1716530 951
1716540 951
1716550 951
1716560 953
1716570 955
1716580 955
1716590 956
1716600 954
1716610 954
1716620 952
1716630 949
1716640 949
1716650 950
1716660 952
1716670 952
1716680 955
1716690 957
1716700 957
1716710 959
1716720 957
1716730 957
1716740 953
1716750 949
1716760 944
1716770 944
1716780 939
1716790 933
1716800 933
1716810 927
1716820 922
1716830 922
1716840 917
1716850 913
1716860 913
1716870 909
1716880 907
1716890 907
1716900 904
1716910 911
1716920 911
1716930 919
1716940 926
1716950 926
1716960 930
1716970 934
1716980 934
1716990 938
1717000 939
1717010 939
1717020 943
1700000 1066
1700010 1064
1700020 1061
1700030 1059
1700040 1056
1700050 1053
1700060 1048
1700070 1044
1700080 1041
1700090 1039
1700100 1036
1700110 1032
1700120 1027
1700130 1023
1700140 1019
1700150 1015
1700160 1011
1700170 1006
1700180 1002
1700190 997
1700200 994
1700210 991
1700220 988
1700230 986
1700240 984
1700250 982
1700260 980
1700270 978
1700280 976
1700290 973
1700300 971
1700310 969
1700320 967
1700330 965
1700340 963
1700350 959
1700360 956
1700370 954
1700380 951
1700390 948
1700400 945
1700410 942
1700420 939
1700430 937
1700440 934
1700450 931
1700460 928
1700470 926
1700480 924
1700490 922
1700500 920
1700510 919
1700520 918
1700530 916
1700540 915
1700550 913
1700560 911
1700570 909
1700580 907
1700590 906
1700600 904
1700610 903
1700620 901
1700630 900
1700640 898
1700650 897
1700660 897
1700670 897
1700680 895
1700690 894
1700700 893
1700710 893
1700720 893
1700730 893
1700740 894
1700750 896
1700760 898
1700770 899
1700780 900
1700790 901
1700800 902
1700810 903
1700820 905
1700830 906
1700840 906
1700850 906
1700860 907
1700870 908
1700880 906
1700890 904
1700900 902
1700910 900
1700920 898
1700930 897
1700940 895
1700950 894
1700960 893
1700970 892
1700980 890
1700990 889
1701000 888
1701010 887
1701020 886
1701030 886
1701040 885
1701050 885
1701060 885
1701070 884
1701080 884
1701090 884
1701100 883
1701110 884
1701120 884
1701130 885
1701140 886
1701150 887
1701160 888
1701170 889
1701180 890
1701190 891
1701200 892
1701210 894
1701220 895
1701230 896
1701240 898
1701250 898
1701260 898
1701270 898
1701280 897
1701290 895
1701300 893
1701310 890
1701320 887
1701330 884
1701340 881
1701350 877
1701360 875
1701370 872
1701380 869
1701390 867
1701400 864
1701410 862
1701420 859
1701430 857
1701440 855
1701450 853
1701460 851
1701470 849
1701480 846
1701490 844
1701500 843
1701510 842
1701520 841
1701530 841
1701540 840
1701550 839
1701560 838
1701570 837
1701580 835
1701590 834
1701600 832
1701610 830
1701620 828
1701630 826
1701640 823
1701650 819
1701660 817
1701670 814
1701680 813
1701690 811
1701700 810
1701710 809
1701720 808
1701730 808
1701740 808
1701750 807
1701760 807
1701770 807
1701780 807
1701790 807
1701800 807
1701810 807
1701820 807
1701830 807
1701840 807
1701850 806
1701860 806
1701870 806
1701880 805
1701890 804
1701900 803
1701910 803
1701920 803
1701930 803
1701940 803
1701950 803
1701960 803
1701970 803
1701980 803
1701990 803
1702000 803
1702010 802
1702020 802
1702030 802
1702040 802
1702050 801
1702060 801
1702070 801
1702080 801
1702090 801
1702100 801
1702110 800
1702120 800
1702130 800
1702140 799
1702150 799
1702160 799
1702170 798
1702180 798
1702190 798
1702200 798
1702210 798
1702220 797
1702230 797
1702240 797
1702250 797
1702260 797
1702270 796
1702280 797
1702290 797
1702300 798
1702310 799
1702320 799
1702330 800
1702340 801
1702350 801
1702360 802
1702370 802
1702380 803
1702390 803
1702400 803
1702410 803
1702420 803
1702430 803
1702440 802
1702450 801
1702460 798
1702470 796
1702480 795
1702490 794
1702500 794
1702510 794
1702520 793
1702530 794
1702540 794
1702550 794
1702560 797
1702570 799
1702580 801
1702590 802
1702600 802
1702610 803
1714900 900
1714910 904
1714920 907
1714930 910
1714940 913
1714950 916
1714960 919
1714970 921
1714980 924
1714990 926
1715000 929
1715010 931
1715020 933
1715030 935
1715040 937
1715050 938
1715060 939
1715070 939
1715080 939
1715090 939
1715100 938
1715110 936
1715120 935
1715130 933
1715140 931
1715150 928
1715160 925
1715170 922
1715180 919
1715190 917
1715200 914
1715210 913
1715220 911
1715230 912
1715240 914
1715250 916
1715260 918
1715270 920
1715280 923
1715290 925
1715300 927
1715310 930
1715320 931
1715330 933
1715340 935
1715350 937
1715360 939
1715370 940
1715380 940
1715390 940
1715400 939
1715410 937
1715420 935
1715430 933
1715440 930
1715450 926
1715460 923
1715470 920
1715480 917
1715490 914
1715500 912
1715510 910
1715520 908
1715530 907
1715540 905
1715550 904
1715560 902
1715570 900
1715580 898
1715590 897
1715600 897
1715610 896
1715620 895
1715630 895
1715640 894
1715650 893
1715660 891
1715670 890
1715680 889
1715690 888
1715700 888
1715710 887
1715720 887
1715730 887
1715740 886
1715750 885
1715760 883
1715770 882
1715780 881
1715790 878
1715800 873
1715810 869
1715820 867
1715830 865
1715840 866
1715850 869
1715860 874
1715870 878
1715880 882
1715890 886
1715900 889
1715910 891
1715920 893
1715930 894
1715940 895
1715950 897
1715960 900
1715970 903
1715980 905
1715990 908
1716000 910
1716010 911
1716020 913
1716030 914
1716040 916
1716050 917
1716060 917
1716070 918
1716080 919
1716090 919
1716100 919
1716110 919
1716120 917
1716130 916
1716140 916
1716150 917
1716160 919
1716170 921
1716180 922
1716190 924
1716200 926
1716210 928
1716220 930
1716230 933
1716240 936
1716250 939
1716260 941
1716270 944
1716280 946
1716290 949
1716300 952
1716310 955
1716320 957
1716330 960
1716340 963
1716350 965
1716360 968
1716370 971
1716380 973
1716390 976
1716400 979
1716410 980
1716420 979
1716430 976
1716440 973
1716450 970
1716460 966
1716470 963
1716480 960
1716490 958
1716500 955
1716510 952
1716520 950
1716530 949
1716540 950
1716550 951
1716560 952
1716570 953
1716580 954
1716590 954
1716600 954
1716610 953
1716620 951
1716630 949
1716640 949
1716650 949
1716660 950
1716670 952
1716680 953
1716690 955
1716700 957
1716710 958
1716720 958
1716730 956
1716740 954
1716750 950
1716760 947
1716770 944
1716780 941
1716790 937
1716800 934
1716810 930
1716820 926
1716830 922
1716840 919
1716850 916
1716860 913
1716870 910
1716880 908
1716890 906
1716900 905
1716910 906
1716920 909
1716930 916
1716940 920
1716950 924
1716960 928
1716970 930
1716980 933
1716990 935
1717000 936
1717010 938
1717020 940
1717030 943
1717040 945
1717050 947
1717060 949
1717070 951
1717080 953
1717090 954
1717100 955
1717110 955
1717120 955
1717130 954
1717140 953
1717150 951
1717160 949
1717170 947
1717180 945
1717190 944
1717200 943
1717210 943
1717220 943
1717230 943
1717240 943
1717250 943
1717260 943
1717270 943
1717280 945
1717290 947
1717300 951
1717310 955
1717320 958
1717330 962
1717340 964
1717350 967
1717360 969
1717370 971
1717380 972
1717390 973
1717400 975
1717410 976
1717420 979
1717430 981
1717440 983
1717450 985
1717460 987
1717470 989
1717480 992
1717490 995
1717500 998
1717510 1001
1717520 1005
1717530 1008
1717540 1011
1717550 1014
1717560 1018
1717570 1021
1717580 1025
1717590 1028
1717600 1032
1717610 1035
1717620 1038
1717630 1041
1717640 1044
1717650 1047
1717660 1050
1717670 1053
1717680 1056
1717690 1058
1717700 1061
1717710 1064
1717720 1067
1717730 1069
1717740 1072
1717750 1074
1717760 1077
1717770 1080
1717780 1083
1717790 1085
1717800 1088
1717810 1091
1717820 1094
1717830 1097
1717840 1099
1717850 1098
1717860 1096
1717870 1094
1717880 1091
1717890 1088
1717900 1085
1717910 1083
1717920 1081
1717930 1079
1717940 1078
1717950 1077
1717960 1076
1717970 1076
1717980 1076
1717990 1075
1718000 1074
1718010 1072
1718020 1070
1718030 1068
1718040 1066
1718050 1063
1718060 1061
1718070 1059
1718080 1057
1718090 1054
1718100 1052
1718110 1050
1718120 1048
1718130 1046
1718140 1045
1718150 1043
1718160 1041
1718170 1040
1718180 1039
1718190 1038
1718200 1037
1718210 1037
1718220 1036
1718230 1035
1718240 1034
1718250 1033
1718260 1032
1718270 1031
1718280 1030
1718290 1030
1718300 1029
1718310 1028
1718320 1028
1718330 1028
1718340 1029
1718350 1030
1718360 1031
1718370 1033
1718380 1034
1718390 1035
1718400 1037
1718410 1039
1718420 1041
1718430 1043
1718440 1044
1718450 1046
1718460 1047
1718470 1049
1718480 1050
1718490 1052
1718500 1053
1718510 1055
1718520 1057
1718530 1059
1718540 1061
1718550 1062
1718560 1063
1718570 1063
1718580 1062
1718590 1061
1718600 1059
1718610 1058
1718620 1056
1718630 1054
1718640 1052
1718650 1050
1718660 1047
1718670 1045
1718680 1043
1718690 1040
1718700 1038
1718710 1035
1718720 1033
1718730 1031
1718740 1029
1718750 1028
1718760 1027
1718770 1026
1718780 1024
1718790 1023
1718800 1021
1718810 1019
1718820 1016
1718830 1013
1718840 1010
1718850 1008
1718860 1005
1718870 1003
1718880 1000
1718890 998
1718900 995
1718910 993
1718920 991
1718930 988
1718940 986
1718950 983
1718960 980
1718970 977
1718980 973
1718990 969
1719000 965
1719010 962
1719020 960
1719030 959
1719040 957
1719050 957
1719060 959
1719070 961
1719080 962
1719090 963
1719100 962
1719110 961
1719120 959
1719130 956
1719140 952
1719150 948
1719160 944
1719170 942
1719180 940
1719190 938
1719200 936
1719210 934
1719220 932
1719230 929
1719240 928
1719250 927
1719260 926
1719270 925
1719280 924
1719290 923
1719300 922
1719310 920
1719320 918
1719330 916
1719340 918
1719350 922
1719360 926
1719370 930
1719380 934
1719390 936
1719400 937
1719410 937
1719420 937
1719430 937
1719440 938
1719450 939
1719460 939
1719470 939
1719480 937
1719490 936
1719500 932
1719510 930
1719520 930
1719530 931
1719540 931
1719550 932
1719560 931
1719570 931
1719580 930
1719590 928
1719600 927
1719610 925
1719620 923
1719630 920
1719640 918
1719650 914
1719660 911
1719670 908
1719680 907
1719690 907
1719700 907
1719710 907
1719720 907
1719730 907
1719740 907
1719750 908
1719760 910
1719770 913
1719780 915
1719790 917
1719800 919
1719810 920
1719820 919
1719830 917
1719840 916
1719850 917
1719860 920
1719870 923
1719880 927
1719890 930
1719900 934
1719910 937
1719920 940
1719930 943
1719940 946
1719950 949
1719960 951
1719970 954
1719980 956
1719990 957
