1700650 905
1700660 905
1700670 905
1700680 902
1700690 902
1700700 900
1700710 902
1700720 902
1700730 903
1700740 903
1700750 903
1700760 903
1700770 903
1700780 903
1700790 903
1700800 903
1700810 903
1700820 904
1700830 904
1700840 904
1700850 903
1700860 903
1700870 903
1700880 900
1700890 896
1700900 896
1700910 894
1700920 893
1700930 893
1700940 892
1700950 891
1700960 891
1700970 888
1700980 883
1700990 883
1701000 880
1701010 878
1701020 878
1701030 878
1701040 879
1701050 879
1701060 880
1701070 880
1701080 880
1701090 879
1701100 877
1701110 877
1701120 875
1701130 873
1701140 873
1701150 873
1701160 872
1701170 871
1701180 871
1701190 870
1701200 869
1701210 869
1701220 869
1701230 869
1701240 869
1701250 869
1701260 869
1701270 869
1701280 869
1701290 869
1701300 869
1701310 868
1701320 868
1701330 868
1701340 867
1701350 867
1701360 867
1701370 866
1701380 865
1701390 865
1701400 865
1701410 864
1701420 864
1701430 864
1701440 863
1701450 863
1701460 863
1701470 863
1701480 863
1701490 862
1701500 862
1701510 862
1701520 862
1701530 862
1701540 862
1701550 863
1701560 863
1701570 863
1701580 863
1701590 863
1701600 863
1701610 862
1701620 860
1701630 860
1701640 857
1701650 853
1701660 853
1701670 847
1701680 840
1701690 840
1701700 836
1701710 832
1701720 828
1701730 828
1701740 824
1701750 821
1701760 821
1701770 819
1701780 816
1701790 816
1701800 814
1701810 814
1701820 814
1701830 813
1701840 813
1701850 813
1701860 814
1701870 815
1701880 815
1701890 816
1701900 816
1701910 816
1701920 814
1701930 814
1701940 814
1701950 813
1701960 810
1701970 810
1701980 811
1701990 809
1702000 809
1702010 806
1702020 805
1702030 805
1702040 805
1702050 805
1702060 805
1702070 805
1702080 806
1702090 806
1702100 807
1702110 810
1702120 810
1702130 812
1702140 813
1702150 813
1702160 814
1702170 814
1702180 814
1702190 815
1702200 816
1702210 816
1702220 818
1702230 820
1702240 820
1702250 821
1702260 824
1702270 824
1702280 826
1702290 828
1702300 830
1702310 830
1702320 831
1702330 832
1702340 832
1702350 832
1702360 833
1702370 833
1702380 833
1702390 833
1702400 833
1702410 833
1702420 833
1702430 833
1702440 832
1702450 831
1702460 831
1702470 830
1702480 828
1702490 828
1702500 825
1702510 822
1702520 822
1702530 819
1702540 817
1702550 817
1702560 814
1702570 811
1702580 811
1702590 811
1702600 811
1702610 811
1702620 809
1702630 805
1702640 805
1702650 802
1702660 799
1702670 799
1702680 797
1702690 794
1702700 794
1702710 790
1702720 789
1702730 789
1702740 786
1702750 785
1702760 785
1702770 783
1702780 784
1702790 784
1702800 784
1702810 784
1702820 784
1702830 785
1702840 787
1702850 787
1702860 790
1702870 792
1702880 794
1702890 794
1702900 796
1702910 799
1702920 799
1702930 802
1702940 806
1702950 806
1702960 810
1702970 815
1702980 815
1702990 820
1703000 825
1703010 825
1703020 830
1703030 833
1703040 833
1703050 837
1703060 842
1703070 842
1703080 847
1703090 850
1703100 850
1703110 851
1703120 852
1703130 852
1703140 852
1703150 853
1703160 853
1703170 853
1703180 854
1703190 854
1703200 854
1703210 855
1703220 855
1703230 855
1703240 855
1703250 855
1703260 855
1703270 855
1703280 855
1703290 855
1703300 855
1703310 855
1703320 855
1703330 856
1703340 856
1703350 856
1703360 856
1703370 856
1703380 856
1703390 857
1703400 857
1703410 857
1703420 857
1703430 857
1703440 857
1703450 858
1703460 858
1703470 858
1703480 858
1703490 859
1703500 859
1703510 859
1703520 859
1703530 859
1703540 859
1703550 859
1703560 859
1703570 859
1703580 860
1703590 860
1703600 860
1703610 860
1703620 860
1703630 861
1703640 861
1703650 861
1703660 862
1703670 862
1703680 862
1703690 862
1703700 863
1703710 863
1703720 863
1703730 864
1703740 864
1703750 864
1703760 865
1703770 865
1703780 866
1703790 868
1703800 868
1703810 871
1703820 873
1703830 873
1703840 875
1703850 878
1703860 878
1703870 881
1703880 884
1703890 884
1703900 886
1703910 889
1703920 889
1703930 892
1703940 894
1703950 894
1703960 896
1703970 898
1703980 898
1703990 899
1704000 900
1704010 900
1704020 901
1704030 902
1704040 902
1704050 902
1704060 902
1704070 902
1704080 902
1704090 900
1704100 899
1704110 899
1704120 898
1704130 896
1704140 896
1704150 895
1704160 894
1704170 894
1704180 893
1704190 891
1704200 891
1704210 890
1704220 889
1704230 889
1704240 886
1704250 880
1704260 880
1704270 874
1704280 869
1704290 869
1704300 868
1704310 868
1704320 868
1704330 866
1704340 862
1704350 862
1704360 856
1704370 852
1704380 852
1704390 847
1704400 842
1704410 842
1704420 841
1704430 841
1704440 841
1704450 843
1704460 846
1704470 846
1704480 845
1704490 845
1704500 845
1704510 846
1704520 849
1704530 849
1704540 853
1704550 857
1704560 857
1704570 864
1704580 868
1704590 870
1704600 870
1704610 870
1704620 870
1704630 870
1704640 870
1704650 871
1704660 871
1704670 873
1704680 874
1704690 874
1704700 875
1704710 876
1704720 876
1704730 877
1704740 877
1704750 877
1704760 878
1704770 879
1704780 879
1704790 879
1704800 880
1704810 880
1704820 881
1704830 881
1704840 881
1704850 881
1704860 881
1704870 881
1704880 882
1704890 884
1704900 884
1704910 885
1704920 887
1704930 887
1704940 888
1704950 890
1704960 890
1704970 892
1704980 893
1704990 893
1705000 895
1705010 897
1705020 897
1705030 898
1705040 899
1705050 899
1705060 899
1705070 898
1705080 898
1705090 898
1705100 898
1705110 898
1705120 898
1705130 898
1705140 898
1705150 896
1705160 893
1705170 889
1705180 889
1705190 888
1705200 890
1705210 890
1705220 894
1705230 897
1705240 897
1705250 900
1705260 902
1705270 902
1705280 904
1705290 906
1705300 906
1705310 907
1705320 908
1705330 908
1705340 909
1705350 910
1705360 910
1705370 910
1705380 910
1705390 910
1705400 910
1705410 910
1705420 910
1705430 909
1705440 909
1705450 909
1705460 906
1705470 901
1705480 901
1705490 900
1705500 904
1705510 904
1705520 903
1705530 901
1705540 901
1705550 904
1705560 905
1705570 905
1705580 905
1705590 904
1705600 904
1705610 904
1705620 905
1705630 905
1705640 904
1705650 904
1705660 904
1705670 904
1705680 905
1705690 905
1705700 904
1705710 904
1705720 904
1705730 904
1705740 903
1705750 901
1705760 901
1705770 897
1705780 894
1705790 894
1705800 893
1705810 893
1705820 893
1705830 893
1705840 894
1705850 894
1705860 895
1705870 896
1705880 896
1705890 898
1705900 901
1705910 901
1705920 904
1705930 906
1705940 906
1705950 909
1705960 912
1705970 912
1705980 915
1705990 918
1706000 918
1706010 921
1706020 924
1706030 924
1706040 928
1706050 930
1706060 930
1706070 930
1706080 933
1706090 933
1706100 934
1706110 933
1706120 933
1706130 935
1706140 937
1706150 937
1706160 941
1706170 946
1706180 946
1706190 952
1706200 958
1706210 958
1706220 963
1706230 968
1706240 968
1706250 973
1706260 976
1706270 976
1706280 978
1706290 977
1706300 977
1706310 975
1706320 973
1706330 970
1706340 970
1706350 969
1706360 974
1706370 974
1706380 978
1706390 983
1706400 983
1706410 989
1706420 995
1706430 995
1706440 999
1706450 1003
1706460 1003
1706470 1005
1706480 1003
1706490 1003
1706500 997
1706510 993
1706520 993
1706530 989
1706540 985
1706550 985
1706560 981
1706570 979
1706580 979
1706590 976
1706600 975
1706610 975
1706620 975
1706630 977
1706640 977
1706650 981
1706660 985
1706670 985
1706680 990
1706690 996
1706700 996
1706710 1001
1706720 1008
1706730 1008
1706740 1014
1706750 1020
1706760 1020
1706770 1025
1706780 1027
1706790 1027
1706800 1027
1706810 1026
1706820 1026
1706830 1024
1706840 1024
1706850 1024
1706860 1024
1706870 1021
1706880 1021
1706890 1019
1706900 1017
1706910 1014
1706920 1014
1706930 1011
1706940 1009
1706950 1009
1706960 1007
1706970 1004
1706980 1004
1706990 1002
1707000 999
1707010 999
1707020 997
1707030 995
1707040 995
1707050 993
1707060 990
1707070 990
1707080 987
1707090 984
1707100 984
1707110 982
1707120 977
1707130 977
1707140 974
1707150 973
1707160 973
1707170 972
1707180 971
1707190 971
1707200 970
1707210 967
1707220 967
1707230 965
1707240 964
1707250 964
1707260 966
1707270 965
1707280 965
1707290 964
1707300 963
1707310 963
1707320 960
1707330 958
1707340 958
1707350 958
1707360 953
1707370 953
1707380 950
1707390 947
1707400 947
1707410 940
1707420 933
1707430 933
1707440 933
1707450 936
1707460 937
1707470 937
1707480 938
1707490 937
1707500 937
1707510 936
1707520 935
1707530 935
1707540 934
1707550 933
1707560 933
1707570 933
1707580 930
1707590 930
1707600 928
1707610 927
1707620 927
1707630 926
1707640 926
1707650 926
1707660 928
1707670 929
1707680 929
1707690 929
1707700 928
1707710 928
1707720 927
1707730 927
1707740 927
1707750 927
1707760 927
1707770 927
1707780 927
1707790 923
1707800 923
1707810 921
1707820 921
1707830 921
1707840 925
1707850 928
1707860 928
1707870 928
1707880 929
1707890 929
1707900 928
1707910 928
1707920 928
1707930 927
1707940 926
1707950 926
1707960 925
1707970 924
1707980 924
1707990 922
1708000 920
1708010 920
1708020 915
1708030 916
1708040 920
1708050 920
1708060 920
1708070 918
1708080 918
1708090 914
1708100 914
1708110 914
1708120 919
1708130 923
1708140 923
1708150 926
1708160 928
1708170 928
1708180 930
1708190 932
1708200 932
1708210 933
1708220 934
1708230 934
1708240 934
1708250 935
1708260 935
1708270 936
1708280 936
1708290 936
1708300 936
1708310 936
1708320 936
1708330 933
1708340 928
1708350 928
1708360 924
1708370 919
1708380 919
1708390 914
1708400 909
1708410 909
1708420 907
1708430 904
1708440 904
1708450 908
1708460 912
1708470 912
1708480 915
1708490 917
1708500 917
1708510 919
1708520 921
1708530 921
1708540 922
1708550 924
1708560 924
1708570 925
1708580 927
1708590 927
1708600 927
1708610 928
1708620 929
1708630 929
1708640 928
1708650 927
1708660 927
1708670 926
1708680 924
1708690 924
1708700 922
1708710 917
1708720 917
1708730 912
1708740 907
1708750 907
1708760 901
1708770 897
1708780 897
1708790 895
1708800 889
1708810 889
1708820 884
1708830 881
1708840 881
1708850 888
1708860 893
1708870 893
1708880 894
1708890 897
1708900 897
1708910 903
1708920 904
1708930 904
1708940 906
1708950 906
1708960 906
1708970 907
1708980 906
1708990 906
1709000 901
1709010 896
1709020 896
1709030 895
1709040 896
1709050 896
1709060 896
1709070 896
1709080 896
1709090 892
1709100 893
1709110 893
1709120 897
1709130 902
1709140 902
1709150 905
1709160 908
1709170 908
1709180 910
1709190 912
1709200 912
1709210 912
1709220 907
1709230 901
1709240 901
1709250 897
1709260 895
1709270 895
1709280 895
1709290 894
1709300 894
1709310 894
1709320 895
1709330 895
1709340 896
1709350 897
1709360 897
1709370 898
1709380 898
1709390 898
1709400 899
1709410 899
1709420 899
1709430 900
1709440 898
1709450 898
1709460 895
1709470 893
1709480 893
1709490 886
1709500 880
1709510 880
1709520 875
1709530 871
1709540 871
1709550 867
1709560 862
1709570 862
1709580 854
1709590 849
1709600 849
1709610 851
1709620 853
1709630 853
1709640 848
1709650 848
1709660 848
1709670 845
1709680 843
1709690 843
1709700 844
1709710 846
1709720 846
1709730 854
1709740 862
1709750 862
1709760 869
1709770 873
1709780 876
1709790 876
1709800 878
1709810 876
1709820 876
1709830 871
1709840 868
1709850 868
1709860 868
1709870 874
1709880 874
1709890 874
1709900 874
1709910 874
1709920 873
1709930 872
1709940 872
1709950 872
1709960 871
1709970 871
1709980 869
1709990 869
1710000 869
1710010 868
1710020 868
1710030 868
1710040 870
1710050 870
1710060 870
1710070 868
1710080 868
1710090 868
1710100 869
1710110 870
1710120 870
1710130 870
1710140 871
1710150 871
1710160 871
1710170 872
1710180 872
1710190 874
1710200 877
1710210 877
1710220 879
1710230 882
1710240 882
1710250 886
1710260 889
1710270 889
1710280 892
1710290 894
1710300 894
1710310 896
1710320 897
1710330 899
1710340 899
1710350 901
1710360 902
1710370 902
1710380 901
1710390 898
1710400 898
1710410 895
1710420 891
1710430 891
1710440 885
1710450 882
1710460 882
1710470 882
1710480 881
1710490 881
1710500 877
1710510 872
1710520 872
1710530 868
1710540 867
1710550 867
1710560 866
1710570 863
1710580 863
1710590 862
1710600 861
1710610 861
1710620 860
1710630 859
1710640 859
1710650 858
1710660 857
1710670 857
1710680 857
1710690 857
1710700 857
1710710 857
1710720 857
1710730 857
1710740 856
1710750 854
1710760 854
1710770 852
1710780 851
1710790 851
1710800 849
1710810 850
1710820 850
1710830 850
1710840 855
1710850 855
1710860 858
1710870 851
1710880 851
1710890 851
1710900 852
1710910 855
1710920 855
1710930 859
1710940 862
1710950 862
1710960 865
1710970 867
1710980 867
1710990 868
1711000 871
1711010 871
1711020 874
1711030 878
1711040 878
1711050 882
1711060 886
1711070 886
1711080 890
1711090 894
1711100 894
1711110 899
1711120 904
1711130 904
1711140 908
1711150 913
1711160 913
1711170 918
1711180 922
1711190 922
1711200 926
1711210 931
1711220 931
1711230 935
1711240 939
1711250 939
1711260 943
1711270 947
1711280 947
1711290 950
1711300 948
1711310 948
1711320 942
1711330 936
1711340 936
1711350 931
1711360 928
1711370 928
1711380 928
1711390 928
1711400 928
1711410 927
1711420 924
1711430 924
1711440 920
1711450 916
1711460 916
1711470 912
1711480 908
1711490 904
1711500 904
1711510 902
1711520 902
1711530 902
1711540 904
1711550 907
1711560 907
1711570 910
1711580 913
1711590 913
1711600 915
1711610 917
1711620 917
1711630 920
1711640 923
1711650 923
1711660 927
1711670 931
1711680 931
1711690 935
1711700 938
1711710 938
1711720 940
1711730 944
1711740 944
1711750 946
1711760 948
1711770 948
1711780 949
1711790 953
1711800 953
1711810 957
1711820 960
1711830 960
1711840 962
1711850 959
1711860 959
1711870 954
1711880 948
1711890 948
1711900 942
1711910 940
1711920 940
1711930 939
1711940 938
1711950 938
1711960 930
1711970 926
1711980 926
1711990 928
1712000 931
1712010 931
1712020 934
1712030 937
1712040 937
1712050 940
1712060 944
1712070 947
1712080 947
1712090 952
1712100 954
1712110 954
1712120 956
1712130 958
1712140 958
1712150 960
1712160 963
1712170 963
1712180 966
1712190 969
1712200 969
1712210 970
1712220 971
1712230 971
1712240 971
1712250 971
1712260 971
1712270 970
1712280 971
1712290 971
1712300 973
1712310 974
1712320 974
1712330 975
1712340 976
1712350 976
1712360 977
1712370 976
1712380 976
1712390 973
1712400 970
1712410 970
1712420 964
1712430 960
1712440 960
1712450 954
1712460 949
1712470 949
1712480 943
1712490 938
1712500 938
1712510 936
1712520 939
1712530 939
1712540 941
1712550 942
1712560 942
1712570 943
1712580 942
1712590 942
1712600 940
1712610 936
1712620 936
1712630 934
1712640 931
1712650 928
1712660 928
1712670 925
1712680 922
1712690 922
1712700 919
1712710 920
1712720 920
1712730 920
1712740 920
1712750 920
1712760 920
1712770 920
1712780 920
1712790 919
1712800 918
1712810 918
1712820 915
1712830 911
1712840 911
1712850 905
1712860 899
1712870 899
1712880 894
1712890 889
1712900 889
1712910 884
1712920 880
1712930 880
1712940 876
1712950 871
1712960 871
1712970 866
1712980 862
1712990 862
1713000 863
1713010 864
1713020 864
1713030 862
1713040 861
1713050 861
1713060 859
1713070 857
1713080 857
1713090 854
1713100 853
1713110 853
1713120 849
1713130 843
1713140 843
1713150 840
1713160 840
1713170 840
1713180 839
1713190 839
1713200 839
1713210 838
1713220 838
1713230 838
1713240 838
1713250 838
1713260 840
1713270 840
1713280 840
1713290 840
1713300 840
1713310 841
1713320 843
1713330 843
1713340 848
1713350 853
1713360 853
1713370 860
1713380 865
1713390 865
1713400 870
1713410 872
1713420 872
1713430 874
1713440 877
1713450 877
1713460 881
1713470 885
1713480 885
1713490 888
1713500 890
1713510 890
1713520 891
1713530 892
1713540 892
1713550 893
1713560 895
1713570 890
1713580 890
1713590 892
1713600 892
1713610 894
1713620 897
1713630 897
1713640 900
1713650 902
1713660 902
1713670 904
1713680 906
1713690 906
1713700 907
1713710 910
1713720 910
1713730 913
1713740 916
1713750 916
1713760 918
1713770 920
1713780 923
1713790 923
1713800 926
1713810 927
1713820 927
1713830 929
1713840 930
1713850 930
1713860 930
1713870 929
1713880 929
1713890 927
1713900 925
1713910 925
1713920 924
1713930 923
1713940 923
1713950 922
1713960 921
1713970 921
1713980 920
1713990 919
1714000 919
1714010 918
1714020 918
1714030 918
1714040 919
1714050 919
1714060 919
1714070 919
1714080 918
1714090 918
1714100 918
1714110 918
1714120 918
1714130 918
1714140 918
1714150 918
1714160 918
1714170 917
1714180 917
1714190 916
1714200 915
1714210 915
1714220 913
1714230 911
1714240 911
1714250 909
1714260 907
1714270 907
1714280 905
1714290 904
1714300 904
1714310 903
1714320 901
1714330 901
1714340 901
1714350 901
1714360 900
1714370 900
1714380 902
1714390 897
1714400 897
1714410 893
1714420 887
1714430 887
1714440 883
1714450 878
1714460 878
1714470 874
1714480 871
1714490 871
1714500 868
1714510 865
1714520 865
1714530 865
1714540 864
1714550 864
1714560 864
1714570 863
1714580 863
1714590 863
1714600 863
1714610 863
1714620 861
1714630 858
1714640 858
1714650 854
1714660 850
1714670 850
1714680 845
1714690 841
1714700 841
1714710 840
1714720 840
1714730 840
1714740 840
1714750 840
1714760 840
1714770 842
1714780 847
1714790 847
1714800 851
1714810 855
1714820 855
1714830 859
1714840 863
1714850 863
1714860 867
1714870 871
1714880 871
1714890 876
1714900 880
1714910 880
1714920 884
1714930 887
1714940 890
1714950 890
1714960 893
1714970 896
1714980 896
1714990 898
1715000 900
1715010 900
1715020 902
1715030 904
1715040 904
1715050 905
1715060 901
1715070 901
1715080 897
1715090 893
1715100 893
1715110 888
1715120 884
1715130 884
1715140 878
1715150 874
1715160 874
1715170 870
1715180 866
1715190 866
1715200 867
1715210 870
1715220 870
1715230 873
1715240 876
1715250 876
1715260 879
1715270 884
1715280 884
1715290 889
1715300 893
1715310 893
1715320 897
1715330 901
1715340 901
1715350 905
1715360 910
1715370 910
1715380 914
1715390 918
1715400 918
1715410 923
1715420 926
1715430 926
1715440 930
1715450 932
1715460 932
1715470 931
1715480 930
1715490 930
1715500 930
1715510 929
1715520 931
1715530 931
1715540 933
1715550 935
1715560 935
1715570 938
1715580 941
1715590 941
1715600 944
1715610 947
1715620 947
1715630 950
1715640 953
1715650 953
1715660 955
1715670 957
1715680 957
1715690 958
1715700 958
1715710 958
1715720 958
1715730 959
1715740 959
1715750 960
1715760 960
1715770 960
1715780 960
1715790 960
1715800 960
1715810 960
1715820 958
1715830 958
1715840 953
1715850 950
1715860 950
1715870 950
1715880 951
1715890 951
1715900 950
1715910 950
1715920 950
1715930 951
1715940 952
1715950 952
1715960 952
1715970 951
1715980 951
1715990 949
1716000 950
1716010 950
1716020 950
1716030 950
1716040 950
1716050 951
1716060 952
1716070 952
1716080 952
1716090 952
1716100 952
1716110 952
1716120 952
1716130 952
1716140 952
1716150 951
1716160 950
1716170 950
1716180 949
1716190 947
1716200 947
1716210 945
1716220 941
1716230 941
1716240 935
1716250 930
1716260 930
1716270 926
1716280 924
1716290 924
1716300 922
1716310 919
1716320 919
1716330 916
1716340 914
1716350 914
1716360 916
1716370 918
1716380 918
1716390 921
1716400 926
1716410 926
1716420 926
1716430 925
1716440 925
1716450 920
1716460 915
1716470 915
1716480 916
1716490 918
1716500 918
1716510 919
1716520 917
1716530 917
1716540 917
1716550 916
1716560 916
1716570 914
1716580 912
1716590 912
1716600 908
1716610 908
1716620 908
1716630 908
1716640 908
1716650 907
1716660 907
1716670 906
1716680 905
1716690 905
1716700 904
1716710 903
1716720 903
1716730 902
1716740 902
1716750 902
1716760 902
1716770 901
1716780 901
1716790 900
1716800 899
1716810 899
1716820 898
1716830 897
1716840 897
1716850 896
1716860 896
1716870 896
1716880 893
1716890 893
1716900 893
1716910 893
1716920 892
1716930 892
1716940 887
1716950 884
1716960 884
1716970 883
1716980 883
1716990 883
1717000 883
1700000 913
1700010 912
1700020 911
1700030 911
1700040 911
1700050 911
1700060 911
1700070 911
1700080 910
1700090 910
1700100 910
1700110 909
1700120 908
1700130 908
1700140 907
1700150 906
1700160 905
1700170 904
1700180 903
1700190 902
1700200 901
1700210 900
1700220 899
1700230 898
1700240 897
1700250 897
1700260 896
1700270 895
1700280 894
1700290 893
1700300 892
1700310 891
1700320 890
1700330 889
1700340 888
1700350 887
1700360 885
1700370 884
1700380 883
1700390 881
1700400 880
1700410 880
1700420 879
1700430 881
1700440 883
1700450 886
1700460 889
1700470 892
1700480 894
1700490 895
1700500 896
1700510 896
1700520 896
1700530 897
1700540 899
1700550 900
1700560 900
1700570 901
1700580 901
1700590 902
1700600 902
1700610 903
1700620 904
1700630 904
1700640 905
1700650 905
1700660 906
1700670 905
1700680 904
1700690 902
1700700 901
1700710 901
1700720 902
1700730 902
1700740 903
1700750 903
1700760 903
1700770 903
1700780 903
1700790 903
1700800 904
1700810 904
1700820 904
1700830 904
1700840 904
1700850 904
1700860 904
1700870 903
1700880 901
1700890 899
1700900 896
1700910 895
1700920 894
1700930 893
1700940 893
1700950 892
1700960 891
1700970 888
1700980 886
1700990 883
1701000 881
1701010 879
1701020 878
1701030 878
1701040 878
1701050 879
1701060 879
1701070 880
1701080 880
1701090 879
1701100 878
1701110 877
1701120 876
1701130 875
1701140 873
1701150 873
1701160 872
1701170 872
1701180 871
1701190 871
1701200 870
1701210 870
1701220 869
1701230 869
1701240 869
1701250 869
1701260 869
1701270 869
1701280 869
1701290 869
1701300 869
1701310 868
1701320 868
1701330 868
1701340 867
1701350 867
1701360 867
1701370 866
1701380 866
1701390 865
1701400 865
1701410 865
1701420 865
1701430 864
1701440 864
1701450 863
1701460 863
1701470 863
1701480 863
1701490 862
1701500 862
1701510 862
1701520 862
1701530 862
1701540 863
1701550 863
1701560 863
1701570 863
1701580 864
1701590 863
1701600 863
1701610 862
1701620 861
1701630 860
1701640 858
1701650 856
1701660 852
1701670 849
1701680 845
1701690 841
1701700 837
1701710 835
1701720 832
1701730 829
1701740 827
1701750 825
1701760 822
1701770 821
1701780 819
1701790 817
1701800 816
1701810 814
1701820 814
1701830 814
1701840 813
1701850 813
1701860 813
1701870 813
1701880 813
1701890 814
1701900 813
1701910 813
1701920 812
1701930 812
1701940 812
1701950 812
1701960 811
1701970 809
1701980 809
1701990 809
1702000 808
1702010 807
1702020 806
1702030 806
1702040 806
1702050 806
1702060 805
1702070 806
1702080 806
1702090 807
1702100 808
1702110 810
1702120 811
1702130 813
1702140 813
1702150 814
1702160 815
1702170 815
1702180 815
1702190 816
1702200 817
1702210 818
1702220 819
1702230 820
1702240 821
1702250 822
1702260 824
1702270 825
1702280 827
1702290 828
1702300 830
1702310 831
1702320 831
1702330 832
1702340 833
1702350 833
1702360 833
1702370 833
1702380 833
1702390 833
1702400 833
1702410 833
1702420 833
1702430 833
1702440 832
1702450 832
1702460 832
1702470 831
1702480 830
1702490 829
1702500 828
1702510 826
1702520 824
1702530 822
1702540 820
1702550 818
1702560 816
1702570 814
1702580 812
1702590 812
1702600 811
1702610 810
1702620 809
1702630 807
1702640 805
1702650 803
1702660 801
1702670 800
1702680 798
1702690 796
1702700 794
1702710 792
1702720 790
1702730 788
1702740 786
1702750 785
1702760 785
1702770 784
1702780 784
1702790 784
1702800 783
1702810 783
1702820 784
1702830 784
1702840 785
1702850 787
1702860 789
1702870 790
1702880 792
1702890 794
1702900 795
1702910 797
1702920 799
1702930 801
1702940 804
1702950 807
1702960 809
1702970 812
1702980 815
1713420 868
1713430 870
1713440 872
1713450 875
1713460 878
1713470 880
1713480 883
1713490 884
1713500 886
1713510 887
1713520 887
1713530 888
1713540 889
1713550 890
1713560 891
1713570 891
1713580 891
1713590 892
1713600 893
1713610 894
1713620 896
1713630 898
1713640 899
1713650 901
1713660 902
1713670 904
1713680 905
1713690 906
1713700 907
1713710 909
1713720 911
1713730 913
1713740 915
1713750 916
1713760 918
1713770 920
1713780 921
1713790 923
1713800 925
1713810 926
1713820 927
1713830 928
1713840 929
1713850 930
1713860 930
1713870 929
1713880 929
1713890 928
1713900 927
1713910 926
1713920 925
1713930 924
1713940 923
1713950 922
1713960 922
1713970 921
1713980 920
1713990 920
1714000 919
1714010 919
1714020 918
1714030 918
1714040 919
1714050 919
1714060 919
1714070 919
1714080 918
1714090 918
1714100 918
1714110 918
1714120 918
1714130 918
1714140 918
1714150 918
1714160 917
1714170 917
1714180 916
1714190 916
1714200 915
1714210 914
1714220 913
1714230 912
1714240 910
1714250 909
1714260 907
1714270 906
1714280 905
1714290 904
1714300 903
1714310 902
1714320 901
1714330 900
1714340 900
1714350 900
1714360 900
1714370 899
1714380 899
1714390 898
1714400 896
1714410 894
1714420 892
1714430 889
1714440 885
1714450 882
1714460 879
1714470 876
1714480 874
1714490 871
1714500 869
1714510 868
1714520 866
1714530 865
1714540 865
1714550 865
1714560 864
1714570 864
1714580 864
1714590 863
1714600 863
1714610 863
1714620 862
1714630 860
1714640 859
1714650 856
1714660 853
1714670 850
1714680 847
1714690 844
1714700 842
1714710 841
1714720 841
1714730 840
1714740 840
1714750 840
1714760 840
1714770 842
1714780 844
1714790 846
1714800 849
1714810 852
1714820 855
1714830 857
1714840 860
1714850 863
1714860 865
1714870 868
1714880 871
1714890 873
1714900 876
1714910 879
1714920 882
1714930 884
1714940 887
1714950 889
1714960 891
1714970 893
1714980 894
1714990 896
1715000 897
1715010 899
1715020 900
1715030 902
1715040 903
1715050 904
1715060 904
1715070 902
1715080 899
1715090 896
1715100 893
1715110 890
1715120 886
1715130 883
1715140 880
1715150 876
1715160 873
1715170 871
1715180 868
1715190 866
1715200 866
1715210 868
1715220 870
1715230 872
1715240 875
1715250 877
1715260 879
1715270 882
1715280 885
1715290 887
1715300 890
1715310 893
1715320 896
1715330 899
1715340 901
1715350 904
1715360 908
1715370 911
1715380 914
1715390 916
1715400 919
1715410 922
1715420 925
1715430 927
1715440 929
1715450 930
1715460 930
1715470 929
1715480 928
1715490 928
1715500 927
1715510 927
1715520 927
1715530 929
1715540 930
1715550 932
1715560 934
1715570 936
1715580 939
1715590 941
1715600 943
1715610 945
1715620 948
1715630 950
1715640 952
1715650 954
1715660 956
1715670 957
1715680 958
1715690 959
1715700 960
1715710 960
1715720 961
1715730 961
1715740 962
1715750 962
1715760 963
1715770 963
1715780 963
1715790 963
1715800 963
1715810 963
1715820 962
1715830 961
1715840 958
1715850 956
1715860 955
1715870 954
1715880 954
1715890 954
1715900 954
1715910 954
1715920 954
1715930 954
1715940 955
1715950 955
1715960 955
1715970 955
1715980 955
1715990 954
1716000 953
1716010 954
1716020 954
1716030 954
1716040 954
1716050 955
1716060 955
1716070 956
1716080 956
1716090 956
1716100 956
1716110 957
1716120 956
1716130 956
1716140 956
1716150 955
1716160 955
1716170 954
1716180 953
1716190 952
1716200 951
1716210 949
1716220 947
1716230 943
1716240 940
1716250 936
1716260 932
1716270 931
1716280 930
1716290 929
1716300 927
1716310 925
1716320 922
1716330 920
1716340 918
1716350 918
1716360 919
1716370 921
1716380 923
1716390 924
1716400 925
1716410 926
1716420 926
1716430 925
1716440 924
1716450 921
1716460 918
1716470 915
1716480 916
1716490 916
1716500 917
1716510 918
1716520 917
1716530 917
1716540 916
1716550 916
1716560 915
1716570 914
1716580 913
1716590 911
1716600 909
1716610 908
1716620 908
1716630 908
1716640 908
1716650 907
1716660 907
1716670 906
1716680 906
1716690 905
1716700 904
1716710 904
1716720 903
1716730 902
1716740 902
1716750 902
1716760 902
1716770 902
1716780 901
1716790 901
1716800 900
1716810 899
1716820 898
1716830 898
1716840 897
1716850 897
1716860 896
1716870 895
1716880 894
1716890 893
1716900 893
1716910 892
1716920 892
1716930 891
1716940 889
1716950 886
1716960 884
1716970 883
1716980 883
1716990 883
1717000 882
1717010 881
1717020 878
1717030 874
1717040 870
1717050 869
1717060 869
1717070 869
1717080 869
1717090 870
1717100 870
1717110 870
1717120 870
1717130 871
1717140 871
1717150 871
1717160 872
1717170 874
1717180 874
1717190 874
1717200 873
1717210 872
1717220 872
1717230 872
1717240 872
1717250 873
1717260 873
1717270 873
1717280 873
1717290 874
1717300 874
1717310 875
1717320 875
1717330 876
1717340 876
1717350 876
1717360 877
1717370 877
1717380 877
1717390 877
1717400 877
1717410 877
1717420 877
1717430 877
1717440 878
1717450 878
1717460 879
1717470 879
1717480 880
1717490 880
1717500 880
1717510 880
1717520 880
1717530 880
1717540 880
1717550 881
1717560 881
1717570 881
1717580 881
1717590 881
1717600 882
1717610 882
1717620 883
1717630 884
1717640 886
1717650 888
1717660 890
1717670 889
1717680 888
1717690 890
1717700 892
1717710 894
1717720 893
1717730 893
1717740 893
1717750 895
1717760 897
1717770 900
1717780 902
1717790 905
1717800 907
1717810 907
1717820 908
1717830 910
1717840 912
1717850 914
1717860 915
1717870 916
1717880 916
1717890 916
1717900 916
1717910 918
1717920 917
1717930 914
1717940 912
1717950 911
1717960 912
1717970 913
1717980 915
1717990 916
1718000 917
1718010 917
1718020 918
1718030 918
1718040 919
1718050 920
1718060 921
1718070 921
1718080 922
1718090 922
1718100 922
1718110 923
1718120 923
1718130 923
1718140 923
1718150 923
1718160 923
1718170 923
1718180 923
1718190 922
1718200 921
1718210 920
1718220 920
1718230 919
1718240 919
1718250 920
1718260 921
1718270 920
1718280 920
1718290 919
1718300 917
1718310 915
1718320 914
1718330 915
1718340 916
1718350 917
1718360 917
1718370 919
1718380 920
1718390 923
1718400 926
1718410 928
1718420 930
1718430 933
1718440 937
1718450 940
1718460 943
1718470 945
1718480 947
1718490 948
1718500 948
1718510 949
1718520 950
1718530 950
1718540 951
1718550 951
1718560 952
1718570 953
1718580 954
1718590 955
1718600 956
1718610 957
1718620 957
1718630 957
1718640 957
1718650 955
1718660 954
1718670 953
1718680 952
1718690 951
1718700 950
1718710 950
1718720 949
1718730 949
1718740 949
1718750 948
1718760 947
1718770 947
1718780 946
1718790 946
1718800 944
1718810 943
1718820 943
1718830 942
1718840 942
1718850 942
1718860 942
1718870 942
1718880 943
1718890 945
1718900 947
1718910 948
1718920 950
1718930 952
1718940 953
1718950 954
1718960 955
1718970 955
1718980 955
1718990 955
1719000 955
1719010 953
1719020 951
1719030 949
1719040 947
1719050 945
1719060 944
1719070 943
1719080 942
1719090 941
1719100 941
1719110 940
1719120 939
1719130 939
1719140 938
1719150 938
1719160 937
1719170 937
1719180 937
1719190 937
1719200 937
1719210 938
1719220 939
1719230 941
1719240 942
1719250 943
1719260 944
1719270 945
1719280 946
1719290 947
1719300 948
1719310 948
1719320 948
1719330 949
1719340 948
1719350 948
1719360 947
1719370 945
1719380 942
1719390 941
1719400 940
1719410 941
1719420 942
1719430 944
1719440 945
1719450 945
1719460 946
1719470 946
1719480 947
1719490 947
1719500 946
1719510 946
1719520 945
1719530 944
1719540 943
1719550 941
1719560 940
1719570 939
1719580 937
1719590 935
1719600 934
1719610 933
1719620 932
1719630 932
1719640 933
1719650 935
1719660 936
1719670 936
1719680 936
1719690 935
1719700 933
1719710 934
1719720 936
1719730 938
1719740 939
1719750 940
1719760 940
1719770 940
1719780 940
1719790 939
1719800 938
1719810 937
1719820 936
1719830 937
1719840 938
1719850 939
1719860 939
1719870 939
1719880 939
1719890 939
1719900 939
1719910 939
1719920 939
1719930 939
1719940 938
1719950 937
1719960 936
1719970 936
1719980 935
1719990 934
