1700640 862
1700650 862
1700660 860
1700670 857
1700680 857
1700690 855
1700700 854
1700710 854
1700720 854
1700730 853
1700740 853
1700750 852
1700760 851
1700770 851
1700780 851
1700790 850
1700800 850
1700810 849
1700820 849
1700830 849
1700840 848
1700850 847
1700860 847
1700870 845
1700880 844
1700890 844
1700900 840
1700910 831
1700920 831
1700930 828
1700940 820
1700950 820
1700960 815
1700970 813
1700980 813
1700990 811
1701000 810
1701010 810
1701020 808
1701030 806
1701040 806
1701050 805
1701060 804
1701070 804
1701080 803
1701090 802
1701100 802
1701110 802
1701120 801
1701130 801
1701140 801
1701150 800
1701160 800
1701170 801
1701180 803
1701190 803
1701200 806
1701210 810
1701220 814
1701230 814
1701240 824
1701250 829
1701260 829
1701270 837
1701280 845
1701290 845
1701300 848
1701310 855
1701320 855
1701330 852
1701340 851
1701350 851
1701360 853
1701370 854
1701380 854
1701390 855
1701400 848
1701410 848
1701420 840
1701430 840
1701440 840
1701450 844
1701460 837
1701470 837
1701480 828
1701490 826
1701500 826
1701510 830
1701520 824
1701530 824
1701540 817
1701550 811
1701560 811
1701570 805
1701580 798
1701590 798
1701600 791
1701610 783
1701620 783
1701630 777
1701640 777
1701650 777
1701660 777
1701670 777
1701680 777
1701690 777
1701700 777
1701710 777
1701720 777
1701730 777
1701740 777
1701750 777
1701760 784
1701770 784
1701780 790
1701790 794
1701800 794
1701810 796
1701820 797
1701830 797
1701840 797
1701850 798
1701860 801
1701870 801
1701880 802
1701890 802
1701900 802
1701910 803
1701920 803
1701930 803
1701940 804
1701950 804
1701960 804
1701970 804
1701980 804
1701990 804
1702000 805
1702010 805
1702020 805
1702030 805
1702040 805
1702050 805
1702060 805
1702070 805
1702080 805
1702090 805
1702100 805
1702110 805
1702120 806
1702130 806
1702140 806
1702150 803
1702160 796
1702170 796
1702180 787
1702190 782
1702200 782
1702210 782
1702220 787
1702230 787
1702240 793
1702250 798
1702260 798
1702270 808
1702280 808
1702290 808
1702300 808
1702310 809
1702320 809
1702330 813
1702340 816
1702350 816
1702360 821
1702370 825
1702380 825
1702390 828
1702400 829
1702410 828
1702420 828
1702430 826
1702440 825
1702450 825
1702460 824
1702470 823
1702480 823
1702490 820
1702500 819
1702510 819
1702520 821
1702530 822
1702540 822
1702550 822
1702560 821
1702570 821
1702580 824
1702590 828
1702600 828
1702610 830
1702620 829
1702630 829
1702640 830
1702650 828
1702660 828
1702670 829
1702680 825
1702690 825
1702700 821
1702710 823
1702720 823
1702730 827
1702740 831
1702750 831
1702760 833
1702770 835
1702780 835
1702790 837
1702800 838
1702810 838
1702820 840
1702830 842
1702840 842
1702850 843
1702860 844
1702870 844
1702880 845
1702890 846
1702900 846
1702910 847
1702920 847
1702930 847
1702940 847
1702950 847
1702960 847
1702970 846
1702980 846
1702990 846
1703000 846
1703010 845
1703020 844
1703030 844
1703040 842
1703050 840
1703060 840
1703070 842
1703080 842
1703090 842
1703100 842
1703110 842
1703120 842
1703130 842
1703140 840
1703150 840
1703160 838
1703170 837
1703180 837
1703190 838
1703200 837
1703210 837
1703220 837
1703230 836
1703240 836
1703250 835
1703260 835
1703270 835
1703280 835
1703290 836
1703300 836
1703310 837
1703320 837
1703330 837
1703340 836
1703350 836
1703360 836
1703370 837
1703380 837
1703390 837
1703400 837
1703410 837
1703420 837
1703430 841
1703440 848
1703450 848
1703460 849
1703470 849
1703480 849
1703490 850
1703500 850
1703510 850
1703520 850
1703530 850
1703540 850
1703550 851
1703560 851
1703570 852
1703580 852
1703590 852
1703600 852
1703610 852
1703620 852
1703630 853
1703640 853
1703650 853
1703660 853
1703670 853
1703680 853
1703690 853
1703700 853
1703710 853
1703720 850
1703730 850
1703740 850
1703750 850
1703760 850
1703770 852
1703780 852
1703790 852
1703800 850
1703810 849
1703820 849
1703830 848
1703840 848
1703850 848
1703860 848
1703870 851
1703880 851
1703890 855
1703900 856
1703910 856
1703920 857
1703930 858
1703940 858
1703950 859
1703960 859
1703970 859
1703980 859
1703990 860
1704000 860
1704010 860
1704020 861
1704030 861
1704040 861
1704050 861
1704060 861
1704070 859
1704080 854
1704090 854
1704100 853
1704110 856
1704120 856
1704130 857
1704140 858
1704150 860
1704160 860
1704170 861
1704180 863
1704190 863
1704200 866
1704210 871
1704220 871
1704230 874
1704240 878
1704250 878
1704260 882
1704270 886
1704280 886
1704290 889
1704300 892
1704310 892
1704320 897
1704330 901
1704340 901
1704350 906
1704360 910
1704370 910
1704380 915
1704390 920
1704400 920
1704410 924
1704420 929
1704430 929
1704440 934
1704450 938
1704460 938
1704470 943
1704480 947
1704490 947
1704500 950
1704510 954
1704520 954
1704530 955
1704540 951
1704550 951
1704560 950
1704570 950
1704580 950
1704590 950
1704600 951
1704610 951
1704620 953
1704630 955
1704640 955
1704650 958
1704660 962
1704670 962
1704680 967
1704690 971
1704700 971
1704710 976
1704720 979
1704730 979
1704740 983
1704750 986
1704760 988
1704770 988
1704780 991
1704790 994
1704800 994
1704810 996
1704820 999
1704830 999
1704840 1001
1704850 1003
1704860 1003
1704870 1005
1704880 1006
1704890 1006
1704900 1005
1704910 1004
1704920 1004
1704930 1002
1704940 1001
1704950 1001
1704960 1000
1704970 1000
1704980 1000
1704990 1000
1705000 1001
1705010 1001
1705020 1002
1705030 1002
1705040 1002
1705050 1004
1705060 1005
1705070 1005
1705080 1008
1705090 1010
1705100 1010
1705110 1012
1705120 1015
1705130 1015
1705140 1019
1705150 1023
1705160 1023
1705170 1026
1705180 1028
1705190 1028
1705200 1035
1705210 1041
1705220 1041
1705230 1047
1705240 1052
1705250 1052
1705260 1058
1705270 1063
1705280 1063
1705290 1068
1705300 1074
1705310 1074
1705320 1080
1705330 1086
1705340 1092
1705350 1092
1705360 1098
1705370 1103
1705380 1103
1705390 1108
1705400 1111
1705410 1111
1705420 1111
1705430 1111
1705440 1111
1705450 1110
1705460 1110
1705470 1110
1705480 1111
1705490 1112
1705500 1112
1705510 1113
1705520 1113
1705530 1113
1705540 1114
1705550 1114
1705560 1114
1705570 1115
1705580 1115
1705590 1115
1705600 1115
1705610 1114
1705620 1114
1705630 1113
1705640 1112
1705650 1112
1705660 1111
1705670 1109
1705680 1109
1705690 1108
1705700 1107
1705710 1107
1705720 1109
1705730 1110
1705740 1110
1705750 1110
1705760 1109
1705770 1109
1705780 1108
1705790 1107
1705800 1107
1705810 1103
1705820 1097
1705830 1097
1705840 1092
1705850 1089
1705860 1089
1705870 1087
1705880 1084
1705890 1084
1705900 1082
1705910 1083
1705920 1082
1705930 1082
1705940 1083
1705950 1083
1705960 1083
1705970 1087
1705980 1089
1705990 1089
1706000 1099
1706010 1100
1706020 1100
1706030 1096
1706040 1091
1706050 1091
1706060 1090
1706070 1082
1706080 1082
1706090 1077
1706100 1072
1706110 1072
1706120 1067
1706130 1060
1706140 1060
1706150 1059
1706160 1057
1706170 1057
1706180 1055
1706190 1054
1706200 1054
1706210 1053
1706220 1052
1706230 1052
1706240 1049
1706250 1042
1706260 1042
1706270 1038
1706280 1033
1706290 1033
1706300 1025
1706310 1019
1706320 1019
1706330 1012
1706340 1006
1706350 1006
1706360 995
1706370 986
1706380 986
1706390 979
1706400 971
1706410 971
1706420 967
1706430 964
1706440 969
1706450 964
1706460 961
1706470 961
1706480 960
1706490 958
1706500 961
1706510 961
1706520 958
1706530 953
1706540 953
1706550 949
1706560 944
1706570 944
1706580 941
1706590 937
1706600 937
1706610 935
1706620 935
1706630 935
1706640 934
1706650 932
1706660 932
1706670 935
1706680 935
1706690 935
1706700 936
1706710 939
1706720 939
1706730 943
1706740 947
1706750 947
1706760 951
1706770 954
1706780 954
1706790 958
1706800 961
1706810 961
1706820 964
1706830 968
1706840 968
1706850 971
1706860 974
1706870 974
1706880 975
1706890 978
1706900 978
1706910 981
1706920 984
1706930 984
1706940 985
1706950 988
1706960 988
1706970 992
1706980 994
1706990 994
1707000 997
1707010 999
1707020 999
1707030 1002
1707040 1003
1707050 1003
1707060 1005
1707070 1007
1707080 1007
1707090 1007
1707100 1009
1707110 1010
1707120 1010
1707130 1013
1707140 1012
1707150 1012
1707160 1011
1707170 1015
1707180 1015
1707190 1014
1707200 1018
1707210 1018
1707220 1023
1707230 1029
1707240 1029
1707250 1032
1707260 1032
1707270 1032
1707280 1032
1707290 1033
1707300 1033
1707310 1033
1707320 1038
1707330 1038
1707340 1041
1707350 1046
1707360 1046
1707370 1049
1707380 1051
1707390 1051
1707400 1053
1707410 1055
1707420 1055
1707430 1057
1707440 1056
1707450 1056
1707460 1061
1707470 1063
1707480 1063
1707490 1065
1707500 1067
1707510 1067
1707520 1069
1707530 1071
1707540 1071
1707550 1071
1707560 1071
1707570 1071
1707580 1066
1707590 1070
1707600 1070
1707610 1072
1707620 1072
1707630 1072
1707640 1071
1707650 1071
1707660 1071
1707670 1070
1707680 1069
1707690 1067
1707700 1067
1707710 1063
1707720 1054
1707730 1054
1707740 1049
1707750 1049
1707760 1049
1707770 1050
1707780 1051
1707790 1051
1707800 1052
1707810 1053
1707820 1053
1707830 1054
1707840 1055
1707850 1055
1707860 1057
1707870 1059
1707880 1059
1707890 1060
1707900 1062
1707910 1062
1707920 1065
1707930 1067
1707940 1067
1707950 1065
1707960 1062
1707970 1062
1707980 1059
1707990 1055
1708000 1055
1708010 1052
1708020 1048
1708030 1048
1708040 1045
1708050 1041
1708060 1041
1708070 1039
1708080 1038
1708090 1038
1708100 1038
1708110 1044
1708120 1044
1708130 1048
1708140 1048
1708150 1048
1708160 1050
1708170 1048
1708180 1048
1708190 1040
1708200 1034
1708210 1034
1708220 1027
1708230 1021
1708240 1021
1708250 1013
1708260 1011
1708270 1011
1708280 1011
1708290 1013
1708300 1019
1708310 1019
1708320 1029
1708330 1029
1708340 1029
1708350 1029
1708360 1029
1708370 1029
1708380 1028
1708390 1027
1708400 1027
1708410 1027
1708420 1024
1708430 1024
1708440 1024
1708450 1017
1708460 1017
1708470 1013
1708480 1009
1708490 1009
1708500 1006
1708510 1005
1708520 1005
1708530 1003
1708540 1000
1708550 1000
1708560 997
1708570 994
1708580 994
1708590 991
1708600 989
1708610 989
1708620 986
1708630 983
1708640 983
1708650 978
1708660 976
1708670 976
1708680 975
1708690 972
1708700 972
1708710 968
1708720 967
1708730 967
1708740 966
1708750 965
1708760 965
1708770 964
1708780 963
1708790 963
1708800 963
1708810 963
1708820 963
1708830 961
1708840 961
1708850 961
1708860 961
1708870 960
1708880 960
1708890 960
1708900 960
1708910 959
1708920 959
1708930 959
1708940 959
1708950 959
1708960 959
1708970 958
1708980 958
1708990 958
1709000 957
1709010 957
1709020 956
1709030 955
1709040 955
1709050 954
1709060 953
1709070 953
1709080 953
1709090 951
1709100 951
1709110 951
1709120 950
1709130 950
1709140 949
1709150 947
1709160 947
1709170 947
1709180 947
1709190 947
1709200 947
1709210 946
1709220 946
1709230 944
1709240 943
1709250 943
1709260 941
1709270 940
1709280 940
1709290 938
1709300 937
1709310 937
1709320 935
1709330 934
1709340 934
1709350 932
1709360 930
1709370 930
1709380 929
1709390 928
1709400 928
1709410 927
1709420 925
1709430 922
1709440 922
1709450 919
1709460 916
1709470 916
1709480 914
1709490 912
1709500 912
1709510 911
1709520 909
1709530 909
1709540 908
1709550 907
1709560 907
1709570 905
1709580 905
1709590 905
1709600 903
1709610 903
1709620 903
1709630 903
1709640 903
1709650 903
1709660 903
1709670 905
1709680 905
1709690 906
1709700 906
1709710 906
1709720 907
1709730 908
1709740 908
1709750 908
1709760 909
1709770 909
1709780 913
1709790 912
1709800 912
1709810 908
1709820 896
1709830 896
1709840 904
1709850 910
1709860 910
1709870 912
1709880 919
1709890 919
1709900 926
1709910 931
1709920 931
1709930 933
1709940 937
1709950 937
1709960 937
1709970 930
1709980 930
1709990 921
1710000 915
1710010 915
1710020 911
1710030 909
1710040 907
1710050 907
1710060 905
1710070 904
1710080 904
1710090 902
1710100 901
1710110 901
1710120 901
1710130 901
1710140 901
1710150 900
1710160 900
1710170 900
1710180 901
1710190 900
1710200 900
1710210 902
1710220 902
1710230 902
1710240 903
1710250 904
1710260 904
1710270 904
1710280 904
1710290 904
1710300 903
1710310 903
1710320 903
1710330 903
1710340 904
1710350 904
1710360 905
1710370 906
1710380 906
1710390 907
1710400 908
1710410 908
1710420 909
1710430 910
1710440 910
1710450 911
1710460 913
1710470 913
1710480 915
1710490 916
1710500 916
1710510 915
1710520 914
1710530 914
1710540 914
1710550 914
1710560 914
1710570 913
1710580 914
1710590 914
1710600 914
1710610 916
1710620 918
1710630 918
1710640 920
1710650 920
1710660 920
1710670 921
1710680 921
1710690 921
1710700 923
1710710 925
1710720 925
1710730 926
1710740 927
1710750 927
1710760 927
1710770 928
1710780 928
1710790 927
1710800 927
1710810 927
1710820 927
1710830 926
1710840 926
1710850 924
1710860 921
1710870 921
1710880 919
1710890 919
1710900 919
1710910 916
1710920 913
1710930 913
1710940 911
1710950 910
1710960 910
1710970 910
1710980 911
1710990 911
1711000 910
1711010 910
1711020 910
1711030 911
1711040 912
1711050 912
1711060 913
1711070 916
1711080 916
1711090 919
1711100 920
1711110 920
1711120 920
1711130 919
1711140 919
1711150 916
1711160 914
1711170 914
1711180 912
1711190 911
1711200 909
1711210 909
1711220 906
1711230 904
1711240 904
1711250 902
1711260 900
1711270 900
1711280 896
1711290 894
1711300 894
1711310 893
1711320 892
1711330 892
1711340 890
1711350 889
1711360 889
1711370 888
1711380 886
1711390 886
1711400 885
1711410 884
1711420 884
1711430 883
1711440 883
1711450 883
1711460 882
1711470 881
1711480 881
1711490 880
1711500 882
1711510 882
1711520 880
1711530 880
1711540 880
1711550 880
1711560 879
1711570 879
1711580 879
1711590 880
1711600 880
1711610 881
1711620 881
1711630 881
1711640 881
1711650 881
1711660 881
1711670 882
1711680 883
1711690 883
1711700 883
1711710 884
1711720 884
1711730 885
1711740 886
1711750 886
1711760 887
1711770 888
1711780 889
1711790 889
1711800 889
1711810 889
1711820 889
1711830 890
1711840 889
1711850 889
1711860 888
1711870 887
1711880 887
1711890 886
1711900 885
1711910 885
1711920 885
1711930 885
1711940 885
1711950 884
1711960 884
1711970 884
1711980 883
1711990 883
1712000 883
1712010 880
1712020 877
1712030 877
1712040 876
1712050 872
1712060 872
1712070 876
1712080 881
1712090 881
1712100 887
1712110 889
1712120 889
1712130 891
1712140 893
1712150 893
1712160 893
1712170 890
1712180 890
1712190 887
1712200 888
1712210 888
1712220 887
1712230 891
1712240 891
1712250 894
1712260 898
1712270 898
1712280 902
1712290 906
1712300 906
1712310 910
1712320 914
1712330 914
1712340 918
1712350 923
1712360 928
1712370 928
1712380 933
1712390 937
1712400 937
1712410 942
1712420 946
1712430 946
1712440 949
1712450 952
1712460 952
1712470 953
1712480 954
1712490 954
1712500 955
1712510 955
1712520 955
1712530 953
1712540 954
1712550 954
1712560 956
1712570 957
1712580 957
1712590 958
1712600 959
1712610 959
1712620 958
1712630 950
1712640 950
1712650 946
1712660 949
1712670 949
1712680 952
1712690 955
1712700 955
1712710 954
1712720 947
1712730 947
1712740 941
1712750 937
1712760 937
1712770 935
1712780 930
1712790 930
1712800 929
1712810 925
1712820 925
1712830 921
1712840 920
1712850 920
1712860 922
1712870 922
1712880 922
1712890 929
1712900 933
1712910 933
1712920 938
1712930 941
1712940 941
1712950 941
1712960 942
1712970 943
1712980 943
1712990 947
1713000 952
1713010 952
1713020 956
1713030 960
1713040 960
1713050 964
1713060 969
1713070 969
1713080 973
1713090 978
1713100 978
1713110 983
1713120 987
1713130 987
1713140 992
1713150 996
1713160 996
1713170 1000
1713180 1004
1713190 1004
1713200 1007
1713210 1009
1713220 1009
1713230 1012
1713240 1014
1713250 1014
1713260 1015
1713270 1015
1713280 1015
1713290 1016
1713300 1015
1713310 1015
1713320 1014
1713330 1011
1713340 1011
1713350 1008
1713360 1005
1713370 1005
1713380 1002
1713390 998
1713400 998
1713410 995
1713420 992
1713430 992
1713440 988
1713450 986
1713460 986
1713470 984
1713480 977
1713490 977
1713500 972
1713510 970
1713520 970
1713530 967
1713540 967
1713550 970
1713560 970
1713570 971
1713580 970
1713590 970
1713600 967
1713610 964
1713620 964
1713630 962
1713640 960
1713650 960
1713660 959
1713670 956
1713680 956
1713690 953
1713700 952
1713710 952
1713720 951
1713730 953
1713740 953
1713750 950
1713760 946
1713770 946
1713780 941
1713790 936
1713800 936
1713810 930
1713820 929
1713830 929
1713840 927
1713850 924
1713860 924
1713870 920
1713880 914
1713890 914
1713900 908
1713910 903
1713920 903
1713930 897
1713940 900
1713950 900
1713960 900
1713970 904
1713980 904
1713990 908
1714000 911
1714010 911
1714020 914
1714030 916
1714040 916
1714050 917
1714060 918
1714070 918
1714080 914
1714090 908
1714100 908
1714110 903
1714120 908
1714130 915
1714140 915
1714150 920
1714160 922
1714170 922
1714180 922
1714190 921
1714200 921
1714210 919
1714220 918
1714230 918
1714240 919
1714250 920
1714260 920
1714270 921
1714280 922
1714290 922
1714300 923
1714310 923
1714320 923
1714330 923
1714340 920
1714350 920
1714360 911
1714370 904
1714380 904
1714390 896
1714400 890
1714410 890
1714420 890
1714430 891
1714440 891
1714450 891
1714460 893
1714470 893
1714480 898
1714490 902
1714500 902
1714510 906
1714520 910
1714530 910
1714540 915
1714550 919
1714560 919
1714570 924
1714580 928
1714590 928
1714600 931
1714610 933
1714620 933
1714630 932
1714640 929
1714650 929
1714660 926
1714670 923
1714680 923
1714690 920
1714700 916
1714710 913
1714720 913
1714730 912
1714740 911
1714750 911
1714760 909
1714770 906
1714780 906
1714790 902
1714800 897
1714810 897
1714820 892
1714830 890
1714840 890
1714850 886
1714860 879
1714870 879
1714880 873
1714890 872
1714900 872
1714910 873
1714920 874
1714930 874
1714940 874
1714950 874
1714960 874
1714970 877
1714980 882
1714990 882
1715000 885
1715010 889
1715020 889
1715030 891
1715040 893
1715050 893
1715060 890
1715070 893
1715080 893
1715090 895
1715100 898
1715110 898
1715120 901
1715130 904
1715140 904
1715150 905
1715160 906
1715170 906
1715180 907
1715190 909
1715200 909
1715210 910
1715220 912
1715230 912
1715240 913
1715250 915
1715260 915
1715270 918
1715280 922
1715290 922
1715300 925
1715310 927
1715320 928
1715330 928
1715340 929
1715350 930
1715360 930
1715370 931
1715380 932
1715390 932
1715400 932
1715410 930
1715420 930
1715430 929
1715440 931
1715450 931
1715460 934
1715470 936
1715480 936
1715490 938
1715500 940
1715510 940
1715520 943
1715530 945
1715540 945
1715550 947
1715560 948
1715570 948
1715580 949
1715590 949
1715600 949
1715610 950
1715620 950
1715630 950
1715640 951
1715650 951
1715660 951
1715670 950
1715680 949
1715690 949
1715700 948
1715710 946
1715720 946
1715730 944
1715740 943
1715750 943
1715760 936
1715770 928
1715780 928
1715790 923
1715800 922
1715810 922
1715820 918
1715830 914
1715840 914
1715850 910
1715860 908
1715870 908
1715880 902
1715890 900
1715900 899
1715910 899
1715920 897
1715930 894
1715940 894
1715950 891
1715960 886
1715970 886
1715980 881
1715990 877
1716000 877
1716010 871
1716020 867
1716030 867
1716040 862
1716050 856
1716060 856
1716070 856
1716080 855
1716090 855
1716100 855
1716110 856
1716120 856
1716130 857
1716140 859
1716150 859
1716160 862
1716170 865
1716180 865
1716190 865
1716200 865
1716210 865
1716220 866
1716230 867
1716240 867
1716250 867
1716260 868
1716270 868
1716280 870
1716290 872
1716300 872
1716310 876
1716320 879
1716330 879
1716340 882
1716350 885
1716360 885
1716370 887
1716380 889
1716390 889
1716400 891
1716410 890
1716420 890
1716430 889
1716440 889
1716450 889
1716460 890
1716470 893
1716480 896
1716490 896
1716500 900
1716510 904
1716520 904
1716530 908
1716540 912
1716550 912
1716560 915
1716570 919
1716580 919
1716590 922
1716600 923
1716610 923
1716620 927
1716630 931
1716640 931
1716650 935
1716660 938
1716670 938
1716680 942
1716690 946
1716700 946
1716710 950
1716720 954
1716730 954
1716740 959
1716750 963
1716760 963
1716770 967
1716780 971
1716790 971
1716800 974
1716810 978
1716820 978
1716830 981
1716840 985
1716850 985
1716860 989
1716870 993
1716880 993
1716890 997
1716900 1000
1716910 1000
1716920 1004
1716930 1001
1716940 1001
1716950 995
1716960 992
1716970 992
1716980 989
1700000 882
1700010 878
1700020 874
1700030 870
1700040 868
1700050 865
1700060 863
1700070 860
1700080 857
1700090 854
1700100 852
1700110 851
1700120 850
1700130 851
1700140 853
1700150 854
1700160 854
1700170 853
1700180 851
1700190 851
1700200 852
1700210 854
1700220 857
1700230 859
1700240 861
1700250 861
1700260 861
1700270 861
1700280 860
1700290 860
1700300 860
1700310 859
1700320 859
1700330 858
1700340 859
1700350 860
1700360 861
1700370 862
1700380 863
1700390 865
1700400 866
1700410 867
1700420 869
1700430 870
1700440 872
1700450 873
1700460 875
1700470 876
1700480 877
1700490 879
1700500 879
1700510 880
1700520 880
1700530 880
1700540 879
1700550 878
1700560 876
1700570 875
1700580 873
1700590 871
1700600 870
1700610 868
1700620 866
1700630 865
1700640 863
1700650 862
1700660 860
1700670 859
1700680 857
1700690 856
1700700 855
1700710 854
1700720 854
1700730 853
1700740 853
1700750 852
1700760 852
1700770 851
1700780 851
1700790 850
1700800 850
1700810 850
1700820 849
1700830 849
1700840 848
1700850 848
1700860 847
1700870 846
1700880 845
1700890 844
1700900 841
1700910 837
1700920 831
1700930 827
1700940 823
1700950 819
1700960 817
1700970 815
1700980 814
1700990 812
1701000 811
1701010 811
1701020 810
1701030 808
1701040 806
1701050 806
1701060 805
1701070 804
1701080 803
1701090 803
1701100 802
1701110 802
1701120 801
1701130 801
1701140 801
1701150 801
1701160 800
1701170 800
1701180 800
1701190 801
1701200 803
1701210 806
1701220 808
1701230 811
1701240 816
1701250 822
1701260 826
1701270 831
1701280 836
1701290 840
1701300 843
1701310 846
1701320 849
1701330 849
1701340 848
1701350 848
1701360 849
1701370 850
1701380 850
1701390 851
1701400 850
1701410 846
1701420 841
1701430 837
1701440 836
1701450 837
1701460 837
1701470 834
1701480 829
1701490 825
1701500 823
1701510 823
1701520 823
1701530 820
1701540 816
1701550 813
1701560 809
1701570 806
1701580 802
1701590 797
1701600 791
1701610 786
1701620 782
1701630 779
1701640 777
1701650 776
1701660 776
1701670 776
1701680 776
1701690 776
1701700 776
1701710 776
1701720 776
1701730 777
1701740 777
1701750 780
1701760 784
1701770 788
1701780 791
1701790 793
1701800 795
1701810 796
1701820 797
1701830 798
1701840 798
1701850 799
1701860 800
1701870 801
1701880 802
1701890 802
1701900 803
1701910 803
1701920 803
1701930 803
1701940 803
1701950 804
1701960 804
1701970 804
1701980 804
1701990 804
1702000 805
1702010 805
1702020 805
1702030 805
1702040 805
1702050 805
1702060 805
1702070 805
1702080 805
1702090 805
1702100 806
1702110 806
1702120 806
1702130 806
1702140 806
1702150 805
1702160 802
1702170 797
1702180 791
1702190 787
1702200 783
1702210 783
1702220 783
1702230 786
1702240 789
1702250 792
1702260 794
1702270 797
1702280 798
1702290 799
1702300 800
1702310 803
1702320 805
1702330 807
1702340 810
1702350 813
1702360 817
1702370 820
1702380 824
1702390 826
1702400 827
1702410 826
1702420 825
1702430 824
1702440 823
1702450 823
1702460 822
1702470 821
1702480 819
1702490 818
1702500 818
1702510 819
1702520 820
1702530 822
1702540 823
1702550 823
1702560 822
1702570 821
1702580 821
1702590 822
1702600 824
1702610 825
1702620 825
1702630 826
1702640 826
1702650 827
1702660 827
1702670 826
1702680 825
1702690 823
1702700 822
1702710 822
1702720 824
1702730 826
1702740 828
1702750 831
1702760 833
1702770 834
1702780 836
1702790 837
1702800 837
1702810 838
1702820 839
1702830 840
1702840 841
1702850 842
1702860 843
1702870 844
1702880 845
1702890 846
1702900 846
1702910 847
1702920 847
1702930 847
1702940 847
1702950 847
1702960 847
1702970 846
1702980 846
1702990 846
1703000 845
1703010 845
1703020 845
1703030 844
1703040 843
1703050 842
1703060 841
1703070 841
1703080 842
1703090 842
1703100 842
1703110 842
1703120 842
1703130 842
1703140 841
1703150 840
1703160 839
1703170 838
1703180 837
1703190 837
1703200 838
1703210 837
1703220 837
1703230 836
1703240 836
1703250 835
1703260 835
1703270 835
1703280 835
1703290 836
1703300 836
1703310 836
1703320 837
1703330 837
1703340 837
1703350 837
1703360 836
1703370 837
1703380 837
1703390 837
1703400 837
1703410 837
1703420 837
1703430 840
1703440 844
1703450 848
1703460 849
1703470 849
1703480 850
1703490 850
1703500 850
1703510 850
1703520 850
1703530 851
1703540 851
1703550 851
1703560 851
1703570 851
1703580 852
1703590 852
1703600 852
1703610 852
1703620 852
1703630 852
1703640 852
1703650 853
1703660 853
1703670 853
1703680 853
1703690 853
1703700 853
1703710 853
1703720 852
1703730 851
1703740 850
1703750 850
1703760 850
1703770 851
1703780 852
1703790 851
1703800 850
1703810 849
1703820 849
1703830 848
1703840 848
1703850 848
1703860 848
1703870 849
1703880 850
1703890 853
1703900 855
1703910 856
1703920 857
1703930 858
1703940 858
1703950 858
1703960 859
1703970 859
1703980 859
1703990 859
1704000 860
1704010 860
1704020 860
1704030 861
1704040 861
1704050 861
1704060 861
1704070 859
1704080 857
1704090 854
1704100 853
1704110 854
1704120 855
1704130 856
1704140 857
1704150 858
1704160 859
1704170 860
1704180 861
1704190 863
1704200 865
1704210 867
1704220 870
1704230 872
1704240 875
1704250 878
1704260 880
1704270 883
1704280 885
1704290 887
1704300 889
1704310 892
1704320 894
1704330 897
1704340 900
1704350 903
1704360 906
1704370 910
1704380 913
1704390 916
1704400 919
1704410 922
1704420 925
1704430 928
1704440 931
1704450 934
1704460 937
1704470 940
1704480 943
1704490 946
1704500 948
1704510 950
1704520 952
1704530 953
1704540 953
1704550 951
1704560 950
1704570 950
1704580 950
1704590 950
1704600 951
1704610 951
1704620 953
1704630 954
1704640 956
1704650 958
1704660 960
1704670 963
1704680 966
1704690 969
1704700 972
1704710 975
1704720 978
1704730 980
1704740 983
1704750 985
1704760 987
1704770 989
1704780 991
1704790 993
1704800 995
1704810 996
1704820 998
1704830 1000
1704840 1001
1704850 1003
1704860 1004
1704870 1005
1704880 1007
1704890 1007
1704900 1008
1704910 1007
1704920 1007
1704930 1006
1704940 1005
1704950 1004
1704960 1003
1704970 1002
1704980 1002
1704990 1002
1705000 1002
1705010 1003
1705020 1003
1705030 1004
1705040 1004
1705050 1005
1705060 1006
1705070 1007
1705080 1009
1705090 1010
1705100 1011
1705110 1013
1705120 1015
1705130 1017
1705140 1020
1705150 1022
1705160 1023
1705170 1025
1705180 1027
1705190 1030
1705200 1034
1705210 1038
1705220 1042
1705230 1046
1705240 1050
1705250 1053
1705260 1057
1705270 1060
1705280 1064
1705290 1068
1705300 1072
1705310 1076
1705320 1080
1705330 1084
1705340 1088
1705350 1092
1705360 1096
1705370 1100
1705380 1104
1705390 1108
1705400 1111
1705410 1113
1705420 1115
1705430 1115
1705440 1115
1705450 1114
1705460 1114
1705470 1114
1705480 1114
1705490 1115
1705500 1115
1705510 1116
1705520 1117
1705530 1117
1705540 1118
1705550 1118
1705560 1119
1705570 1119
1705580 1119
1705590 1119
1705600 1119
1705610 1118
1705620 1118
1705630 1117
1705640 1116
1705650 1116
1705660 1115
1705670 1114
1705680 1113
1705690 1112
1705700 1111
1705710 1112
1705720 1112
1705730 1113
1705740 1113
1705750 1113
1705760 1113
1705770 1112
1705780 1111
1705790 1110
1705800 1108
1705810 1106
1705820 1102
1705830 1099
1705840 1096
1705850 1094
1705860 1092
1705870 1091
1705880 1089
1705890 1087
1705900 1086
1705910 1086
1705920 1086
1705930 1086
1705940 1086
1705950 1087
1705960 1087
1705970 1089
1705980 1090
1705990 1094
1706000 1098
1706010 1104
1706020 1104
1706030 1102
1706040 1099
1706050 1096
1706060 1093
1706070 1090
1706080 1085
1706090 1082
1706100 1079
1706110 1076
1706120 1072
1706130 1069
1706140 1065
1706150 1063
1706160 1061
1706170 1060
1706180 1059
1706190 1058
1706200 1058
1706210 1057
1706220 1056
1706230 1054
1706240 1051
1706250 1047
1706260 1043
1706270 1039
1706280 1036
1706290 1032
1706300 1027
1706310 1023
1706320 1018
1706330 1013
1706340 1008
1706350 1004
1706360 998
1706370 992
1706380 986
1706390 981
1706400 977
1706410 975
1706420 972
1706430 970
1706440 967
1706450 965
1706460 962
1706470 960
1706480 959
1706490 958
1706500 958
1706510 959
1706520 958
1706530 956
1706540 953
1706550 950
1706560 947
1706570 945
1706580 942
1706590 939
1706600 937
1706610 935
1706620 934
1706630 934
1706640 934
1706650 934
1706660 933
1706670 934
1706680 935
1706690 935
1709960 935
1709970 932
1709980 928
1709990 922
1710000 917
1710010 914
1710020 911
1710030 910
1710040 909
1710050 907
1710060 906
1710070 905
1710080 904
1710090 903
1710100 902
1710110 902
1710120 901
1710130 901
1710140 901
1710150 901
1710160 900
1710170 901
1710180 901
1710190 900
1710200 901
1710210 901
1710220 902
1710230 902
1710240 903
1710250 903
1710260 904
1710270 904
1710280 904
1710290 904
1710300 903
1710310 903
1710320 903
1710330 903
1710340 904
1710350 904
1710360 905
1710370 905
1710380 906
1710390 907
1710400 907
1710410 908
1710420 909
1710430 909
1710440 910
1710450 911
1710460 912
1710470 913
1710480 914
1710490 915
1710500 916
1710510 915
1710520 915
1710530 915
1710540 914
1710550 914
1710560 914
1710570 914
1710580 914
1710590 914
1710600 915
1710610 916
1710620 917
1710630 918
1710640 920
1710650 920
1710660 921
1710670 921
1710680 921
1710690 922
1710700 923
1710710 924
1710720 925
1710730 926
1710740 927
1710750 927
1710760 928
1710770 928
1710780 928
1710790 928
1710800 928
1710810 928
1710820 928
1710830 927
1710840 927
1710850 925
1710860 924
1710870 922
1710880 921
1710890 920
1710900 919
1710910 917
1710920 915
1710930 913
1710940 912
1710950 911
1710960 910
1710970 911
1710980 911
1710990 911
1711000 911
1711010 911
1711020 911
1711030 911
1711040 912
1711050 912
1711060 913
1711070 915
1711080 916
1711090 918
1711100 919
1711110 920
1711120 919
1711130 919
1711140 918
1711150 917
1711160 915
1711170 914
1711180 913
1711190 912
1711200 911
1711210 909
1711220 907
1711230 905
1711240 904
1711250 903
1711260 901
1711270 899
1711280 898
1711290 896
1711300 895
1711310 894
1711320 893
1711330 892
1711340 891
1711350 890
1711360 889
1711370 888
1711380 887
1711390 886
1711400 886
1711410 885
1711420 884
1711430 884
1711440 884
1711450 883
1711460 883
1711470 882
1711480 882
1711490 881
1711500 881
1711510 881
1711520 881
1711530 881
1711540 880
1711550 880
1711560 880
1711570 880
1711580 880
1711590 880
1711600 880
1711610 881
1711620 881
1711630 881
1711640 881
1711650 882
1711660 882
1711670 882
1711680 883
1711690 883
1711700 883
1711710 884
1711720 884
1711730 885
1711740 886
1711750 886
1711760 887
1711770 888
1711780 888
1711790 889
1711800 889
1711810 889
1711820 889
1711830 889
1711840 890
1711850 889
1711860 889
1711870 888
1711880 887
1711890 886
1711900 886
1711910 885
1711920 885
1711930 885
1711940 885
1711950 885
1711960 885
1711970 884
1711980 884
1711990 884
1712000 882
1712010 881
1712020 879
1712030 877
1712040 876
1712050 874
1712060 874
1712070 875
1712080 878
1712090 881
1712100 884
1712110 887
1712120 890
1712130 892
1712140 893
1712150 895
1712160 895
1712170 894
1712180 892
1712190 891
1712200 890
1712210 890
1712220 890
1712230 890
1712240 891
1712250 893
1712260 895
1712270 897
1712280 900
1712290 902
1712300 905
1712310 908
1712320 910
1712330 913
1712340 916
1712350 919
1712360 922
1712370 925
1712380 929
1712390 932
1712400 935
1712410 937
1712420 940
1712430 943
1712440 945
1712450 947
1712460 949
1712470 950
1712480 950
1712490 951
1712500 952
1712510 953
1712520 954
1712530 954
1712540 955
1712550 956
1712560 958
1712570 959
1712580 960
1712590 961
1712600 962
1712610 962
1712620 960
1712630 957
1712640 954
1712650 951
1712660 949
1712670 951
1712680 954
1712690 956
1712700 957
1712710 956
1712720 953
1712730 950
1712740 946
1712750 943
1712760 941
1712770 938
1712780 936
1712790 934
1712800 932
1712810 930
1712820 927
1712830 924
1712840 922
1712850 921
1712860 921
1712870 922
1712880 924
1712890 927
1712900 931
1712910 934
1712920 936
1712930 938
1712940 939
1712950 940
1712960 941
1712970 943
1712980 944
1712990 946
1713000 949
1713010 951
1713020 954
1713030 957
1713040 959
1713050 962
1713060 965
1713070 968
1713080 971
1713090 974
1713100 978
1713110 981
1713120 984
1713130 987
1713140 990
1713150 993
1713160 996
1713170 999
1713180 1001
1713190 1004
1713200 1006
1713210 1008
1713220 1009
1713230 1011
1713240 1013
1713250 1014
1713260 1015
1713270 1015
1713280 1016
1713290 1016
1713300 1016
1713310 1015
1713320 1014
1713330 1013
1713340 1011
1713350 1009
1713360 1007
1713370 1005
1713380 1002
1713390 1000
1713400 998
1713410 996
1713420 994
1713430 991
1713440 989
1713450 987
1713460 985
1713470 983
1713480 981
1713490 977
1713500 974
1713510 972
1713520 970
1713530 969
1713540 967
1713550 968
1713560 970
1713570 971
1713580 970
1713590 969
1713600 967
1713610 966
1713620 964
1713630 962
1713640 961
1713650 959
1713660 958
1713670 957
1713680 956
1713690 954
1713700 952
1713710 951
1713720 951
1713730 951
1713740 951
1713750 950
1713760 949
1713770 946
1713780 943
1713790 939
1713800 936
1713810 932
1713820 929
1713830 928
1713840 927
1713850 926
1713860 924
1713870 921
1713880 918
1713890 914
1713900 910
1713910 906
1713920 901
1713930 900
1713940 899
1713950 901
1713960 902
1713970 903
1713980 905
1713990 908
1714000 910
1714010 912
1714020 914
1714030 916
1714040 917
1714050 918
1714060 918
1714070 918
1714080 915
1714090 911
1714100 908
1714110 906
1714120 906
1714130 910
1714140 914
1714150 918
1714160 921
1714170 922
1714180 923
1714190 923
1714200 922
1714210 921
1714220 920
1714230 920
1714240 920
1714250 921
1714260 922
1714270 922
1714280 923
1714290 923
1714300 924
1714310 924
1714320 924
1714330 924
1714340 923
1714350 919
1714360 913
1714370 908
1714380 903
1714390 899
1714400 894
1714410 892
1714420 892
1714430 894
1714440 894
1714450 893
1714460 893
1714470 894
1714480 897
1714490 900
1714500 903
1714510 906
1714520 909
1714530 912
1714540 915
1714550 918
1714560 921
1714570 924
1714580 926
1714590 929
1714600 931
1714610 933
1714620 934
1714630 933
1714640 932
1714650 931
1714660 929
1714670 927
1714680 925
1714690 922
1714700 920
1714710 917
1714720 916
1714730 914
1714740 914
1714750 913
1714760 912
1714770 910
1714780 908
1714790 905
1714800 902
1714810 899
1714820 896
1714830 894
1714840 892
1714850 889
1714860 885
1714870 880
1714880 876
1714890 873
1714900 874
1714910 874
1714920 874
1714930 874
1714940 875
1714950 876
1714960 876
1714970 876
1714980 877
1714990 879
1715000 882
1715010 884
1715020 886
1715030 888
1715040 890
1715050 890
1715060 889
1715070 889
1715080 891
1715090 893
1715100 894
1715110 896
1715120 898
1715130 900
1715140 902
1715150 903
1715160 903
1715170 904
1715180 905
1715190 906
1715200 907
1715210 908
1715220 909
1715230 910
1715240 912
1715250 914
1715260 916
1715270 918
1715280 920
1715290 922
1715300 924
1715310 925
1715320 926
1715330 927
1715340 928
1715350 928
1715360 928
1715370 929
1715380 929
1715390 930
1715400 930
1715410 929
1715420 928
1715430 928
1715440 928
1715450 929
1715460 931
1715470 933
1715480 935
1715490 936
1715500 938
1715510 939
1715520 940
1715530 941
1715540 943
1715550 944
1715560 945
1715570 945
1715580 945
1715590 946
1715600 946
1715610 947
1715620 947
1715630 947
1715640 948
1715650 948
1715660 948
1715670 949
1715680 949
1715690 949
1715700 949
1715710 948
1715720 947
1715730 946
1715740 944
1715750 941
1715760 937
1715770 933
1715780 929
1715790 925
1715800 923
1715810 921
1715820 919
1715830 916
1715840 914
1715850 911
1715860 909
1715870 907
1715880 904
1715890 902
1715900 900
1715910 899
1715920 898
1715930 896
1715940 895
1715950 892
1715960 890
1715970 887
1715980 883
1715990 880
1716000 876
1716010 873
1716020 870
1716030 867
1716040 864
1716050 860
1716060 857
1716070 856
1716080 855
1716090 855
1716100 855
1716110 855
1716120 856
1716130 857
1716140 858
1716150 860
1716160 862
1716170 864
1716180 865
1716190 866
1716200 866
1716210 866
1716220 867
1716230 868
1716240 868
1716250 869
1716260 869
1716270 870
1716280 870
1716290 871
1716300 873
1716310 875
1716320 877
1716330 879
1716340 881
1716350 883
1716360 885
1716370 887
1716380 888
1716390 889
1716400 890
1716410 890
1716420 889
1716430 889
1716440 889
1716450 890
1716460 891
1716470 892
1716480 894
1716490 896
1716500 898
1716510 900
1716520 903
1716530 906
1716540 908
1716550 911
1716560 913
1716570 916
1716580 918
1716590 920
1716600 922
1716610 923
1716620 925
1716630 928
1716640 930
1716650 933
1716660 935
1716670 938
1716680 940
1716690 943
1716700 945
1716710 948
1716720 951
1716730 954
1716740 957
1716750 960
1716760 962
1716770 965
1716780 967
1716790 970
1716800 972
1716810 975
1716820 977
1716830 980
1716840 982
1716850 985
1716860 987
1716870 990
1716880 993
1716890 995
1716900 998
1716910 1000
1716920 1000
1716930 1000
1716940 997
1716950 995
1716960 992
1716970 989
1716980 987
1716990 983
1717000 978
1717010 974
1717020 972
1717030 972
1717040 972
1717050 973
1717060 973
1717070 974
1717080 975
1717090 976
1717100 977
1717110 977
1717120 977
1717130 977
1717140 976
1717150 976
1717160 976
1717170 976
1717180 976
1717190 976
1717200 975
1717210 976
1717220 976
1717230 976
1717240 976
1717250 976
1717260 976
1717270 976
1717280 977
1717290 978
1717300 978
1717310 979
1717320 979
1717330 979
1717340 979
1717350 978
1717360 977
1717370 977
1717380 975
1717390 973
1717400 970
1717410 967
1717420 963
1717430 961
1717440 959
1717450 957
1717460 955
1717470 954
1717480 953
1717490 954
1717500 955
1717510 956
1717520 958
1717530 959
1717540 960
1717550 962
1717560 962
1717570 963
1717580 962
1717590 960
1717600 957
1717610 956
1717620 955
1717630 954
1717640 953
1717650 950
1717660 946
1717670 942
1717680 940
1717690 939
1717700 938
1717710 939
1717720 939
1717730 940
1717740 941
1717750 942
1717760 945
1717770 947
1717780 949
1717790 953
1717800 957
1717810 961
1717820 967
1717830 970
1717840 973
1717850 975
1717860 979
1717870 983
1717880 988
1717890 990
1717900 994
1717910 998
1717920 1000
1717930 1002
1717940 1003
1717950 1005
1717960 1007
1717970 1010
1717980 1013
1717990 1017
1718000 1022
1718010 1025
1718020 1028
1718030 1030
1718040 1033
1718050 1037
1718060 1040
1718070 1044
1718080 1048
1718090 1053
1718100 1057
1718110 1061
1718120 1065
1718130 1069
1718140 1073
1718150 1077
1718160 1080
1718170 1084
1718180 1087
1718190 1090
1718200 1092
1718210 1094
1718220 1094
1718230 1094
1718240 1092
1718250 1090
1718260 1090
1718270 1091
1718280 1091
1718290 1093
1718300 1094
1718310 1096
1718320 1099
1718330 1102
1718340 1104
1718350 1102
1718360 1099
1718370 1094
1718380 1091
1718390 1090
1718400 1090
1718410 1090
1718420 1090
1718430 1091
1718440 1093
1718450 1095
1718460 1098
1718470 1100
1718480 1103
1718490 1105
1718500 1108
1718510 1111
1718520 1114
1718530 1116
1718540 1119
1718550 1121
1718560 1123
1718570 1125
1718580 1128
1718590 1129
1718600 1131
1718610 1133
1718620 1135
1718630 1138
1718640 1141
1718650 1145
1718660 1148
1718670 1152
1718680 1156
1718690 1160
1718700 1164
1718710 1168
1718720 1171
1718730 1174
1718740 1177
1718750 1180
1718760 1182
1718770 1185
1718780 1188
1718790 1191
1718800 1195
1718810 1198
1718820 1202
1718830 1207
1718840 1211
1718850 1216
1718860 1220
1718870 1225
1718880 1229
1718890 1234
1718900 1237
1718910 1240
1718920 1244
1718930 1246
1718940 1247
1718950 1247
1718960 1247
1718970 1247
1718980 1246
1718990 1245
1719000 1245
1719010 1244
1719020 1244
1719030 1244
1719040 1243
1719050 1243
1719060 1243
1719070 1242
1719080 1240
1719090 1238
1719100 1235
1719110 1232
1719120 1230
1719130 1227
1719140 1224
1719150 1221
1719160 1218
1719170 1215
1719180 1213
1719190 1210
1719200 1208
1719210 1206
1719220 1204
1719230 1202
1719240 1200
1719250 1199
1719260 1197
1719270 1196
1719280 1195
1719290 1193
1719300 1192
1719310 1191
1719320 1190
1719330 1188
1719340 1187
1719350 1186
1719360 1184
1719370 1183
1719380 1181
1719390 1180
1719400 1180
1719410 1179
1719420 1178
1719430 1177
1719440 1175
1719450 1174
1719460 1173
1719470 1172
1719480 1171
1719490 1170
1719500 1169
1719510 1168
1719520 1167
1719530 1166
1719540 1164
1719550 1163
1719560 1161
1719570 1159
1719580 1157
1719590 1155
1719600 1153
1719610 1150
1719620 1148
1719630 1145
1719640 1142
1719650 1140
1719660 1137
1719670 1134
1719680 1131
1719690 1127
1719700 1124
1719710 1121
1719720 1118
1719730 1115
1719740 1113
1719750 1110
1719760 1108
1719770 1106
1719780 1104
1719790 1101
1719800 1099
1719810 1097
1719820 1095
1719830 1092
1719840 1090
1719850 1089
1719860 1088
1719870 1087
1719880 1085
1719890 1083
1719900 1080
1719910 1077
1719920 1076
1719930 1074
1719940 1072
1719950 1070
1719960 1068
1719970 1066
1719980 1064
1719990 1062
