1700630 823
1700640 823
1700650 820
1700660 819
1700670 819
1700680 817
1700690 814
1700700 814
1700710 807
1700720 805
1700730 805
1700740 804
1700750 806
1700760 806
1700770 811
1700780 814
1700790 814
1700800 812
1700810 815
1700820 815
1700830 814
1700840 815
1700850 815
1700860 814
1700870 808
1700880 808
1700890 801
1700900 799
1700910 799
1700920 796
1700930 794
1700940 794
1700950 792
1700960 790
1700970 793
1700980 793
1700990 792
1701000 783
1701010 783
1701020 777
1701030 778
1701040 778
1701050 784
1701060 786
1701070 786
1701080 777
1701090 777
1701100 777
1701110 777
1701120 777
1701130 777
1701140 777
1701150 777
1701160 777
1701170 778
1701180 787
1701190 787
1701200 795
1701210 804
1701220 804
1701230 807
1701240 809
1701250 809
1701260 810
1701270 812
1701280 812
1701290 813
1701300 813
1701310 813
1701320 810
1701330 811
1701340 811
1701350 809
1701360 806
1701370 806
1701380 801
1701390 796
1701400 796
1701410 792
1701420 788
1701430 788
1701440 786
1701450 784
1701460 784
1701470 782
1701480 784
1701490 784
1701500 788
1701510 793
1701520 793
1701530 796
1701540 800
1701550 805
1701560 805
1701570 811
1701580 817
1701590 817
1701600 820
1701610 824
1701620 824
1701630 825
1701640 826
1701650 826
1701660 827
1701670 828
1701680 828
1701690 828
1701700 828
1701710 828
1701720 829
1701730 829
1701740 829
1701750 829
1701760 830
1701770 830
1701780 830
1701790 830
1701800 830
1701810 830
1701820 830
1701830 830
1701840 830
1701850 829
1701860 829
1701870 827
1701880 825
1701890 825
1701900 824
1701910 824
1701920 824
1701930 825
1701940 825
1701950 825
1701960 826
1701970 827
1701980 827
1701990 828
1702000 829
1702010 829
1702020 831
1702030 833
1702040 833
1702050 835
1702060 838
1702070 838
1702080 840
1702090 842
1702100 842
1702110 844
1702120 847
1702130 847
1702140 850
1702150 853
1702160 856
1702170 856
1702180 859
1702190 862
1702200 862
1702210 867
1702220 871
1702230 871
1702240 877
1702250 887
1702260 887
1702270 903
1702280 901
1702290 901
1702300 901
1702310 899
1702320 899
1702330 898
1702340 897
1702350 897
1702360 895
1702370 894
1702380 894
1702390 893
1702400 892
1702410 892
1702420 891
1702430 890
1702440 890
1702450 890
1702460 890
1702470 890
1702480 891
1702490 891
1702500 891
1702510 892
1702520 893
1702530 893
1702540 894
1702550 895
1702560 895
1702570 896
1702580 899
1702590 899
1702600 899
1702610 900
1702620 900
1702630 900
1702640 900
1702650 900
1702660 899
1702670 898
1702680 898
1702690 898
1702700 894
1702710 894
1702720 888
1702730 881
1702740 874
1702750 874
1702760 867
1702770 861
1702780 861
1702790 855
1702800 850
1702810 850
1702820 848
1702830 845
1702840 845
1702850 842
1702860 838
1702870 838
1702880 836
1702890 832
1702900 832
1702910 833
1702920 838
1702930 838
1702940 843
1702950 847
1702960 847
1702970 852
1702980 856
1702990 856
1703000 856
1703010 856
1703020 856
1703030 857
1703040 855
1703050 855
1703060 855
1703070 852
1703080 852
1703090 849
1703100 846
1703110 846
1703120 843
1703130 839
1703140 839
1703150 834
1703160 831
1703170 831
1703180 826
1703190 824
1703200 824
1703210 829
1703220 833
1703230 833
1703240 838
1703250 841
1703260 841
1703270 846
1703280 849
1703290 849
1703300 851
1703310 852
1703320 853
1703330 853
1703340 853
1703350 853
1703360 853
1703370 854
1703380 857
1703390 857
1703400 859
1703410 861
1703420 861
1703430 862
1703440 863
1703450 863
1703460 863
1703470 863
1703480 863
1703490 863
1703500 862
1703510 862
1703520 857
1703530 853
1703540 853
1703550 849
1703560 847
1703570 847
1703580 847
1703590 846
1703600 846
1703610 846
1703620 845
1703630 845
1703640 844
1703650 842
1703660 842
1703670 841
1703680 838
1703690 838
1703700 838
1703710 842
1703720 842
1703730 845
1703740 845
1703750 845
1703760 845
1703770 845
1703780 845
1703790 843
1703800 843
1703810 843
1703820 842
1703830 839
1703840 839
1703850 838
1703860 837
1703870 837
1703880 837
1703890 836
1703900 836
1703910 834
1703920 833
1703930 829
1703940 829
1703950 827
1703960 826
1703970 826
1703980 825
1703990 825
1704000 825
1704010 825
1704020 825
1704030 825
1704040 826
1704050 829
1704060 829
1704070 834
1704080 835
1704090 835
1704100 834
1704110 834
1704120 834
1704130 834
1704140 835
1704150 835
1704160 837
1704170 840
1704180 840
1704190 843
1704200 846
1704210 846
1704220 849
1704230 852
1704240 852
1704250 854
1704260 856
1704270 856
1704280 858
1704290 859
1704300 859
1704310 861
1704320 863
1704330 863
1704340 864
1704350 867
1704360 867
1704370 869
1704380 871
1704390 871
1704400 873
1704410 874
1704420 874
1704430 876
1704440 877
1704450 877
1704460 879
1704470 880
1704480 880
1704490 882
1704500 883
1704510 884
1704520 884
1704530 885
1704540 886
1704550 886
1704560 887
1704570 889
1704580 889
1704590 890
1704600 891
1704610 891
1704620 892
1704630 894
1704640 894
1704650 896
1704660 897
1704670 897
1704680 899
1704690 900
1704700 900
1704710 902
1704720 901
1704730 901
1704740 906
1704750 907
1704760 907
1704770 909
1704780 910
1704790 910
1704800 911
1704810 911
1704820 911
1704830 911
1704840 911
1704850 911
1704860 912
1704870 913
1704880 913
1704890 915
1704900 918
1704910 918
1704920 921
1704930 923
1704940 923
1704950 926
1704960 930
1704970 930
1704980 933
1704990 936
1705000 936
1705010 939
1705020 942
1705030 942
1705040 944
1705050 945
1705060 945
1705070 945
1705080 947
1705090 947
1705100 950
1705110 953
1705120 956
1705130 956
1705140 959
1705150 964
1705160 964
1705170 970
1705180 976
1705190 976
1705200 982
1705210 988
1705220 988
1705230 993
1705240 999
1705250 999
1705260 1004
1705270 1008
1705280 1008
1705290 1011
1705300 1014
1705310 1014
1705320 1017
1705330 1021
1705340 1021
1705350 1023
1705360 1026
1705370 1026
1705380 1028
1705390 1029
1705400 1029
1705410 1028
1705420 1028
1705430 1028
1705440 1029
1705450 1035
1705460 1035
1705470 1042
1705480 1051
1705490 1051
1705500 1058
1705510 1065
1705520 1065
1705530 1072
1705540 1077
1705550 1077
1705560 1084
1705570 1090
1705580 1090
1705590 1096
1705600 1101
1705610 1101
1705620 1107
1705630 1118
1705640 1118
1705650 1121
1705660 1122
1705670 1122
1705680 1123
1705690 1125
1705700 1127
1705710 1127
1705720 1129
1705730 1131
1705740 1131
1705750 1132
1705760 1132
1705770 1132
1705780 1132
1705790 1131
1705800 1131
1705810 1130
1705820 1129
1705830 1129
1705840 1126
1705850 1127
1705860 1127
1705870 1131
1705880 1134
1705890 1134
1705900 1137
1705910 1141
1705920 1141
1705930 1144
1705940 1147
1705950 1147
1705960 1150
1705970 1154
1705980 1154
1705990 1156
1706000 1159
1706010 1159
1706020 1161
1706030 1163
1706040 1163
1706050 1166
1706060 1168
1706070 1168
1706080 1169
1706090 1170
1706100 1170
1706110 1173
1706120 1174
1706130 1174
1706140 1176
1706150 1179
1706160 1179
1706170 1180
1706180 1181
1706190 1181
1706200 1182
1706210 1183
1706220 1183
1706230 1183
1706240 1180
1706250 1180
1706260 1178
1706270 1175
1706280 1175
1706290 1172
1706300 1169
1706310 1167
1706320 1167
1706330 1164
1706340 1162
1706350 1162
1706360 1160
1706370 1158
1706380 1158
1706390 1157
1706400 1155
1706410 1155
1706420 1153
1706430 1151
1706440 1151
1706450 1148
1706460 1145
1706470 1145
1706480 1141
1706490 1138
1706500 1138
1706510 1135
1706520 1131
1706530 1131
1706540 1127
1706550 1123
1706560 1123
1706570 1120
1706580 1117
1706590 1117
1706600 1115
1706610 1112
1706620 1112
1706630 1110
1706640 1108
1706650 1108
1706660 1104
1706670 1099
1706680 1099
1706690 1092
1706700 1086
1706710 1086
1706720 1082
1706730 1075
1706740 1075
1706750 1070
1706760 1065
1706770 1065
1706780 1063
1706790 1065
1706800 1065
1706810 1067
1706820 1064
1706830 1064
1706840 1062
1706850 1061
1706860 1061
1706870 1062
1706880 1070
1706890 1074
1706900 1074
1706910 1081
1706920 1085
1706930 1085
1706940 1090
1706950 1094
1706960 1094
1706970 1100
1706980 1107
1706990 1107
1707000 1107
1707010 1105
1707020 1105
1707030 1099
1707040 1094
1707050 1094
1707060 1088
1707070 1084
1707080 1084
1707090 1076
1707100 1069
1707110 1069
1707120 1061
1707130 1055
1707140 1055
1707150 1050
1707160 1044
1707170 1044
1707180 1036
1707190 1030
1707200 1030
1707210 1024
1707220 1025
1707230 1025
1707240 1028
1707250 1030
1707260 1030
1707270 1031
1707280 1028
1707290 1028
1707300 1025
1707310 1024
1707320 1024
1707330 1021
1707340 1017
1707350 1017
1707360 1012
1707370 1009
1707380 1009
1707390 1009
1707400 1011
1707410 1011
1707420 1015
1707430 1018
1707440 1018
1707450 1023
1707460 1028
1707470 1033
1707480 1033
1707490 1038
1707500 1043
1707510 1043
1707520 1048
1707530 1052
1707540 1052
1707550 1056
1707560 1060
1707570 1060
1707580 1064
1707590 1067
1707600 1067
1707610 1070
1707620 1072
1707630 1072
1707640 1075
1707650 1076
1707660 1076
1707670 1078
1707680 1082
1707690 1082
1707700 1085
1707710 1089
1707720 1089
1707730 1091
1707740 1094
1707750 1094
1707760 1096
1707770 1099
1707780 1099
1707790 1102
1707800 1103
1707810 1103
1707820 1107
1707830 1111
1707840 1111
1707850 1115
1707860 1119
1707870 1119
1707880 1121
1707890 1125
1707900 1125
1707910 1129
1707920 1132
1707930 1132
1707940 1134
1707950 1137
1707960 1137
1707970 1138
1707980 1139
1707990 1139
1708000 1140
1708010 1140
1708020 1140
1708030 1142
1708040 1141
1708050 1141
1708060 1143
1708070 1144
1708080 1146
1708090 1146
1708100 1147
1708110 1148
1708120 1148
1708130 1149
1708140 1150
1708150 1150
1708160 1152
1708170 1153
1708180 1153
1708190 1154
1708200 1155
1708210 1155
1708220 1155
1708230 1152
1708240 1152
1708250 1150
1708260 1149
1708270 1149
1708280 1148
1708290 1146
1708300 1146
1708310 1150
1708320 1154
1708330 1154
1708340 1155
1708350 1154
1708360 1154
1708370 1157
1708380 1164
1708390 1164
1708400 1173
1708410 1179
1708420 1179
1708430 1186
1708440 1193
1708450 1193
1708460 1200
1708470 1206
1708480 1206
1708490 1212
1708500 1217
1708510 1217
1708520 1221
1708530 1225
1708540 1225
1708550 1227
1708560 1230
1708570 1230
1708580 1234
1708590 1235
1708600 1235
1708610 1224
1708620 1216
1708630 1216
1708640 1210
1708650 1206
1708660 1201
1708670 1201
1708680 1198
1708690 1196
1708700 1196
1708710 1194
1708720 1192
1708730 1192
1708740 1193
1708750 1194
1708760 1194
1708770 1196
1708780 1198
1708790 1198
1708800 1200
1708810 1202
1708820 1202
1708830 1203
1708840 1205
1708850 1205
1708860 1205
1708870 1206
1708880 1206
1708890 1206
1708900 1208
1708910 1208
1708920 1204
1708930 1199
1708940 1199
1708950 1192
1708960 1183
1708970 1183
1708980 1175
1708990 1167
1709000 1167
1709010 1159
1709020 1152
1709030 1152
1709040 1145
1709050 1139
1709060 1139
1709070 1134
1709080 1125
1709090 1125
1709100 1119
1709110 1113
1709120 1113
1709130 1106
1709140 1101
1709150 1101
1709160 1093
1709170 1086
1709180 1086
1709190 1080
1709200 1073
1709210 1073
1709220 1063
1709230 1059
1709240 1059
1709250 1050
1709260 1042
1709270 1035
1709280 1035
1709290 1029
1709300 1023
1709310 1023
1709320 1017
1709330 1012
1709340 1012
1709350 1006
1709360 1000
1709370 1000
1709380 994
1709390 989
1709400 989
1709410 984
1709420 978
1709430 978
1709440 973
1709450 969
1709460 969
1709470 964
1709480 964
1709490 964
1709500 965
1709510 972
1709520 972
1709530 977
1709540 980
1709550 980
1709560 987
1709570 994
1709580 994
1709590 1001
1709600 1008
1709610 1008
1709620 1014
1709630 1020
1709640 1020
1709650 1026
1709660 1032
1709670 1032
1709680 1037
1709690 1044
1709700 1044
1709710 1053
1709720 1060
1709730 1060
1709740 1068
1709750 1075
1709760 1075
1709770 1079
1709780 1083
1709790 1083
1709800 1087
1709810 1091
1709820 1091
1709830 1095
1709840 1106
1709850 1113
1709860 1113
1709870 1118
1709880 1123
1709890 1123
1709900 1128
1709910 1131
1709920 1131
1709930 1132
1709940 1134
1709950 1134
1709960 1131
1709970 1129
1709980 1129
1709990 1128
1710000 1126
1710010 1126
1710020 1122
1710030 1118
1710040 1118
1710050 1114
1710060 1113
1710070 1113
1710080 1111
1710090 1109
1710100 1109
1710110 1108
1710120 1107
1710130 1107
1710140 1105
1710150 1104
1710160 1104
1710170 1102
1710180 1101
1710190 1101
1710200 1101
1710210 1100
1710220 1100
1710230 1100
1710240 1100
1710250 1100
1710260 1101
1710270 1101
1710280 1101
1710290 1101
1710300 1100
1710310 1100
1710320 1100
1710330 1098
1710340 1098
1710350 1096
1710360 1094
1710370 1094
1710380 1091
1710390 1089
1710400 1089
1710410 1086
1710420 1085
1710430 1085
1710440 1084
1710450 1081
1710460 1078
1710470 1078
1710480 1080
1710490 1083
1710500 1083
1710510 1085
1710520 1087
1710530 1087
1710540 1088
1710550 1091
1710560 1091
1710570 1093
1710580 1096
1710590 1096
1710600 1099
1710610 1101
1710620 1101
1710630 1104
1710640 1106
1710650 1106
1710660 1107
1710670 1110
1710680 1110
1710690 1115
1710700 1116
1710710 1116
1710720 1116
1710730 1116
1710740 1116
1710750 1114
1710760 1113
1710770 1113
1710780 1111
1710790 1107
1710800 1107
1710810 1103
1710820 1098
1710830 1098
1710840 1096
1710850 1093
1710860 1093
1710870 1089
1710880 1086
1710890 1086
1710900 1082
1710910 1079
1710920 1079
1710930 1075
1710940 1070
1710950 1070
1710960 1067
1710970 1064
1710980 1064
1710990 1061
1711000 1056
1711010 1056
1711020 1054
1711030 1052
1711040 1050
1711050 1050
1711060 1049
1711070 1048
1711080 1048
1711090 1048
1711100 1048
1711110 1048
1711120 1047
1711130 1047
1711140 1047
1711150 1048
1711160 1048
1711170 1048
1711180 1049
1711190 1051
1711200 1051
1711210 1052
1711220 1054
1711230 1054
1711240 1057
1711250 1059
1711260 1059
1711270 1060
1711280 1056
1711290 1056
1711300 1056
1711310 1055
1711320 1055
1711330 1054
1711340 1054
1711350 1054
1711360 1054
1711370 1054
1711380 1054
1711390 1054
1711400 1056
1711410 1056
1711420 1058
1711430 1058
1711440 1058
1711450 1059
1711460 1061
1711470 1061
1711480 1061
1711490 1061
1711500 1061
1711510 1059
1711520 1056
1711530 1056
1711540 1052
1711550 1049
1711560 1049
1711570 1044
1711580 1040
1711590 1040
1711600 1034
1711610 1030
1711620 1026
1711630 1026
1711640 1023
1711650 1018
1711660 1018
1711670 1014
1711680 1009
1711690 1009
1711700 1005
1711710 1002
1711720 1002
1711730 996
1711740 992
1711750 992
1711760 990
1711770 985
1711780 985
1711790 975
1711800 970
1711810 970
1711820 967
1711830 963
1711840 963
1711850 958
1711860 955
1711870 955
1711880 957
1711890 960
1711900 960
1711910 963
1711920 964
1711930 964
1711940 966
1711950 968
1711960 968
1711970 970
1711980 972
1711990 972
1712000 971
1712010 972
1712020 972
1712030 973
1712040 974
1712050 978
1712060 978
1712070 978
1712080 978
1712090 978
1712100 977
1712110 977
1712120 978
1712130 978
1712140 978
1712150 979
1712160 979
1712170 979
1712180 980
1712190 981
1712200 981
1712210 981
1712220 982
1712230 983
1712240 983
1712250 983
1712260 984
1712270 984
1712280 985
1712290 986
1712300 986
1712310 986
1712320 987
1712330 987
1712340 989
1712350 991
1712360 991
1712370 992
1712380 994
1712390 994
1712400 996
1712410 997
1712420 997
1712430 999
1712440 1001
1712450 1001
1712460 1003
1712470 1006
1712480 1006
1712490 1006
1712500 1006
1712510 1006
1712520 1008
1712530 1010
1712540 1010
1712550 1013
1712560 1015
1712570 1015
1712580 1018
1712590 1020
1712600 1020
1712610 1021
1712620 1024
1712630 1024
1712640 1027
1712650 1030
1712660 1030
1712670 1033
1712680 1036
1712690 1036
1712700 1039
1712710 1042
1712720 1042
1712730 1045
1712740 1048
1712750 1048
1712760 1051
1712770 1054
1712780 1054
1712790 1057
1712800 1059
1712810 1061
1712820 1061
1712830 1064
1712840 1066
1712850 1066
1712860 1068
1712870 1070
1712880 1070
1712890 1072
1712900 1074
1712910 1074
1712920 1074
1712930 1078
1712940 1078
1712950 1080
1712960 1082
1712970 1082
1712980 1084
1712990 1087
1713000 1087
1713010 1090
1713020 1093
1713030 1093
1713040 1095
1713050 1099
1713060 1099
1713070 1100
1713080 1099
1713090 1099
1713100 1101
1713110 1101
1713120 1101
1713130 1100
1713140 1101
1713150 1101
1713160 1099
1713170 1095
1713180 1095
1713190 1090
1713200 1084
1713210 1084
1713220 1079
1713230 1075
1713240 1075
1713250 1069
1713260 1064
1713270 1064
1713280 1058
1713290 1051
1713300 1051
1713310 1044
1713320 1039
1713330 1039
1713340 1034
1713350 1029
1713360 1029
1713370 1023
1713380 1019
1713390 1019
1713400 1014
1713410 1011
1713420 1007
1713430 1007
1713440 1004
1713450 999
1713460 999
1713470 1000
1713480 1000
1713490 1000
1713500 1000
1713510 1000
1713520 1000
1713530 997
1713540 1000
1713550 1000
1713560 1005
1713570 1011
1713580 1011
1713590 1017
1713600 1024
1713610 1024
1713620 1029
1713630 1035
1713640 1035
1713650 1042
1713660 1042
1713670 1042
1713680 1043
1713690 1045
1713700 1045
1713710 1045
1713720 1045
1713730 1045
1713740 1047
1713750 1048
1713760 1048
1713770 1048
1713780 1050
1713790 1050
1713800 1051
1713810 1053
1713820 1053
1713830 1056
1713840 1058
1713850 1058
1713860 1060
1713870 1062
1713880 1062
1713890 1065
1713900 1067
1713910 1067
1713920 1069
1713930 1071
1713940 1071
1713950 1074
1713960 1077
1713970 1077
1713980 1080
1713990 1081
1714000 1082
1714010 1082
1714020 1083
1714030 1078
1714040 1078
1714050 1079
1714060 1082
1714070 1082
1714080 1089
1714090 1092
1714100 1092
1714110 1096
1714120 1100
1714130 1100
1714140 1103
1714150 1107
1714160 1107
1714170 1109
1714180 1111
1714190 1111
1714200 1112
1714210 1113
1714220 1113
1714230 1114
1714240 1115
1714250 1115
1714260 1116
1714270 1117
1714280 1117
1714290 1118
1714300 1118
1714310 1118
1714320 1119
1714330 1119
1714340 1119
1714350 1119
1714360 1119
1714370 1119
1714380 1118
1714390 1117
1714400 1117
1714410 1116
1714420 1113
1714430 1113
1714440 1113
1714450 1112
1714460 1112
1714470 1112
1714480 1110
1714490 1110
1714500 1110
1714510 1111
1714520 1111
1714530 1110
1714540 1106
1714550 1106
1714560 1102
1714570 1101
1714580 1102
1714590 1102
1714600 1102
1714610 1103
1714620 1103
1714630 1104
1714640 1104
1714650 1104
1714660 1106
1714670 1109
1714680 1109
1714690 1110
1714700 1112
1714710 1112
1714720 1112
1714730 1112
1714740 1112
1714750 1111
1714760 1110
1714770 1110
1714780 1110
1714790 1107
1714800 1107
1714810 1105
1714820 1101
1714830 1101
1714840 1097
1714850 1088
1714860 1088
1714870 1079
1714880 1072
1714890 1072
1714900 1066
1714910 1062
1714920 1062
1714930 1061
1714940 1057
1714950 1057
1714960 1051
1714970 1039
1714980 1044
1714990 1040
1715000 1036
1715010 1036
1715020 1033
1715030 1031
1715040 1031
1715050 1028
1715060 1023
1715070 1023
1715080 1026
1715090 1027
1715100 1027
1715110 1025
1715120 1025
1715130 1025
1715140 1025
1715150 1024
1715160 1024
1715170 1025
1715180 1021
1715190 1015
1715200 1015
1715210 1007
1715220 1003
1715230 1003
1715240 1000
1715250 994
1715260 994
1715270 987
1715280 981
1715290 981
1715300 979
1715310 977
1715320 977
1715330 979
1715340 982
1715350 982
1715360 985
1715370 987
1715380 987
1715390 985
1715400 979
1715410 979
1715420 973
1715430 968
1715440 968
1715450 966
1715460 969
1715470 969
1715480 965
1715490 963
1715500 963
1715510 966
1715520 968
1715530 968
1715540 971
1715550 974
1715560 974
1715570 977
1715580 980
1715590 980
1715600 981
1715610 981
1715620 981
1715630 980
1715640 981
1715650 981
1715660 977
1715670 978
1715680 978
1715690 978
1715700 976
1715710 976
1715720 970
1715730 961
1715740 961
1715750 962
1715760 965
1715770 968
1715780 968
1715790 970
1715800 974
1715810 974
1715820 978
1715830 979
1715840 979
1715850 978
1715860 968
1715870 968
1715880 963
1715890 960
1715900 960
1715910 952
1715920 945
1715930 945
1715940 940
1715950 935
1715960 935
1715970 930
1715980 924
1715990 924
1716000 921
1716010 917
1716020 917
1716030 915
1716040 912
1716050 912
1716060 910
1716070 910
1716080 910
1716090 909
1716100 910
1716110 910
1716120 911
1716130 910
1716140 910
1716150 908
1716160 903
1716170 903
1716180 896
1716190 891
1716200 891
1716210 884
1716220 879
1716230 879
1716240 871
1716250 864
1716260 864
1716270 863
1716280 861
1716290 861
1716300 862
1716310 863
1716320 863
1716330 866
1716340 867
1716350 867
1716360 870
1716370 874
1716380 876
1716390 876
1716400 876
1716410 876
1716420 876
1716430 877
1716440 877
1716450 877
1716460 878
1716470 879
1716480 879
1716490 880
1716500 881
1716510 881
1716520 882
1716530 883
1716540 883
1716550 883
1716560 883
1716570 883
1716580 884
1716590 884
1716600 884
1716610 884
1716620 882
1716630 882
1716640 880
1716650 879
1716660 879
1716670 876
1716680 877
1716690 877
1716700 875
1716710 871
1716720 871
1716730 871
1716740 869
1716750 869
1716760 865
1716770 863
1716780 863
1716790 863
1716800 863
1716810 863
1716820 864
1716830 864
1716840 864
1716850 864
1716860 864
1716870 864
1716880 864
1716890 863
1716900 863
1716910 863
1716920 864
1716930 864
1716940 864
1716950 864
1716960 864
1716970 864
1700000 863
1700010 863
1700020 863
1700030 864
1700040 865
1700050 867
1700060 868
1700070 869
1700080 870
1700090 871
1700100 872
1700110 873
1700120 874
1700130 875
1700140 876
1700150 876
1700160 876
1700170 875
1700180 873
1700190 872
1700200 871
1700210 870
1700220 869
1700230 869
1700240 869
1700250 870
1700260 872
1700270 872
1700280 873
1700290 874
1700300 874
1700310 874
1700320 874
1700330 874
1700340 874
1700350 874
1700360 873
1700370 871
1700380 869
1700390 867
1700400 865
1700410 864
1700420 863
1700430 862
1700440 862
1700450 860
1700460 859
1700470 857
1700480 856
1700490 854
1700500 852
1700510 851
1700520 849
1700530 848
1700540 846
1700550 844
1700560 841
1700570 839
1700580 837
1700590 834
1700600 832
1700610 829
1700620 827
1700630 825
1700640 823
1700650 821
1700660 820
1700670 819
1700680 818
1700690 817
1700700 814
1700710 810
1700720 806
1700730 805
1700740 805
1700750 805
1700760 805
1700770 806
1700780 808
1700790 808
1700800 808
1700810 809
1700820 810
1700830 810
1700840 809
1700850 809
1700860 807
1700870 805
1700880 802
1700890 800
1700900 798
1700910 797
1700920 797
1700930 798
1700940 799
1700950 796
1700960 796
1700970 799
1700980 802
1700990 801
1701000 798
1701010 789
1701020 784
1701030 781
1701040 783
1701050 784
1701060 783
1701070 780
1701080 778
1701090 776
1701100 776
1701110 776
1701120 776
1701130 776
1701140 776
1701150 776
1701160 776
1701170 778
1701180 781
1701190 786
1701200 791
1701210 797
1701220 802
1701230 806
1701240 809
1701250 810
1701260 812
1701270 812
1701280 813
1701290 813
1701300 814
1701310 813
1701320 813
1701330 813
1701340 812
1701350 812
1701360 810
1701370 809
1701380 806
1701390 803
1701400 799
1701410 797
1701420 795
1701430 793
1701440 791
1701450 789
1701460 787
1701470 786
1701480 785
1701490 784
1701500 785
1701510 787
1701520 789
1701530 792
1701540 795
1701550 799
1701560 802
1701570 805
1701580 809
1701590 812
1701600 816
1701610 819
1701620 822
1701630 823
1701640 825
1701650 826
1701660 827
1701670 827
1701680 828
1701690 828
1701700 828
1701710 828
1701720 828
1701730 829
1701740 829
1701750 829
1701760 829
1701770 829
1701780 829
1701790 830
1701800 830
1701810 830
1701820 830
1701830 830
1701840 830
1701850 830
1701860 829
1701870 827
1701880 826
1701890 825
1701900 824
1701910 824
1701920 824
1701930 824
1701940 825
1701950 825
1701960 826
1701970 826
1701980 827
1701990 828
1702000 829
1702010 829
1702020 831
1702030 832
1702040 833
1702050 835
1702060 836
1702070 838
1702080 839
1702090 840
1702100 842
1702110 844
1702120 846
1702130 848
1702140 850
1702150 852
1702160 854
1702170 855
1702180 857
1702190 860
1702200 862
1702210 864
1702220 867
1702230 871
1702240 875
1702250 879
1702260 888
1702270 896
1702280 902
1702290 901
1702300 900
1702310 899
1702320 899
1702330 898
1702340 897
1702350 896
1702360 896
1702370 895
1702380 895
1702390 894
1702400 893
1702410 893
1702420 892
1702430 891
1702440 890
1702450 890
1702460 890
1702470 890
1702480 890
1702490 891
1702500 891
1702510 892
1702520 893
1702530 893
1702540 894
1702550 894
1702560 895
1702570 896
1702580 897
1702590 899
1702600 900
1702610 901
1702620 901
1702630 900
1702640 900
1702650 900
1702660 900
1702670 899
1702680 899
1702690 897
1702700 895
1702710 892
1702720 888
1702730 884
1702740 880
1702750 875
1702760 870
1702770 865
1702780 861
1702790 858
1702800 854
1702810 851
1702820 849
1702830 848
1702840 846
1702850 843
1702860 841
1702870 839
1702880 837
1702890 835
1702900 833
1702910 833
1702920 835
1702930 838
1702940 841
1702950 845
1702960 848
1702970 851
1702980 854
1702990 856
1703000 857
1703010 857
1703020 857
1703030 857
1703040 856
1703050 855
1703060 854
1703070 853
1703080 851
1703090 849
1703100 847
1703110 845
1703120 843
1703130 841
1703140 838
1703150 835
1703160 832
1703170 830
1703180 827
1703190 826
1703200 826
1703210 828
1703220 831
1703230 834
1703240 838
1703250 840
1703260 843
1703270 846
1703280 848
1703290 850
1703300 851
1703310 852
1703320 852
1703330 853
1703340 854
1703350 854
1703360 854
1703370 855
1703380 856
1703390 857
1703400 859
1703410 861
1703420 862
1703430 863
1703440 863
1703450 864
1703460 864
1703470 864
1703480 864
1703490 864
1703500 864
1703510 862
1703520 860
1703530 857
1703540 854
1703550 851
1703560 849
1703570 848
1703580 847
1703590 847
1703600 846
1703610 846
1703620 846
1703630 845
1703640 845
1703650 844
1703660 843
1703670 842
1703680 840
1703690 839
1703700 839
1703710 840
1703720 842
1703730 844
1703740 845
1703750 846
1703760 846
1703770 846
1703780 845
1703790 844
1703800 843
1703810 843
1703820 842
1703830 841
1703840 840
1703850 839
1703860 838
1703870 838
1703880 837
1703890 837
1703900 836
1703910 835
1703920 834
1703930 832
1703940 830
1703950 828
1703960 827
1703970 826
1703980 826
1703990 825
1704000 825
1704010 825
1704020 825
1704030 826
1704040 826
1704050 827
1704060 830
1704070 832
1704080 835
1704090 835
1704100 834
1704110 833
1704120 834
1704130 834
1704140 834
1704150 835
1704160 836
1704170 838
1704180 840
1704190 842
1704200 844
1704210 846
1704220 848
1704230 850
1704240 851
1704250 853
1704260 855
1704270 856
1704280 857
1704290 858
1704300 859
1704310 860
1704320 861
1704330 863
1704340 864
1704350 865
1704360 866
1704370 868
1704380 869
1704390 870
1704400 872
1704410 873
1704420 874
1704430 875
1704440 876
1704450 877
1704460 878
1704470 879
1704480 880
1704490 881
1704500 882
1704510 883
1704520 884
1704530 884
1704540 885
1704550 886
1704560 886
1704570 887
1704580 888
1704590 888
1704600 889
1704610 890
1704620 891
1704630 892
1704640 893
1704650 894
1704660 895
1704670 896
1704680 897
1704690 898
1704700 899
1704710 899
1704720 899
1704730 900
1704740 901
1704750 903
1704760 905
1704770 906
1704780 907
1704790 907
1704800 908
1704810 908
1704820 908
1704830 908
1704840 908
1704850 909
1704860 910
1704870 912
1704880 913
1704890 915
1704900 916
1704910 918
1704920 920
1704930 922
1704940 923
1704950 925
1704960 927
1704970 929
1704980 932
1704990 933
1705000 935
1705010 937
1705020 938
1705030 940
1705040 941
1705050 942
1705060 943
1705070 944
1705080 946
1705090 949
1705100 951
1705110 953
1705120 955
1705130 957
1705140 959
1705150 961
1705160 963
1705170 966
1705180 969
1705190 972
1705200 976
1705210 979
1705220 983
1705230 987
1705240 991
1705250 994
1705260 998
1705270 1000
1705280 1002
1705290 1004
1705300 1006
1705310 1008
1705320 1010
1705330 1013
1705340 1015
1705350 1017
1705360 1019
1705370 1021
1705380 1022
1705390 1022
1705400 1023
1705410 1023
1705420 1024
1705430 1025
1705440 1028
1705450 1032
1705460 1037
1705470 1041
1705480 1046
1705490 1051
1705500 1057
1705510 1062
1705520 1066
1705530 1071
1705540 1075
1705550 1079
1705560 1083
1705570 1088
1705580 1092
1705590 1096
1705600 1100
1705610 1103
1705620 1109
1705630 1114
1705640 1119
1705650 1120
1705660 1121
1705670 1122
1705680 1123
1705690 1124
1705700 1126
1705710 1127
1705720 1129
1705730 1130
1705740 1131
1705750 1131
1705760 1132
1705770 1132
1705780 1132
1705790 1132
1705800 1131
1705810 1131
1705820 1130
1705830 1129
1705840 1128
1705850 1126
1705860 1127
1705870 1129
1705880 1132
1705890 1134
1705900 1136
1705910 1138
1705920 1141
1705930 1143
1705940 1145
1705950 1147
1705960 1149
1705970 1151
1705980 1154
1705990 1156
1706000 1157
1706010 1159
1706020 1160
1706030 1162
1706040 1163
1706050 1165
1706060 1167
1706070 1168
1706080 1169
1706090 1169
1706100 1171
1706110 1172
1706120 1173
1706130 1175
1706140 1176
1706150 1177
1706160 1178
1706170 1179
1706180 1180
1706190 1181
1706200 1182
1706210 1182
1706220 1183
1706230 1182
1706240 1181
1706250 1180
1706260 1178
1706270 1176
1706280 1174
1706290 1172
1706300 1170
1706310 1168
1706320 1167
1706330 1165
1706340 1163
1706350 1162
1706360 1161
1706370 1160
1706380 1159
1706390 1158
1706400 1157
1706410 1156
1706420 1154
1706430 1153
1706440 1151
1706450 1149
1706460 1147
1706470 1145
1706480 1143
1706490 1141
1706500 1138
1706510 1136
1706520 1134
1706530 1131
1706540 1128
1706550 1126
1706560 1124
1706570 1121
1706580 1119
1706590 1118
1706600 1116
1706610 1114
1706620 1113
1706630 1111
1706640 1110
1706650 1108
1706660 1105
1706670 1102
1706680 1099
1706690 1095
1706700 1091
1706710 1086
1706720 1083
1706730 1079
1706740 1076
1706750 1072
1706760 1069
1706770 1066
1706780 1065
1706790 1065
1706800 1066
1706810 1067
1706820 1067
1706830 1065
1706840 1063
1706850 1063
1706860 1063
1706870 1064
1706880 1067
1706890 1072
1706900 1075
1706910 1078
1706920 1081
1706930 1085
1706940 1088
1706950 1092
1706960 1095
1706970 1098
1706980 1103
1706990 1106
1707000 1108
1707010 1108
1707020 1105
1707030 1102
1707040 1098
1707050 1094
1707060 1091
1707070 1087
1707080 1083
1707090 1079
1707100 1074
1707110 1069
1707120 1064
1707130 1060
1707140 1056
1707150 1052
1707160 1048
1707170 1044
1707180 1039
1707190 1034
1707200 1030
1707210 1027
1707220 1026
1707230 1027
1707240 1029
1707250 1031
1707260 1032
1707270 1032
1707280 1031
1707290 1030
1707300 1028
1707310 1027
1707320 1025
1707330 1023
1707340 1021
1707350 1018
1707360 1015
1707370 1012
1707380 1011
1707390 1011
1707400 1012
1707410 1013
1707420 1016
1707430 1018
1707440 1020
1707450 1023
1707460 1026
1707470 1029
1707480 1032
1707490 1036
1707500 1040
1707510 1043
1707520 1046
1707530 1049
1707540 1052
1707550 1055
1707560 1058
1707570 1061
1707580 1063
1707590 1066
1707600 1068
1707610 1070
1707620 1072
1707630 1074
1707640 1075
1707650 1077
1707660 1078
1707670 1079
1707680 1081
1707690 1084
1707700 1086
1707710 1088
1707720 1090
1707730 1092
1707740 1094
1707750 1096
1707760 1098
1707770 1099
1707780 1101
1707790 1103
1707800 1105
1707810 1106
1707820 1108
1707830 1110
1707840 1112
1707850 1115
1707860 1117
1707870 1119
1707880 1122
1707890 1124
1707900 1126
1707910 1128
1707920 1131
1707930 1133
1707940 1135
1707950 1137
1707960 1138
1707970 1139
1707980 1140
1707990 1140
1708000 1141
1708010 1142
1708020 1142
1708030 1142
1708040 1143
1708050 1143
1708060 1144
1708070 1145
1708080 1146
1708090 1147
1708100 1148
1708110 1149
1708120 1151
1708130 1151
1708140 1152
1708150 1152
1708160 1153
1708170 1154
1708180 1155
1708190 1156
1708200 1157
1708210 1158
1708220 1158
1708230 1157
1708240 1156
1708250 1154
1708260 1153
1708270 1152
1708280 1151
1708290 1150
1708300 1150
1708310 1151
1708320 1153
1708330 1156
1708340 1157
1708350 1158
1708360 1158
1708370 1159
1708380 1161
1708390 1164
1708400 1168
1708410 1173
1708420 1178
1708430 1183
1708440 1188
1708450 1193
1708460 1197
1708470 1202
1708480 1206
1708490 1210
1708500 1213
1708510 1217
1708520 1221
1708530 1224
1708540 1226
1708550 1229
1708560 1231
1708570 1234
1708580 1236
1708590 1238
1708600 1238
1708610 1234
1708620 1228
1708630 1221
1708640 1216
1708650 1212
1708660 1209
1708670 1206
1708680 1204
1708690 1202
1708700 1200
1708710 1199
1708720 1197
1708730 1197
1708740 1197
1708750 1197
1708760 1198
1708770 1199
1708780 1200
1708790 1201
1708800 1203
1708810 1204
1708820 1205
1708830 1206
1708840 1207
1708850 1208
1708860 1209
1708870 1209
1708880 1209
1708890 1209
1708900 1208
1708910 1207
1708920 1204
1708930 1202
1708940 1198
1708950 1193
1708960 1189
1708970 1183
1708980 1178
1708990 1173
1709000 1168
1709010 1162
1709020 1156
1709030 1151
1709040 1147
1709050 1143
1709060 1138
1709070 1134
1709080 1129
1709090 1125
1709100 1120
1709110 1116
1709120 1112
1709130 1108
1709140 1103
1709150 1099
1709160 1094
1709170 1089
1709180 1085
1709190 1081
1709200 1076
1709210 1072
1709220 1067
1709230 1062
1709240 1056
1709250 1051
1709260 1045
1709270 1040
1709280 1036
1709290 1031
1709300 1027
1709310 1023
1709320 1019
1709330 1016
1709340 1012
1709350 1008
1709360 1004
1709370 1000
1709380 996
1709390 992
1709400 989
1709410 985
1709420 982
1709430 978
1709440 975
1709450 972
1709460 968
1709470 965
1709480 964
1709490 964
1709500 966
1709510 968
1709520 971
1709530 975
1709540 978
1709550 981
1709560 985
1709570 990
1709580 994
1709590 999
1709600 1003
1709610 1008
1709620 1012
1709630 1016
1709640 1020
1709650 1024
1709660 1028
1709670 1032
1709680 1036
1709690 1040
1709700 1045
1709710 1051
1709720 1056
1709730 1061
1709740 1066
1709750 1071
1709760 1075
1709770 1078
1709780 1081
1709790 1084
1709800 1087
1709810 1089
1709820 1092
1709830 1096
1709840 1101
1709850 1108
1709860 1112
1709870 1116
1709880 1119
1709890 1123
1709900 1126
1709910 1129
1709920 1131
1709930 1132
1709940 1133
1709950 1134
1709960 1134
1709970 1132
1709980 1131
1709990 1130
1710000 1129
1710010 1127
1710020 1125
1710030 1123
1710040 1120
1710050 1118
1710060 1115
1710070 1114
1710080 1113
1710090 1111
1710100 1110
1710110 1109
1710120 1109
1710130 1108
1710140 1107
1710150 1105
1710160 1105
1710170 1104
1710180 1103
1710190 1103
1710200 1102
1710210 1101
1710220 1101
1710230 1101
1710240 1101
1710250 1102
1710260 1102
1710270 1102
1710280 1102
1710290 1102
1710300 1102
1710310 1102
1710320 1101
1710330 1100
1710340 1099
1710350 1098
1710360 1096
1710370 1094
1710380 1093
1710390 1091
1710400 1090
1710410 1088
1710420 1087
1710430 1086
1710440 1085
1710450 1084
1710460 1082
1710470 1081
1710480 1080
1710490 1082
1710500 1083
1710510 1085
1710520 1087
1710530 1088
1710540 1089
1710550 1090
1710560 1092
1710570 1093
1710580 1095
1710590 1096
1710600 1098
1710610 1100
1710620 1101
1710630 1103
1710640 1104
1710650 1106
1710660 1107
1710670 1108
1710680 1111
1710690 1113
1710700 1116
1710710 1116
1710720 1116
1710730 1116
1710740 1116
1710750 1115
1710760 1114
1710770 1113
1710780 1112
1710790 1110
1710800 1108
1710810 1105
1710820 1102
1710830 1100
1710840 1098
1710850 1096
1710860 1094
1710870 1091
1710880 1089
1710890 1087
1710900 1085
1710910 1083
1710920 1080
1710930 1077
1710940 1074
1710950 1072
1710960 1070
1710970 1068
1710980 1065
1710990 1063
1711000 1060
1711010 1058
1711020 1056
1711030 1055
1711040 1053
1711050 1052
1711060 1051
1711070 1050
1711080 1050
1711090 1050
1711100 1050
1711110 1049
1711120 1049
1711130 1049
1711140 1049
1711150 1049
1711160 1049
1711170 1050
1711180 1050
1711190 1051
1711200 1052
1711210 1053
1711220 1054
1711230 1056
1711240 1057
1711250 1059
1711260 1060
1711270 1061
1711280 1059
1711290 1058
1711300 1057
1711310 1056
1711320 1056
1711330 1056
1711340 1055
1711350 1055
1711360 1055
1711370 1056
1711380 1056
1711390 1056
1711400 1057
1711410 1059
1711420 1060
1711430 1060
1711440 1061
1711450 1061
1711460 1062
1711470 1062
1711480 1062
1711490 1062
1711500 1062
1711510 1060
1711520 1059
1711530 1057
1711540 1055
1711550 1052
1711560 1050
1711570 1047
1711580 1044
1711590 1041
1711600 1038
1711610 1034
1711620 1031
1711630 1028
1711640 1026
1711650 1024
1711660 1021
1711670 1018
1711680 1015
1711690 1012
1711700 1009
1711710 1007
1711720 1004
1711730 1001
1711740 999
1711750 996
1711760 994
1711770 991
1711780 986
1711790 982
1711800 977
1711810 974
1711820 971
1711830 969
1711840 966
1711850 963
1711860 960
1711870 958
1711880 957
1711890 958
1711900 959
1711910 961
1711920 963
1711930 964
1711940 965
1711950 966
1711960 967
1711970 968
1711980 969
1711990 970
1712000 972
1712010 973
1712020 975
1712030 976
1712040 976
1712050 977
1712060 977
1712070 977
1712080 977
1712090 977
1712100 977
1712110 978
1712120 978
1712130 978
1712140 979
1712150 979
1712160 980
1712170 980
1712180 981
1712190 981
1712200 981
1712210 982
1712220 982
1712230 983
1712240 983
1712250 984
1712260 984
1712270 984
1712280 985
1712290 985
1712300 986
1712310 986
1712320 987
1712330 988
1712340 989
1712350 990
1712360 991
1712370 992
1712380 993
1712390 994
1712400 996
1712410 997
1712420 998
1712430 999
1712440 1000
1712450 1002
1712460 1003
1712470 1004
1712480 1005
1712490 1006
1712500 1006
1712510 1007
1712520 1008
1712530 1009
1712540 1011
1712550 1012
1712560 1014
1712570 1016
1712580 1017
1712590 1018
1712600 1020
1712610 1021
1712620 1023
1712630 1025
1712640 1027
1712650 1029
1712660 1031
1712670 1033
1712680 1035
1712690 1036
1712700 1038
1712710 1040
1712720 1043
1712730 1045
1712740 1047
1712750 1049
1712760 1051
1712770 1053
1712780 1054
1712790 1056
1712800 1058
1712810 1059
1712820 1061
1712830 1062
1712840 1064
1712850 1065
1712860 1067
1712870 1068
1712880 1070
1712890 1071
1712900 1072
1712910 1073
1712920 1074
1712930 1075
1712940 1077
1712950 1079
1712960 1080
1712970 1081
1712980 1083
1712990 1085
1713000 1087
1713010 1089
1713020 1091
1713030 1092
1713040 1094
1713050 1096
1713060 1097
1713070 1098
1713080 1099
1713090 1099
1713100 1100
1713110 1100
1713120 1100
1713130 1100
1713140 1100
1713150 1100
1713160 1099
1713170 1097
1713180 1094
1713190 1091
1713200 1088
1713210 1084
1713220 1081
1713230 1078
1713240 1075
1713250 1071
1713260 1067
1713270 1063
1713280 1059
1713290 1055
1713300 1050
1713310 1046
1713320 1042
1713330 1038
1713340 1035
1713350 1031
1713360 1028
1713370 1024
1713380 1021
1713390 1018
1713400 1015
1713410 1012
1713420 1010
1713430 1008
1713440 1005
1713450 1003
1713460 1001
1713470 1000
1713480 1000
1713490 1000
1713500 1000
1713510 1000
1713520 1000
1713530 1000
1713540 999
1713550 1001
1713560 1004
1713570 1008
1713580 1012
1713590 1016
1713600 1020
1713610 1024
1713620 1029
1713630 1034
1713640 1038
1713650 1042
1713660 1045
1713670 1045
1713680 1046
1713690 1046
1713700 1047
1713710 1048
1713720 1048
1713730 1048
1713740 1049
1713750 1049
1713760 1050
1713770 1050
1713780 1051
1713790 1052
1713800 1053
1713810 1054
1713820 1056
1713830 1057
1713840 1059
1713850 1061
1713860 1062
1713870 1064
1713880 1065
1713890 1067
1713900 1068
1713910 1070
1713920 1071
1713930 1072
1713940 1074
1713950 1076
1713960 1078
1713970 1080
1713980 1082
1713990 1083
1714000 1084
1714010 1085
1714020 1085
1714030 1084
1714040 1083
1714050 1082
1714060 1083
1714070 1085
1714080 1088
1714090 1091
1714100 1094
1714110 1097
1714120 1099
1714130 1102
1714140 1104
1714150 1107
1714160 1109
1714170 1111
1714180 1113
1714190 1114
1714200 1115
1714210 1116
1714220 1117
1714230 1117
1714240 1118
1714250 1119
1714260 1120
1714270 1120
1714280 1121
1714290 1121
1714300 1122
1714310 1122
1714320 1123
1714330 1123
1714340 1123
1714350 1123
1714360 1123
1714370 1123
1714380 1122
1714390 1122
1714400 1121
1714410 1120
1714420 1119
1714430 1119
1714440 1118
1714450 1117
1714460 1117
1714470 1117
1714480 1117
1714490 1116
1714500 1115
1714510 1116
1714520 1115
1714530 1115
1714540 1114
1714550 1111
1714560 1109
1714570 1107
1714580 1107
1714590 1107
1714600 1108
1714610 1108
1714620 1108
1714630 1109
1714640 1109
1714650 1109
1714660 1110
1714670 1111
1714680 1113
1714690 1114
1714700 1115
1714710 1116
1714720 1116
1714730 1116
1714740 1116
1714750 1116
1714760 1115
1714770 1115
1714780 1114
1714790 1113
1714800 1112
1714810 1110
1714820 1108
1714830 1106
1714840 1103
1714850 1100
1714860 1093
1714870 1086
1714880 1080
1714890 1076
1714900 1072
1714910 1069
1714920 1067
1714930 1065
1714940 1062
1714950 1060
1714960 1056
1714970 1050
1714980 1044
1714990 1040
1715000 1037
1715010 1035
1715020 1033
1715030 1031
1715040 1029
1715050 1027
1715060 1025
1715070 1024
1715080 1024
1715090 1026
1715100 1025
1715110 1025
1715120 1024
1715130 1024
1715140 1024
1715150 1024
1715160 1023
1715170 1023
1715180 1022
1715190 1019
1715200 1015
1715210 1010
1715220 1007
1715230 1004
1715240 1001
1715250 997
1715260 994
1715270 990
1715280 985
1715290 982
1715300 980
1715310 979
1715320 978
1715330 978
1715340 980
1715350 982
1715360 984
1715370 985
1715380 986
1715390 985
1715400 983
1715410 979
1715420 975
1715430 971
1715440 968
1715450 967
1715460 967
1715470 967
1715480 967
1715490 964
1715500 964
1715510 965
1715520 967
1715530 969
1715540 971
1715550 973
1715560 975
1715570 977
1715580 979
1715590 980
1715600 981
1715610 981
1715620 981
1715630 981
1715640 981
1715650 979
1715660 978
1715670 978
1715680 978
1715690 978
1715700 977
1715710 974
1715720 970
1715730 965
1715740 963
1715750 962
1715760 964
1715770 966
1715780 968
1715790 970
1715800 972
1715810 974
1715820 976
1715830 978
1715840 978
1715850 977
1715860 973
1715870 969
1715880 964
1715890 962
1715900 958
1715910 954
1715920 949
1715930 945
1715940 941
1715950 938
1715960 935
1715970 931
1715980 927
1715990 924
1716000 922
1716010 920
1716020 918
1716030 917
1716040 915
1716050 913
1716060 912
1716070 911
1716080 911
1716090 910
1716100 911
1716110 911
1716120 911
1716130 911
1716140 911
1716150 909
1716160 907
1716170 903
1716180 899
1716190 894
1716200 890
1716210 886
1716220 882
1716230 878
1716240 873
1716250 868
1716260 866
1716270 864
1716280 862
1716290 862
1716300 862
1716310 863
1716320 864
1716330 865
1716340 865
1716350 866
1716360 868
1716370 869
1716380 872
1716390 873
1716400 874
1716410 874
1716420 874
1716430 875
1716440 876
1716450 877
1716460 878
1716470 878
1716480 879
1716490 879
1716500 880
1716510 881
1716520 881
1716530 882
1716540 882
1716550 883
1716560 883
1716570 883
1716580 884
1716590 884
1716600 884
1716610 884
1716620 884
1716630 883
1716640 882
1716650 880
1716660 879
1716670 878
1716680 877
1716690 877
1716700 876
1716710 874
1716720 872
1716730 871
1716740 871
1716750 870
1716760 868
1716770 866
1716780 865
1716790 864
1716800 864
1716810 864
1716820 864
1716830 864
1716840 864
1716850 864
1716860 864
1716870 864
1716880 864
1716890 864
1716900 864
1716910 864
1716920 864
1716930 864
1716940 864
1716950 864
1716960 864
1716970 865
1716980 865
1716990 866
1717000 866
1717010 867
1717020 868
1717030 868
1717040 868
1717050 869
1717060 869
1717070 870
1717080 870
1717090 872
1717100 874
1717110 877
1717120 881
1717130 884
1717140 888
1717150 891
1717160 894
1717170 896
1717180 899
1717190 902
1717200 904
1717210 906
1717220 909
1717230 911
1717240 913
1717250 915
1717260 917
1717270 919
1717280 921
1717290 922
1717300 924
1717310 926
1717320 928
1717330 930
1717340 932
1717350 933
1717360 935
1717370 937
1717380 938
1717390 940
1717400 941
1717410 942
1717420 941
1717430 940
1717440 937
1717450 935
1717460 934
1717470 934
1717480 937
1717490 939
1717500 942
1717510 944
1717520 947
1717530 949
1717540 951
1717550 951
1717560 949
1717570 946
1717580 944
1717590 941
1717600 938
1717610 938
1717620 938
1717630 939
1717640 940
1717650 940
1717660 942
1717670 944
1717680 946
1717690 948
1717700 951
1717710 955
1717720 957
1717730 961
1717740 964
1717750 968
1717760 972
1717770 976
1717780 980
1717790 984
1717800 987
1717810 991
1717820 994
1717830 998
1717840 1002
1717850 1006
1717860 1009
1717870 1013
1717880 1016
1717890 1020
1717900 1024
1717910 1027
1717920 1030
1717930 1033
1717940 1035
1717950 1036
1717960 1037
1717970 1037
1717980 1036
1717990 1035
1718000 1034
1718010 1033
1718020 1032
1718030 1031
1718040 1031
1718050 1031
1718060 1032
1718070 1033
1718080 1034
1718090 1034
1718100 1034
1718110 1032
1718120 1030
1718130 1028
1718140 1026
1718150 1024
1718160 1021
1718170 1017
1718180 1012
1718190 1007
1718200 1002
1718210 998
1718220 994
1718230 991
1718240 989
1718250 988
1718260 988
1718270 988
1718280 988
1718290 987
1718300 985
1718310 984
1718320 982
1718330 981
1718340 981
1718350 981
1718360 980
1718370 980
1718380 980
1718390 980
1718400 980
1718410 978
1718420 975
1718430 974
1718440 974
1718450 975
1718460 976
1718470 978
1718480 981
1718490 983
1718500 985
1718510 987
1718520 989
1718530 992
1718540 995
1718550 998
1718560 1000
1718570 1003
1718580 1006
1718590 1009
1718600 1013
1718610 1017
1718620 1021
1718630 1024
1718640 1028
1718650 1032
1718660 1036
1718670 1040
1718680 1044
1718690 1047
1718700 1051
1718710 1056
1718720 1060
1718730 1064
1718740 1068
1718750 1072
1718760 1076
1718770 1081
1718780 1085
1718790 1089
1718800 1093
1718810 1098
1718820 1102
1718830 1106
1718840 1111
1718850 1115
1718860 1119
1718870 1123
1718880 1127
1718890 1132
1718900 1138
1718910 1144
1718920 1148
1718930 1152
1718940 1155
1718950 1158
1718960 1161
1718970 1164
1718980 1166
1718990 1166
1719000 1165
1719010 1163
1719020 1161
1719030 1160
1719040 1158
1719050 1156
1719060 1153
1719070 1151
1719080 1149
1719090 1146
1719100 1143
1719110 1140
1719120 1138
1719130 1134
1719140 1131
1719150 1128
1719160 1125
1719170 1123
1719180 1120
1719190 1119
1719200 1117
1719210 1116
1719220 1116
1719230 1117
1719240 1117
1719250 1117
1719260 1117
1719270 1117
1719280 1116
1719290 1116
1719300 1115
1719310 1114
1719320 1113
1719330 1112
1719340 1111
1719350 1109
1719360 1108
1719370 1107
1719380 1106
1719390 1105
1719400 1104
1719410 1102
1719420 1099
1719430 1096
1719440 1094
1719450 1093
1719460 1091
1719470 1088
1719480 1084
1719490 1081
1719500 1078
1719510 1076
1719520 1073
1719530 1070
1719540 1067
1719550 1064
1719560 1060
1719570 1056
1719580 1051
1719590 1051
1719600 1053
1719610 1055
1719620 1057
1719630 1060
1719640 1063
1719650 1065
1719660 1068
1719670 1070
1719680 1072
1719690 1074
1719700 1075
1719710 1076
1719720 1076
1719730 1076
1719740 1076
1719750 1075
1719760 1074
1719770 1074
1719780 1073
1719790 1072
1719800 1071
1719810 1071
1719820 1070
1719830 1069
1719840 1068
1719850 1067
1719860 1066
1719870 1065
1719880 1064
1719890 1063
1719900 1062
1719910 1061
1719920 1060
1719930 1059
1719940 1058
1719950 1057
1719960 1056
1719970 1055
1719980 1054
1719990 1052
