1700620 860
1700630 856
1700640 856
1700650 851
1700660 846
1700670 846
1700680 841
1700690 838
1700700 838
1700710 834
1700720 831
1700730 831
1700740 828
1700750 826
1700760 826
1700770 825
1700780 823
1700790 823
1700800 821
1700810 820
1700820 820
1700830 820
1700840 820
1700850 820
1700860 820
1700870 819
1700880 819
1700890 818
1700900 816
1700910 816
1700920 815
1700930 813
1700940 813
1700950 812
1700960 810
1700970 810
1700980 807
1700990 802
1701000 802
1701010 800
1701020 797
1701030 797
1701040 797
1701050 787
1701060 777
1701070 777
1701080 777
1701090 777
1701100 777
1701110 777
1701120 777
1701130 777
1701140 777
1701150 778
1701160 778
1701170 785
1701180 792
1701190 792
1701200 798
1701210 803
1701220 803
1701230 807
1701240 814
1701250 814
1701260 815
1701270 815
1701280 815
1701290 816
1701300 818
1701310 818
1701320 820
1701330 821
1701340 821
1701350 826
1701360 829
1701370 829
1701380 829
1701390 829
1701400 829
1701410 828
1701420 826
1701430 826
1701440 826
1701450 826
1701460 826
1701470 826
1701480 825
1701490 825
1701500 824
1701510 824
1701520 824
1701530 825
1701540 825
1701550 825
1701560 823
1701570 816
1701580 816
1701590 814
1701600 817
1701610 817
1701620 822
1701630 822
1701640 821
1701650 821
1701660 821
1701670 818
1701680 818
1701690 812
1701700 806
1701710 806
1701720 803
1701730 805
1701740 805
1701750 806
1701760 806
1701770 806
1701780 806
1701790 804
1701800 804
1701810 804
1701820 803
1701830 803
1701840 803
1701850 804
1701860 804
1701870 805
1701880 807
1701890 807
1701900 812
1701910 814
1701920 814
1701930 816
1701940 816
1701950 816
1701960 816
1701970 817
1701980 817
1701990 817
1702000 819
1702010 819
1702020 822
1702030 826
1702040 826
1702050 830
1702060 834
1702070 834
1702080 837
1702090 840
1702100 840
1702110 845
1702120 848
1702130 848
1702140 850
1702150 852
1702160 852
1702170 855
1702180 860
1702190 860
1702200 867
1702210 868
1702220 868
1702230 867
1702240 868
1702250 869
1702260 869
1702270 869
1702280 870
1702290 870
1702300 871
1702310 873
1702320 873
1702330 876
1702340 879
1702350 879
1702360 882
1702370 885
1702380 885
1702390 888
1702400 892
1702410 892
1702420 895
1702430 898
1702440 898
1702450 902
1702460 904
1702470 904
1702480 907
1702490 910
1702500 910
1702510 913
1702520 917
1702530 917
1702540 922
1702550 927
1702560 927
1702570 931
1702580 932
1702590 932
1702600 934
1702610 935
1702620 935
1702630 937
1702640 937
1702650 937
1702660 934
1702670 932
1702680 932
1702690 931
1702700 927
1702710 927
1702720 927
1702730 925
1702740 925
1702750 921
1702760 917
1702770 917
1702780 914
1702790 909
1702800 909
1702810 905
1702820 901
1702830 898
1702840 898
1702850 895
1702860 891
1702870 891
1702880 886
1702890 882
1702900 882
1702910 879
1702920 876
1702930 876
1702940 873
1702950 871
1702960 871
1702970 870
1702980 868
1702990 868
1703000 865
1703010 861
1703020 861
1703030 858
1703040 857
1703050 857
1703060 858
1703070 859
1703080 859
1703090 860
1703100 860
1703110 860
1703120 861
1703130 863
1703140 863
1703150 864
1703160 865
1703170 865
1703180 861
1703190 855
1703200 855
1703210 849
1703220 846
1703230 846
1703240 848
1703250 851
1703260 851
1703270 855
1703280 860
1703290 860
1703300 865
1703310 870
1703320 870
1703330 876
1703340 882
1703350 882
1703360 888
1703370 892
1703380 892
1703390 896
1703400 899
1703410 899
1703420 900
1703430 902
1703440 903
1703450 903
1703460 903
1703470 903
1703480 903
1703490 904
1703500 903
1703510 903
1703520 902
1703530 900
1703540 900
1703550 898
1703560 894
1703570 894
1703580 889
1703590 884
1703600 884
1703610 880
1703620 877
1703630 877
1703640 875
1703650 873
1703660 873
1703670 870
1703680 865
1703690 865
1703700 863
1703710 862
1703720 862
1703730 861
1703740 858
1703750 858
1703760 857
1703770 857
1703780 857
1703790 857
1703800 856
1703810 856
1703820 858
1703830 859
1703840 859
1703850 859
1703860 859
1703870 859
1703880 858
1703890 858
1703900 858
1703910 858
1703920 856
1703930 856
1703940 856
1703950 856
1703960 856
1703970 854
1703980 851
1703990 851
1704000 850
1704010 847
1704020 844
1704030 844
1704040 843
1704050 844
1704060 844
1704070 839
1704080 836
1704090 836
1704100 831
1704110 832
1704120 832
1704130 832
1704140 832
1704150 832
1704160 833
1704170 833
1704180 833
1704190 833
1704200 834
1704210 834
1704220 834
1704230 835
1704240 835
1704250 838
1704260 840
1704270 840
1704280 842
1704290 843
1704300 843
1704310 845
1704320 846
1704330 846
1704340 847
1704350 848
1704360 848
1704370 849
1704380 849
1704390 849
1704400 850
1704410 851
1704420 851
1704430 851
1704440 852
1704450 852
1704460 853
1704470 855
1704480 855
1704490 856
1704500 857
1704510 857
1704520 858
1704530 859
1704540 859
1704550 860
1704560 861
1704570 861
1704580 864
1704590 868
1704600 868
1704610 872
1704620 875
1704630 877
1704640 877
1704650 879
1704660 881
1704670 881
1704680 882
1704690 884
1704700 884
1704710 886
1704720 888
1704730 888
1704740 891
1704750 894
1704760 894
1704770 896
1704780 899
1704790 899
1704800 901
1704810 905
1704820 905
1704830 908
1704840 911
1704850 911
1704860 914
1704870 917
1704880 917
1704890 920
1704900 923
1704910 923
1704920 926
1704930 930
1704940 930
1704950 935
1704960 939
1704970 939
1704980 943
1704990 946
1705000 946
1705010 950
1705020 955
1705030 955
1705040 960
1705050 963
1705060 963
1705070 967
1705080 969
1705090 969
1705100 971
1705110 976
1705120 976
1705130 981
1705140 986
1705150 986
1705160 990
1705170 995
1705180 995
1705190 1000
1705200 1006
1705210 1012
1705220 1012
1705230 1019
1705240 1022
1705250 1022
1705260 1025
1705270 1028
1705280 1028
1705290 1032
1705300 1034
1705310 1034
1705320 1038
1705330 1041
1705340 1041
1705350 1045
1705360 1049
1705370 1049
1705380 1053
1705390 1057
1705400 1057
1705410 1061
1705420 1064
1705430 1064
1705440 1065
1705450 1067
1705460 1067
1705470 1068
1705480 1069
1705490 1069
1705500 1070
1705510 1072
1705520 1072
1705530 1073
1705540 1073
1705550 1073
1705560 1073
1705570 1074
1705580 1074
1705590 1075
1705600 1077
1705610 1077
1705620 1078
1705630 1079
1705640 1079
1705650 1080
1705660 1081
1705670 1081
1705680 1082
1705690 1083
1705700 1083
1705710 1084
1705720 1086
1705730 1086
1705740 1089
1705750 1102
1705760 1102
1705770 1095
1705780 1097
1705790 1097
1705800 1097
1705810 1097
1705820 1098
1705830 1098
1705840 1100
1705850 1102
1705860 1102
1705870 1105
1705880 1106
1705890 1106
1705900 1108
1705910 1111
1705920 1111
1705930 1123
1705940 1135
1705950 1135
1705960 1127
1705970 1131
1705980 1131
1705990 1125
1706000 1119
1706010 1119
1706020 1119
1706030 1130
1706040 1130
1706050 1137
1706060 1129
1706070 1129
1706080 1128
1706090 1134
1706100 1134
1706110 1123
1706120 1118
1706130 1118
1706140 1113
1706150 1118
1706160 1118
1706170 1133
1706180 1134
1706190 1134
1706200 1126
1706210 1121
1706220 1121
1706230 1127
1706240 1122
1706250 1122
1706260 1119
1706270 1122
1706280 1122
1706290 1119
1706300 1120
1706310 1120
1706320 1120
1706330 1116
1706340 1116
1706350 1113
1706360 1111
1706370 1111
1706380 1104
1706390 1104
1706400 1106
1706410 1106
1706420 1107
1706430 1110
1706440 1110
1706450 1113
1706460 1116
1706470 1116
1706480 1119
1706490 1124
1706500 1124
1706510 1128
1706520 1132
1706530 1132
1706540 1134
1706550 1136
1706560 1136
1706570 1138
1706580 1140
1706590 1140
1706600 1143
1706610 1144
1706620 1144
1706630 1142
1706640 1138
1706650 1138
1706660 1135
1706670 1131
1706680 1131
1706690 1128
1706700 1125
1706710 1125
1706720 1122
1706730 1121
1706740 1121
1706750 1121
1706760 1123
1706770 1123
1706780 1125
1706790 1128
1706800 1128
1706810 1131
1706820 1134
1706830 1134
1706840 1136
1706850 1139
1706860 1139
1706870 1141
1706880 1143
1706890 1143
1706900 1144
1706910 1145
1706920 1145
1706930 1149
1706940 1157
1706950 1157
1706960 1153
1706970 1146
1706980 1146
1706990 1139
1707000 1131
1707010 1124
1707020 1124
1707030 1117
1707040 1112
1707050 1112
1707060 1108
1707070 1103
1707080 1103
1707090 1100
1707100 1097
1707110 1097
1707120 1097
1707130 1097
1707140 1097
1707150 1097
1707160 1098
1707170 1098
1707180 1100
1707190 1100
1707200 1100
1707210 1100
1707220 1101
1707230 1101
1707240 1100
1707250 1102
1707260 1102
1707270 1105
1707280 1109
1707290 1109
1707300 1114
1707310 1114
1707320 1114
1707330 1108
1707340 1108
1707350 1108
1707360 1096
1707370 1087
1707380 1087
1707390 1081
1707400 1077
1707410 1077
1707420 1068
1707430 1060
1707440 1060
1707450 1057
1707460 1056
1707470 1056
1707480 1057
1707490 1061
1707500 1061
1707510 1068
1707520 1075
1707530 1075
1707540 1082
1707550 1088
1707560 1088
1707570 1093
1707580 1100
1707590 1106
1707600 1106
1707610 1112
1707620 1120
1707630 1120
1707640 1123
1707650 1130
1707660 1130
1707670 1138
1707680 1146
1707690 1146
1707700 1158
1707710 1163
1707720 1163
1707730 1172
1707740 1175
1707750 1175
1707760 1180
1707770 1180
1707780 1180
1707790 1178
1707800 1179
1707810 1179
1707820 1180
1707830 1182
1707840 1182
1707850 1184
1707860 1185
1707870 1185
1707880 1187
1707890 1188
1707900 1188
1707910 1191
1707920 1193
1707930 1193
1707940 1197
1707950 1203
1707960 1203
1707970 1206
1707980 1210
1707990 1210
1708000 1214
1708010 1215
1708020 1215
1708030 1217
1708040 1219
1708050 1219
1708060 1222
1708070 1225
1708080 1225
1708090 1227
1708100 1229
1708110 1229
1708120 1233
1708130 1235
1708140 1235
1708150 1237
1708160 1236
1708170 1236
1708180 1237
1708190 1239
1708200 1239
1708210 1239
1708220 1240
1708230 1242
1708240 1242
1708250 1243
1708260 1244
1708270 1244
1708280 1245
1708290 1246
1708300 1246
1708310 1247
1708320 1247
1708330 1247
1708340 1247
1708350 1247
1708360 1247
1708370 1244
1708380 1242
1708390 1242
1708400 1240
1708410 1239
1708420 1239
1708430 1239
1708440 1241
1708450 1241
1708460 1242
1708470 1244
1708480 1244
1708490 1245
1708500 1247
1708510 1247
1708520 1249
1708530 1251
1708540 1251
1708550 1252
1708560 1254
1708570 1254
1708580 1255
1708590 1257
1708600 1257
1708610 1259
1708620 1261
1708630 1261
1708640 1263
1708650 1264
1708660 1264
1708670 1264
1708680 1264
1708690 1264
1708700 1264
1708710 1261
1708720 1261
1708730 1255
1708740 1248
1708750 1248
1708760 1239
1708770 1227
1708780 1213
1708790 1213
1708800 1202
1708810 1194
1708820 1194
1708830 1187
1708840 1180
1708850 1180
1708860 1173
1708870 1167
1708880 1167
1708890 1163
1708900 1158
1708910 1158
1708920 1153
1708930 1149
1708940 1149
1708950 1147
1708960 1141
1708970 1141
1708980 1137
1708990 1130
1709000 1130
1709010 1122
1709020 1117
1709030 1117
1709040 1111
1709050 1105
1709060 1105
1709070 1099
1709080 1095
1709090 1095
1709100 1090
1709110 1086
1709120 1086
1709130 1082
1709140 1077
1709150 1077
1709160 1072
1709170 1068
1709180 1068
1709190 1063
1709200 1058
1709210 1058
1709220 1054
1709230 1049
1709240 1049
1709250 1041
1709260 1035
1709270 1035
1709280 1030
1709290 1025
1709300 1025
1709310 1020
1709320 1015
1709330 1015
1709340 1011
1709350 1007
1709360 1007
1709370 1004
1709380 1000
1709390 996
1709400 996
1709410 992
1709420 988
1709430 988
1709440 982
1709450 978
1709460 978
1709470 976
1709480 979
1709490 979
1709500 984
1709510 989
1709520 989
1709530 994
1709540 994
1709550 994
1709560 994
1709570 995
1709580 995
1709590 996
1709600 998
1709610 998
1709620 1001
1709630 1004
1709640 1004
1709650 1007
1709660 1010
1709670 1010
1709680 1015
1709690 1021
1709700 1021
1709710 1027
1709720 1033
1709730 1033
1709740 1040
1709750 1047
1709760 1047
1709770 1054
1709780 1061
1709790 1061
1709800 1069
1709810 1077
1709820 1077
1709830 1085
1709840 1095
1709850 1095
1709860 1109
1709870 1132
1709880 1132
1709890 1138
1709900 1144
1709910 1144
1709920 1152
1709930 1160
1709940 1160
1709950 1166
1709960 1174
1709970 1180
1709980 1180
1709990 1187
1710000 1193
1710010 1193
1710020 1200
1710030 1205
1710040 1205
1710050 1209
1710060 1211
1710070 1211
1710080 1211
1710090 1209
1710100 1209
1710110 1208
1710120 1208
1710130 1208
1710140 1205
1710150 1201
1710160 1201
1710170 1197
1710180 1196
1710190 1196
1710200 1195
1710210 1194
1710220 1194
1710230 1194
1710240 1198
1710250 1198
1710260 1200
1710270 1202
1710280 1202
1710290 1207
1710300 1212
1710310 1212
1710320 1216
1710330 1215
1710340 1215
1710350 1217
1710360 1206
1710370 1206
1710380 1180
1710390 1174
1710400 1174
1710410 1175
1710420 1172
1710430 1172
1710440 1154
1710450 1152
1710460 1152
1710470 1150
1710480 1150
1710490 1150
1710500 1151
1710510 1151
1710520 1151
1710530 1151
1710540 1153
1710550 1153
1710560 1155
1710570 1157
1710580 1159
1710590 1159
1710600 1160
1710610 1162
1710620 1162
1710630 1165
1710640 1168
1710650 1168
1710660 1171
1710670 1173
1710680 1173
1710690 1173
1710700 1174
1710710 1174
1710720 1173
1710730 1173
1710740 1173
1710750 1173
1710760 1171
1710770 1171
1710780 1169
1710790 1167
1710800 1167
1710810 1163
1710820 1159
1710830 1159
1710840 1156
1710850 1152
1710860 1152
1710870 1149
1710880 1148
1710890 1148
1710900 1146
1710910 1142
1710920 1142
1710930 1137
1710940 1132
1710950 1132
1710960 1127
1710970 1125
1710980 1125
1710990 1121
1711000 1116
1711010 1116
1711020 1114
1711030 1114
1711040 1114
1711050 1113
1711060 1111
1711070 1111
1711080 1109
1711090 1107
1711100 1107
1711110 1106
1711120 1106
1711130 1106
1711140 1104
1711150 1105
1711160 1104
1711170 1104
1711180 1104
1711190 1106
1711200 1106
1711210 1108
1711220 1108
1711230 1108
1711240 1108
1711250 1118
1711260 1118
1711270 1117
1711280 1111
1711290 1111
1711300 1103
1711310 1104
1711320 1104
1711330 1104
1711340 1105
1711350 1105
1711360 1105
1711370 1105
1711380 1105
1711390 1105
1711400 1105
1711410 1105
1711420 1105
1711430 1105
1711440 1105
1711450 1104
1711460 1103
1711470 1103
1711480 1102
1711490 1101
1711500 1101
1711510 1101
1711520 1102
1711530 1102
1711540 1100
1711550 1097
1711560 1097
1711570 1094
1711580 1091
1711590 1091
1711600 1088
1711610 1084
1711620 1084
1711630 1078
1711640 1072
1711650 1072
1711660 1067
1711670 1058
1711680 1058
1711690 1050
1711700 1046
1711710 1046
1711720 1039
1711730 1032
1711740 1032
1711750 1028
1711760 1022
1711770 1022
1711780 1022
1711790 1020
1711800 1018
1711810 1018
1711820 1017
1711830 1016
1711840 1016
1711850 1016
1711860 1016
1711870 1016
1711880 1014
1711890 1014
1711900 1014
1711910 1014
1711920 1013
1711930 1013
1711940 1011
1711950 1010
1711960 1010
1711970 1007
1711980 1003
1711990 1003
1712000 1003
1712010 1004
1712020 1004
1712030 1006
1712040 1009
1712050 1009
1712060 1013
1712070 1016
1712080 1016
1712090 1020
1712100 1023
1712110 1023
1712120 1026
1712130 1027
1712140 1027
1712150 1028
1712160 1028
1712170 1028
1712180 1027
1712190 1028
1712200 1028
1712210 1028
1712220 1028
1712230 1028
1712240 1027
1712250 1025
1712260 1025
1712270 1022
1712280 1021
1712290 1021
1712300 1020
1712310 1020
1712320 1020
1712330 1021
1712340 1024
1712350 1026
1712360 1026
1712370 1028
1712380 1030
1712390 1030
1712400 1031
1712410 1032
1712420 1032
1712430 1033
1712440 1034
1712450 1034
1712460 1034
1712470 1035
1712480 1035
1712490 1034
1712500 1032
1712510 1032
1712520 1028
1712530 1027
1712540 1027
1712550 1027
1712560 1026
1712570 1026
1712580 1025
1712590 1024
1712600 1024
1712610 1023
1712620 1021
1712630 1021
1712640 1019
1712650 1017
1712660 1017
1712670 1016
1712680 1016
1712690 1016
1712700 1017
1712710 1020
1712720 1020
1712730 1023
1712740 1023
1712750 1023
1712760 1024
1712770 1025
1712780 1025
1712790 1027
1712800 1029
1712810 1031
1712820 1033
1712830 1034
1712840 1034
1712850 1036
1712860 1038
1712870 1038
1712880 1040
1712890 1041
1712900 1041
1712910 1043
1712920 1045
1712930 1045
1712940 1046
1712950 1047
1712960 1049
1712970 1049
1712980 1051
1712990 1051
1713000 1051
1713010 1053
1713020 1054
1713030 1054
1713040 1059
1713050 1062
1713060 1062
1713070 1064
1713080 1067
1713090 1067
1713100 1069
1713110 1070
1713120 1070
1713130 1072
1713140 1073
1713150 1073
1713160 1073
1713170 1074
1713180 1074
1713190 1073
1713200 1072
1713210 1072
1713220 1070
1713230 1069
1713240 1069
1713250 1068
1713260 1064
1713270 1064
1713280 1061
1713290 1058
1713300 1058
1713310 1056
1713320 1056
1713330 1056
1713340 1056
1713350 1053
1713360 1053
1713370 1051
1713380 1050
1713390 1050
1713400 1050
1713410 1050
1713420 1050
1713430 1052
1713440 1051
1713450 1051
1713460 1053
1713470 1053
1713480 1053
1713490 1053
1713500 1050
1713510 1050
1713520 1046
1713530 1046
1713540 1050
1713550 1050
1713560 1048
1713570 1047
1713580 1047
1713590 1046
1713600 1047
1713610 1047
1713620 1047
1713630 1049
1713640 1049
1713650 1050
1713660 1051
1713670 1051
1713680 1058
1713690 1065
1713700 1065
1713710 1073
1713720 1082
1713730 1082
1713740 1088
1713750 1095
1713760 1095
1713770 1101
1713780 1107
1713790 1107
1713800 1112
1713810 1117
1713820 1117
1713830 1124
1713840 1131
1713850 1131
1713860 1137
1713870 1143
1713880 1143
1713890 1148
1713900 1155
1713910 1155
1713920 1161
1713930 1167
1713940 1167
1713950 1172
1713960 1176
1713970 1176
1713980 1181
1713990 1184
1714000 1184
1714010 1187
1714020 1192
1714030 1192
1714040 1194
1714050 1199
1714060 1199
1714070 1195
1714080 1198
1714090 1198
1714100 1195
1714110 1197
1714120 1197
1714130 1197
1714140 1198
1714150 1202
1714160 1202
1714170 1204
1714180 1207
1714190 1207
1714200 1209
1714210 1214
1714220 1214
1714230 1217
1714240 1219
1714250 1219
1714260 1219
1714270 1219
1714280 1219
1714290 1221
1714300 1223
1714310 1223
1714320 1224
1714330 1227
1714340 1227
1714350 1226
1714360 1225
1714370 1225
1714380 1223
1714390 1221
1714400 1221
1714410 1219
1714420 1215
1714430 1215
1714440 1211
1714450 1207
1714460 1207
1714470 1203
1714480 1201
1714490 1201
1714500 1197
1714510 1197
1714520 1197
1714530 1194
1714540 1192
1714550 1192
1714560 1192
1714570 1193
1714580 1193
1714590 1193
1714600 1194
1714610 1194
1714620 1196
1714630 1197
1714640 1197
1714650 1199
1714660 1200
1714670 1200
1714680 1202
1714690 1204
1714700 1204
1714710 1204
1714720 1199
1714730 1194
1714740 1194
1714750 1189
1714760 1181
1714770 1181
1714780 1173
1714790 1165
1714800 1165
1714810 1156
1714820 1147
1714830 1147
1714840 1139
1714850 1129
1714860 1129
1714870 1120
1714880 1111
1714890 1111
1714900 1095
1714910 1086
1714920 1086
1714930 1078
1714940 1071
1714950 1071
1714960 1066
1714970 1058
1714980 1058
1714990 1052
1715000 1046
1715010 1046
1715020 1040
1715030 1035
1715040 1035
1715050 1030
1715060 1024
1715070 1024
1715080 1021
1715090 1016
1715100 1016
1715110 1012
1715120 1009
1715130 1009
1715140 1004
1715150 999
1715160 999
1715170 996
1715180 992
1715190 992
1715200 990
1715210 990
1715220 990
1715230 989
1715240 988
1715250 988
1715260 987
1715270 985
1715280 985
1715290 986
1715300 989
1715310 991
1715320 991
1715330 994
1715340 996
1715350 996
1715360 999
1715370 1003
1715380 1003
1715390 1005
1715400 1007
1715410 1007
1715420 1008
1715430 1010
1715440 1010
1715450 1012
1715460 1012
1715470 1012
1715480 1012
1715490 1013
1715500 1013
1715510 1014
1715520 1016
1715530 1016
1715540 1017
1715550 1019
1715560 1019
1715570 1020
1715580 1019
1715590 1019
1715600 1018
1715610 1015
1715620 1015
1715630 1011
1715640 1007
1715650 1007
1715660 1003
1715670 999
1715680 999
1715690 992
1715700 987
1715710 987
1715720 986
1715730 984
1715740 984
1715750 984
1715760 984
1715770 984
1715780 983
1715790 983
1715800 983
1715810 982
1715820 981
1715830 981
1715840 980
1715850 979
1715860 979
1715870 978
1715880 978
1715890 978
1715900 977
1715910 976
1715920 975
1715930 975
1715940 970
1715950 966
1715960 966
1715970 962
1715980 957
1715990 957
1716000 951
1716010 946
1716020 946
1716030 941
1716040 936
1716050 936
1716060 931
1716070 927
1716080 927
1716090 924
1716100 922
1716110 922
1716120 919
1716130 916
1716140 916
1716150 912
1716160 908
1716170 908
1716180 905
1716190 902
1716200 902
1716210 899
1716220 894
1716230 894
1716240 890
1716250 889
1716260 889
1716270 888
1716280 887
1716290 887
1716300 886
1716310 885
1716320 885
1716330 884
1716340 881
1716350 881
1716360 878
1716370 876
1716380 876
1716390 874
1716400 871
1716410 871
1716420 868
1716430 867
1716440 867
1716450 866
1716460 866
1716470 866
1716480 866
1716490 865
1716500 866
1716510 866
1716520 869
1716530 874
1716540 874
1716550 877
1716560 878
1716570 878
1716580 878
1716590 879
1716600 879
1716610 881
1716620 881
1716630 881
1716640 881
1716650 882
1716660 882
1716670 884
1716680 886
1716690 886
1716700 888
1716710 890
1716720 890
1716730 892
1716740 893
1716750 893
1716760 893
1716770 892
1716780 892
1716790 891
1716800 890
1716810 890
1716820 889
1716830 888
1716840 888
1716850 884
1716860 882
1716870 882
1716880 878
1716890 876
1716900 876
1716910 874
1716920 868
1716930 868
1716940 867
1716950 867
1716960 867
1716970 866
1700000 831
1700010 827
1700020 822
1700030 818
1700040 814
1700050 812
1700060 809
1700070 807
1700080 804
1700090 803
1700100 803
1700110 805
1700120 807
1700130 809
1700140 812
1700150 815
1700160 818
1700170 822
1700180 825
1700190 828
1700200 830
1700210 830
1700220 830
1700230 829
1700240 828
1700250 828
1700260 828
1700270 829
1700280 831
1700290 833
1700300 835
1700310 837
1700320 840
1700330 842
1700340 845
1700350 847
1700360 851
1700370 855
1700380 860
1700390 863
1700400 866
1700410 867
1700420 870
1700430 872
1700440 874
1700450 876
1700460 878
1700470 880
1700480 882
1700490 883
1700500 885
1700510 886
1700520 887
1700530 887
1700540 886
1700550 885
1700560 882
1700570 880
1700580 877
1700590 874
1700600 870
1700610 866
1700620 863
1700630 860
1700640 857
1700650 854
1700660 851
1700670 848
1700680 845
1700690 843
1700700 840
1700710 837
1700720 834
1700730 832
1700740 830
1700750 828
1700760 827
1700770 826
1700780 825
1700790 824
1700800 823
1700810 822
1700820 822
1700830 821
1700840 821
1700850 821
1700860 820
1700870 820
1700880 820
1700890 819
1700900 819
1700910 818
1700920 818
1700930 817
1700940 817
1700950 816
1700960 816
1700970 814
1700980 812
1700990 809
1701000 806
1701010 803
1701020 800
1701030 799
1701040 797
1701050 796
1701060 789
1701070 783
1701080 777
1701090 776
1701100 776
1701110 776
1701120 776
1701130 776
1701140 776
1701150 776
1701160 777
1701170 779
1701180 783
1701190 787
1701200 791
1701210 795
1701220 798
1701230 801
1701240 805
1701250 810
1701260 813
1701270 814
1701280 815
1701290 815
1701300 816
1701310 816
1701320 817
1701330 818
1701340 819
1701350 820
1701360 824
1701370 826
1701380 828
1701390 829
1701400 829
1701410 829
1701420 828
1701430 827
1701440 826
1701450 826
1701460 826
1701470 826
1701480 826
1701490 826
1701500 826
1701510 826
1701520 826
1701530 826
1701540 826
1701550 825
1701560 825
1701570 823
1701580 822
1701590 821
1701600 821
1701610 822
1701620 822
1701630 823
1701640 824
1701650 823
1701660 822
1701670 821
1701680 818
1701690 816
1701700 812
1701710 809
1701720 807
1701730 809
1701740 810
1701750 811
1701760 811
1701770 812
1701780 812
1701790 812
1701800 811
1701810 811
1701820 810
1701830 809
1701840 808
1701850 807
1701860 806
1701870 806
1701880 807
1701890 808
1701900 810
1701910 812
1701920 814
1701930 817
1701940 820
1701950 822
1701960 822
1701970 822
1701980 822
1701990 823
1702000 823
1702010 822
1702020 822
1702030 823
1702040 824
1702050 826
1702060 828
1702070 830
1702080 833
1702090 835
1702100 838
1702110 840
1702120 842
1702130 844
1702140 845
1702150 847
1702160 848
1702170 850
1702180 852
1702190 855
1702200 857
1702210 860
1702220 861
1702230 862
1702240 862
1702250 863
1702260 864
1702270 865
1702280 867
1702290 868
1702300 870
1702310 872
1702320 874
1702330 876
1702340 878
1702350 881
1702360 883
1702370 885
1702380 887
1702390 889
1702400 892
1702410 894
1702420 896
1702430 898
1702440 901
1702450 903
1702460 905
1702470 907
1702480 909
1702490 911
1702500 914
1702510 916
1702520 919
1702530 922
1702540 926
1702550 929
1702560 931
1702570 933
1702580 934
1702590 934
1702600 935
1702610 935
1702620 935
1702630 935
1702640 934
1702650 932
1702660 931
1702670 930
1702680 929
1702690 928
1702700 927
1702710 926
1702720 926
1702730 925
1702740 924
1702750 922
1702760 920
1702770 918
1702780 916
1702790 914
1702800 911
1702810 908
1702820 905
1702830 902
1702840 900
1702850 899
1702860 896
1702870 893
1702880 889
1702890 886
1702900 883
1702910 881
1702920 879
1702930 877
1702940 875
1702950 873
1702960 872
1702970 871
1702980 869
1702990 867
1703000 865
1703010 863
1703020 861
1703030 860
1703040 859
1703050 859
1703060 859
1703070 860
1703080 860
1703090 861
1703100 861
1703110 862
1703120 862
1703130 863
1703140 863
1703150 864
1703160 865
1703170 864
1703180 862
1703190 859
1703200 855
1703210 851
1703220 848
1703230 848
1703240 848
1703250 850
1703260 853
1703270 855
1703280 858
1703290 862
1703300 865
1703310 869
1703320 872
1703330 876
1703340 880
1703350 884
1703360 888
1703370 892
1703380 895
1703390 897
1703400 899
1703410 901
1703420 903
1703430 904
1703440 905
1703450 905
1703460 906
1703470 906
1703480 906
1703490 906
1703500 905
1703510 905
1703520 904
1703530 903
1703540 902
1703550 900
1703560 898
1703570 895
1703580 891
1703590 888
1703600 884
1703610 882
1703620 880
1703630 878
1703640 877
1703650 876
1703660 874
1703670 872
1703680 870
1703690 867
1703700 865
1703710 864
1703720 863
1703730 862
1703740 861
1703750 860
1703760 859
1703770 858
1703780 857
1703790 857
1703800 857
1703810 857
1703820 857
1703830 858
1703840 859
1703850 859
1703860 859
1703870 859
1703880 859
1703890 859
1703900 859
1703910 859
1703920 858
1703930 858
1703940 858
1703950 858
1703960 858
1703970 857
1703980 855
1703990 853
1704000 852
1704010 851
1704020 849
1704030 847
1704040 845
1704050 845
1704060 844
1704070 843
1704080 840
1704090 837
1704100 834
1704110 833
1704120 833
1704130 833
1704140 833
1704150 833
1704160 833
1704170 833
1704180 833
1704190 833
1704200 834
1704210 834
1704220 834
1704230 835
1704240 835
1704250 836
1704260 837
1704270 839
1704280 840
1704290 841
1704300 842
1704310 843
1704320 844
1704330 845
1704340 845
1704350 846
1704360 846
1704370 847
1704380 847
1704390 848
1704400 849
1704410 849
1704420 850
1704430 850
1704440 851
1704450 852
1704460 852
1704470 853
1704480 854
1704490 855
1704500 855
1704510 856
1704520 857
1704530 858
1704540 858
1704550 859
1704560 860
1704570 861
1704580 863
1704590 865
1704600 867
1704610 869
1704620 871
1704630 873
1704640 875
1704650 876
1704660 877
1704670 878
1704680 880
1704690 881
1704700 883
1704710 884
1704720 886
1704730 887
1704740 889
1704750 890
1704760 891
1704770 894
1704780 896
1704790 898
1704800 900
1704810 902
1704820 904
1704830 906
1704840 908
1704850 910
1704860 912
1704870 914
1704880 916
1704890 918
1704900 921
1704910 923
1704920 925
1704930 927
1704940 930
1704950 933
1704960 936
1704970 939
1704980 941
1704990 943
1705000 946
1705010 949
1705020 951
1705030 955
1705040 958
1705050 960
1705060 962
1705070 964
1705080 965
1705090 967
1705100 969
1705110 972
1705120 974
1705130 977
1705140 980
1705150 983
1705160 986
1705170 989
1705180 993
1705190 996
1705200 1000
1705210 1004
1705220 1009
1705230 1013
1705240 1017
1705250 1020
1705260 1022
1705270 1024
1705280 1025
1705290 1028
1705300 1029
1705310 1031
1705320 1033
1705330 1035
1705340 1037
1705350 1039
1705360 1041
1705370 1043
1705380 1045
1705390 1047
1705400 1050
1705410 1052
1705420 1053
1705430 1055
1705440 1056
1705450 1057
1705460 1058
1705470 1058
1705480 1059
1705490 1060
1705500 1060
1705510 1061
1705520 1061
1705530 1062
1705540 1063
1705550 1063
1705560 1064
1705570 1064
1705580 1065
1705590 1066
1705600 1067
1705610 1068
1705620 1068
1705630 1069
1705640 1070
1705650 1070
1705660 1071
1705670 1072
1705680 1072
1705690 1073
1705700 1074
1705710 1075
1705720 1075
1705730 1077
1705740 1078
1705750 1079
1705760 1080
1705770 1082
1705780 1084
1705790 1085
1705800 1086
1705810 1086
1705820 1087
1705830 1088
1705840 1089
1705850 1091
1705860 1092
1705870 1094
1705880 1095
1705890 1097
1705900 1099
1705910 1101
1705920 1103
1705930 1103
1705940 1105
1705950 1108
1705960 1111
1705970 1113
1705980 1114
1705990 1113
1706000 1111
1706010 1109
1706020 1108
1706030 1109
1706040 1111
1706050 1115
1706060 1117
1706070 1117
1706080 1115
1706090 1113
1706100 1110
1706110 1108
1706120 1108
1706130 1107
1706140 1105
1706150 1104
1706160 1104
1706170 1104
1706180 1107
1706190 1108
1706200 1109
1706210 1108
1706220 1108
1706230 1109
1706240 1111
1706250 1111
1706260 1109
1706270 1106
1706280 1105
1706290 1106
1706300 1110
1706310 1112
1706320 1114
1706330 1112
1706340 1109
1706350 1106
1706360 1103
1706370 1102
1706380 1101
1706390 1101
1706400 1101
1706410 1102
1706420 1103
1706430 1105
1706440 1106
1706450 1108
1706460 1110
1706470 1112
1706480 1115
1706490 1118
1706500 1121
1706510 1123
1706520 1126
1706530 1128
1706540 1130
1706550 1131
1706560 1133
1706570 1134
1706580 1135
1706590 1137
1706600 1140
1706610 1141
1706620 1141
1706630 1140
1706640 1138
1706650 1136
1706660 1133
1706670 1131
1706680 1128
1706690 1126
1706700 1124
1706710 1122
1706720 1121
1706730 1119
1706740 1119
1706750 1119
1706760 1120
1706770 1121
1706780 1123
1706790 1125
1706800 1127
1706810 1129
1706820 1131
1706830 1133
1706840 1134
1706850 1136
1706860 1137
1706870 1139
1706880 1140
1706890 1141
1706900 1142
1706910 1142
1706920 1144
1706930 1146
1706940 1149
1706950 1152
1706960 1154
1706970 1153
1706980 1149
1706990 1143
1707000 1137
1707010 1132
1707020 1127
1707030 1123
1707040 1119
1707050 1116
1707060 1113
1707070 1110
1707080 1107
1707090 1104
1707100 1102
1707110 1101
1707120 1100
1707130 1100
1707140 1100
1707150 1101
1707160 1101
1707170 1102
1707180 1103
1707190 1104
1707200 1104
1707210 1105
1707220 1105
1707230 1105
1707240 1105
1707250 1106
1707260 1107
1707270 1109
1707280 1111
1707290 1112
1707300 1114
1707310 1115
1707320 1115
1707330 1114
1707340 1112
1707350 1108
1707360 1102
1707370 1097
1707380 1092
1707390 1088
1707400 1085
1707410 1080
1707420 1076
1707430 1070
1707440 1065
1707450 1062
1707460 1061
1707470 1061
1707480 1061
1707490 1061
1707500 1064
1707510 1067
1707520 1072
1707530 1077
1707540 1081
1707550 1085
1707560 1090
1707570 1094
1707580 1098
1707590 1102
1707600 1107
1707610 1111
1707620 1116
1707630 1120
1707640 1123
1707650 1128
1707660 1132
1707670 1137
1707680 1142
1707690 1150
1707700 1159
1707710 1163
1707720 1167
1707730 1171
1707740 1176
1707750 1180
1707760 1181
1707770 1181
1707780 1181
1707790 1180
1707800 1181
1707810 1181
1707820 1182
1707830 1183
1707840 1184
1707850 1185
1707860 1187
1707870 1188
1707880 1189
1707890 1190
1707900 1192
1707910 1194
1707920 1197
1707930 1199
1707940 1202
1707950 1204
1707960 1206
1707970 1209
1707980 1211
1707990 1214
1708000 1216
1708010 1218
1708020 1220
1708030 1222
1708040 1223
1708050 1225
1708060 1226
1708070 1228
1708080 1230
1708090 1232
1708100 1233
1708110 1234
1708120 1236
1708130 1237
1708140 1238
1708150 1239
1708160 1239
1708170 1240
1708180 1240
1708190 1241
1708200 1242
1708210 1243
1708220 1244
1708230 1245
1708240 1246
1708250 1247
1708260 1248
1708270 1249
1708280 1249
1708290 1250
1708300 1251
1708310 1252
1708320 1252
1708330 1252
1708340 1253
1708350 1253
1708360 1253
1708370 1253
1708380 1252
1708390 1251
1708400 1249
1708410 1249
1708420 1248
1708430 1248
1708440 1248
1708450 1249
1708460 1250
1708470 1251
1708480 1252
1708490 1253
1708500 1254
1708510 1255
1708520 1256
1708530 1257
1708540 1258
1708550 1259
1708560 1259
1708570 1260
1708580 1261
1708590 1262
1708600 1263
1708610 1264
1708620 1265
1708630 1266
1708640 1267
1708650 1268
1708660 1268
1708670 1269
1708680 1268
1708690 1267
1708700 1266
1708710 1264
1708720 1262
1708730 1258
1708740 1253
1708750 1246
1708760 1238
1708770 1230
1708780 1221
1708790 1213
1708800 1207
1708810 1201
1708820 1196
1708830 1191
1708840 1187
1708850 1182
1708860 1177
1708870 1173
1708880 1169
1708890 1166
1708900 1163
1708910 1160
1708920 1158
1708930 1156
1708940 1154
1708950 1152
1708960 1149
1708970 1146
1708980 1143
1708990 1138
1709000 1133
1709010 1128
1709020 1122
1709030 1116
1709040 1111
1709050 1107
1709060 1103
1709070 1100
1709080 1096
1709090 1092
1709100 1089
1709110 1086
1709120 1083
1709130 1081
1709140 1078
1709150 1075
1709160 1072
1709170 1069
1709180 1066
1709190 1064
1709200 1061
1709210 1058
1709220 1055
1709230 1051
1709240 1048
1709250 1044
1709260 1040
1709270 1037
1709280 1033
1709290 1030
1709300 1027
1709310 1024
1709320 1021
1709330 1018
1709340 1015
1709350 1012
1709360 1009
1709370 1006
1709380 1004
1709390 1001
1709400 998
1709410 995
1709420 991
1709430 988
1709440 984
1709450 981
1709460 978
1709470 976
1709480 977
1709490 980
1709500 984
1709510 987
1709520 990
1709530 993
1709540 994
1709550 995
1709560 996
1709570 995
1709580 995
1709590 996
1709600 997
1709610 998
1709620 999
1709630 1001
1709640 1004
1709650 1006
1709660 1008
1709670 1010
1709680 1013
1709690 1016
1709700 1020
1709710 1024
1709720 1028
1709730 1033
1709740 1037
1709750 1042
1709760 1047
1709770 1052
1709780 1057
1709790 1062
1709800 1067
1709810 1072
1709820 1078
1709830 1083
1709840 1089
1709850 1097
1709860 1107
1709870 1122
1709880 1130
1709890 1135
1709900 1141
1709910 1146
1709920 1151
1709930 1156
1709940 1161
1709950 1165
1709960 1170
1709970 1174
1709980 1179
1709990 1183
1710000 1188
1710010 1193
1710020 1197
1710030 1201
1710040 1205
1710050 1208
1710060 1211
1710070 1214
1710080 1215
1710090 1215
1710100 1214
1710110 1213
1710120 1212
1710130 1212
1710140 1210
1710150 1208
1710160 1206
1710170 1203
1710180 1202
1710190 1201
1710200 1201
1710210 1200
1710220 1199
1710230 1198
1710240 1200
1710250 1202
1710260 1204
1710270 1206
1710280 1208
1710290 1211
1710300 1215
1710310 1219
1710320 1222
1710330 1224
1710340 1225
1710350 1224
1710360 1219
1710370 1211
1710380 1202
1710390 1191
1710400 1186
1710410 1184
1710420 1183
1710430 1178
1710440 1170
1710450 1164
1710460 1159
1710470 1156
1710480 1155
1710490 1155
1710500 1155
1710510 1155
1710520 1155
1710530 1155
1710540 1156
1710550 1158
1710560 1160
1710570 1161
1710580 1162
1710590 1163
1710600 1164
1710610 1165
1710620 1167
1710630 1169
1710640 1171
1710650 1173
1710660 1175
1710670 1176
1710680 1177
1710690 1177
1710700 1177
1710710 1177
1710720 1177
1710730 1177
1710740 1177
1710750 1177
1710760 1176
1710770 1175
1710780 1173
1710790 1172
1710800 1170
1710810 1168
1710820 1166
1710830 1164
1710840 1161
1710850 1158
1710860 1156
1710870 1154
1710880 1152
1710890 1150
1710900 1148
1710910 1147
1710920 1144
1710930 1142
1710940 1139
1710950 1136
1710960 1133
1710970 1131
1710980 1129
1710990 1125
1711000 1123
1711010 1121
1711020 1120
1711030 1119
1711040 1118
1711050 1117
1711060 1116
1711070 1115
1711080 1114
1711090 1113
1711100 1112
1711110 1112
1711120 1111
1711130 1110
1711140 1109
1711150 1109
1711160 1109
1711170 1109
1711180 1109
1711190 1110
1711200 1112
1711210 1113
1711220 1114
1711230 1116
1711240 1120
1711250 1120
1711260 1121
1711270 1122
1711280 1124
1711290 1123
1711300 1118
1711310 1114
1711320 1110
1711330 1109
1711340 1109
1711350 1110
1711360 1110
1711370 1110
1711380 1110
1711390 1110
1711400 1110
1711410 1110
1711420 1110
1711430 1110
1711440 1110
1711450 1109
1711460 1109
1711470 1108
1711480 1108
1711490 1107
1711500 1108
1711510 1108
1711520 1109
1711530 1109
1711540 1109
1711550 1109
1711560 1107
1711570 1105
1711580 1102
1711590 1099
1711600 1096
1711610 1094
1711620 1092
1711630 1089
1711640 1085
1711650 1080
1711660 1075
1711670 1068
1711680 1062
1711690 1058
1711700 1054
1711710 1051
1711720 1047
1711730 1043
1711740 1040
1711750 1039
1711760 1037
1711770 1034
1711780 1032
1711790 1030
1711800 1029
1711810 1027
1711820 1026
1711830 1025
1711840 1024
1711850 1023
1711860 1023
1711870 1022
1711880 1021
1711890 1020
1711900 1020
1711910 1020
1711920 1019
1711930 1019
1711940 1018
1711950 1017
1711960 1016
1711970 1013
1711980 1011
1711990 1009
1712000 1008
1712010 1008
1712020 1009
1712030 1010
1712040 1012
1712050 1014
1712060 1016
1712070 1018
1712080 1020
1712090 1022
1712100 1024
1712110 1027
1712120 1029
1712130 1030
1712140 1032
1712150 1033
1712160 1033
1712170 1033
1712180 1033
1712190 1033
1712200 1033
1712210 1033
1712220 1033
1712230 1033
1712240 1033
1712250 1032
1712260 1031
1712270 1029
1712280 1027
1712290 1026
1712300 1025
1712310 1025
1712320 1025
1712330 1026
1712340 1027
1712350 1029
1712360 1030
1712370 1032
1712380 1034
1712390 1035
1712400 1036
1712410 1037
1712420 1038
1712430 1038
1712440 1039
1712450 1039
1712460 1040
1712470 1040
1712480 1040
1712490 1040
1712500 1039
1712510 1038
1712520 1037
1712530 1036
1712540 1035
1712550 1034
1712560 1034
1712570 1033
1712580 1031
1712590 1030
1712600 1029
1712610 1028
1712620 1027
1712630 1026
1712640 1025
1712650 1023
1712660 1021
1712670 1019
1712680 1018
1712690 1018
1712700 1019
1712710 1020
1712720 1021
1712730 1023
1712740 1025
1712750 1026
1712760 1027
1712770 1028
1712780 1029
1712790 1030
1712800 1031
1712810 1032
1712820 1034
1712830 1035
1712840 1036
1712850 1037
1712860 1038
1712870 1039
1712880 1040
1712890 1041
1712900 1042
1712910 1043
1712920 1044
1712930 1045
1712940 1046
1712950 1047
1712960 1048
1712970 1049
1712980 1051
1712990 1052
1713000 1052
1713010 1053
1713020 1054
1713030 1055
1713040 1057
1713050 1060
1713060 1062
1713070 1064
1713080 1066
1713090 1068
1713100 1069
1713110 1071
1713120 1072
1713130 1073
1713140 1073
1713150 1074
1713160 1074
1713170 1074
1713180 1074
1713190 1074
1713200 1074
1713210 1073
1713220 1072
1713230 1071
1713240 1069
1713250 1068
1713260 1067
1713270 1065
1713280 1064
1713290 1062
1713300 1061
1713310 1059
1713320 1059
1713330 1059
1713340 1058
1713350 1057
1713360 1056
1713370 1054
1713380 1053
1713390 1053
1713400 1053
1713410 1053
1713420 1053
1713430 1054
1713440 1054
1713450 1055
1713460 1055
1713470 1056
1713480 1056
1713490 1056
1713500 1054
1713510 1053
1713520 1051
1713530 1052
1713540 1054
1713550 1055
1713560 1054
1713570 1052
1713580 1051
1713590 1050
1713600 1050
1713610 1050
1713620 1050
1713630 1051
1713640 1051
1713650 1052
1713660 1053
1713670 1055
1713680 1058
1713690 1062
1713700 1067
1713710 1071
1713720 1077
1713730 1082
1713740 1087
1713750 1092
1713760 1097
1713770 1101
1713780 1105
1713790 1109
1713800 1113
1713810 1117
1713820 1121
1713830 1125
1713840 1129
1713850 1133
1713860 1137
1713870 1141
1713880 1145
1713890 1150
1713900 1154
1713910 1158
1713920 1163
1713930 1167
1713940 1171
1713950 1176
1713960 1179
1713970 1184
1713980 1188
1713990 1190
1714000 1191
1714010 1193
1714020 1196
1714030 1198
1714040 1200
1714050 1202
1714060 1203
1714070 1202
1714080 1203
1714090 1205
1714100 1207
1714110 1208
1714120 1207
1714130 1205
1714140 1205
1714150 1206
1714160 1208
1714170 1210
1714180 1212
1714190 1214
1714200 1216
1714210 1219
1714220 1222
1714230 1225
1714240 1226
1714250 1227
1714260 1227
1714270 1227
1714280 1227
1714290 1228
1714300 1229
1714310 1229
1714320 1230
1714330 1230
1714340 1229
1714350 1228
1714360 1226
1714370 1225
1714380 1224
1714390 1223
1714400 1221
1714410 1219
1714420 1217
1714430 1214
1714440 1212
1714450 1210
1714460 1208
1714470 1206
1714480 1204
1714490 1202
1714500 1200
1714510 1198
1714520 1197
1714530 1196
1714540 1195
1714550 1194
1714560 1193
1714570 1193
1714580 1193
1714590 1193
1714600 1193
1714610 1194
1714620 1195
1714630 1196
1714640 1197
1714650 1199
1714660 1200
1714670 1201
1714680 1202
1714690 1204
1714700 1205
1714710 1206
1714720 1205
1714730 1203
1714740 1200
1714750 1194
1714760 1189
1714770 1185
1714780 1181
1714790 1176
1714800 1170
1714810 1165
1714820 1158
1714830 1151
1714840 1144
1714850 1137
1714860 1131
1714870 1124
1714880 1118
1714890 1111
1714900 1104
1714910 1098
1714920 1091
1714930 1084
1714940 1078
1714950 1074
1714960 1069
1714970 1065
1714980 1061
1714990 1056
1715000 1052
1715010 1048
1715020 1045
1715030 1041
1715040 1037
1715050 1034
1715060 1029
1715070 1025
1715080 1021
1715090 1016
1715100 1013
1715110 1010
1715120 1008
1715130 1005
1715140 1003
1715150 1000
1715160 997
1715170 994
1715180 992
1715190 990
1715200 988
1715210 986
1715220 985
1715230 984
1715240 984
1715250 983
1715260 983
1715270 981
1715280 981
1715290 982
1715300 983
1715310 985
1715320 986
1715330 988
1715340 989
1715350 991
1715360 993
1715370 995
1715380 997
1715390 998
1715400 1000
1715410 1001
1715420 1001
1715430 1002
1715440 1003
1715450 1003
1715460 1004
1715470 1005
1715480 1005
1715490 1005
1715500 1006
1715510 1007
1715520 1009
1715530 1010
1715540 1011
1715550 1012
1715560 1013
1715570 1014
1715580 1014
1715590 1013
1715600 1012
1715610 1011
1715620 1009
1715630 1007
1715640 1005
1715650 1002
1715660 1000
1715670 997
1715680 995
1715690 992
1715700 989
1715710 987
1715720 985
1715730 983
1715740 982
1715750 980
1715760 981
1715770 982
1715780 982
1715790 981
1715800 981
1715810 980
1715820 980
1715830 979
1715840 979
1715850 978
1715860 977
1715870 977
1715880 976
1715890 975
1715900 975
1715910 974
1715920 973
1715930 972
1715940 970
1715950 968
1715960 965
1715970 962
1715980 960
1715990 956
1716000 953
1716010 949
1716020 946
1716030 942
1716040 939
1716050 936
1716060 932
1716070 929
1716080 927
1716090 924
1716100 922
1716110 920
1716120 918
1716130 917
1716140 915
1716150 913
1716160 910
1716170 908
1716180 906
1716190 904
1716200 902
1716210 901
1716220 898
1716230 895
1716240 892
1716250 890
1716260 888
1716270 888
1716280 887
1716290 887
1716300 886
1716310 886
1716320 885
1716330 884
1716340 883
1716350 882
1716360 880
1716370 878
1716380 877
1716390 875
1716400 874
1716410 872
1716420 869
1716430 868
1716440 867
1716450 867
1716460 866
1716470 866
1716480 866
1716490 866
1716500 866
1716510 867
1716520 869
1716530 872
1716540 874
1716550 876
1716560 877
1716570 878
1716580 879
1716590 880
1716600 880
1716610 881
1716620 882
1716630 882
1716640 883
1716650 883
1716660 883
1716670 883
1716680 884
1716690 886
1716700 888
1716710 889
1716720 890
1716730 892
1716740 893
1716750 894
1716760 894
1716770 894
1716780 893
1716790 892
1716800 891
1716810 890
1716820 889
1716830 888
1716840 888
1716850 887
1716860 885
1716870 884
1716880 882
1716890 879
1716900 877
1716910 875
1716920 871
1716930 868
1716940 867
1716950 867
1716960 867
1716970 867
1716980 867
1716990 867
1717000 867
1717010 868
1717020 868
1717030 870
1717040 873
1717050 876
1717060 880
1717070 883
1717080 887
1717090 891
1717100 894
1717110 897
1717120 900
1717130 902
1717140 903
1717150 904
1717160 904
1717170 905
1717180 906
1717190 906
1717200 907
1717210 907
1717220 908
1717230 909
1717240 911
1717250 912
1717260 913
1717270 914
1717280 914
1717290 914
1717300 914
1717310 915
1717320 917
1717330 918
1717340 920
1717350 922
1717360 925
1717370 928
1717380 930
1717390 933
1717400 936
1717410 939
1717420 942
1717430 945
1717440 948
1717450 951
1717460 954
1717470 957
1717480 960
1717490 963
1717500 967
1717510 970
1717520 972
1717530 976
1717540 979
1717550 982
1717560 986
1717570 989
1717580 993
1717590 997
1717600 1000
1717610 1004
1717620 1007
1717630 1010
1717640 1013
1717650 1015
1717660 1018
1717670 1021
1717680 1023
1717690 1024
1717700 1026
1717710 1028
1717720 1029
1717730 1029
1717740 1029
1717750 1029
1717760 1029
1717770 1029
1717780 1029
1717790 1030
1717800 1032
1717810 1033
1717820 1034
1717830 1035
1717840 1036
1717850 1037
1717860 1037
1717870 1036
1717880 1034
1717890 1033
1717900 1032
1717910 1031
1717920 1031
1717930 1030
1717940 1030
1717950 1030
1717960 1029
1717970 1029
1717980 1028
1717990 1027
1718000 1027
1718010 1026
1718020 1024
1718030 1023
1718040 1022
1718050 1021
1718060 1019
1718070 1016
1718080 1012
1718090 1008
1718100 1004
1718110 1000
1718120 995
1718130 991
1718140 985
1718150 979
1718160 974
1718170 969
1718180 964
1718190 959
1718200 953
1718210 947
1718220 941
1718230 938
1718240 935
1718250 932
1718260 935
1718270 938
1718280 942
1718290 944
1718300 948
1718310 951
1718320 955
1718330 958
1718340 961
1718350 965
1718360 969
1718370 973
1718380 977
1718390 981
1718400 984
1718410 988
1718420 991
1718430 994
1718440 997
1718450 1001
1718460 1004
1718470 1008
1718480 1011
1718490 1013
1718500 1013
1718510 1014
1718520 1016
1718530 1017
1718540 1019
1718550 1022
1718560 1024
1718570 1026
1718580 1028
1718590 1030
1718600 1033
1718610 1036
1718620 1039
1718630 1042
1718640 1044
1718650 1047
1718660 1049
1718670 1052
1718680 1055
1718690 1057
1718700 1060
1718710 1062
1718720 1065
1718730 1068
1718740 1071
1718750 1072
1718760 1073
1718770 1074
1718780 1074
1718790 1074
1718800 1075
1718810 1076
1718820 1077
1718830 1078
1718840 1078
1718850 1080
1718860 1082
1718870 1086
1718880 1091
1718890 1095
1718900 1099
1718910 1103
1718920 1107
1718930 1111
1718940 1114
1718950 1117
1718960 1120
1718970 1123
1718980 1126
1718990 1128
1719000 1129
1719010 1130
1719020 1131
1719030 1132
1719040 1132
1719050 1132
1719060 1133
1719070 1133
1719080 1132
1719090 1132
1719100 1131
1719110 1130
1719120 1128
1719130 1126
1719140 1124
1719150 1122
1719160 1120
1719170 1118
1719180 1116
1719190 1114
1719200 1111
1719210 1109
1719220 1106
1719230 1103
1719240 1101
1719250 1098
1719260 1095
1719270 1092
1719280 1090
1719290 1088
1719300 1085
1719310 1083
1719320 1081
1719330 1080
1719340 1078
1719350 1077
1719360 1076
1719370 1075
1719380 1075
1719390 1074
1719400 1074
1719410 1072
1719420 1070
1719430 1069
1719440 1068
1719450 1067
1719460 1067
1719470 1066
1719480 1066
1719490 1066
1719500 1065
1719510 1064
1719520 1061
1719530 1059
1719540 1056
1719550 1052
1719560 1048
1719570 1044
1719580 1040
1719590 1037
1719600 1033
1719610 1030
1719620 1027
1719630 1023
1719640 1020
1719650 1017
1719660 1015
1719670 1013
1719680 1013
1719690 1014
1719700 1015
1719710 1016
1719720 1016
1719730 1016
1719740 1015
1719750 1013
1719760 1011
1719770 1010
1719780 1008
1719790 1007
1719800 1006
1719810 1006
1719820 1005
1719830 1005
1719840 1005
1719850 1004
1719860 1003
1719870 1003
1719880 1002
1719890 1002
1719900 1002
1719910 1002
1719920 1002
1719930 1003
1719940 1003
1719950 1004
1719960 1005
1719970 1006
1719980 1005
1719990 1004
