1700620 861
1700630 857
1700640 857
1700650 853
1700660 850
1700670 850
1700680 847
1700690 842
1700700 842
1700710 838
1700720 833
1700730 833
1700740 830
1700750 829
1700760 829
1700770 828
1700780 826
1700790 826
1700800 825
1700810 823
1700820 823
1700830 822
1700840 822
1700850 822
1700860 821
1700870 821
1700880 821
1700890 821
1700900 821
1700910 821
1700920 820
1700930 819
1700940 819
1700950 819
1700960 817
1700970 817
1700980 815
1700990 811
1701000 811
1701010 805
1701020 801
1701030 801
1701040 799
1701050 797
1701060 783
1701070 783
1701080 777
1701090 777
1701100 777
1701110 777
1701120 777
1701130 777
1701140 777
1701150 777
1701160 777
1701170 779
1701180 785
1701190 785
1701200 791
1701210 795
1701220 795
1701230 800
1701240 806
1701250 806
1701260 813
1701270 815
1701280 815
1701290 815
1701300 816
1701310 816
1701320 816
1701330 817
1701340 817
1701350 818
1701360 823
1701370 823
1701380 827
1701390 829
1701400 829
1701410 829
1701420 827
1701430 827
1701440 826
1701450 826
1701460 826
1701470 827
1701480 826
1701490 826
1701500 826
1701510 826
1701520 826
1701530 826
1701540 825
1701550 825
1701560 825
1701570 824
1701580 824
1701590 824
1701600 823
1701610 823
1701620 824
1701630 826
1701640 826
1701650 826
1701660 822
1701670 819
1701680 819
1701690 813
1701700 809
1701710 809
1701720 811
1701730 813
1701740 813
1701750 814
1701760 814
1701770 814
1701780 815
1701790 815
1701800 815
1701810 813
1701820 812
1701830 812
1701840 811
1701850 809
1701860 809
1701870 808
1701880 808
1701890 808
1701900 812
1701910 813
1701920 813
1701930 818
1701940 823
1701950 823
1701960 826
1701970 827
1701980 827
1701990 827
1702000 827
1702010 827
1702020 826
1702030 826
1702040 826
1702050 828
1702060 831
1702070 831
1702080 832
1702090 836
1702100 836
1702110 839
1702120 842
1702130 842
1702140 844
1702150 847
1702160 847
1702170 849
1702180 852
1702190 852
1702200 854
1702210 858
1702220 858
1702230 859
1702240 861
1702250 863
1702260 863
1702270 866
1702280 869
1702290 869
1702300 872
1702310 875
1702320 875
1702330 878
1702340 882
1702350 882
1702360 885
1702370 888
1702380 888
1702390 892
1702400 895
1702410 895
1702420 899
1702430 902
1702440 902
1702450 905
1702460 909
1702470 909
1702480 912
1702490 915
1702500 915
1702510 920
1702520 924
1702530 924
1702540 929
1702550 932
1702560 932
1702570 934
1702580 935
1702590 935
1702600 935
1702610 935
1702620 935
1702630 934
1702640 932
1702650 932
1702660 928
1702670 926
1702680 926
1702690 926
1702700 924
1702710 924
1702720 923
1702730 922
1702740 922
1702750 922
1702760 921
1702770 921
1702780 921
1702790 921
1702800 921
1702810 916
1702820 909
1702830 909
1702840 901
1702850 900
1702860 893
1702870 893
1702880 889
1702890 884
1702900 884
1702910 881
1702920 879
1702930 879
1702940 876
1702950 873
1702960 873
1702970 869
1702980 866
1702990 866
1703000 864
1703010 862
1703020 862
1703030 862
1703040 862
1703050 862
1703060 862
1703070 863
1703080 863
1703090 864
1703100 864
1703110 864
1703120 864
1703130 865
1703140 865
1703150 865
1703160 865
1703170 865
1703180 861
1703190 856
1703200 856
1703210 851
1703220 848
1703230 848
1703240 850
1703250 854
1703260 854
1703270 858
1703280 863
1703290 863
1703300 869
1703310 874
1703320 874
1703330 880
1703340 886
1703350 886
1703360 892
1703370 898
1703380 898
1703390 902
1703400 905
1703410 905
1703420 908
1703430 910
1703440 910
1703450 910
1703460 911
1703470 911
1703480 911
1703490 909
1703500 908
1703510 908
1703520 906
1703530 904
1703540 904
1703550 900
1703560 896
1703570 896
1703580 890
1703590 885
1703600 885
1703610 882
1703620 880
1703630 880
1703640 877
1703650 874
1703660 874
1703670 872
1703680 869
1703690 869
1703700 866
1703710 864
1703720 864
1703730 863
1703740 862
1703750 862
1703760 861
1703770 859
1703780 859
1703790 858
1703800 858
1703810 858
1703820 858
1703830 859
1703840 859
1703850 859
1703860 860
1703870 860
1703880 860
1703890 860
1703900 860
1703910 859
1703920 858
1703930 858
1703940 858
1703950 858
1703960 858
1703970 858
1703980 856
1703990 856
1704000 854
1704010 853
1704020 853
1704030 851
1704040 847
1704050 845
1704060 845
1704070 842
1704080 838
1704090 838
1704100 834
1704110 833
1704120 833
1704130 833
1704140 833
1704150 833
1704160 833
1704170 833
1704180 833
1704190 834
1704200 834
1704210 834
1704220 835
1704230 835
1704240 835
1704250 836
1704260 838
1704270 838
1704280 840
1704290 841
1704300 841
1704310 843
1704320 843
1704330 843
1704340 844
1704350 845
1704360 845
1704370 846
1704380 847
1704390 847
1704400 848
1704410 849
1704420 849
1704430 850
1704440 851
1704450 851
1704460 852
1704470 853
1704480 853
1704490 855
1704500 856
1704510 856
1704520 856
1704530 858
1704540 858
1704550 859
1704560 860
1704570 860
1704580 862
1704590 864
1704600 864
1704610 867
1704620 870
1704630 872
1704640 872
1704650 873
1704660 877
1704670 877
1704680 880
1704690 883
1704700 883
1704710 884
1704720 885
1704730 885
1704740 887
1704750 888
1704760 888
1704770 893
1704780 897
1704790 897
1704800 900
1704810 903
1704820 903
1704830 906
1704840 909
1704850 909
1704860 913
1704870 915
1704880 915
1704890 918
1704900 922
1704910 922
1704920 925
1704930 929
1704940 929
1704950 934
1704960 938
1704970 938
1704980 941
1704990 945
1705000 945
1705010 949
1705020 953
1705030 953
1705040 956
1705050 959
1705060 959
1705070 962
1705080 965
1705090 965
1705100 969
1705110 973
1705120 973
1705130 977
1705140 981
1705150 981
1705160 985
1705170 991
1705180 991
1705190 995
1705200 1000
1705210 1000
1705220 1007
1705230 1013
1705240 1017
1705250 1017
1705260 1021
1705270 1024
1705280 1024
1705290 1027
1705300 1030
1705310 1030
1705320 1033
1705330 1035
1705340 1035
1705350 1037
1705360 1040
1705370 1040
1705380 1042
1705390 1045
1705400 1045
1705410 1048
1705420 1050
1705430 1050
1705440 1051
1705450 1052
1705460 1052
1705470 1053
1705480 1053
1705490 1053
1705500 1055
1705510 1055
1705520 1055
1705530 1056
1705540 1057
1705550 1057
1705560 1059
1705570 1060
1705580 1060
1705590 1061
1705600 1062
1705610 1062
1705620 1063
1705630 1064
1705640 1064
1705650 1066
1705660 1067
1705670 1067
1705680 1068
1705690 1069
1705700 1069
1705710 1070
1705720 1071
1705730 1071
1705740 1073
1705750 1075
1705760 1075
1705770 1078
1705780 1079
1705790 1079
1705800 1081
1705810 1082
1705820 1084
1705830 1084
1705840 1086
1705850 1088
1705860 1088
1705870 1090
1705880 1092
1705890 1092
1705900 1098
1705910 1099
1705920 1099
1705930 1099
1705940 1102
1705950 1102
1705960 1107
1705970 1108
1705980 1108
1705990 1106
1706000 1104
1706010 1104
1706020 1103
1706030 1106
1706040 1106
1706050 1111
1706060 1114
1706070 1114
1706080 1111
1706090 1106
1706100 1106
1706110 1103
1706120 1103
1706130 1103
1706140 1099
1706150 1098
1706160 1098
1706170 1101
1706180 1105
1706190 1105
1706200 1103
1706210 1102
1706220 1102
1706230 1103
1706240 1102
1706250 1102
1706260 1101
1706270 1100
1706280 1100
1706290 1101
1706300 1111
1706310 1111
1706320 1113
1706330 1107
1706340 1107
1706350 1096
1706360 1093
1706370 1093
1706380 1091
1706390 1092
1706400 1092
1706410 1093
1706420 1095
1706430 1098
1706440 1098
1706450 1101
1706460 1104
1706470 1104
1706480 1108
1706490 1112
1706500 1112
1706510 1118
1706520 1125
1706530 1125
1706540 1120
1706550 1122
1706560 1122
1706570 1125
1706580 1129
1706590 1129
1706600 1133
1706610 1132
1706620 1132
1706630 1129
1706640 1127
1706650 1127
1706660 1124
1706670 1121
1706680 1121
1706690 1119
1706700 1116
1706710 1116
1706720 1113
1706730 1113
1706740 1113
1706750 1114
1706760 1117
1706770 1117
1706780 1121
1706790 1123
1706800 1123
1706810 1126
1706820 1129
1706830 1129
1706840 1132
1706850 1133
1706860 1133
1706870 1135
1706880 1136
1706890 1136
1706900 1137
1706910 1138
1706920 1138
1706930 1140
1706940 1143
1706950 1143
1706960 1147
1706970 1152
1706980 1152
1706990 1146
1707000 1138
1707010 1132
1707020 1132
1707030 1126
1707040 1121
1707050 1121
1707060 1117
1707070 1112
1707080 1112
1707090 1109
1707100 1107
1707110 1107
1707120 1106
1707130 1106
1707140 1106
1707150 1107
1707160 1108
1707170 1108
1707180 1110
1707190 1112
1707200 1112
1707210 1112
1707220 1112
1707230 1112
1707240 1112
1707250 1113
1707260 1113
1707270 1116
1707280 1118
1707290 1118
1707300 1118
1707310 1116
1707320 1116
1707330 1116
1707340 1112
1707350 1112
1707360 1104
1707370 1098
1707380 1098
1707390 1092
1707400 1086
1707410 1086
1707420 1077
1707430 1071
1707440 1071
1707450 1069
1707460 1068
1707470 1068
1707480 1067
1707490 1065
1707500 1065
1707510 1070
1707520 1077
1707530 1077
1707540 1084
1707550 1090
1707560 1090
1707570 1096
1707580 1103
1707590 1103
1707600 1110
1707610 1117
1707620 1122
1707630 1122
1707640 1129
1707650 1136
1707660 1136
1707670 1143
1707680 1151
1707690 1151
1707700 1170
1707710 1173
1707720 1173
1707730 1178
1707740 1182
1707750 1182
1707760 1183
1707770 1184
1707780 1184
1707790 1182
1707800 1183
1707810 1183
1707820 1184
1707830 1186
1707840 1186
1707850 1188
1707860 1190
1707870 1190
1707880 1192
1707890 1195
1707900 1195
1707910 1200
1707920 1204
1707930 1204
1707940 1207
1707950 1210
1707960 1210
1707970 1213
1707980 1217
1707990 1217
1708000 1220
1708010 1224
1708020 1224
1708030 1227
1708040 1229
1708050 1229
1708060 1231
1708070 1234
1708080 1234
1708090 1235
1708100 1236
1708110 1236
1708120 1239
1708130 1241
1708140 1241
1708150 1241
1708160 1242
1708170 1242
1708180 1244
1708190 1245
1708200 1247
1708210 1247
1708220 1249
1708230 1251
1708240 1251
1708250 1252
1708260 1253
1708270 1253
1708280 1255
1708290 1256
1708300 1256
1708310 1257
1708320 1257
1708330 1257
1708340 1258
1708350 1259
1708360 1259
1708370 1258
1708380 1257
1708390 1257
1708400 1256
1708410 1255
1708420 1255
1708430 1255
1708440 1256
1708450 1256
1708460 1257
1708470 1258
1708480 1258
1708490 1259
1708500 1260
1708510 1260
1708520 1262
1708530 1263
1708540 1263
1708550 1264
1708560 1265
1708570 1265
1708580 1266
1708590 1267
1708600 1267
1708610 1269
1708620 1270
1708630 1270
1708640 1271
1708650 1272
1708660 1272
1708670 1272
1708680 1270
1708690 1270
1708700 1268
1708710 1264
1708720 1264
1708730 1259
1708740 1248
1708750 1248
1708760 1237
1708770 1222
1708780 1222
1708790 1211
1708800 1203
1708810 1196
1708820 1196
1708830 1189
1708840 1182
1708850 1182
1708860 1176
1708870 1171
1708880 1171
1708890 1166
1708900 1162
1708910 1162
1708920 1159
1708930 1157
1708940 1157
1708950 1153
1708960 1149
1708970 1149
1708980 1144
1708990 1136
1709000 1136
1709010 1126
1709020 1117
1709030 1117
1709040 1109
1709050 1103
1709060 1103
1709070 1097
1709080 1091
1709090 1091
1709100 1086
1709110 1082
1709120 1082
1709130 1078
1709140 1075
1709150 1075
1709160 1071
1709170 1066
1709180 1066
1709190 1063
1709200 1059
1709210 1059
1709220 1055
1709230 1048
1709240 1048
1709250 1045
1709260 1039
1709270 1039
1709280 1035
1709290 1030
1709300 1030
1709310 1025
1709320 1020
1709330 1020
1709340 1015
1709350 1011
1709360 1011
1709370 1006
1709380 1002
1709390 998
1709400 998
1709410 993
1709420 988
1709430 988
1709440 982
1709450 977
1709460 977
1709470 976
1709480 981
1709490 981
1709500 987
1709510 991
1709520 991
1709530 994
1709540 996
1709550 996
1709560 997
1709570 997
1709580 997
1709590 998
1709600 999
1709610 999
1709620 1000
1709630 1003
1709640 1003
1709650 1007
1709660 1010
1709670 1010
1709680 1015
1709690 1018
1709700 1018
1709710 1025
1709720 1031
1709730 1031
1709740 1039
1709750 1045
1709760 1045
1709770 1053
1709780 1060
1709790 1060
1709800 1068
1709810 1076
1709820 1076
1709830 1084
1709840 1094
1709850 1094
1709860 1107
1709870 1128
1709880 1128
1709890 1135
1709900 1144
1709910 1144
1709920 1153
1709930 1160
1709940 1160
1709950 1167
1709960 1173
1709970 1173
1709980 1180
1709990 1186
1710000 1192
1710010 1192
1710020 1200
1710030 1206
1710040 1206
1710050 1213
1710060 1219
1710070 1219
1710080 1222
1710090 1223
1710100 1223
1710110 1222
1710120 1221
1710130 1221
1710140 1220
1710150 1214
1710160 1214
1710170 1211
1710180 1212
1710190 1212
1710200 1209
1710210 1207
1710220 1207
1710230 1208
1710240 1214
1710250 1214
1710260 1217
1710270 1217
1710280 1217
1710290 1222
1710300 1233
1710310 1233
1710320 1237
1710330 1237
1710340 1237
1710350 1231
1710360 1224
1710370 1224
1710380 1213
1710390 1206
1710400 1206
1710410 1200
1710420 1193
1710430 1193
1710440 1183
1710450 1174
1710460 1174
1710470 1164
1710480 1163
1710490 1163
1710500 1163
1710510 1163
1710520 1163
1710530 1164
1710540 1165
1710550 1165
1710560 1167
1710570 1170
1710580 1171
1710590 1171
1710600 1173
1710610 1174
1710620 1174
1710630 1177
1710640 1181
1710650 1181
1710660 1183
1710670 1184
1710680 1184
1710690 1184
1710700 1184
1710710 1184
1710720 1184
1710730 1183
1710740 1183
1710750 1182
1710760 1180
1710770 1180
1710780 1178
1710790 1176
1710800 1176
1710810 1173
1710820 1170
1710830 1170
1710840 1166
1710850 1162
1710860 1162
1710870 1158
1710880 1155
1710890 1155
1710900 1151
1710910 1149
1710920 1149
1710930 1147
1710940 1143
1710950 1143
1710960 1139
1710970 1134
1710980 1134
1710990 1130
1711000 1128
1711010 1128
1711020 1127
1711030 1124
1711040 1124
1711050 1122
1711060 1122
1711070 1122
1711080 1121
1711090 1119
1711100 1119
1711110 1117
1711120 1116
1711130 1116
1711140 1115
1711150 1115
1711160 1115
1711170 1116
1711180 1114
1711190 1118
1711200 1118
1711210 1121
1711220 1123
1711230 1123
1711240 1129
1711250 1123
1711260 1123
1711270 1126
1711280 1128
1711290 1128
1711300 1128
1711310 1124
1711320 1124
1711330 1116
1711340 1118
1711350 1118
1711360 1116
1711370 1115
1711380 1115
1711390 1114
1711400 1115
1711410 1115
1711420 1115
1711430 1114
1711440 1114
1711450 1114
1711460 1113
1711470 1113
1711480 1113
1711490 1117
1711500 1117
1711510 1120
1711520 1118
1711530 1118
1711540 1118
1711550 1120
1711560 1120
1711570 1117
1711580 1108
1711590 1108
1711600 1108
1711610 1104
1711620 1104
1711630 1093
1711640 1087
1711650 1087
1711660 1075
1711670 1067
1711680 1067
1711690 1062
1711700 1057
1711710 1057
1711720 1051
1711730 1048
1711740 1048
1711750 1045
1711760 1043
1711770 1038
1711780 1038
1711790 1037
1711800 1035
1711810 1035
1711820 1032
1711830 1030
1711840 1030
1711850 1027
1711860 1026
1711870 1026
1711880 1025
1711890 1024
1711900 1024
1711910 1023
1711920 1023
1711930 1023
1711940 1022
1711950 1019
1711960 1019
1711970 1015
1711980 1011
1711990 1011
1712000 1011
1712010 1012
1712020 1012
1712030 1014
1712040 1016
1712050 1016
1712060 1019
1712070 1022
1712080 1022
1712090 1026
1712100 1029
1712110 1029
1712120 1032
1712130 1034
1712140 1034
1712150 1036
1712160 1036
1712170 1036
1712180 1036
1712190 1036
1712200 1036
1712210 1036
1712220 1036
1712230 1036
1712240 1036
1712250 1035
1712260 1035
1712270 1032
1712280 1029
1712290 1029
1712300 1028
1712310 1028
1712320 1028
1712330 1028
1712340 1030
1712350 1030
1712360 1033
1712370 1036
1712380 1038
1712390 1038
1712400 1040
1712410 1041
1712420 1041
1712430 1042
1712440 1042
1712450 1042
1712460 1043
1712470 1043
1712480 1043
1712490 1042
1712500 1041
1712510 1041
1712520 1039
1712530 1038
1712540 1038
1712550 1037
1712560 1035
1712570 1035
1712580 1033
1712590 1032
1712600 1032
1712610 1030
1712620 1028
1712630 1028
1712640 1026
1712650 1023
1712660 1023
1712670 1019
1712680 1019
1712690 1019
1712700 1020
1712710 1020
1712720 1020
1712730 1023
1712740 1027
1712750 1027
1712760 1028
1712770 1030
1712780 1032
1712790 1035
1712800 1035
1712810 1035
1712820 1040
1712830 1040
1712840 1040
1712850 1040
1712860 1041
1712870 1041
1712880 1043
1712890 1045
1712900 1045
1712910 1046
1712920 1047
1712930 1047
1712940 1049
1712950 1050
1712960 1051
1712970 1051
1712980 1053
1712990 1055
1713000 1055
1713010 1057
1713020 1058
1713030 1058
1713040 1060
1713050 1062
1713060 1062
1713070 1067
1713080 1070
1713090 1070
1713100 1073
1713110 1075
1713120 1075
1713130 1077
1713140 1078
1713150 1078
1713160 1077
1713170 1077
1713180 1077
1713190 1076
1713200 1075
1713210 1075
1713220 1073
1713230 1071
1713240 1071
1713250 1070
1713260 1068
1713270 1068
1713280 1066
1713290 1064
1713300 1064
1713310 1063
1713320 1063
1713330 1063
1713340 1061
1713350 1059
1713360 1059
1713370 1058
1713380 1057
1713390 1057
1713400 1057
1713410 1058
1713420 1058
1713430 1059
1713440 1060
1713450 1060
1713460 1061
1713470 1061
1713480 1061
1713490 1062
1713500 1058
1713510 1058
1713520 1058
1713530 1060
1713540 1060
1713550 1062
1713560 1059
1713570 1057
1713580 1057
1713590 1056
1713600 1056
1713610 1056
1713620 1055
1713630 1057
1713640 1057
1713650 1057
1713660 1057
1713670 1057
1713680 1065
1713690 1073
1713700 1073
1713710 1079
1713720 1086
1713730 1086
1713740 1092
1713750 1099
1713760 1099
1713770 1106
1713780 1112
1713790 1112
1713800 1118
1713810 1124
1713820 1124
1713830 1130
1713840 1136
1713850 1136
1713860 1142
1713870 1148
1713880 1148
1713890 1155
1713900 1162
1713910 1162
1713920 1169
1713930 1177
1713940 1177
1713950 1185
1713960 1190
1713970 1190
1713980 1196
1713990 1199
1714000 1199
1714010 1202
1714020 1210
1714030 1210
1714040 1208
1714050 1210
1714060 1210
1714070 1209
1714080 1210
1714090 1210
1714100 1216
1714110 1222
1714120 1222
1714130 1214
1714140 1214
1714150 1215
1714160 1215
1714170 1218
1714180 1221
1714190 1221
1714200 1227
1714210 1235
1714220 1235
1714230 1236
1714240 1237
1714250 1237
1714260 1236
1714270 1235
1714280 1235
1714290 1235
1714300 1235
1714310 1235
1714320 1233
1714330 1230
1714340 1230
1714350 1227
1714360 1225
1714370 1225
1714380 1224
1714390 1222
1714400 1222
1714410 1218
1714420 1214
1714430 1214
1714440 1211
1714450 1208
1714460 1208
1714470 1206
1714480 1203
1714490 1203
1714500 1200
1714510 1197
1714520 1197
1714530 1195
1714540 1193
1714550 1193
1714560 1193
1714570 1192
1714580 1192
1714590 1193
1714600 1193
1714610 1193
1714620 1195
1714630 1197
1714640 1197
1714650 1198
1714660 1200
1714670 1200
1714680 1203
1714690 1207
1714700 1207
1714710 1207
1714720 1205
1714730 1205
1714740 1202
1714750 1194
1714760 1186
1714770 1186
1714780 1182
1714790 1171
1714800 1171
1714810 1161
1714820 1151
1714830 1151
1714840 1141
1714850 1131
1714860 1131
1714870 1122
1714880 1112
1714890 1112
1714900 1106
1714910 1096
1714920 1096
1714930 1084
1714940 1076
1714950 1076
1714960 1069
1714970 1064
1714980 1064
1714990 1056
1715000 1051
1715010 1051
1715020 1047
1715030 1039
1715040 1039
1715050 1034
1715060 1025
1715070 1025
1715080 1020
1715090 1012
1715100 1012
1715110 1007
1715120 1004
1715130 1004
1715140 1001
1715150 997
1715160 997
1715170 992
1715180 989
1715190 989
1715200 987
1715210 984
1715220 984
1715230 981
1715240 981
1715250 981
1715260 980
1715270 978
1715280 978
1715290 981
1715300 982
1715310 982
1715320 984
1715330 987
1715340 989
1715350 989
1715360 992
1715370 994
1715380 994
1715390 996
1715400 998
1715410 998
1715420 999
1715430 1000
1715440 1000
1715450 1002
1715460 1001
1715470 1001
1715480 1003
1715490 1004
1715500 1004
1715510 1006
1715520 1008
1715530 1008
1715540 1010
1715550 1011
1715560 1011
1715570 1012
1715580 1012
1715590 1012
1715600 1010
1715610 1008
1715620 1008
1715630 1004
1715640 1001
1715650 1001
1715660 995
1715670 991
1715680 991
1715690 988
1715700 982
1715710 982
1715720 977
1715730 976
1715740 976
1715750 974
1715760 975
1715770 975
1715780 975
1715790 974
1715800 974
1715810 974
1715820 973
1715830 973
1715840 972
1715850 972
1715860 972
1715870 970
1715880 969
1715890 969
1715900 968
1715910 967
1715920 967
1715930 965
1715940 963
1715950 960
1715960 960
1715970 957
1715980 953
1715990 953
1716000 948
1716010 943
1716020 943
1716030 939
1716040 934
1716050 934
1716060 930
1716070 924
1716080 924
1716090 920
1716100 916
1716110 916
1716120 914
1716130 912
1716140 912
1716150 909
1716160 907
1716170 907
1716180 905
1716190 902
1716200 902
1716210 900
1716220 896
1716230 896
1716240 892
1716250 888
1716260 888
1716270 887
1716280 887
1716290 887
1716300 886
1716310 885
1716320 885
1716330 885
1716340 884
1716350 884
1716360 882
1716370 881
1716380 881
1716390 879
1716400 874
1716410 874
1716420 868
1716430 867
1716440 867
1716450 866
1716460 866
1716470 866
1716480 866
1716490 865
1716500 865
1716510 867
1716520 873
1716530 877
1716540 877
1716550 878
1716560 878
1716570 878
1716580 880
1716590 881
1716600 881
1716610 882
1716620 883
1716630 883
1716640 884
1716650 885
1716660 885
1716670 885
1716680 886
1716690 886
1716700 888
1716710 890
1716720 890
1716730 892
1716740 894
1716750 894
1716760 895
1716770 894
1716780 894
1716790 893
1716800 891
1716810 891
1716820 890
1716830 889
1716840 889
1716850 888
1716860 886
1716870 886
1716880 884
1716890 878
1716900 878
1716910 874
1716920 868
1716930 868
1716940 867
1716950 867
1716960 867
1716970 867
1700000 831
1700010 828
1700020 825
1700030 822
1700040 820
1700050 817
1700060 814
1700070 811
1700080 808
1700090 806
1700100 804
1700110 801
1700120 802
1700130 806
1700140 810
1700150 814
1700160 818
1700170 820
1700180 821
1700190 822
1700200 823
1700210 824
1700220 824
1700230 823
1700240 823
1700250 823
1700260 824
1700270 826
1700280 829
1700290 831
1700300 833
1700310 835
1700320 837
1700330 839
1700340 842
1700350 844
1700360 847
1700370 850
1700380 853
1700390 856
1700400 858
1700410 861
1700420 864
1700430 866
1700440 869
1700450 871
1700460 873
1700470 875
1700480 878
1700490 880
1700500 883
1700510 886
1700520 889
1700530 893
1700540 894
1700550 891
1700560 885
1700570 882
1700580 878
1700590 873
1700600 869
1700610 865
1700620 862
1700630 859
1700640 857
1700650 855
1700660 853
1700670 851
1700680 849
1700690 847
1700700 844
1700710 842
1700720 839
1700730 836
1700740 834
1700750 832
1700760 830
1700770 829
1700780 828
1700790 827
1700800 826
1700810 825
1700820 825
1700830 824
1700840 823
1700850 823
1700860 822
1700870 822
1700880 822
1700890 822
1700900 822
1700910 821
1700920 821
1700930 820
1700940 820
1700950 819
1700960 819
1700970 818
1700980 817
1700990 815
1701000 811
1701010 807
1701020 803
1701030 802
1701040 800
1701050 797
1701060 790
1701070 783
1701080 777
1701090 776
1701100 776
1701110 776
1701120 776
1701130 776
1701140 776
1701150 776
1701160 776
1701170 777
1701180 780
1701190 783
1701200 786
1701210 789
1701220 793
1701230 796
1701240 799
1701250 802
1701260 806
1701270 810
1701280 813
1701290 815
1701300 815
1701310 815
1701320 815
1701330 816
1701340 816
1701350 817
1701360 818
1701370 820
1701380 822
1701390 825
1701400 827
1701410 828
1701420 828
1701430 828
1701440 827
1701450 827
1701460 827
1701470 827
1701480 827
1701490 827
1701500 827
1701510 827
1701520 827
1701530 827
1701540 827
1701550 827
1701560 828
1701570 827
1701580 827
1701590 827
1701600 826
1701610 827
1701620 828
1701630 828
1701640 828
1701650 827
1701660 824
1701670 821
1701680 818
1701690 817
1701700 815
1701710 815
1701720 815
1701730 816
1701740 818
1701750 820
1701760 821
1701770 822
1701780 823
1701790 823
1701800 823
1701810 822
1701820 821
1701830 820
1701840 819
1701850 817
1701860 816
1701870 814
1701880 813
1701890 812
1701900 812
1701910 811
1701920 812
1701930 814
1701940 818
1701950 821
1701960 824
1701970 826
1701980 828
1701990 830
1702000 832
1702010 833
1702020 834
1702030 833
1702040 833
1702050 834
1702060 836
1702070 837
1702080 838
1702090 839
1702100 839
1702110 840
1702120 841
1702130 842
1702140 844
1702150 845
1702160 846
1702170 847
1702180 849
1702190 851
1702200 853
1702210 854
1702220 856
1702230 858
1702240 860
1702250 862
1702260 864
1702270 867
1702280 869
1702290 871
1702300 873
1702310 875
1702320 877
1702330 879
1702340 881
1702350 883
1702360 886
1702370 888
1702380 891
1702390 894
1702400 897
1702410 900
1702420 902
1702430 905
1702440 907
1702450 909
1702460 911
1702470 913
1702480 915
1702490 917
1702500 921
1702510 924
1702520 928
1702530 931
1702540 933
1702550 935
1702560 936
1702570 936
1702580 936
1702590 935
1702600 933
1702610 931
1702620 930
1702630 929
1702640 928
1702650 928
1702660 927
1702670 926
1702680 925
1702690 925
1702700 924
1702710 923
1702720 923
1702730 922
1702740 922
1702750 922
1702760 921
1702770 921
1702780 920
1702790 920
1702800 919
1702810 917
1702820 914
1702830 908
1702840 903
1702850 901
1702860 898
1702870 895
1702880 892
1702890 889
1702900 886
1702910 884
1702920 882
1702930 880
1702940 878
1702950 875
1702960 873
1702970 870
1702980 868
1702990 867
1703000 865
1703010 865
1703020 864
1703030 864
1703040 864
1703050 863
1703060 863
1703070 864
1703080 864
1703090 865
1703100 865
1703110 865
1703120 865
1703130 865
1703140 866
1703150 866
1703160 866
1703170 865
1703180 863
1703190 860
1703200 857
1703210 853
1703220 851
1703230 850
1703240 851
1703250 853
1703260 856
1703270 858
1703280 861
1703290 865
1703300 868
1703310 872
1703320 876
1703330 880
1703340 884
1703350 888
1703360 892
1703370 896
1703380 899
1703390 903
1703400 905
1703410 908
1703420 910
1703430 912
1703440 913
1703450 913
1703460 913
1703470 913
1703480 912
1703490 912
1703500 911
1703510 910
1703520 908
1703530 906
1703540 904
1703550 902
1703560 900
1703570 897
1703580 893
1703590 890
1703600 886
1703610 884
1703620 882
1703630 880
1703640 878
1703650 876
1703660 874
1703670 872
1703680 871
1703690 870
1703700 868
1703710 866
1703720 865
1703730 864
1703740 863
1703750 862
1703760 861
1703770 860
1703780 859
1703790 859
1703800 859
1703810 859
1703820 859
1703830 859
1703840 859
1703850 860
1703860 860
1703870 860
1703880 860
1703890 860
1703900 860
1703910 859
1703920 859
1703930 858
1703940 858
1703950 858
1703960 857
1703970 857
1703980 856
1703990 855
1704000 854
1704010 854
1704020 853
1704030 852
1704040 851
1704050 848
1704060 846
1704070 845
1704080 842
1704090 840
1704100 837
1704110 835
1704120 834
1704130 834
1704140 834
1704150 834
1704160 834
1704170 834
1704180 834
1704190 834
1704200 834
1704210 835
1704220 835
1704230 835
1704240 835
1704250 836
1704260 836
1704270 837
1704280 838
1704290 839
1704300 840
1704310 841
1704320 842
1704330 842
1704340 843
1704350 844
1704360 844
1704370 845
1704380 846
1704390 847
1704400 847
1704410 848
1704420 849
1704430 849
1704440 850
1704450 851
1704460 851
1704470 852
1704480 853
1704490 854
1704500 855
1704510 855
1704520 856
1704530 857
1704540 858
1704550 859
1704560 860
1704570 860
1704580 861
1704590 862
1704600 863
1704610 865
1704620 866
1704630 867
1704640 869
1704650 871
1704660 874
1704670 876
1704680 877
1704690 877
1704700 878
1704710 879
1704720 881
1704730 882
1704740 884
1704750 887
1704760 889
1704770 891
1704780 894
1704790 896
1704800 898
1704810 900
1704820 902
1704830 903
1704840 903
1704850 905
1704860 907
1704870 910
1704880 913
1704890 915
1704900 918
1704910 920
1704920 923
1704930 925
1704940 928
1704950 931
1704960 934
1704970 936
1704980 939
1704990 942
1705000 944
1705010 947
1705020 948
1705030 951
1705040 952
1705050 954
1705060 956
1705070 958
1705080 960
1705090 963
1705100 965
1705110 968
1705120 970
1705130 973
1705140 975
1705150 978
1705160 982
1705170 985
1705180 988
1705190 991
1705200 994
1705210 997
1705220 1001
1705230 1004
1705240 1008
1705250 1011
1705260 1014
1705270 1017
1705280 1020
1705290 1022
1705300 1024
1705310 1026
1705320 1028
1705330 1029
1705340 1030
1705350 1032
1705360 1033
1705370 1034
1705380 1036
1705390 1038
1705400 1039
1705410 1040
1705420 1041
1705430 1042
1705440 1042
1705450 1043
1705460 1043
1705470 1043
1705480 1044
1705490 1044
1705500 1045
1705510 1045
1705520 1046
1705530 1046
1705540 1047
1705550 1048
1705560 1049
1705570 1050
1705580 1051
1705590 1052
1705600 1053
1705610 1053
1705620 1054
1705630 1054
1705640 1055
1705650 1055
1705660 1056
1705670 1057
1705680 1057
1705690 1058
1705700 1059
1705710 1060
1705720 1061
1705730 1062
1705740 1063
1705750 1064
1705760 1066
1705770 1067
1705780 1069
1705790 1070
1705800 1071
1705810 1072
1705820 1073
1705830 1075
1705840 1076
1705850 1077
1705860 1078
1705870 1080
1705880 1081
1705890 1083
1705900 1085
1705910 1086
1705920 1088
1705930 1088
1705940 1090
1705950 1092
1705960 1095
1705970 1097
1705980 1098
1705990 1098
1706000 1096
1706010 1095
1706020 1093
1706030 1094
1706040 1096
1706050 1098
1706060 1101
1706070 1102
1706080 1102
1706090 1098
1706100 1095
1706110 1094
1706120 1093
1706130 1091
1706140 1090
1706150 1089
1706160 1088
1706170 1089
1706180 1089
1706190 1090
1706200 1090
1706210 1090
1706220 1090
1706230 1091
1706240 1091
1706250 1091
1706260 1090
1706270 1089
1706280 1090
1706290 1092
1706300 1100
1706310 1102
1706320 1102
1706330 1101
1706340 1098
1706350 1093
1706360 1091
1706370 1089
1706380 1088
1706390 1088
1706400 1089
1706410 1089
1706420 1091
1706430 1092
1706440 1094
1706450 1096
1706460 1098
1706470 1100
1706480 1103
1706490 1106
1706500 1109
1706510 1112
1706520 1115
1706530 1117
1706540 1116
1706550 1117
1706560 1118
1706570 1120
1706580 1124
1706590 1127
1706600 1130
1706610 1129
1706620 1128
1706630 1126
1706640 1124
1706650 1122
1706660 1121
1706670 1119
1706680 1117
1706690 1115
1706700 1113
1706710 1112
1706720 1111
1706730 1111
1706740 1111
1706750 1112
1706760 1114
1706770 1116
1706780 1118
1706790 1120
1706800 1122
1706810 1124
1706820 1126
1706830 1128
1706840 1129
1706850 1130
1706860 1131
1706870 1131
1706880 1132
1706890 1133
1706900 1133
1706910 1134
1706920 1135
1706930 1136
1706940 1137
1706950 1139
1706960 1142
1706970 1145
1706980 1145
1706990 1145
1707000 1143
1707010 1139
1707020 1135
1707030 1132
1707040 1128
1707050 1125
1707060 1122
1707070 1119
1707080 1117
1707090 1114
1707100 1112
1707110 1111
1707120 1110
1707130 1111
1707140 1111
1707150 1111
1707160 1112
1707170 1113
1707180 1114
1707190 1115
1707200 1116
1707210 1117
1707220 1117
1707230 1118
1707240 1118
1707250 1118
1707260 1119
1707270 1120
1707280 1121
1707290 1122
1707300 1123
1707310 1123
1707320 1122
1707330 1120
1707340 1117
1707350 1113
1707360 1108
1707370 1103
1707380 1099
1707390 1094
1707400 1089
1707410 1085
1707420 1081
1707430 1078
1707440 1076
1707450 1075
1707460 1074
1707470 1073
1707480 1072
1707490 1071
1707500 1071
1707510 1072
1707520 1075
1707530 1079
1707540 1083
1707550 1088
1707560 1092
1707570 1097
1707580 1102
1707590 1108
1707600 1114
1707610 1117
1707620 1120
1707630 1123
1707640 1128
1707650 1133
1707660 1138
1707670 1142
1707680 1147
1707690 1152
1707700 1159
1707710 1166
1707720 1171
1707730 1174
1707740 1175
1707750 1177
1707760 1178
1707770 1179
1707780 1181
1707790 1183
1707800 1184
1707810 1185
1707820 1186
1707830 1187
1707840 1188
1707850 1190
1707860 1191
1707870 1192
1707880 1193
1707890 1195
1707900 1198
1707910 1200
1707920 1203
1707930 1205
1707940 1207
1707950 1209
1707960 1212
1707970 1214
1707980 1216
1707990 1219
1708000 1221
1708010 1223
1708020 1225
1708030 1227
1708040 1229
1708050 1231
1708060 1232
1708070 1234
1708080 1235
1708090 1237
1708100 1238
1708110 1239
1708120 1240
1708130 1242
1708140 1242
1708150 1243
1708160 1244
1708170 1245
1708180 1246
1708190 1247
1708200 1249
1708210 1250
1708220 1251
1708230 1253
1708240 1254
1708250 1255
1708260 1256
1708270 1257
1708280 1258
1708290 1259
1708300 1260
1708310 1261
1708320 1261
1708330 1262
1708340 1262
1708350 1263
1708360 1264
1708370 1264
1708380 1264
1708390 1264
1708400 1265
1708410 1264
1708420 1264
1708430 1264
1708440 1264
1708450 1264
1708460 1265
1708470 1265
1708480 1266
1708490 1267
1708500 1267
1708510 1268
1708520 1269
1708530 1269
1708540 1270
1708550 1271
1708560 1271
1708570 1272
1708580 1272
1708590 1273
1708600 1274
1708610 1274
1708620 1275
1708630 1275
1708640 1275
1708650 1276
1708660 1276
1708670 1275
1708680 1274
1708690 1273
1708700 1271
1708710 1269
1708720 1266
1708730 1261
1708740 1254
1708750 1246
1708760 1236
1708770 1227
1708780 1220
1708790 1214
1708800 1208
1708810 1203
1708820 1198
1708830 1194
1708840 1189
1708850 1185
1708860 1181
1708870 1177
1708880 1174
1708890 1170
1708900 1167
1708910 1165
1708920 1164
1708930 1162
1708940 1160
1708950 1158
1708960 1155
1708970 1152
1708980 1149
1708990 1144
1709000 1137
1709010 1130
1709020 1124
1709030 1118
1709040 1112
1709050 1108
1709060 1103
1709070 1100
1709080 1096
1709090 1092
1709100 1089
1709110 1086
1709120 1083
1709130 1080
1709140 1077
1709150 1074
1709160 1071
1709170 1069
1709180 1067
1709190 1065
1709200 1063
1709210 1061
1709220 1058
1709230 1054
1709240 1051
1709250 1047
1709260 1045
1709270 1041
1709280 1037
1709290 1034
1709300 1031
1709310 1027
1709320 1023
1709330 1020
1709340 1017
1709350 1013
1709360 1010
1709370 1007
1709380 1004
1709390 1001
1709400 998
1709410 995
1709420 992
1709430 988
1709440 984
1709450 981
1709460 978
1709470 977
1709480 978
1709490 980
1709500 984
1709510 988
1709520 991
1709530 994
1709540 995
1709550 997
1709560 998
1709570 998
1709580 999
1709590 999
1709600 1000
1709610 1000
1709620 1001
1709630 1002
1709640 1003
1709650 1005
1709660 1007
1709670 1009
1709680 1011
1709690 1015
1709700 1018
1709710 1023
1709720 1027
1709730 1032
1709740 1036
1709750 1041
1709760 1046
1709770 1051
1709780 1056
1709790 1061
1709800 1066
1709810 1071
1709820 1077
1709830 1082
1709840 1088
1709850 1096
1709860 1105
1709870 1116
1709880 1126
1709890 1135
1709900 1140
1709910 1146
1709920 1152
1709930 1156
1709940 1161
1709950 1165
1709960 1169
1709970 1174
1709980 1178
1709990 1183
1710000 1187
1710010 1191
1710020 1196
1710030 1201
1710040 1205
1710050 1210
1710060 1214
1710070 1218
1710080 1222
1710090 1224
1710100 1225
1710110 1226
1710120 1226
1710130 1225
1710140 1225
1710150 1223
1710160 1221
1710170 1218
1710180 1217
1710190 1216
1710200 1215
1710210 1214
1710220 1214
1710230 1215
1710240 1219
1710250 1222
1710260 1222
1710270 1224
1710280 1225
1710290 1227
1710300 1230
1710310 1235
1710320 1240
1710330 1240
1710340 1238
1710350 1235
1710360 1231
1710370 1227
1710380 1223
1710390 1218
1710400 1213
1710410 1209
1710420 1203
1710430 1197
1710440 1191
1710450 1186
1710460 1182
1710470 1179
1710480 1174
1710490 1171
1710500 1169
1710510 1171
1710520 1175
1710530 1179
1710540 1179
1710550 1178
1710560 1177
1710570 1176
1710580 1176
1710590 1176
1710600 1177
1710610 1178
1710620 1180
1710630 1181
1710640 1183
1710650 1184
1710660 1186
1710670 1188
1710680 1188
1710690 1188
1710700 1188
1710710 1188
1710720 1188
1710730 1187
1710740 1187
1710750 1186
1710760 1185
1710770 1184
1710780 1182
1710790 1181
1710800 1180
1710810 1178
1710820 1176
1710830 1174
1710840 1172
1710850 1169
1710860 1166
1710870 1164
1710880 1161
1710890 1159
1710900 1156
1710910 1153
1710920 1151
1710930 1150
1710940 1148
1710950 1146
1710960 1144
1710970 1140
1710980 1138
1710990 1136
1711000 1135
1711010 1134
1711020 1133
1711030 1131
1711040 1130
1711050 1127
1711060 1127
1711070 1127
1711080 1126
1711090 1125
1711100 1124
1711110 1123
1711120 1122
1711130 1121
1711140 1121
1711150 1121
1711160 1121
1711170 1121
1711180 1121
1711190 1122
1711200 1123
1711210 1125
1711220 1127
1711230 1129
1711240 1131
1711250 1132
1711260 1132
1711270 1131
1711280 1132
1711290 1132
1711300 1133
1711310 1133
1711320 1132
1711330 1132
1711340 1135
1711350 1137
1711360 1135
1711370 1132
1711380 1129
1711390 1126
1711400 1125
1711410 1123
1711420 1123
1711430 1123
1711440 1123
1711450 1124
1711460 1124
1711470 1126
1711480 1131
1711490 1136
1711500 1138
1711510 1136
1711520 1132
1711530 1130
1711540 1128
1711550 1128
1711560 1128
1711570 1128
1711580 1126
1711590 1122
1711600 1118
1711610 1112
1711620 1106
1711630 1101
1711640 1095
1711650 1089
1711660 1083
1711670 1078
1711680 1074
1711690 1070
1711700 1069
1711710 1066
1711720 1062
1711730 1059
1711740 1056
1711750 1055
1711760 1053
1711770 1051
1711780 1049
1711790 1049
1711800 1050
1711810 1050
1711820 1050
1711830 1049
1711840 1047
1711850 1043
1711860 1039
1711870 1035
1711880 1033
1711890 1032
1711900 1031
1711910 1030
1711920 1029
1711930 1028
1711940 1027
1711950 1026
1711960 1024
1711970 1022
1711980 1019
1711990 1017
1712000 1016
1712010 1016
1712020 1017
1712030 1019
1712040 1020
1712050 1022
1712060 1023
1712070 1024
1712080 1026
1712090 1028
1712100 1030
1712110 1032
1712120 1035
1712130 1036
1712140 1038
1712150 1039
1712160 1040
1712170 1040
1712180 1041
1712190 1041
1712200 1041
1712210 1041
1712220 1041
1712230 1041
1712240 1041
1712250 1041
1712260 1040
1712270 1039
1712280 1036
1712290 1035
1712300 1034
1712310 1033
1712320 1033
1712330 1034
1712340 1034
1712350 1035
1712360 1037
1712370 1039
1712380 1041
1712390 1043
1712400 1044
1712410 1046
1712420 1047
1712430 1047
1712440 1048
1712450 1048
1712460 1048
1712470 1049
1712480 1048
1712490 1048
1712500 1048
1712510 1047
1712520 1046
1712530 1045
1712540 1044
1712550 1044
1712560 1042
1712570 1041
1712580 1040
1712590 1038
1712600 1036
1712610 1035
1712620 1033
1712630 1032
1712640 1030
1712650 1028
1712660 1027
1712670 1026
1712680 1024
1712690 1023
1712700 1022
1712710 1022
1712720 1022
1712730 1023
1712740 1025
1712750 1028
1712760 1030
1712770 1032
1712780 1034
1712790 1035
1712800 1036
1712810 1038
1712820 1040
1712830 1041
1712840 1042
1712850 1041
1712860 1042
1712870 1043
1712880 1044
1712890 1045
1712900 1046
1712910 1047
1712920 1048
1712930 1049
1712940 1050
1712950 1051
1712960 1052
1712970 1053
1712980 1054
1712990 1054
1713000 1055
1713010 1057
1713020 1058
1713030 1059
1713040 1060
1713050 1060
1713060 1062
1713070 1065
1713080 1068
1713090 1071
1713100 1073
1713110 1074
1713120 1076
1713130 1078
1713140 1078
1713150 1079
1713160 1079
1713170 1078
1713180 1078
1713190 1077
1713200 1077
1713210 1076
1713220 1075
1713230 1074
1713240 1072
1713250 1072
1713260 1071
1713270 1070
1713280 1069
1713290 1067
1713300 1066
1713310 1066
1713320 1065
1713330 1065
1713340 1064
1713350 1064
1713360 1063
1713370 1063
1713380 1061
1713390 1060
1713400 1060
1713410 1060
1713420 1060
1713430 1061
1713440 1062
1713450 1063
1713460 1063
1713470 1064
1713480 1064
1713490 1065
1713500 1063
1713510 1062
1713520 1061
1713530 1063
1713540 1064
1713550 1065
1713560 1064
1713570 1063
1713580 1061
1713590 1060
1713600 1060
1713610 1060
1713620 1059
1713630 1059
1713640 1060
1713650 1060
1713660 1060
1713670 1061
1713680 1065
1713690 1069
1713700 1073
1713710 1077
1713720 1082
1713730 1086
1713740 1091
1713750 1096
1713760 1101
1713770 1106
1713780 1110
1713790 1114
1713800 1118
1713810 1122
1713820 1127
1713830 1131
1713840 1135
1713850 1139
1713860 1143
1713870 1147
1713880 1151
1713890 1156
1713900 1161
1713910 1165
1713920 1170
1713930 1175
1713940 1181
1713950 1186
1713960 1190
1713970 1195
1713980 1200
1713990 1205
1714000 1208
1714010 1210
1714020 1212
1714030 1213
1714040 1215
1714050 1215
1714060 1216
1714070 1216
1714080 1217
1714090 1218
1714100 1221
1714110 1223
1714120 1225
1714130 1226
1714140 1224
1714150 1222
1714160 1222
1714170 1223
1714180 1226
1714190 1229
1714200 1234
1714210 1239
1714220 1244
1714230 1244
1714240 1244
1714250 1243
1714260 1242
1714270 1240
1714280 1238
1714290 1237
1714300 1236
1714310 1235
1714320 1233
1714330 1232
1714340 1230
1714350 1228
1714360 1226
1714370 1225
1714380 1224
1714390 1223
1714400 1221
1714410 1219
1714420 1216
1714430 1214
1714440 1212
1714450 1209
1714460 1208
1714470 1206
1714480 1205
1714490 1203
1714500 1202
1714510 1200
1714520 1198
1714530 1196
1714540 1194
1714550 1193
1714560 1192
1714570 1192
1714580 1192
1714590 1192
1714600 1192
1714610 1192
1714620 1193
1714630 1194
1714640 1195
1714650 1196
1714660 1198
1714670 1199
1714680 1201
1714690 1204
1714700 1205
1714710 1204
1714720 1201
1714730 1199
1714740 1198
1714750 1196
1714760 1192
1714770 1188
1714780 1182
1714790 1176
1714800 1170
1714810 1164
1714820 1158
1714830 1152
1714840 1146
1714850 1140
1714860 1134
1714870 1128
1714880 1123
1714890 1118
1714900 1113
1714910 1107
1714920 1101
1714930 1094
1714940 1087
1714950 1081
1714960 1076
1714970 1073
1714980 1069
1714990 1061
1715000 1056
1715010 1052
1715020 1048
1715030 1045
1715040 1042
1715050 1039
1715060 1034
1715070 1029
1715080 1025
1715090 1019
1715100 1014
1715110 1008
1715120 1004
1715130 1001
1715140 998
1715150 996
1715160 994
1715170 991
1715180 989
1715190 987
1715200 985
1715210 983
1715220 981
1715230 980
1715240 978
1715250 977
1715260 976
1715270 975
1715280 975
1715290 975
1715300 977
1715310 978
1715320 979
1715330 980
1715340 982
1715350 983
1715360 984
1715370 986
1715380 987
1715390 988
1715400 989
1715410 990
1715420 991
1715430 991
1715440 992
1715450 993
1715460 994
1715470 994
1715480 995
1715490 996
1715500 997
1715510 998
1715520 999
1715530 1001
1715540 1002
1715550 1003
1715560 1004
1715570 1004
1715580 1005
1715590 1004
1715600 1004
1715610 1003
1715620 1002
1715630 1001
1715640 999
1715650 997
1715660 995
1715670 992
1715680 990
1715690 987
1715700 984
1715710 980
1715720 976
1715730 974
1715740 973
1715750 972
1715760 973
1715770 973
1715780 973
1715790 972
1715800 972
1715810 971
1715820 971
1715830 970
1715840 970
1715850 969
1715860 968
1715870 968
1715880 967
1715890 966
1715900 966
1715910 965
1715920 964
1715930 963
1715940 961
1715950 960
1715960 958
1715970 956
1715980 954
1715990 952
1716000 949
1716010 946
1716020 943
1716030 940
1716040 937
1716050 934
1716060 931
1716070 928
1716080 924
1716090 921
1716100 919
1716110 916
1716120 914
1716130 912
1716140 910
1716150 909
1716160 907
1716170 906
1716180 905
1716190 903
1716200 902
1716210 900
1716220 898
1716230 896
1716240 893
1716250 891
1716260 889
1716270 888
1716280 888
1716290 887
1716300 886
1716310 886
1716320 885
1716330 885
1716340 884
1716350 884
1716360 883
1716370 881
1716380 879
1716390 877
1716400 874
1716410 871
1716420 868
1716430 867
1716440 867
1716450 867
1716460 867
1716470 866
1716480 866
1716490 867
1716500 868
1716510 869
1716520 872
1716530 874
1716540 877
1716550 878
1716560 879
1716570 880
1716580 881
1716590 882
1716600 882
1716610 883
1716620 884
1716630 885
1716640 885
1716650 886
1716660 887
1716670 887
1716680 887
1716690 887
1716700 888
1716710 889
1716720 890
1716730 891
1716740 893
1716750 894
1716760 895
1716770 895
1716780 895
1716790 894
1716800 893
1716810 892
1716820 891
1716830 890
1716840 890
1716850 889
1716860 888
1716870 887
1716880 885
1716890 883
1716900 880
1716910 877
1716920 873
1716930 870
1716940 868
1716950 868
1716960 867
1716970 867
1716980 867
1716990 868
1717000 868
1717010 868
1717020 868
1717030 868
1717040 869
1717050 871
1717060 873
1717070 877
1717080 881
1717090 885
1717100 889
1717110 893
1717120 897
1717130 899
1717140 900
1717150 901
1717160 902
1717170 903
1717180 905
1717190 907
1717200 909
1717210 911
1717220 913
1717230 915
1717240 917
1717250 919
1717260 921
1717270 922
1717280 924
1717290 925
1717300 926
1717310 927
1717320 928
1717330 929
1717340 930
1717350 931
1717360 931
1717370 933
1717380 936
1717390 939
1717400 941
1717410 944
1717420 946
1717430 949
1717440 951
1717450 954
1717460 957
1717470 960
1717480 963
1717490 965
1717500 968
1717510 971
1717520 973
1717530 976
1717540 979
1717550 982
1717560 985
1717570 988
1717580 991
1717590 994
1717600 997
1717610 1000
1717620 1002
1717630 1005
1717640 1008
1717650 1010
1717660 1013
1717670 1016
1717680 1018
1717690 1021
1717700 1024
1717710 1027
1717720 1029
1717730 1031
1717740 1033
1717750 1034
1717760 1035
1717770 1036
1717780 1038
1717790 1039
1717800 1040
1717810 1041
1717820 1042
1717830 1040
1717840 1037
1717850 1034
1717860 1032
1717870 1030
1717880 1028
1717890 1025
1717900 1024
1717910 1022
1717920 1021
1717930 1021
1717940 1020
1717950 1020
1717960 1019
1717970 1018
1717980 1017
1717990 1017
1718000 1016
1718010 1016
1718020 1015
1718030 1014
1718040 1013
1718050 1012
1718060 1010
1718070 1009
1718080 1007
1718090 1004
1718100 1001
1718110 996
1718120 991
1718130 985
1718140 979
1718150 973
1718160 967
1718170 962
1718180 958
1718190 955
1718200 951
1718210 946
1718220 941
1718230 936
1718240 933
1718250 931
1718260 933
1718270 935
1718280 939
1718290 942
1718300 945
1718310 948
1718320 951
1718330 954
1718340 958
1718350 961
1718360 964
1718370 968
1718380 972
1718390 976
1718400 980
1718410 983
1718420 987
1718430 990
1718440 992
1718450 994
1718460 997
1718470 1000
1718480 1002
1718490 1004
1718500 1005
1718510 1008
1718520 1011
1718530 1013
1718540 1016
1718550 1018
1718560 1021
1718570 1023
1718580 1026
1718590 1029
1718600 1029
1718610 1030
1718620 1032
1718630 1035
1718640 1038
1718650 1041
1718660 1043
1718670 1045
1718680 1048
1718690 1050
1718700 1052
1718710 1054
1718720 1056
1718730 1058
1718740 1060
1718750 1061
1718760 1061
1718770 1061
1718780 1061
1718790 1061
1718800 1062
1718810 1062
1718820 1063
1718830 1065
1718840 1069
1718850 1073
1718860 1078
1718870 1082
1718880 1086
1718890 1091
1718900 1094
1718910 1098
1718920 1102
1718930 1106
1718940 1110
1718950 1114
1718960 1118
1718970 1121
1718980 1124
1718990 1127
1719000 1130
1719010 1132
1719020 1134
1719030 1135
1719040 1136
1719050 1136
1719060 1137
1719070 1137
1719080 1137
1719090 1136
1719100 1134
1719110 1133
1719120 1131
1719130 1129
1719140 1126
1719150 1124
1719160 1122
1719170 1119
1719180 1117
1719190 1115
1719200 1112
1719210 1109
1719220 1106
1719230 1103
1719240 1100
1719250 1097
1719260 1094
1719270 1091
1719280 1088
1719290 1086
1719300 1083
1719310 1081
1719320 1078
1719330 1076
1719340 1074
1719350 1073
1719360 1072
1719370 1071
1719380 1070
1719390 1069
1719400 1068
1719410 1067
1719420 1066
1719430 1064
1719440 1063
1719450 1062
1719460 1061
1719470 1060
1719480 1059
1719490 1058
1719500 1057
1719510 1055
1719520 1053
1719530 1050
1719540 1048
1719550 1045
1719560 1042
1719570 1039
1719580 1036
1719590 1034
1719600 1031
1719610 1027
1719620 1024
1719630 1020
1719640 1018
1719650 1015
1719660 1014
1719670 1013
1719680 1012
1719690 1011
1719700 1011
1719710 1010
1719720 1010
1719730 1009
1719740 1009
1719750 1009
1719760 1009
1719770 1009
1719780 1009
1719790 1009
1719800 1010
1719810 1010
1719820 1010
1719830 1010
1719840 1010
1719850 1009
1719860 1008
1719870 1007
1719880 1007
1719890 1007
1719900 1008
1719910 1009
1719920 1010
1719930 1010
1719940 1011
1719950 1011
1719960 1012
1719970 1012
1719980 1011
1719990 1008
