1700000 877
1700010 874
1700020 872
1700030 870
1700040 869
1700050 869
1700060 869
1700070 869
1700080 868
1700090 868
1700100 867
1700110 867
1700120 867
1700130 868
1700140 869
1700150 871
1700160 873
1700170 874
1700180 876
1700190 878
1700200 880
1700210 883
1700220 886
1700230 889
1700240 893
1700250 896
1700260 899
1700270 901
1700280 904
1700290 907
1700300 910
1700310 912
1700320 915
1700330 918
1700340 921
1700350 923
1700360 925
1700370 925
1700380 924
1700390 920
1700400 914
1700410 907
1700420 900
1700430 894
1700440 889
1700450 883
1700460 877
1700470 867
1700480 855
1700490 842
1700500 831
1700510 820
1700520 809
1700530 795
1700540 786
1700550 780
1700560 777
1700570 773
1700580 767
1700590 761
1700600 755
1700610 751
1700620 747
1700630 743
1700640 742
1700650 745
1700660 750
1700670 756
1700680 767
1700690 768
1700700 763
1700710 755
1700720 742
1700730 728
1700740 717
1700750 712
1700760 710
1700770 710
1700780 706
1700790 702
1700800 698
1700810 696
1700820 697
1700830 706
1700840 716
1700850 724
1700860 730
1700870 736
1700880 740
1700890 742
1700900 748
1700910 756
1700920 768
1700930 777
1700940 782
1700950 781
1700960 775
1700970 774
1700980 777
1700990 783
1701000 791
1701010 799
1701020 813
1701030 823
1701040 831
1701050 829
1701060 824
1701070 817
1701080 803
1701090 793
1701100 787
1701110 794
1701120 803
1701130 813
1701140 816
1701150 815
1701160 812
1701170 803
1701180 796
1701190 790
1701200 792
1701210 795
1701220 800
1701230 803
1701240 803
1701250 802
1701260 808
1701270 813
1701280 818
1701290 825
1701300 831
1701310 837
1701320 842
1701330 840
1701340 836
1701350 829
1701360 825
1701370 823
1701380 825
1701390 828
1701400 833
1701410 838
1701420 845
1701430 852
1701440 861
1701450 866
1701460 870
1701470 872
1701480 871
1701490 870
1701500 871
1701510 873
1701520 876
1701530 880
1701540 885
1701550 889
1701560 892
1701570 891
1701580 889
1701590 886
1701600 882
1701610 879
1701620 877
1701630 877
1701640 876
1701650 876
1701660 877
1701670 877
1701680 878
1701690 880
1701700 882
1701710 885
1701720 889
1701730 891
1701740 890
1701750 884
1701760 878
1701770 872
1701780 866
1701790 862
1701800 857
1701810 854
1701820 850
1701830 848
1701840 845
1701850 843
1701860 841
1701870 841
1701880 841
1701890 842
1701900 844
1701910 846
1701920 849
1701930 852
1701940 855
1701950 858
1701960 861
1701970 864
1701980 867
1701990 870
1702000 873
1702010 876
1702020 879
1702030 880
1702040 880
1702050 878
1702060 875
1702070 871
1702080 867
1702090 863
1702100 858
1702110 853
1702120 848
1702130 844
1702140 840
1702150 835
1702160 831
1702170 828
1702180 831
1702190 835
1702200 839
1702210 843
1702220 846
1702230 849
1702240 851
1702250 854
1702260 856
1702270 859
1702280 863
1702290 868
1702300 872
1702310 875
1702320 878
1702330 881
1702340 883
1702350 885
1702360 889
1702370 891
1702380 893
1702390 894
1702400 894
1702410 892
1702420 888
1702430 885
1702440 881
1702450 877
1702460 874
1702470 870
1702480 867
1702490 864
1702500 861
1702510 858
1702520 854
1702530 851
1702540 850
1702550 850
1702560 850
1702570 846
1702580 847
1702590 849
1702600 853
1702610 856
1702620 858
1702630 861
1702640 864
1702650 867
1702660 871
1702670 873
1702680 876
1702690 879
1702700 882
1702710 884
1702720 887
1702730 890
1702740 892
1702750 895
1702760 897
1702770 900
1702780 902
1702790 904
1702800 906
1702810 909
1702820 911
1702830 913
1702840 915
1702850 917
1702860 919
1702870 921
1702880 923
1702890 925
1702900 927
1702910 929
1702920 930
1702930 932
1702940 934
1702950 936
1702960 937
1702970 939
1702980 940
1702990 940
1703000 940
1703010 939
1703020 937
1703030 934
1703040 931
1703050 928
1703060 926
1703070 924
1703080 922
1703090 921
1703100 919
1703110 917
1703120 916
1703130 915
1703140 916
1703150 917
1703160 919
1703170 920
1703180 921
1703190 923
1703200 924
1703210 925
1703220 926
1703230 926
1703240 925
1703250 922
1703260 920
1703270 918
1703280 915
1703290 913
1703300 910
1703310 908
1703320 905
1703330 903
1703340 901
1703350 899
1703360 898
1703370 897
1703380 895
1703390 893
1703400 890
1703410 887
1703420 883
1703430 879
1703440 875
1703450 871
1703460 869
1703470 867
1703480 866
1703490 866
1703500 866
1703510 868
1703520 871
1703530 875
1703540 879
1703550 883
1703560 888
1703570 893
1703580 895
1703590 898
1703600 901
1703610 904
1703620 906
1703630 906
1703640 904
1703650 902
1703660 901
1703670 899
1703680 898
1703690 897
1703700 897
1703710 897
1703720 897
1703730 896
1703740 896
1703750 895
1703760 893
1703770 892
1703780 891
1703790 889
1703800 888
1703810 888
1703820 890
1703830 893
1703840 895
1703850 896
1703860 897
1703870 898
1703880 899
1703890 900
1703900 901
1703910 904
1703920 907
1703930 910
1703940 913
1703950 916
1703960 919
1703970 921
1703980 924
1703990 925
1704000 926
1704010 927
1704020 926
1704030 926
1704040 925
1704050 925
1704060 926
1704070 929
1704080 931
1704090 934
1704100 937
1704110 940
1704120 943
1704130 946
1704140 948
1704150 951
1704160 954
1704170 957
1704180 960
1704190 963
1704200 967
1704210 970
1704220 973
1704230 976
1704240 980
1704250 983
1704260 987
1704270 990
1704280 994
1704290 998
1704300 1002
1704310 1005
1704320 1009
1704330 1012
1704340 1014
1704350 1016
1704360 1016
1704370 1017
1704380 1016
1704390 1016
1704400 1016
1704410 1016
1704420 1016
1704430 1016
1704440 1015
1704450 1015
1704460 1015
1704470 1014
1704480 1012
1704490 1008
1704500 1003
1704510 999
1704520 993
1704530 988
1704540 983
1704550 979
1704560 975
1704570 971
1704580 967
1704590 964
1704600 962
1704610 960
1704620 963
1704630 967
1704640 971
1704650 974
1704660 975
1704670 976
1704680 981
1704690 986
1704700 990
1704710 993
1704720 996
1704730 999
1704740 1001
1704750 1003
1704760 1005
1704770 1007
1704780 1010
1704790 1013
1704800 1015
1704810 1018
1704820 1020
1704830 1023
1704840 1026
1704850 1028
1704860 1031
1704870 1034
1704880 1036
1704890 1039
1704900 1041
1704910 1044
1704920 1046
1704930 1048
1704940 1051
1704950 1053
1704960 1055
1704970 1058
1704980 1060
1704990 1062
1705000 1063
1705010 1065
1705020 1066
1705030 1067
1705040 1068
1705050 1070
1705060 1071
1705070 1072
1705080 1073
1705090 1073
1705100 1074
1705110 1075
1705120 1076
1705130 1077
1705140 1078
1705150 1079
1705160 1080
1705170 1081
1705180 1083
1705190 1084
1705200 1085
1705210 1087
1705220 1088
1705230 1090
1705240 1092
1705250 1093
1705260 1095
1705270 1096
1705280 1097
1705290 1099
1705300 1100
1705310 1102
1705320 1104
1705330 1105
1705340 1107
1705350 1109
1705360 1111
1705370 1113
1705380 1116
1705390 1117
1705400 1118
1705410 1119
1705420 1121
1705430 1122
1705440 1124
1705450 1126
1705460 1128
1705470 1129
1705480 1129
1705490 1128
1705500 1124
1705510 1120
1705520 1117
1705530 1115
1705540 1113
1705550 1111
1705560 1109
1705570 1107
1705580 1105
1705590 1102
1705600 1098
1705610 1095
1705620 1092
1705630 1090
1705640 1089
1705650 1089
1705660 1089
1705670 1090
1705680 1090
1705690 1090
1705700 1090
1705710 1091
1705720 1091
1705730 1091
1705740 1091
1705750 1091
1705760 1090
1705770 1090
1705780 1089
1705790 1088
1705800 1087
1705810 1087
1705820 1086
1705830 1086
1705840 1086
1705850 1086
1705860 1086
1705870 1085
1705880 1085
1705890 1085
1705900 1084
1705910 1083
1705920 1082
1705930 1082
1705940 1081
1705950 1080
1705960 1080
1705970 1079
1705980 1079
1705990 1079
1706000 1078
1706010 1077
1706020 1076
1706030 1075
1706040 1074
1706050 1072
1706060 1071
1706070 1069
1706080 1067
1706090 1064
1706100 1062
1706110 1060
1706120 1058
1706130 1056
1706140 1054
1706150 1052
1706160 1051
1706170 1049
1706180 1048
1706190 1047
1706200 1046
1706210 1045
1706220 1044
1706230 1043
1706240 1042
1706250 1042
1706260 1041
1706270 1040
1706280 1040
1706290 1039
1706300 1038
1706310 1037
1706320 1036
1706330 1034
1706340 1032
1706350 1031
1706360 1030
1706370 1030
1706380 1030
1706390 1030
1706400 1030
1706410 1029
1706420 1027
1706430 1026
1706440 1024
1706450 1022
1706460 1021
1706470 1022
1706480 1022
1706490 1022
1706500 1021
1706510 1024
1706520 1027
1706530 1032
1706540 1036
1706550 1041
1706560 1045
1706570 1049
1706580 1053
1706590 1057
1706600 1061
1706610 1065
1706620 1068
1706630 1072
1706640 1075
1706650 1079
1706660 1082
1706670 1086
1706680 1089
1706690 1093
1706700 1096
1706710 1100
1706720 1104
1706730 1107
1706740 1111
1706750 1114
1706760 1117
1706770 1121
1706780 1124
1706790 1128
1706800 1131
1706810 1134
1706820 1137
1706830 1141
1706840 1144
1706850 1148
1706860 1151
1706870 1154
1706880 1158
1706890 1161
1706900 1164
1706910 1167
1706920 1170
1706930 1173
1706940 1176
1706950 1179
1706960 1182
1706970 1185
1706980 1188
1706990 1191
1707000 1194
1707010 1197
1707020 1200
1707030 1202
1707040 1205
1707050 1207
1707060 1209
1707070 1211
1707080 1214
1707090 1216
1707100 1219
1707110 1220
1707120 1222
1707130 1224
1707140 1227
1707150 1229
1707160 1231
1707170 1232
1707180 1235
1707190 1237
1707200 1239
1707210 1241
1707220 1243
1707230 1244
1707240 1247
1707250 1249
1707260 1251
1707270 1253
1707280 1255
1707290 1256
1707300 1258
1707310 1260
1707320 1262
1707330 1264
1707340 1266
1707350 1268
1707360 1270
1707370 1272
1707380 1275
1707390 1277
1707400 1278
1707410 1280
1707420 1282
1707430 1283
1707440 1285
1707450 1287
1707460 1289
1707470 1290
1707480 1292
1707490 1294
1707500 1295
1707510 1297
1707520 1298
1707530 1300
1707540 1302
1707550 1303
1707560 1304
1707570 1306
1707580 1307
1707590 1307
1707600 1308
1707610 1309
1707620 1309
1707630 1310
1707640 1310
1707650 1310
1707660 1310
1707670 1311
1707680 1311
1707690 1311
1707700 1310
1707710 1310
1707720 1310
1707730 1310
1707740 1310
1707750 1310
1707760 1309
1707770 1309
1707780 1310
1707790 1310
1707800 1310
1707810 1309
1707820 1309
1707830 1308
1707840 1308
1707850 1307
1707860 1306
1707870 1305
1707880 1304
1707890 1302
1707900 1301
1707910 1300
1707920 1298
1707930 1297
1707940 1296
1707950 1295
1707960 1294
1707970 1293
1707980 1292
1707990 1292
1708000 1291
1708010 1290
1708020 1290
1708030 1289
1708040 1289
1708050 1289
1708060 1289
1708070 1290
1708080 1290
1708090 1291
1708100 1291
1708110 1291
1708120 1292
1708130 1292
1708140 1291
1708150 1289
1708160 1288
1708170 1287
1708180 1286
1708190 1286
1708200 1286
1708210 1286
1708220 1286
1708230 1287
1708240 1287
1708250 1287
1708260 1287
1708270 1287
1708280 1286
1708290 1285
1708300 1285
1708310 1284
1708320 1283
1708330 1281
1708340 1280
1708350 1278
1708360 1277
1708370 1276
1708380 1275
1708390 1274
1708400 1273
1708410 1271
1708420 1269
1708430 1268
1708440 1266
1708450 1264
1708460 1263
1708470 1261
1708480 1259
1708490 1258
1708500 1257
1708510 1256
1708520 1254
1708530 1253
1708540 1252
1708550 1249
1708560 1245
1708570 1240
1708580 1235
1708590 1232
1708600 1231
1708610 1230
1708620 1229
1708630 1226
1708640 1224
1708650 1221
1708660 1217
1708670 1211
1708680 1206
1708690 1202
1708700 1202
1708710 1202
1708720 1204
1708730 1204
1708740 1204
1708750 1203
1708760 1202
1708770 1200
1708780 1197
1708790 1194
1708800 1191
1708810 1187
1708820 1184
1708830 1180
1708840 1176
1708850 1173
1708860 1169
1708870 1165
1708880 1162
1708890 1158
1708900 1155
1708910 1151
1708920 1147
1708930 1144
1708940 1140
1708950 1137
1708960 1134
1708970 1131
1708980 1127
1708990 1124
1709000 1120
1709010 1116
1709020 1111
1709030 1107
1709040 1102
1709050 1099
1709060 1095
1709070 1093
1709080 1090
1709090 1087
1709100 1084
1709110 1081
1709120 1078
1709130 1075
1709140 1071
1709150 1067
1709160 1065
1709170 1063
1709180 1061
1709190 1060
1709200 1059
1709210 1059
1709220 1059
1709230 1060
1709240 1061
1709250 1064
1709260 1068
1709270 1072
1709280 1076
1709290 1081
1709300 1086
1709310 1090
1709320 1093
1709330 1097
1709340 1101
1709350 1106
1709360 1110
1709370 1113
1709380 1117
1709390 1120
1709400 1124
1709410 1128
1709420 1131
1709430 1135
1709440 1139
1709450 1143
1709460 1146
1709470 1150
1709480 1154
1709490 1158
1709500 1161
1709510 1165
1709520 1169
1709530 1172
1709540 1175
1709550 1179
1709560 1183
1709570 1187
1709580 1190
1709590 1194
1709600 1197
1709610 1201
1709620 1205
1709630 1209
1709640 1213
1709650 1216
1709660 1219
1709670 1223
1709680 1226
1709690 1229
1709700 1232
1709710 1236
1709720 1239
1709730 1242
1709740 1246
1709750 1248
1709760 1250
1709770 1252
1709780 1254
1709790 1255
1709800 1256
1709810 1258
1709820 1259
1709830 1259
1709840 1260
1709850 1261
1709860 1262
1709870 1263
1709880 1263
1709890 1264
1709900 1264
1709910 1265
1709920 1266
1709930 1266
1709940 1267
1709950 1267
1709960 1268
1709970 1269
1709980 1269
1709990 1270
1710000 1271
1710010 1272
1710020 1272
1710030 1273
1710040 1274
1710050 1275
1710060 1275
1710070 1276
1710080 1276
1710090 1276
1710100 1276
1710110 1275
1710120 1274
1710130 1274
1710140 1273
1710150 1272
1710160 1270
1710170 1266
1710180 1262
1710190 1256
1710200 1249
1710210 1243
1710220 1237
1710230 1231
1710240 1226
1710250 1220
1710260 1215
1710270 1210
1710280 1206
1710290 1201
1710300 1196
1710310 1192
1710320 1187
1710330 1182
1710340 1177
1710350 1172
1710360 1167
1710370 1162
1710380 1157
1710390 1151
1710400 1145
1710410 1140
1710420 1136
1710430 1132
1710440 1128
1710450 1125
1710460 1122
1710470 1121
1710480 1120
1710490 1119
1710500 1118
1710510 1117
1710520 1117
1710530 1117
1710540 1117
1710550 1116
1710560 1116
1710570 1116
1710580 1115
1710590 1115
1710600 1115
1710610 1116
1710620 1116
1710630 1116
1710640 1116
1710650 1116
1710660 1116
1710670 1116
1710680 1115
1710690 1113
1710700 1110
1710710 1107
1710720 1105
1710730 1104
1710740 1104
1710750 1104
1710760 1103
1710770 1103
1710780 1103
1710790 1103
1710800 1104
1710810 1103
1710820 1102
1710830 1101
1710840 1099
1710850 1098
1710860 1096
1710870 1094
1710880 1093
1710890 1091
1710900 1088
1710910 1085
1710920 1082
1710930 1081
1710940 1082
1710950 1084
1710960 1085
1710970 1086
1710980 1086
1710990 1086
1711000 1086
1711010 1086
1711020 1087
1711030 1087
1711040 1086
1711050 1087
1711060 1088
1711070 1089
1711080 1089
1711090 1090
1711100 1089
1711110 1090
1711120 1089
1711130 1089
1711140 1087
1711150 1086
1711160 1085
1711170 1085
1711180 1084
1711190 1083
1711200 1082
1711210 1081
1711220 1080
1711230 1080
1711240 1079
1711250 1078
1711260 1078
1711270 1078
1711280 1077
1711290 1078
1711300 1079
1711310 1079
1711320 1078
1711330 1078
1711340 1078
1711350 1078
1711360 1078
1711370 1079
1711380 1079
1711390 1078
1711400 1078
1711410 1079
1711420 1079
1711430 1078
1711440 1078
1711450 1078
1711460 1079
1711470 1080
1711480 1081
1711490 1082
1711500 1083
1711510 1084
1711520 1085
1711530 1086
1711540 1088
1711550 1089
1711560 1090
1711570 1091
1711580 1091
1711590 1090
1711600 1090
1711610 1090
1711620 1090
1711630 1090
1711640 1091
1711650 1091
1711660 1091
1711670 1091
1711680 1091
1711690 1091
1711700 1090
1711710 1089
1711720 1089
1711730 1090
1711740 1091
1711750 1092
1711760 1094
1711770 1095
1711780 1097
1711790 1100
1711800 1102
1711810 1104
1711820 1105
1711830 1105
1711840 1105
1711850 1106
1711860 1107
1711870 1109
1711880 1111
1711890 1113
1711900 1114
1711910 1115
1711920 1116
1711930 1117
1711940 1119
1711950 1122
1711960 1124
1711970 1127
1711980 1130
1711990 1135
1712000 1138
1712010 1141
1712020 1144
1712030 1146
1712040 1148
1712050 1150
1712060 1153
1712070 1158
1712080 1166
1712090 1172
1712100 1175
1712110 1176
1712120 1178
1712130 1181
1712140 1184
1712150 1192
1712160 1199
1712170 1204
1712180 1209
1712190 1214
1712200 1218
1712210 1221
1712220 1225
1712230 1229
1712240 1232
1712250 1235
1712260 1236
1712270 1238
1712280 1241
1712290 1244
1712300 1247
1712310 1250
1712320 1253
1712330 1255
1712340 1258
1712350 1260
1712360 1262
1712370 1264
1712380 1266
1712390 1268
1712400 1269
1712410 1271
1712420 1273
1712430 1274
1712440 1276
1712450 1278
1712460 1281
1712470 1283
1712480 1285
1712490 1286
1712500 1288
1712510 1290
1712520 1291
1712530 1292
1712540 1293
1712550 1293
1712560 1293
1712570 1293
1712580 1293
1712590 1293
1712600 1292
1712610 1292
1712620 1291
1712630 1290
1712640 1290
1712650 1289
1712660 1288
1712670 1287
1712680 1287
1712690 1286
1712700 1285
1712710 1283
1712720 1283
1712730 1284
1712740 1284
1712750 1284
1712760 1285
1712770 1285
1712780 1285
1712790 1285
1712800 1284
1712810 1284
1712820 1284
1712830 1283
1712840 1283
1712850 1282
1712860 1282
1712870 1281
1712880 1280
1712890 1279
1712900 1278
1712910 1276
1712920 1274
1712930 1271
1712940 1268
1712950 1265
1712960 1262
1712970 1261
1712980 1260
1712990 1260
1713000 1260
1713010 1262
1713020 1263
1713030 1266
1713040 1268
1713050 1269
1713060 1270
1713070 1271
1713080 1272
1713090 1273
1713100 1274
1713110 1275
1713120 1276
1713130 1277
1713140 1278
1713150 1279
1713160 1281
1713170 1282
1713180 1282
1713190 1283
1713200 1283
1713210 1284
1713220 1285
1713230 1287
1713240 1290
1713250 1293
1713260 1296
1713270 1298
1713280 1301
1713290 1304
1713300 1308
1713310 1312
1713320 1315
1713330 1319
1713340 1322
1713350 1325
1713360 1328
1713370 1331
1713380 1334
1713390 1337
1713400 1340
1713410 1343
1713420 1345
1713430 1347
1713440 1349
1713450 1351
1713460 1350
1713470 1349
1713480 1347
1713490 1343
1713500 1338
1713510 1333
1713520 1328
1713530 1323
1713540 1317
1713550 1312
1713560 1308
1713570 1303
1713580 1299
1713590 1294
1713600 1290
1713610 1287
1713620 1283
1713630 1279
1713640 1276
1713650 1272
1713660 1268
1713670 1264
1713680 1260
1713690 1255
1713700 1251
1713710 1246
1713720 1242
1713730 1237
1713740 1232
1713750 1227
1713760 1223
1713770 1218
1713780 1213
1713790 1209
1713800 1204
1713810 1200
1713820 1195
1713830 1191
1713840 1186
1713850 1182
1713860 1177
1713870 1172
1713880 1167
1713890 1159
1713900 1152
1713910 1146
1713920 1141
1713930 1136
1713940 1131
1713950 1128
1713960 1125
1713970 1121
1713980 1118
1713990 1115
1714000 1111
1714010 1107
1714020 1104
1714030 1100
1714040 1097
1714050 1093
1714060 1090
1714070 1088
1714080 1086
1714090 1084
1714100 1083
1714110 1082
1714120 1081
1714130 1080
1714140 1078
1714150 1077
1714160 1076
1714170 1075
1714180 1074
1714190 1073
1714200 1072
1714210 1070
1714220 1069
1714230 1067
1714240 1066
1714250 1064
1714260 1063
1714270 1061
1714280 1059
1714290 1056
1714300 1053
1714310 1051
1714320 1048
1714330 1046
1714340 1043
1714350 1042
1714360 1040
1714370 1038
1714380 1037
1714390 1035
1714400 1034
1714410 1032
1714420 1031
1714430 1029
1714440 1028
1714450 1026
1714460 1025
1714470 1024
1714480 1022
1714490 1021
1714500 1019
1714510 1018
1714520 1016
1714530 1014
1714540 1013
1714550 1012
1714560 1011
1714570 1010
1714580 1009
1714590 1008
1714600 1008
1714610 1007
1714620 1007
1714630 1006
1714640 1005
1714650 1004
1714660 1003
1714670 1001
1714680 999
1714690 998
1714700 997
1714710 996
1714720 995
1714730 994
1714740 993
1714750 992
1714760 991
1714770 990
1714780 989
1714790 988
1714800 987
1714810 986
1714820 985
1714830 984
1714840 982
1714850 981
1714860 980
1714870 979
1714880 979
1714890 978
1714900 977
1714910 977
1714920 976
1714930 976
1714940 975
1714950 975
1714960 974
1714970 974
1714980 974
1714990 973
1715000 973
1715010 973
1715020 972
1715030 972
1715040 971
1715050 970
1715060 969
1715070 968
1715080 968
1715090 967
1715100 965
1715110 964
1715120 962
1715130 960
1715140 958
1715150 956
1715160 953
1715170 951
1715180 950
1715190 948
1715200 946
1715210 943
1715220 941
1715230 939
1715240 937
1715250 936
1715260 934
1715270 932
1715280 930
1715290 929
1715300 928
1715310 927
1715320 926
1715330 925
1715340 924
1715350 924
1715360 924
1715370 923
1715380 923
1715390 923
1715400 922
1715410 922
1715420 921
1715430 920
1715440 920
1715450 920
1715460 919
1715470 919
1715480 918
1715490 917
1715500 917
1715510 916
1715520 915
1715530 914
1715540 913
1715550 912
1715560 911
1715570 910
1715580 909
1715590 907
1715600 906
1715610 905
1715620 904
1715630 902
1715640 901
1715650 900
1715660 898
1715670 896
1715680 894
1715690 893
1715700 891
1715710 891
1715720 891
1715730 891
1715740 892
1715750 893
1715760 894
1715770 894
1715780 896
1715790 898
1715800 901
1715810 903
1715820 905
1715830 906
1715840 908
1715850 910
1715860 912
1715870 914
1715880 917
1715890 919
1715900 922
1715910 924
1715920 927
1715930 929
1715940 932
1715950 936
1715960 939
1715970 942
1715980 945
1715990 948
1716000 950
1716010 953
1716020 954
1716030 957
1716040 959
1716050 962
1716060 965
1716070 969
1716080 972
1716090 975
1716100 978
1716110 982
1716120 985
1716130 988
1716140 991
1716150 994
1716160 997
1716170 999
1716180 1002
1716190 1004
1716200 1006
1716210 1008
1716220 1010
1716230 1011
1716240 1012
1716250 1013
1716260 1014
1716270 1014
1716280 1015
1716290 1014
1716300 1015
1716310 1016
1716320 1017
1716330 1018
1716340 1020
1716350 1021
1716360 1023
1716370 1024
1716380 1024
1716390 1025
1716400 1026
1716410 1026
1716420 1026
1716430 1026
1716440 1024
1716450 1023
1716460 1021
1716470 1020
1716480 1019
1716490 1019
1716500 1020
1716510 1021
1716520 1023
1716530 1024
1716540 1025
1716550 1026
1716560 1027
1716570 1028
1716580 1028
1716590 1028
1716600 1028
1716610 1028
1716620 1027
1716630 1027
1716640 1027
1716650 1026
1716660 1026
1716670 1025
1716680 1025
1716690 1024
1716700 1023
1716710 1023
1716720 1022
1716730 1021
1716740 1021
1716750 1020
1716760 1019
1716770 1019
1716780 1018
1716790 1017
1716800 1016
1716810 1015
1716820 1014
1716830 1013
1716840 1011
1716850 1010
1716860 1009
1716870 1008
1716880 1006
1716890 1005
1716900 1004
1716910 1003
1716920 1001
1716930 1000
1716940 999
1716950 997
1716960 996
1716970 994
1716980 992
1716990 991
1717000 989
1717010 987
1717020 985
1717030 982
1717040 979
1717050 976
1717060 974
1717070 971
1717080 968
1717090 966
1717100 963
1717110 961
1717120 958
1717130 955
1717140 952
1717150 949
1717160 946
1717170 943
1717180 941
1717190 939
1717200 937
1717210 935
1717220 934
1717230 934
1717240 933
1717250 932
1717260 931
1717270 930
1717280 930
1717290 929
1717300 929
1717310 930
1717320 933
1717330 937
1717340 940
1717350 943
1717360 945
1717370 946
1717380 947
1717390 948
1717400 950
1717410 951
1717420 952
1717430 952
1717440 953
1717450 954
1717460 953
1717470 953
1717480 952
1717490 951
1717500 951
1717510 951
1717520 953
1717530 954
1717540 955
1717550 956
1717560 957
1717570 958
1717580 959
1717590 960
1717600 960
1717610 961
1717620 961
1717630 961
1717640 960
1717650 959
1717660 958
1717670 955
1717680 953
1717690 950
1717700 948
1717710 946
1717720 945
1717730 943
1717740 941
1717750 941
1717760 940
1717770 938
1717780 937
1717790 935
1717800 934
1717810 933
1717820 933
1717830 932
1717840 931
1717850 930
1717860 929
1717870 927
1717880 924
1717890 921
1717900 919
1717910 919
1717920 920
1717930 920
1717940 920
1717950 920
1717960 919
1717970 918
1717980 917
1717990 916
1718000 914
1718010 913
1718020 912
1718030 911
1718040 910
1718050 909
1718060 909
1718070 909
1718080 909
1718090 908
1718100 907
1718110 906
1718120 904
1718130 902
1718140 900
1718150 898
1718160 896
1718170 895
1718180 895
1718190 895
1718200 895
1718210 895
1718220 894
1718230 894
1718240 894
1718250 894
1718260 894
1718270 894
1718280 894
1718290 894
1718300 894
1718310 894
1718320 895
1718330 896
1718340 898
1718350 900
1718360 901
1718370 903
1718380 905
1718390 907
1718400 908
1718410 910
1718420 911
1718430 912
1718440 913
1718450 915
1718460 917
1718470 919
1718480 921
1718490 924
1718500 926
1718510 929
1718520 932
1718530 934
1718540 937
1718550 941
1718560 945
1718570 949
1718580 953
1718590 957
1718600 962
1718610 965
1718620 967
1718630 968
1718640 965
1718650 964
1718660 964
1718670 966
1718680 968
1718690 970
1718700 971
1718710 973
1718720 975
1718730 974
1718740 973
1718750 971
1718760 970
1718770 971
1718780 973
1718790 974
1718800 978
1718810 981
1718820 985
1718830 989
1718840 992
1718850 996
1718860 999
1718870 1002
1718880 1004
1718890 1007
1718900 1010
1718910 1014
1718920 1018
1718930 1023
1718940 1027
1718950 1031
1718960 1035
1718970 1039
1718980 1043
1718990 1047
1719000 1051
1719010 1055
1719020 1059
1719030 1063
1719040 1067
1719050 1071
1719060 1075
1719070 1079
1719080 1083
1719090 1087
1719100 1090
1719110 1094
1719120 1098
1719130 1101
1719140 1104
1719150 1107
1719160 1111
1719170 1114
1719180 1117
1719190 1121
1719200 1124
1719210 1127
1719220 1130
1719230 1132
1719240 1135
1719250 1139
1719260 1144
1719270 1149
1719280 1151
1719290 1152
1719300 1152
1719310 1153
1719320 1154
1719330 1155
1719340 1156
1719350 1156
1719360 1155
1719370 1154
1719380 1152
1719390 1150
1719400 1148
1719410 1146
1719420 1144
1719430 1141
1719440 1138
1719450 1136
1719460 1134
1719470 1132
1719480 1130
1719490 1128
1719500 1125
1719510 1123
1719520 1120
1719530 1118
1719540 1116
1719550 1113
1719560 1111
1719570 1109
1719580 1108
1719590 1106
1719600 1104
1719610 1102
1719620 1100
1719630 1098
1719640 1097
1719650 1095
1719660 1093
1719670 1092
1719680 1090
1719690 1089
1719700 1087
1719710 1087
1719720 1087
1719730 1087
1719740 1087
1719750 1088
1719760 1089
1719770 1091
1719780 1092
1719790 1093
1719800 1094
1719810 1095
1719820 1096
1719830 1096
1719840 1097
1719850 1098
1719860 1099
1719870 1099
1719880 1099
1719890 1100
1719900 1100
1719910 1100
1719920 1100
1719930 1099
1719940 1099
1719950 1098
1719960 1098
1719970 1098
1719980 1097
1719990 1097
