1700000 649
1700010 644
1700020 640
1700030 636
1700040 633
1700050 629
1700060 625
1700070 622
1700080 618
1700090 613
1700100 609
1700110 604
1700120 599
1700130 594
1700140 590
1700150 586
1700160 583
1700170 582
1700180 582
1700190 582
1700200 584
1700210 587
1700220 591
1700230 599
1700240 606
1700250 614
1700260 614
1700270 616
1700280 622
1700290 635
1700300 645
1700310 651
1700320 657
1700330 662
1700340 666
1700350 672
1700360 676
1700370 680
1700380 678
1700390 678
1700400 679
1700410 683
1700420 684
1700430 683
1700440 688
1700450 698
1700460 709
1700470 718
1700480 723
1700490 725
1700500 730
1700510 733
1700520 736
1700530 737
1700540 736
1700550 734
1700560 733
1700570 734
1700580 736
1700590 740
1700600 745
1700610 751
1700620 756
1700630 760
1700640 764
1700650 769
1700660 781
1700670 799
1700680 831
1700690 848
1700700 863
1700710 879
1700720 887
1700730 893
1700740 895
1700750 896
1700760 896
1700770 894
1700780 894
1700790 895
1700800 898
1700810 900
1700820 900
1700830 898
1700840 895
1700850 891
1700860 887
1700870 882
1700880 878
1700890 874
1700900 871
1700910 867
1700920 864
1700930 861
1700940 858
1700950 855
1700960 854
1700970 855
1700980 859
1700990 862
1701000 866
1701010 869
1701020 873
1701030 876
1701040 879
1701050 882
1701060 885
1701070 888
1701080 891
1701090 894
1701100 897
1701110 899
1701120 901
1701130 903
1701140 905
1701150 907
1701160 909
1701170 910
1701180 912
1701190 913
1701200 915
1701210 916
1701220 917
1701230 918
1701240 919
1701250 920
1701260 920
1701270 921
1701280 921
1701290 922
1701300 922
1701310 922
1701320 922
1701330 922
1701340 922
1701350 922
1701360 921
1701370 920
1701380 919
1701390 917
1701400 914
1701410 911
1701420 907
1701430 903
1701440 900
1701450 897
1701460 894
1701470 892
1701480 890
1701490 888
1701500 886
1701510 885
1701520 883
1701530 882
1701540 880
1701550 878
1701560 875
1701570 872
1701580 868
1701590 865
1701600 862
1701610 858
1701620 855
1701630 852
1701640 849
1701650 846
1701660 843
1701670 840
1701680 837
1701690 834
1701700 831
1701710 827
1701720 824
1701730 822
1701740 820
1701750 822
1701760 823
1701770 825
1701780 826
1701790 828
1701800 831
1701810 835
1701820 837
1701830 840
1701840 843
1701850 846
1701860 849
1701870 851
1701880 854
1701890 857
1701900 860
1701910 862
1701920 864
1701930 866
1701940 868
1701950 869
1701960 871
1701970 872
1701980 872
1701990 873
1702000 874
1702010 875
1702020 876
1702030 877
1702040 877
1702050 877
1702060 877
1702070 877
1702080 876
1702090 875
1702100 874
1702110 873
1702120 872
1702130 872
1702140 871
1702150 870
1702160 868
1702170 867
1702180 865
1702190 863
1702200 860
1702210 859
1702220 859
1702230 858
1702240 857
1702250 855
1702260 854
1702270 854
1702280 855
1702290 855
1702300 855
1702310 854
1702320 854
1702330 853
1702340 851
1702350 849
1702360 846
1702370 844
1702380 843
1702390 843
1702400 843
1702410 843
1702420 843
1702430 842
1702440 841
1702450 840
1702460 839
1702470 838
1702480 838
1702490 837
1702500 837
1702510 836
1702520 835
1702530 835
1702540 834
1702550 834
1702560 833
1702570 834
1702580 834
1702590 834
1702600 833
1702610 833
1702620 833
1702630 833
1702640 834
1702650 835
1702660 835
1702670 834
1702680 834
1702690 832
1702700 831
1702710 829
1702720 827
1702730 825
1702740 824
1702750 823
1702760 823
1702770 823
1702780 823
1702790 824
1702800 825
1702810 827
1702820 828
1702830 829
1702840 831
1702850 832
1702860 833
1702870 835
1702880 836
1702890 837
1702900 838
1702910 839
1702920 840
1702930 840
1702940 841
1702950 841
1702960 841
1702970 841
1702980 840
1702990 840
1703000 838
1703010 836
1703020 835
1703030 834
1703040 833
1703050 832
1703060 829
1703070 828
1703080 827
1703090 829
1703100 831
1703110 833
1703120 833
1703130 833
1703140 833
1703150 831
1703160 829
1703170 828
1703180 827
1703190 828
1703200 829
1703210 830
1703220 831
1703230 832
1703240 833
1703250 834
1703260 836
1703270 837
1703280 838
1703290 839
1703300 840
1703310 841
1703320 841
1703330 842
1703340 844
1703350 845
1703360 845
1703370 845
1703380 846
1703390 846
1703400 846
1703410 846
1703420 846
1703430 846
1703440 846
1703450 846
1703460 846
1703470 846
1703480 845
1703490 845
1703500 844
1703510 843
1703520 840
1703530 837
1703540 833
1703550 831
1703560 830
1703570 828
1703580 827
1703590 825
1703600 823
1703610 821
1703620 820
1703630 820
1703640 820
1703650 819
1703660 820
1703670 820
1703680 820
1703690 820
1703700 820
1703710 819
1703720 819
1703730 818
1703740 816
1703750 815
1703760 814
1703770 813
1703780 811
1703790 810
1703800 808
1703810 805
1703820 801
1703830 798
1703840 796
1703850 795
1703860 795
1703870 794
1703880 794
1703890 793
1703900 793
1703910 793
1703920 793
1703930 793
1703940 792
1703950 792
1703960 792
1703970 792
1703980 791
1703990 791
1704000 791
1704010 791
1704020 791
1704030 791
1704040 791
1704050 791
1704060 791
1704070 792
1704080 792
1704090 792
1704100 792
1704110 792
1704120 792
1704130 793
1704140 793
1704150 794
1704160 795
1704170 796
1704180 797
1704190 798
1704200 798
1704210 798
1704220 799
1704230 800
1704240 800
1704250 800
1704260 800
1704270 800
1704280 798
1704290 798
1704300 798
1704310 798
1704320 799
1704330 799
1704340 799
1704350 800
1704360 800
1704370 800
1704380 801
1704390 802
1704400 803
1704410 803
1704420 803
1704430 803
1704440 804
1704450 805
1704460 808
1704470 810
1704480 812
1704490 813
1704500 813
1704510 813
1704520 813
1704530 816
1704540 820
1704550 823
1704560 825
1704570 827
1704580 828
1704590 829
1704600 830
1704610 831
1704620 832
1704630 833
1704640 834
1704650 834
1704660 835
1704670 836
1704680 836
1704690 836
1704700 836
1704710 836
1704720 836
1704730 835
1704740 834
1704750 833
1704760 832
1704770 831
1704780 828
1704790 825
1704800 823
1704810 820
1704820 817
1704830 813
1704840 810
1704850 808
1704860 808
1704870 809
1704880 809
1704890 810
1704900 811
1704910 812
1704920 815
1704930 817
1704940 820
1704950 822
1704960 825
1704970 826
1704980 829
1704990 831
1705000 833
1705010 835
1705020 837
1705030 838
1705040 840
1705050 841
1705060 843
1705070 844
1705080 845
1705090 846
1705100 847
1705110 849
1705120 850
1705130 851
1705140 852
1705150 853
1705160 855
1705170 856
1705180 857
1705190 858
1705200 860
1705210 861
1705220 862
1705230 864
1705240 865
1705250 866
1705260 867
1705270 869
1705280 870
1705290 871
1705300 872
1705310 873
1705320 874
1705330 875
1705340 876
1705350 877
1705360 878
1705370 880
1705380 881
1705390 882
1705400 883
1705410 884
1705420 885
1705430 887
1705440 888
1705450 890
1705460 891
1705470 892
1705480 893
1705490 894
1705500 894
1705510 894
1705520 895
1705530 895
1705540 896
1705550 896
1705560 896
1705570 896
1705580 895
1705590 895
1705600 894
1705610 894
1705620 893
1705630 893
1705640 892
1705650 892
1705660 891
1705670 890
1705680 890
1705690 889
1705700 889
1705710 889
1705720 889
1705730 889
1705740 889
1705750 889
1705760 889
1705770 890
1705780 890
1705790 890
1705800 890
1705810 890
1705820 890
1705830 890
1705840 890
1705850 890
1705860 890
1705870 890
1705880 889
1705890 888
1705900 887
1705910 886
1705920 885
1705930 883
1705940 881
1705950 879
1705960 877
1705970 876
1705980 875
1705990 874
1706000 873
1706010 872
1706020 871
1706030 870
1706040 869
1706050 868
1706060 866
1706070 865
1706080 864
1706090 863
1706100 861
1706110 859
1706120 857
1706130 855
1706140 855
1706150 854
1706160 853
1706170 852
1706180 852
1706190 852
1706200 854
1706210 855
1706220 856
1706230 857
1706240 859
1706250 860
1706260 861
1706270 862
1706280 863
1706290 863
1706300 864
1706310 865
1706320 867
1706330 868
1706340 869
1706350 870
1706360 871
1706370 872
1706380 873
1706390 874
1706400 874
1706410 875
1706420 875
1706430 874
1706440 873
1706450 873
1706460 872
1706470 870
1706480 869
1706490 867
1706500 865
1706510 862
1706520 859
1706530 858
1706540 858
1706550 858
1706560 859
1706570 860
1706580 861
1706590 862
1706600 861
1706610 859
1706620 857
1706630 855
1706640 852
1706650 850
1706660 850
1706670 851
1706680 852
1706690 854
1706700 855
1706710 856
1706720 858
1706730 859
1706740 860
1706750 862
1706760 863
1706770 865
1706780 867
1706790 868
1706800 869
1706810 870
1706820 872
1706830 873
1706840 874
1706850 876
1706860 877
1706870 878
1706880 880
1706890 882
1706900 884
1706910 886
1706920 888
1706930 891
1706940 893
1706950 896
1706960 899
1706970 903
1706980 907
1706990 912
1707000 917
1707010 922
1707020 925
1707030 929
1707040 932
1707050 935
1707060 939
1707070 942
1707080 946
1707090 950
1707100 953
1707110 956
1707120 958
1707130 961
1707140 963
1707150 965
1707160 967
1707170 969
1707180 971
1707190 973
1707200 974
1707210 976
1707220 976
1707230 977
1707240 977
1707250 977
1707260 977
1707270 977
1707280 977
1707290 977
1707300 977
1707310 976
1707320 976
1707330 975
1707340 975
1707350 974
1707360 973
1707370 973
1707380 972
1707390 970
1707400 969
1707410 967
1707420 966
1707430 964
1707440 962
1707450 961
1707460 961
1707470 961
1707480 961
1707490 961
1707500 961
1707510 960
1707520 960
1707530 960
1707540 959
1707550 958
1707560 958
1707570 957
1707580 957
1707590 956
1707600 955
1707610 954
1707620 953
1707630 952
1707640 951
1707650 950
1707660 949
1707670 948
1707680 946
1707690 945
1707700 944
1707710 943
1707720 942
1707730 941
1707740 940
1707750 939
1707760 937
1707770 934
1707780 931
1707790 927
1707800 923
1707810 921
1707820 921
1707830 923
1707840 925
1707850 927
1707860 928
1707870 929
1707880 930
1707890 931
1707900 931
1707910 932
1707920 932
1707930 932
1707940 933
1707950 933
1707960 933
1707970 933
1707980 933
1707990 933
1708000 933
1708010 934
1708020 934
1708030 935
1708040 935
1708050 936
1708060 936
1708070 937
1708080 938
1708090 939
1708100 940
1708110 941
1708120 942
1708130 943
1708140 944
1708150 945
1708160 945
1708170 946
1708180 948
1708190 949
1708200 950
1708210 951
1708220 952
1708230 953
1708240 954
1708250 955
1708260 957
1708270 958
1708280 959
1708290 961
1708300 962
1708310 964
1708320 965
1708330 968
1708340 970
1708350 972
1708360 975
1708370 977
1708380 979
1708390 980
1708400 982
1708410 983
1708420 984
1708430 985
1708440 986
1708450 987
1708460 988
1708470 988
1708480 988
1708490 988
1708500 987
1708510 987
1708520 986
1708530 984
1708540 980
1708550 977
1708560 973
1708570 970
1708580 966
1708590 963
1708600 960
1708610 958
1708620 956
1708630 954
1708640 952
1708650 950
1708660 947
1708670 945
1708680 943
1708690 940
1708700 938
1708710 935
1708720 932
1708730 930
1708740 927
1708750 925
1708760 923
1708770 921
1708780 920
1708790 919
1708800 918
1708810 916
1708820 915
1708830 914
1708840 913
1708850 912
1708860 912
1708870 911
1708880 910
1708890 909
1708900 908
1708910 907
1708920 907
1708930 906
1708940 905
1708950 904
1708960 902
1708970 901
1708980 901
1708990 900
1709000 898
1709010 897
1709020 896
1709030 895
1709040 894
1709050 893
1709060 892
1709070 892
1709080 892
1709090 893
1709100 894
1709110 894
1709120 895
1709130 896
1709140 897
1709150 898
1709160 898
1709170 898
1709180 897
1709190 895
1709200 894
1709210 893
1709220 892
1709230 891
1709240 890
1709250 890
1709260 889
1709270 888
1709280 886
1709290 885
1709300 883
1709310 881
1709320 880
1709330 878
1709340 877
1709350 876
1709360 875
1709370 874
1709380 874
1709390 874
1709400 874
1709410 874
1709420 875
1709430 876
1709440 876
1709450 876
1709460 876
1709470 876
1709480 875
1709490 873
1709500 872
1709510 870
1709520 868
1709530 866
1709540 865
1709550 864
1709560 864
1709570 863
1709580 863
1709590 863
1709600 864
1709610 864
1709620 864
1709630 864
1709640 864
1709650 864
1709660 864
1709670 865
1709680 866
1709690 867
1709700 868
1709710 869
1709720 870
1709730 871
1709740 872
1709750 873
1709760 875
1709770 876
1709780 877
1709790 878
1709800 879
1709810 881
1709820 881
1709830 882
1709840 882
1709850 882
1709860 882
1709870 882
1709880 881
1709890 880
1709900 879
1709910 878
1709920 877
1709930 876
1709940 874
1709950 873
1709960 872
1709970 871
1709980 870
1709990 869
1710000 868
1710010 867
1710020 866
1710030 865
1710040 865
1710050 864
1710060 863
1710070 863
1710080 862
1710090 862
1710100 862
1710110 862
1710120 862
1710130 862
1710140 862
1710150 861
1710160 861
1710170 860
1710180 860
1710190 859
1710200 858
1710210 857
1710220 857
1710230 857
1710240 857
1710250 857
1710260 858
1710270 858
1710280 858
1710290 858
1710300 858
1710310 858
1710320 859
1710330 859
1710340 859
1710350 859
1710360 859
1710370 859
1710380 859
1710390 859
1710400 859
1710410 859
1710420 859
1710430 859
1710440 858
1710450 858
1710460 858
1710470 858
1710480 858
1710490 859
1710500 859
1710510 859
1710520 860
1710530 861
1710540 862
1710550 863
1710560 863
1710570 864
1710580 865
1710590 866
1710600 866
1710610 867
1710620 868
1710630 869
1710640 870
1710650 871
1710660 871
1710670 872
1710680 873
1710690 874
1710700 875
1710710 875
1710720 876
1710730 877
1710740 878
1710750 879
1710760 880
1710770 881
1710780 881
1710790 882
1710800 883
1710810 884
1710820 884
1710830 885
1710840 886
1710850 887
1710860 887
1710870 887
1710880 887
1710890 888
1710900 889
1710910 890
1710920 890
1710930 892
1710940 893
1710950 895
1710960 896
1710970 897
1710980 899
1710990 901
1711000 903
1711010 906
1711020 910
1711030 912
1711040 915
1711050 918
1711060 921
1711070 924
1711080 928
1711090 931
1711100 935
1711110 938
1711120 942
1711130 945
1711140 948
1711150 950
1711160 951
1711170 951
1711180 950
1711190 949
1711200 948
1711210 948
1711220 950
1711230 952
1711240 955
1711250 959
1711260 962
1711270 964
1711280 967
1711290 969
1711300 971
1711310 973
1711320 975
1711330 977
1711340 979
1711350 982
1711360 985
1711370 987
1711380 991
1711390 994
1711400 997
1711410 1000
1711420 1004
1711430 1008
1711440 1011
1711450 1015
1711460 1018
1711470 1022
1711480 1026
1711490 1029
1711500 1032
1711510 1035
1711520 1038
1711530 1040
1711540 1043
1711550 1045
1711560 1046
1711570 1045
1711580 1043
1711590 1040
1711600 1038
1711610 1036
1711620 1034
1711630 1032
1711640 1030
1711650 1028
1711660 1027
1711670 1027
1711680 1028
1711690 1028
1711700 1029
1711710 1030
1711720 1031
1711730 1032
1711740 1032
1711750 1033
1711760 1034
1711770 1035
1711780 1036
1711790 1037
1711800 1039
1711810 1041
1711820 1042
1711830 1044
1711840 1045
1711850 1047
1711860 1049
1711870 1051
1711880 1054
1711890 1056
1711900 1058
1711910 1060
1711920 1062
1711930 1064
1711940 1066
1711950 1067
1711960 1069
1711970 1070
1711980 1071
1711990 1071
1712000 1072
1712010 1071
1712020 1071
1712030 1071
1712040 1070
1712050 1070
1712060 1070
1712070 1069
1712080 1068
1712090 1067
1712100 1066
1712110 1066
1712120 1066
1712130 1066
1712140 1066
1712150 1067
1712160 1067
1712170 1068
1712180 1068
1712190 1069
1712200 1070
1712210 1071
1712220 1072
1712230 1072
1712240 1073
1712250 1074
1712260 1075
1712270 1075
1712280 1076
1712290 1076
1712300 1077
1712310 1077
1712320 1078
1712330 1078
1712340 1078
1712350 1079
1712360 1079
1712370 1080
1712380 1081
1712390 1081
1712400 1082
1712410 1082
1712420 1083
1712430 1084
1712440 1085
1712450 1086
1712460 1087
1712470 1088
1712480 1089
1712490 1090
1712500 1090
1712510 1091
1712520 1091
1712530 1092
1712540 1092
1712550 1093
1712560 1094
1712570 1095
1712580 1095
1712590 1096
1712600 1098
1712610 1099
1712620 1101
1712630 1103
1712640 1104
1712650 1105
1712660 1106
1712670 1107
1712680 1109
1712690 1109
1712700 1110
1712710 1111
1712720 1112
1712730 1113
1712740 1113
1712750 1114
1712760 1115
1712770 1116
1712780 1117
1712790 1119
1712800 1120
1712810 1121
1712820 1122
1712830 1123
1712840 1124
1712850 1125
1712860 1127
1712870 1128
1712880 1129
1712890 1131
1712900 1132
1712910 1133
1712920 1134
1712930 1136
1712940 1136
1712950 1137
1712960 1137
1712970 1137
1712980 1138
1712990 1138
1713000 1138
1713010 1138
1713020 1137
1713030 1137
1713040 1136
1713050 1136
1713060 1135
1713070 1133
1713080 1132
1713090 1131
1713100 1130
1713110 1129
1713120 1128
1713130 1127
1713140 1126
1713150 1124
1713160 1122
1713170 1120
1713180 1118
1713190 1116
1713200 1114
1713210 1112
1713220 1110
1713230 1108
1713240 1107
1713250 1105
1713260 1103
1713270 1101
1713280 1099
1713290 1098
1713300 1096
1713310 1094
1713320 1093
1713330 1091
1713340 1090
1713350 1088
1713360 1086
1713370 1085
1713380 1083
1713390 1081
1713400 1079
1713410 1077
1713420 1074
1713430 1071
1713440 1069
1713450 1066
1713460 1064
1713470 1062
1713480 1060
1713490 1059
1713500 1058
1713510 1057
1713520 1056
1713530 1055
1713540 1055
1713550 1054
1713560 1054
1713570 1055
1713580 1055
1713590 1055
1713600 1055
1713610 1055
1713620 1055
1713630 1055
1713640 1055
1713650 1056
1713660 1056
1713670 1057
1713680 1058
1713690 1059
1713700 1061
1713710 1063
1713720 1065
1713730 1068
1713740 1070
1713750 1072
1713760 1074
1713770 1076
1713780 1078
1713790 1080
1713800 1081
1713810 1083
1713820 1085
1713830 1087
1713840 1089
1713850 1090
1713860 1092
1713870 1093
1713880 1094
1713890 1094
1713900 1094
1713910 1094
1713920 1093
1713930 1092
1713940 1091
1713950 1090
1713960 1089
1713970 1088
1713980 1086
1713990 1085
1714000 1083
1714010 1081
1714020 1079
1714030 1076
1714040 1074
1714050 1071
1714060 1068
1714070 1065
1714080 1062
1714090 1059
1714100 1056
1714110 1053
1714120 1051
1714130 1049
1714140 1047
1714150 1045
1714160 1044
1714170 1042
1714180 1040
1714190 1039
1714200 1038
1714210 1037
1714220 1037
1714230 1036
1714240 1036
1714250 1035
1714260 1035
1714270 1035
1714280 1035
1714290 1035
1714300 1035
1714310 1035
1714320 1035
1714330 1035
1714340 1035
1714350 1035
1714360 1035
1714370 1035
1714380 1035
1714390 1035
1714400 1035
1714410 1035
1714420 1034
1714430 1034
1714440 1034
1714450 1035
1714460 1035
1714470 1036
1714480 1036
1714490 1036
1714500 1037
1714510 1037
1714520 1037
1714530 1037
1714540 1038
1714550 1038
1714560 1038
1714570 1039
1714580 1040
1714590 1041
1714600 1042
1714610 1042
1714620 1043
1714630 1043
1714640 1044
1714650 1045
1714660 1045
1714670 1046
1714680 1047
1714690 1048
1714700 1049
1714710 1051
1714720 1052
1714730 1053
1714740 1054
1714750 1055
1714760 1056
1714770 1057
1714780 1059
1714790 1059
1714800 1060
1714810 1061
1714820 1062
1714830 1063
1714840 1063
1714850 1064
1714860 1065
1714870 1065
1714880 1066
1714890 1066
1714900 1067
1714910 1067
1714920 1068
1714930 1069
1714940 1069
1714950 1070
1714960 1071
1714970 1071
1714980 1072
1714990 1073
1715000 1073
1715010 1073
1715020 1074
1715030 1074
1715040 1074
1715050 1074
1715060 1074
1715070 1074
1715080 1076
1715090 1077
1715100 1078
1715110 1078
1715120 1079
1715130 1080
1715140 1080
1715150 1081
1715160 1082
1715170 1082
1715180 1083
1715190 1084
1715200 1084
1715210 1085
1715220 1085
1715230 1086
1715240 1087
1715250 1087
1715260 1088
1715270 1089
1715280 1089
1715290 1090
1715300 1090
1715310 1091
1715320 1091
1715330 1091
1715340 1092
1715350 1092
1715360 1092
1715370 1092
1715380 1092
1715390 1092
1715400 1092
1715410 1091
1715420 1091
1715430 1090
1715440 1090
1715450 1089
1715460 1088
1715470 1087
1715480 1086
1715490 1085
1715500 1084
1715510 1083
1715520 1082
1715530 1082
1715540 1081
1715550 1080
1715560 1079
1715570 1079
1715580 1079
1715590 1078
1715600 1078
1715610 1077
1715620 1076
1715630 1076
1715640 1075
1715650 1073
1715660 1072
1715670 1070
1715680 1068
1715690 1066
1715700 1064
1715710 1061
1715720 1058
1715730 1054
1715740 1049
1715750 1045
1715760 1040
1715770 1035
1715780 1031
1715790 1027
1715800 1023
1715810 1019
1715820 1015
1715830 1012
1715840 1009
1715850 1005
1715860 1002
1715870 998
1715880 993
1715890 989
1715900 984
1715910 980
1715920 977
1715930 973
1715940 970
1715950 967
1715960 963
1715970 960
1715980 957
1715990 954
1716000 951
1716010 950
1716020 950
1716030 951
1716040 953
1716050 956
1716060 959
1716070 961
1716080 964
1716090 967
1716100 970
1716110 973
1716120 976
1716130 980
1716140 984
1716150 988
1716160 992
1716170 996
1716180 999
1716190 1003
1716200 1006
1716210 1010
1716220 1013
1716230 1017
1716240 1020
1716250 1023
1716260 1026
1716270 1028
1716280 1031
1716290 1034
1716300 1037
1716310 1041
1716320 1044
1716330 1047
1716340 1050
1716350 1053
1716360 1057
1716370 1060
1716380 1063
1716390 1066
1716400 1069
1716410 1072
1716420 1075
1716430 1078
1716440 1081
1716450 1084
1716460 1088
1716470 1092
1716480 1095
1716490 1097
1716500 1100
1716510 1102
1716520 1105
1716530 1107
1716540 1110
1716550 1112
1716560 1113
1716570 1115
1716580 1116
1716590 1117
1716600 1118
1716610 1120
1716620 1121
1716630 1122
1716640 1123
1716650 1125
1716660 1126
1716670 1127
1716680 1128
1716690 1129
1716700 1130
1716710 1130
1716720 1131
1716730 1131
1716740 1132
1716750 1132
1716760 1133
1716770 1133
1716780 1134
1716790 1135
1716800 1136
1716810 1137
1716820 1137
1716830 1138
1716840 1139
1716850 1140
1716860 1140
1716870 1141
1716880 1141
1716890 1142
1716900 1142
1716910 1143
1716920 1143
1716930 1144
1716940 1144
1716950 1145
1716960 1145
1716970 1146
1716980 1146
1716990 1146
1717000 1147
1717010 1148
1717020 1148
1717030 1149
1717040 1150
1717050 1151
1717060 1151
1717070 1152
1717080 1153
1717090 1154
1717100 1155
1717110 1155
1717120 1156
1717130 1157
1717140 1158
1717150 1158
1717160 1158
1717170 1159
1717180 1160
1717190 1161
1717200 1161
1717210 1161
1717220 1160
1717230 1160
1717240 1160
1717250 1160
1717260 1158
1717270 1154
1717280 1148
1717290 1143
1717300 1137
1717310 1132
1717320 1126
1717330 1121
1717340 1116
1717350 1112
1717360 1108
1717370 1104
1717380 1101
1717390 1098
1717400 1095
1717410 1094
1717420 1092
1717430 1090
1717440 1088
1717450 1088
1717460 1088
1717470 1089
1717480 1089
1717490 1089
1717500 1090
1717510 1091
1717520 1091
1717530 1092
1717540 1093
1717550 1093
1717560 1093
1717570 1094
1717580 1095
1717590 1095
1717600 1094
1717610 1092
1717620 1090
1717630 1089
1717640 1087
1717650 1085
1717660 1083
1717670 1081
1717680 1079
1717690 1077
1717700 1075
1717710 1072
1717720 1070
1717730 1067
1717740 1064
1717750 1061
1717760 1058
1717770 1055
1717780 1052
1717790 1049
1717800 1045
1717810 1042
1717820 1039
1717830 1036
1717840 1034
1717850 1031
1717860 1029
1717870 1027
1717880 1025
1717890 1022
1717900 1019
1717910 1016
1717920 1014
1717930 1012
1717940 1009
1717950 1003
1717960 997
1717970 992
1717980 988
1717990 985
1718000 981
1718010 978
1718020 976
1718030 974
1718040 972
1718050 970
1718060 968
1718070 965
1718080 963
1718090 960
1718100 958
1718110 956
1718120 954
1718130 951
1718140 949
1718150 947
1718160 945
1718170 943
1718180 941
1718190 940
1718200 939
1718210 938
1718220 936
1718230 934
1718240 932
1718250 929
1718260 926
1718270 925
1718280 923
1718290 922
1718300 919
1718310 917
1718320 916
1718330 915
1718340 913
1718350 912
1718360 910
1718370 907
1718380 905
1718390 903
1718400 903
1718410 902
1718420 900
1718430 898
1718440 896
1718450 895
1718460 893
1718470 890
1718480 887
1718490 883
1718500 878
1718510 874
1718520 870
1718530 866
1718540 863
1718550 861
1718560 858
1718570 855
1718580 849
1718590 838
1718600 831
1718610 826
1718620 824
1718630 828
1718640 833
1718650 841
1718660 846
1718670 851
1718680 855
1718690 858
1718700 862
1718710 867
1718720 872
1718730 877
1718740 880
1718750 884
1718760 887
1718770 890
1718780 888
1718790 888
1718800 888
1718810 891
1718820 896
1718830 902
1718840 910
1718850 915
1718860 918
1718870 918
1718880 917
1718890 913
1718900 909
1718910 906
1718920 903
1718930 902
1718940 900
1718950 898
1718960 895
1718970 893
1718980 892
1718990 892
1719000 891
1719010 891
1719020 889
1719030 888
1719040 888
1719050 890
1719060 891
1719070 891
1719080 888
1719090 887
1719100 886
1719110 884
1719120 883
1719130 882
1719140 881
1719150 880
1719160 878
1719170 876
1719180 874
1719190 872
1719200 871
1719210 869
1719220 867
1719230 866
1719240 865
1719250 864
1719260 863
1719270 862
1719280 862
1719290 861
1719300 857
1719310 853
1719320 849
1719330 845
1719340 842
1719350 839
1719360 837
1719370 834
1719380 830
1719390 826
1719400 822
1719410 817
1719420 812
1719430 808
1719440 804
1719450 799
1719460 792
1719470 784
1719480 777
1719490 771
1719500 767
1719510 763
1719520 760
1719530 757
1719540 753
1719550 750
1719560 747
1719570 745
1719580 742
1719590 738
1719600 731
1719610 726
1719620 721
1719630 717
1719640 713
1719650 708
1719660 704
1719670 699
1719680 695
1719690 692
1719700 689
1719710 686
1719720 683
1719730 680
1719740 677
1719750 675
1719760 673
1719770 670
1719780 667
1719790 665
1719800 663
1719810 661
1719820 659
1719830 658
1719840 657
1719850 657
1719860 657
1719870 658
1719880 659
1719890 661
1719900 664
1719910 669
1719920 674
1719930 679
1719940 684
1719950 689
1719960 693
1719970 699
1719980 705
1719990 712
