1700000 943
1700010 944
1700020 944
1700030 944
1700040 943
1700050 943
1700060 942
1700070 941
1700080 941
1700090 940
1700100 939
1700110 938
1700120 937
1700130 936
1700140 935
1700150 934
1700160 933
1700170 932
1700180 930
1700190 924
1700200 915
1700210 905
1700220 897
1700230 889
1700240 885
1700250 881
1700260 878
1700270 872
1700280 864
1700290 853
1700300 834
1700310 818
1700320 804
1700330 793
1700340 782
1700350 770
1700360 759
1700370 754
1700380 753
1700390 755
1700400 760
1700410 764
1700420 767
1700430 767
1700440 764
1700450 758
1700460 754
1700470 752
1700480 753
1700490 756
1700500 760
1700510 765
1700520 769
1700530 773
1700540 777
1700550 779
1700560 782
1700570 784
1700580 784
1700590 783
1700600 780
1700610 776
1700620 772
1700630 768
1700640 762
1700650 755
1700660 745
1700670 736
1700680 725
1700690 712
1700700 703
1700710 698
1700720 696
1700730 698
1700740 697
1700750 694
1700760 680
1700770 671
1700780 667
1700790 660
1700800 651
1700810 642
1700820 637
1700830 636
1700840 638
1700850 640
1700860 640
1700870 639
1700880 637
1700890 635
1700900 633
1700910 631
1700920 630
1700930 629
1700940 627
1700950 627
1700960 626
1700970 626
1700980 625
1700990 624
1701000 622
1701010 622
1701020 623
1701030 621
1701040 619
1701050 616
1701060 614
1701070 613
1701080 612
1701090 612
1701100 612
1701110 613
1701120 614
1701130 615
1701140 616
1701150 615
1701160 615
1701170 614
1701180 612
1701190 612
1701200 611
1701210 609
1701220 608
1701230 606
1701240 605
1701250 605
1701260 604
1701270 603
1701280 603
1701290 603
1701300 603
1701310 604
1701320 604
1701330 604
1701340 605
1701350 606
1701360 607
1701370 610
1701380 611
1701390 611
1701400 611
1701410 610
1701420 609
1701430 609
1701440 609
1701450 609
1701460 608
1701470 607
1701480 607
1701490 607
1701500 607
1701510 607
1701520 607
1701530 607
1701540 607
1701550 607
1701560 607
1701570 608
1701580 610
1701590 612
1701600 613
1701610 613
1701620 613
1701630 613
1701640 613
1701650 614
1701660 616
1701670 620
1701680 626
1701690 631
1701700 632
1701710 631
1701720 629
1701730 628
1701740 628
1701750 629
1701760 631
1701770 635
1701780 639
1701790 644
1701800 649
1701810 654
1701820 659
1701830 664
1701840 669
1701850 673
1701860 678
1701870 682
1701880 684
1701890 688
1701900 691
1701910 694
1701920 698
1701930 703
1701940 709
1701950 715
1701960 720
1701970 724
1701980 728
1701990 732
1702000 736
1702010 741
1702020 745
1702030 748
1702040 751
1702050 754
1702060 758
1702070 762
1702080 766
1702090 770
1702100 774
1702110 778
1702120 781
1702130 786
1702140 791
1702150 796
1702160 802
1702170 809
1702180 816
1702190 823
1702200 830
1702210 837
1702220 843
1702230 849
1702240 854
1702250 859
1702260 861
1702270 863
1702280 865
1702290 865
1702300 864
1702310 861
1702320 857
1702330 854
1702340 851
1702350 848
1702360 846
1702370 844
1702380 842
1702390 841
1702400 840
1702410 840
1702420 839
1702430 839
1702440 839
1702450 839
1702460 839
1702470 840
1702480 840
1702490 840
1702500 841
1702510 841
1702520 842
1702530 842
1702540 842
1702550 843
1702560 843
1702570 844
1702580 844
1702590 844
1702600 845
1702610 845
1702620 846
1702630 846
1702640 846
1702650 847
1702660 847
1702670 847
1702680 848
1702690 848
1702700 849
1702710 850
1702720 850
1702730 851
1702740 851
1702750 852
1702760 853
1702770 854
1702780 854
1702790 855
1702800 856
1702810 857
1702820 858
1702830 859
1702840 860
1702850 860
1702860 861
1702870 861
1702880 861
1702890 861
1702900 860
1702910 860
1702920 860
1702930 859
1702940 859
1702950 859
1702960 859
1702970 859
1702980 859
1702990 859
1703000 859
1703010 859
1703020 858
1703030 858
1703040 858
1703050 857
1703060 856
1703070 856
1703080 854
1703090 853
1703100 852
1703110 851
1703120 850
1703130 848
1703140 846
1703150 844
1703160 841
1703170 838
1703180 835
1703190 833
1703200 830
1703210 827
1703220 824
1703230 821
1703240 818
1703250 815
1703260 809
1703270 804
1703280 799
1703290 795
1703300 791
1703310 789
1703320 787
1703330 785
1703340 785
1703350 785
1703360 786
1703370 786
1703380 788
1703390 790
1703400 792
1703410 793
1703420 794
1703430 795
1703440 796
1703450 797
1703460 797
1703470 797
1703480 797
1703490 797
1703500 797
1703510 796
1703520 795
1703530 794
1703540 794
1703550 793
1703560 792
1703570 792
1703580 791
1703590 791
1703600 791
1703610 791
1703620 791
1703630 791
1703640 791
1703650 791
1703660 791
1703670 791
1703680 791
1703690 791
1703700 791
1703710 791
1703720 791
1703730 791
1703740 791
1703750 792
1703760 793
1703770 794
1703780 794
1703790 794
1703800 794
1703810 793
1703820 793
1703830 794
1703840 794
1703850 794
1703860 794
1703870 795
1703880 795
1703890 795
1703900 795
1703910 795
1703920 795
1703930 795
1703940 796
1703950 796
1703960 796
1703970 796
1703980 796
1703990 796
1704000 796
1704010 796
1704020 796
1704030 796
1704040 797
1704050 797
1704060 797
1704070 797
1704080 798
1704090 799
1704100 800
1704110 801
1704120 802
1704130 802
1704140 802
1704150 803
1704160 803
1704170 803
1704180 803
1704190 802
1704200 803
1704210 804
1704220 805
1704230 806
1704240 806
1704250 806
1704260 806
1704270 806
1704280 806
1704290 806
1704300 807
1704310 808
1704320 810
1704330 811
1704340 812
1704350 813
1704360 814
1704370 815
1704380 816
1704390 818
1704400 819
1704410 820
1704420 820
1704430 821
1704440 822
1704450 823
1704460 824
1704470 825
1704480 825
1704490 826
1704500 827
1704510 827
1704520 828
1704530 829
1704540 829
1704550 830
1704560 830
1704570 830
1704580 831
1704590 832
1704600 833
1704610 835
1704620 836
1704630 836
1704640 838
1704650 840
1704660 842
1704670 844
1704680 845
1704690 847
1704700 848
1704710 850
1704720 851
1704730 852
1704740 854
1704750 855
1704760 856
1704770 857
1704780 858
1704790 859
1704800 860
1704810 861
1704820 862
1704830 863
1704840 864
1704850 865
1704860 866
1704870 867
1704880 868
1704890 868
1704900 869
1704910 869
1704920 870
1704930 870
1704940 870
1704950 870
1704960 870
1704970 870
1704980 870
1704990 870
1705000 870
1705010 869
1705020 869
1705030 868
1705040 867
1705050 864
1705060 862
1705070 859
1705080 857
1705090 855
1705100 853
1705110 852
1705120 850
1705130 847
1705140 844
1705150 845
1705160 846
1705170 847
1705180 847
1705190 848
1705200 848
1705210 849
1705220 849
1705230 849
1705240 849
1705250 849
1705260 849
1705270 849
1705280 849
1705290 849
1705300 849
1705310 849
1705320 849
1705330 849
1705340 849
1705350 849
1705360 849
1705370 849
1705380 849
1705390 849
1705400 849
1705410 849
1705420 849
1705430 849
1705440 849
1705450 849
1705460 849
1705470 849
1705480 848
1705490 848
1705500 848
1705510 848
1705520 847
1705530 847
1705540 846
1705550 845
1705560 843
1705570 841
1705580 839
1705590 836
1705600 834
1705610 833
1705620 831
1705630 827
1705640 825
1705650 826
1705660 830
1705670 831
1705680 832
1705690 832
1705700 832
1705710 832
1705720 833
1705730 834
1705740 834
1705750 835
1705760 835
1705770 834
1705780 834
1705790 833
1705800 833
1705810 832
1705820 831
1705830 831
1705840 830
1705850 830
1705860 829
1705870 828
1705880 827
1705890 826
1705900 824
1705910 822
1705920 821
1705930 821
1705940 820
1705950 819
1705960 818
1705970 818
1705980 818
1705990 817
1706000 818
1706010 819
1706020 822
1706030 825
1706040 828
1706050 831
1706060 833
1706070 835
1706080 838
1706090 840
1706100 841
1706110 843
1706120 844
1706130 845
1706140 845
1706150 845
1706160 845
1706170 845
1706180 845
1706190 845
1706200 845
1706210 845
1706220 845
1706230 845
1706240 845
1706250 845
1706260 846
1706270 847
1706280 847
1706290 848
1706300 849
1706310 850
1706320 851
1706330 852
1706340 853
1706350 855
1706360 856
1706370 858
1706380 859
1706390 861
1706400 862
1706410 864
1706420 866
1706430 868
1706440 869
1706450 871
1706460 872
1706470 874
1706480 876
1706490 878
1706500 880
1706510 882
1706520 884
1706530 886
1706540 888
1706550 891
1706560 894
1706570 898
1706580 901
1706590 905
1706600 909
1706610 912
1706620 916
1706630 919
1706640 922
1706650 925
1706660 929
1706670 932
1706680 936
1706690 940
1706700 945
1706710 949
1706720 954
1706730 958
1706740 961
1706750 963
1706760 965
1706770 966
1706780 966
1706790 966
1706800 965
1706810 965
1706820 964
1706830 962
1706840 961
1706850 958
1706860 955
1706870 952
1706880 949
1706890 948
1706900 946
1706910 945
1706920 944
1706930 942
1706940 941
1706950 940
1706960 939
1706970 939
1706980 938
1706990 938
1707000 939
1707010 941
1707020 943
1707030 945
1707040 947
1707050 949
1707060 951
1707070 952
1707080 954
1707090 956
1707100 957
1707110 958
1707120 959
1707130 960
1707140 961
1707150 962
1707160 962
1707170 963
1707180 964
1707190 964
1707200 965
1707210 966
1707220 967
1707230 967
1707240 968
1707250 969
1707260 969
1707270 970
1707280 971
1707290 972
1707300 972
1707310 973
1707320 973
1707330 974
1707340 974
1707350 974
1707360 974
1707370 975
1707380 976
1707390 977
1707400 977
1707410 977
1707420 977
1707430 975
1707440 974
1707450 972
1707460 970
1707470 969
1707480 968
1707490 967
1707500 967
1707510 967
1707520 966
1707530 965
1707540 965
1707550 966
1707560 967
1707570 969
1707580 973
1707590 976
1707600 979
1707610 983
1707620 986
1707630 989
1707640 992
1707650 995
1707660 998
1707670 1001
1707680 1003
1707690 1006
1707700 1009
1707710 1012
1707720 1014
1707730 1017
1707740 1019
1707750 1022
1707760 1024
1707770 1025
1707780 1027
1707790 1028
1707800 1029
1707810 1030
1707820 1031
1707830 1033
1707840 1034
1707850 1036
1707860 1037
1707870 1038
1707880 1039
1707890 1040
1707900 1041
1707910 1041
1707920 1041
1707930 1042
1707940 1042
1707950 1042
1707960 1043
1707970 1043
1707980 1043
1707990 1044
1708000 1044
1708010 1044
1708020 1045
1708030 1045
1708040 1046
1708050 1046
1708060 1047
1708070 1047
1708080 1048
1708090 1048
1708100 1049
1708110 1049
1708120 1049
1708130 1049
1708140 1049
1708150 1050
1708160 1050
1708170 1050
1708180 1050
1708190 1050
1708200 1051
1708210 1051
1708220 1051
1708230 1051
1708240 1051
1708250 1051
1708260 1051
1708270 1050
1708280 1049
1708290 1046
1708300 1044
1708310 1042
1708320 1041
1708330 1039
1708340 1037
1708350 1036
1708360 1034
1708370 1033
1708380 1032
1708390 1031
1708400 1031
1708410 1030
1708420 1029
1708430 1029
1708440 1029
1708450 1029
1708460 1029
1708470 1029
1708480 1029
1708490 1029
1708500 1029
1708510 1029
1708520 1030
1708530 1030
1708540 1031
1708550 1032
1708560 1033
1708570 1033
1708580 1034
1708590 1035
1708600 1036
1708610 1037
1708620 1037
1708630 1038
1708640 1039
1708650 1039
1708660 1039
1708670 1040
1708680 1040
1708690 1040
1708700 1039
1708710 1039
1708720 1038
1708730 1038
1708740 1037
1708750 1037
1708760 1036
1708770 1034
1708780 1033
1708790 1032
1708800 1031
1708810 1030
1708820 1029
1708830 1027
1708840 1026
1708850 1025
1708860 1024
1708870 1023
1708880 1022
1708890 1021
1708900 1019
1708910 1017
1708920 1015
1708930 1013
1708940 1012
1708950 1010
1708960 1008
1708970 1006
1708980 1004
1708990 1002
1709000 1000
1709010 998
1709020 996
1709030 994
1709040 991
1709050 989
1709060 986
1709070 982
1709080 979
1709090 976
1709100 973
1709110 970
1709120 968
1709130 965
1709140 963
1709150 961
1709160 959
1709170 957
1709180 955
1709190 954
1709200 953
1709210 952
1709220 952
1709230 951
1709240 950
1709250 949
1709260 947
1709270 945
1709280 943
1709290 942
1709300 940
1709310 940
1709320 939
1709330 938
1709340 938
1709350 937
1709360 936
1709370 935
1709380 933
1709390 931
1709400 929
1709410 927
1709420 924
1709430 921
1709440 917
1709450 914
1709460 912
1709470 910
1709480 907
1709490 905
1709500 903
1709510 901
1709520 899
1709530 897
1709540 895
1709550 894
1709560 896
1709570 899
1709580 903
1709590 907
1709600 911
1709610 914
1709620 917
1709630 918
1709640 917
1709650 914
1709660 912
1709670 911
1709680 909
1709690 906
1709700 903
1709710 898
1709720 898
1709730 899
1709740 901
1709750 901
1709760 900
1709770 900
1709780 901
1709790 902
1709800 903
1709810 904
1709820 904
1709830 905
1709840 905
1709850 906
1709860 907
1709870 908
1709880 909
1709890 910
1709900 910
1709910 911
1709920 913
1709930 914
1709940 916
1709950 918
1709960 920
1709970 921
1709980 923
1709990 925
1710000 926
1710010 928
1710020 930
1710030 932
1710040 934
1710050 936
1710060 938
1710070 941
1710080 943
1710090 945
1710100 948
1710110 950
1710120 953
1710130 956
1710140 959
1710150 962
1710160 964
1710170 967
1710180 969
1710190 972
1710200 975
1710210 977
1710220 979
1710230 982
1710240 983
1710250 985
1710260 986
1710270 988
1710280 990
1710290 992
1710300 994
1710310 996
1710320 997
1710330 999
1710340 1000
1710350 1001
1710360 1003
1710370 1004
1710380 1005
1710390 1006
1710400 1006
1710410 1007
1710420 1007
1710430 1008
1710440 1007
1710450 1007
1710460 1006
1710470 1005
1710480 1004
1710490 1003
1710500 1002
1710510 1000
1710520 999
1710530 998
1710540 996
1710550 995
1710560 994
1710570 992
1710580 991
1710590 990
1710600 989
1710610 987
1710620 985
1710630 983
1710640 981
1710650 980
1710660 978
1710670 977
1710680 975
1710690 974
1710700 972
1710710 971
1710720 969
1710730 967
1710740 965
1710750 963
1710760 961
1710770 960
1710780 959
1710790 957
1710800 955
1710810 953
1710820 950
1710830 948
1710840 946
1710850 943
1710860 941
1710870 938
1710880 936
1710890 935
1710900 933
1710910 932
1710920 931
1710930 931
1710940 930
1710950 929
1710960 928
1710970 927
1710980 926
1710990 925
1711000 924
1711010 923
1711020 922
1711030 922
1711040 921
1711050 921
1711060 920
1711070 919
1711080 919
1711090 919
1711100 918
1711110 918
1711120 918
1711130 918
1711140 919
1711150 920
1711160 920
1711170 921
1711180 922
1711190 923
1711200 925
1711210 926
1711220 928
1711230 930
1711240 932
1711250 935
1711260 937
1711270 938
1711280 940
1711290 942
1711300 943
1711310 944
1711320 945
1711330 947
1711340 949
1711350 951
1711360 953
1711370 955
1711380 957
1711390 959
1711400 962
1711410 964
1711420 966
1711430 967
1711440 967
1711450 966
1711460 966
1711470 966
1711480 967
1711490 967
1711500 966
1711510 963
1711520 960
1711530 958
1711540 955
1711550 953
1711560 950
1711570 947
1711580 945
1711590 944
1711600 944
1711610 945
1711620 946
1711630 947
1711640 947
1711650 946
1711660 944
1711670 942
1711680 940
1711690 938
1711700 936
1711710 933
1711720 931
1711730 928
1711740 926
1711750 924
1711760 921
1711770 918
1711780 915
1711790 913
1711800 911
1711810 909
1711820 907
1711830 905
1711840 903
1711850 900
1711860 896
1711870 892
1711880 889
1711890 889
1711900 890
1711910 891
1711920 894
1711930 897
1711940 900
1711950 902
1711960 905
1711970 907
1711980 910
1711990 913
1712000 916
1712010 919
1712020 922
1712030 924
1712040 926
1712050 928
1712060 930
1712070 933
1712080 936
1712090 938
1712100 941
1712110 943
1712120 947
1712130 951
1712140 955
1712150 959
1712160 963
1712170 967
1712180 971
1712190 975
1712200 979
1712210 983
1712220 988
1712230 993
1712240 998
1712250 1002
1712260 1005
1712270 1009
1712280 1012
1712290 1014
1712300 1015
1712310 1016
1712320 1016
1712330 1017
1712340 1018
1712350 1018
1712360 1019
1712370 1020
1712380 1021
1712390 1021
1712400 1022
1712410 1023
1712420 1023
1712430 1023
1712440 1023
1712450 1023
1712460 1022
1712470 1021
1712480 1020
1712490 1020
1712500 1019
1712510 1018
1712520 1017
1712530 1017
1712540 1016
1712550 1015
1712560 1014
1712570 1012
1712580 1011
1712590 1010
1712600 1009
1712610 1008
1712620 1007
1712630 1006
1712640 1005
1712650 1004
1712660 1004
1712670 1003
1712680 1003
1712690 1002
1712700 1002
1712710 1002
1712720 1003
1712730 1004
1712740 1005
1712750 1006
1712760 1007
1712770 1008
1712780 1010
1712790 1011
1712800 1012
1712810 1014
1712820 1015
1712830 1016
1712840 1017
1712850 1019
1712860 1020
1712870 1021
1712880 1022
1712890 1023
1712900 1024
1712910 1025
1712920 1026
1712930 1027
1712940 1027
1712950 1028
1712960 1029
1712970 1030
1712980 1030
1712990 1030
1713000 1031
1713010 1031
1713020 1031
1713030 1031
1713040 1031
1713050 1031
1713060 1031
1713070 1031
1713080 1031
1713090 1031
1713100 1031
1713110 1032
1713120 1032
1713130 1033
1713140 1033
1713150 1034
1713160 1034
1713170 1034
1713180 1035
1713190 1034
1713200 1034
1713210 1033
1713220 1032
1713230 1031
1713240 1029
1713250 1027
1713260 1024
1713270 1020
1713280 1016
1713290 1012
1713300 1008
1713310 1004
1713320 1000
1713330 996
1713340 992
1713350 988
1713360 983
1713370 979
1713380 976
1713390 973
1713400 970
1713410 969
1713420 968
1713430 968
1713440 970
1713450 973
1713460 977
1713470 980
1713480 984
1713490 988
1713500 992
1713510 995
1713520 997
1713530 999
1713540 1000
1713550 1000
1713560 998
1713570 996
1713580 993
1713590 991
1713600 990
1713610 989
1713620 988
1713630 987
1713640 986
1713650 985
1713660 985
1713670 986
1713680 989
1713690 992
1713700 995
1713710 997
1713720 1000
1713730 1003
1713740 1006
1713750 1009
1713760 1013
1713770 1017
1713780 1020
1713790 1024
1713800 1027
1713810 1031
1713820 1034
1713830 1038
1713840 1041
1713850 1044
1713860 1047
1713870 1050
1713880 1053
1713890 1056
1713900 1059
1713910 1061
1713920 1063
1713930 1065
1713940 1067
1713950 1069
1713960 1071
1713970 1073
1713980 1074
1713990 1076
1714000 1077
1714010 1078
1714020 1077
1714030 1076
1714040 1075
1714050 1074
1714060 1073
1714070 1071
1714080 1070
1714090 1068
1714100 1067
1714110 1065
1714120 1064
1714130 1063
1714140 1061
1714150 1059
1714160 1057
1714170 1055
1714180 1052
1714190 1050
1714200 1048
1714210 1046
1714220 1045
1714230 1044
1714240 1043
1714250 1042
1714260 1041
1714270 1041
1714280 1040
1714290 1039
1714300 1039
1714310 1039
1714320 1040
1714330 1040
1714340 1040
1714350 1040
1714360 1040
1714370 1040
1714380 1040
1714390 1039
1714400 1038
1714410 1038
1714420 1036
1714430 1034
1714440 1032
1714450 1030
1714460 1029
1714470 1028
1714480 1027
1714490 1027
1714500 1028
1714510 1030
1714520 1032
1714530 1034
1714540 1036
1714550 1037
1714560 1038
1714570 1038
1714580 1038
1714590 1038
1714600 1037
1714610 1036
1714620 1035
1714630 1033
1714640 1030
1714650 1027
1714660 1023
1714670 1020
1714680 1016
1714690 1013
1714700 1011
1714710 1012
1714720 1013
1714730 1015
1714740 1017
1714750 1018
1714760 1019
1714770 1020
1714780 1021
1714790 1021
1714800 1020
1714810 1020
1714820 1018
1714830 1017
1714840 1015
1714850 1013
1714860 1011
1714870 1009
1714880 1006
1714890 1004
1714900 1001
1714910 998
1714920 994
1714930 991
1714940 988
1714950 986
1714960 984
1714970 982
1714980 980
1714990 979
1715000 979
1715010 978
1715020 978
1715030 977
1715040 977
1715050 976
1715060 976
1715070 975
1715080 975
1715090 974
1715100 973
1715110 973
1715120 972
1715130 971
1715140 970
1715150 969
1715160 968
1715170 967
1715180 966
1715190 965
1715200 963
1715210 962
1715220 961
1715230 961
1715240 960
1715250 959
1715260 958
1715270 958
1715280 957
1715290 957
1715300 957
1715310 956
1715320 956
1715330 957
1715340 957
1715350 958
1715360 958
1715370 958
1715380 958
1715390 959
1715400 960
1715410 960
1715420 961
1715430 962
1715440 963
1715450 962
1715460 961
1715470 961
1715480 962
1715490 963
1715500 964
1715510 964
1715520 965
1715530 966
1715540 967
1715550 968
1715560 968
1715570 969
1715580 969
1715590 970
1715600 970
1715610 969
1715620 968
1715630 966
1715640 963
1715650 960
1715660 958
1715670 956
1715680 954
1715690 952
1715700 950
1715710 948
1715720 945
1715730 943
1715740 941
1715750 941
1715760 940
1715770 939
1715780 938
1715790 937
1715800 937
1715810 937
1715820 936
1715830 936
1715840 935
1715850 933
1715860 932
1715870 931
1715880 930
1715890 929
1715900 929
1715910 929
1715920 930
1715930 930
1715940 932
1715950 934
1715960 936
1715970 938
1715980 939
1715990 941
1716000 942
1716010 944
1716020 945
1716030 946
1716040 947
1716050 948
1716060 949
1716070 950
1716080 951
1716090 951
1716100 951
1716110 952
1716120 952
1716130 952
1716140 952
1716150 951
1716160 950
1716170 950
1716180 950
1716190 949
1716200 949
1716210 947
1716220 947
1716230 949
1716240 951
1716250 953
1716260 955
1716270 957
1716280 958
1716290 960
1716300 961
1716310 962
1716320 963
1716330 964
1716340 963
1716350 963
1716360 961
1716370 958
1716380 954
1716390 950
1716400 948
1716410 946
1716420 946
1716430 947
1716440 949
1716450 952
1716460 955
1716470 959
1716480 962
1716490 966
1716500 969
1716510 971
1716520 974
1716530 976
1716540 979
1716550 981
1716560 982
1716570 982
1716580 983
1716590 983
1716600 983
1716610 982
1716620 982
1716630 981
1716640 980
1716650 979
1716660 977
1716670 974
1716680 972
1716690 970
1716700 968
1716710 967
1716720 965
1716730 963
1716740 962
1716750 962
1716760 962
1716770 963
1716780 964
1716790 966
1716800 969
1716810 972
1716820 975
1716830 978
1716840 981
1716850 984
1716860 987
1716870 990
1716880 993
1716890 994
1716900 995
1716910 996
1716920 997
1716930 998
1716940 999
1716950 999
1716960 1000
1716970 1002
1716980 1003
1716990 1006
1717000 1008
1717010 1010
1717020 1012
1717030 1014
1717040 1017
1717050 1019
1717060 1021
1717070 1024
1717080 1026
1717090 1029
1717100 1031
1717110 1034
1717120 1036
1717130 1039
1717140 1041
1717150 1042
1717160 1044
1717170 1045
1717180 1046
1717190 1047
1717200 1048
1717210 1048
1717220 1047
1717230 1046
1717240 1045
1717250 1044
1717260 1042
1717270 1041
1717280 1039
1717290 1038
1717300 1036
1717310 1034
1717320 1032
1717330 1031
1717340 1029
1717350 1028
1717360 1027
1717370 1026
1717380 1025
1717390 1024
1717400 1021
1717410 1018
1717420 1016
1717430 1014
1717440 1011
1717450 1009
1717460 1006
1717470 1003
1717480 1001
1717490 998
1717500 996
1717510 994
1717520 991
1717530 988
1717540 985
1717550 983
1717560 981
1717570 979
1717580 976
1717590 974
1717600 971
1717610 968
1717620 966
1717630 964
1717640 962
1717650 961
1717660 959
1717670 957
1717680 955
1717690 954
1717700 952
1717710 950
1717720 949
1717730 948
1717740 947
1717750 945
1717760 943
1717770 941
1717780 938
1717790 936
1717800 934
1717810 931
1717820 930
1717830 929
1717840 929
1717850 929
1717860 929
1717870 929
1717880 929
1717890 928
1717900 926
1717910 924
1717920 920
1717930 916
1717940 912
1717950 908
1717960 905
1717970 902
1717980 900
1717990 898
1718000 897
1718010 897
1718020 897
1718030 898
1718040 898
1718050 899
1718060 900
1718070 902
1718080 904
1718090 906
1718100 908
1718110 908
1718120 908
1718130 905
1718140 903
1718150 903
1718160 903
1718170 904
1718180 905
1718190 906
1718200 908
1718210 910
1718220 914
1718230 917
1718240 920
1718250 923
1718260 926
1718270 929
1718280 931
1718290 933
1718300 936
1718310 938
1718320 940
1718330 942
1718340 945
1718350 948
1718360 952
1718370 955
1718380 958
1718390 962
1718400 965
1718410 968
1718420 972
1718430 976
1718440 980
1718450 983
1718460 987
1718470 990
1718480 993
1718490 996
1718500 999
1718510 1003
1718520 1006
1718530 1009
1718540 1012
1718550 1015
1718560 1018
1718570 1022
1718580 1025
1718590 1028
1718600 1031
1718610 1033
1718620 1035
1718630 1037
1718640 1036
1718650 1036
1718660 1034
1718670 1032
1718680 1030
1718690 1028
1718700 1026
1718710 1023
1718720 1021
1718730 1018
1718740 1016
1718750 1013
1718760 1010
1718770 1006
1718780 1003
1718790 1000
1718800 996
1718810 993
1718820 989
1718830 986
1718840 983
1718850 979
1718860 976
1718870 974
1718880 973
1718890 972
1718900 970
1718910 966
1718920 963
1718930 959
1718940 957
1718950 955
1718960 954
1718970 952
1718980 951
1718990 950
1719000 950
1719010 950
1719020 950
1719030 950
1719040 948
1719050 945
1719060 942
1719070 940
1719080 938
1719090 936
1719100 934
1719110 932
1719120 930
1719130 929
1719140 928
1719150 927
1719160 927
1719170 925
1719180 924
1719190 923
1719200 919
1719210 914
1719220 910
1719230 906
1719240 902
1719250 897
1719260 893
1719270 889
1719280 885
1719290 880
1719300 876
1719310 872
1719320 867
1719330 863
1719340 859
1719350 854
1719360 850
1719370 846
1719380 842
1719390 838
1719400 834
1719410 831
1719420 827
1719430 822
1719440 817
1719450 813
1719460 808
1719470 804
1719480 799
1719490 794
1719500 789
1719510 785
1719520 782
1719530 778
1719540 774
1719550 771
1719560 768
1719570 764
1719580 761
1719590 757
1719600 755
1719610 753
1719620 754
1719630 754
1719640 755
1719650 755
1719660 759
1719670 764
1719680 771
1719690 771
1719700 767
1719710 761
1719720 758
1719730 758
1719740 761
1719750 764
1719760 769
1719770 776
1719780 782
1719790 788
1719800 793
1719810 797
1719820 801
1719830 804
1719840 806
1719850 809
1719860 813
1719870 816
1719880 819
1719890 822
1719900 825
1719910 828
1719920 831
1719930 835
1719940 838
1719950 842
1719960 846
1719970 849
1719980 853
1719990 856
