1700000 946
1700010 946
1700020 945
1700030 945
1700040 944
1700050 944
1700060 943
1700070 942
1700080 942
1700090 941
1700100 940
1700110 938
1700120 937
1700130 936
1700140 935
1700150 933
1700160 932
1700170 931
1700180 930
1700190 929
1700200 927
1700210 917
1700220 909
1700230 902
1700240 904
1700250 909
1700260 915
1700270 903
1700280 892
1700290 883
1700300 877
1700310 868
1700320 857
1700330 848
1700340 832
1700350 810
1700360 776
1700370 753
1700380 738
1700390 734
1700400 733
1700410 734
1700420 733
1700430 734
1700440 734
1700450 735
1700460 733
1700470 731
1700480 732
1700490 737
1700500 743
1700510 746
1700520 749
1700530 751
1700540 750
1700550 752
1700560 756
1700570 761
1700580 765
1700590 769
1700600 771
1700610 758
1700620 744
1700630 734
1700640 731
1700650 729
1700660 728
1700670 723
1700680 716
1700690 709
1700700 687
1700710 667
1700720 653
1700730 650
1700740 648
1700750 646
1700760 645
1700770 645
1700780 647
1700790 644
1700800 639
1700810 631
1700820 626
1700830 624
1700840 626
1700850 627
1700860 627
1700870 626
1700880 623
1700890 620
1700900 617
1700910 615
1700920 613
1700930 612
1700940 611
1700950 610
1700960 609
1700970 610
1700980 611
1700990 611
1701000 611
1701010 611
1701020 610
1701030 609
1701040 608
1701050 606
1701060 605
1701070 604
1701080 604
1701090 604
1701100 604
1701110 604
1701120 604
1701130 604
1701140 604
1701150 604
1701160 603
1701170 603
1701180 603
1701190 603
1701200 603
1701210 603
1701220 603
1701230 603
1701240 604
1701250 604
1701260 604
1701270 605
1701280 605
1701290 606
1701300 606
1701310 607
1701320 609
1701330 610
1701340 610
1701350 611
1701360 613
1701370 615
1701380 617
1701390 617
1701400 618
1701410 618
1701420 618
1701430 617
1701440 616
1701450 615
1701460 615
1701470 615
1701480 615
1701490 613
1701500 612
1701510 611
1701520 610
1701530 610
1701540 611
1701550 611
1701560 610
1701570 610
1701580 610
1701590 610
1701600 610
1701610 610
1701620 611
1701630 612
1701640 615
1701650 618
1701660 622
1701670 628
1701680 633
1701690 639
1701700 644
1701710 645
1701720 644
1701730 642
1701740 640
1701750 638
1701760 637
1701770 637
1701780 637
1701790 638
1701800 641
1701810 644
1701820 649
1701830 654
1701840 659
1701850 662
1701860 664
1701870 667
1701880 670
1701890 674
1701900 679
1701910 683
1701920 687
1701930 692
1701940 697
1701950 702
1701960 707
1701970 711
1701980 716
1701990 720
1702000 724
1702010 730
1702020 735
1702030 741
1702040 746
1702050 751
1702060 755
1702070 760
1702080 765
1702090 770
1702100 773
1702110 777
1702120 780
1702130 785
1702140 789
1702150 794
1702160 799
1702170 804
1702180 809
1702190 815
1702200 821
1702210 827
1702220 834
1702230 841
1702240 849
1702250 855
1702260 860
1702270 864
1702280 867
1702290 868
1702300 869
1702310 868
1702320 866
1702330 863
1702340 860
1702350 857
1702360 854
1702370 851
1702380 850
1702390 849
1702400 849
1702410 848
1702420 848
1702430 846
1702440 846
1702450 847
1702460 848
1702470 848
1702480 848
1702490 848
1702500 848
1702510 848
1702520 848
1702530 849
1702540 849
1702550 850
1702560 850
1702570 850
1702580 850
1702590 850
1702600 850
1702610 850
1702620 850
1702630 850
1702640 850
1702650 850
1702660 851
1702670 851
1702680 851
1702690 850
1702700 851
1702710 851
1702720 851
1702730 851
1702740 851
1702750 852
1702760 852
1702770 852
1702780 853
1702790 853
1702800 854
1702810 854
1702820 855
1702830 855
1702840 856
1702850 856
1702860 856
1702870 856
1702880 856
1702890 856
1702900 856
1702910 856
1702920 855
1702930 854
1702940 854
1702950 853
1702960 853
1702970 853
1702980 853
1702990 854
1703000 854
1703010 854
1703020 854
1703030 854
1703040 854
1703050 853
1703060 853
1703070 853
1703080 852
1703090 852
1703100 851
1703110 851
1703120 850
1703130 849
1703140 848
1703150 846
1703160 844
1703170 842
1703180 839
1703190 837
1703200 835
1703210 833
1703220 830
1703230 829
1703240 827
1703250 826
1703260 824
1703270 821
1703280 819
1703290 814
1703300 810
1703310 806
1703320 804
1703330 802
1703340 800
1703350 797
1703360 795
1703370 793
1703380 790
1703390 790
1703400 791
1703410 791
1703420 791
1703430 791
1703440 791
1703450 791
1703460 791
1703470 792
1703480 791
1703490 791
1703500 791
1703510 791
1703520 791
1703530 791
1703540 791
1703550 791
1703560 791
1703570 791
1703580 791
1703590 791
1703600 791
1703610 791
1703620 791
1703630 791
1703640 791
1703650 791
1703660 791
1703670 791
1703680 791
1703690 791
1703700 792
1703710 794
1703720 795
1703730 796
1703740 797
1703750 798
1703760 799
1703770 800
1703780 801
1703790 801
1703800 801
1703810 800
1703820 799
1703830 799
1703840 799
1703850 800
1703860 801
1703870 801
1703880 801
1703890 800
1703900 799
1703910 798
1703920 797
1703930 797
1703940 797
1703950 797
1703960 797
1703970 797
1703980 797
1703990 797
1704000 797
1704010 798
1704020 799
1704030 799
1704040 800
1704050 800
1704060 800
1704070 800
1704080 801
1704090 802
1704100 802
1704110 803
1704120 803
1704130 803
1704140 804
1704150 804
1704160 804
1704170 804
1704180 804
1704190 805
1704200 805
1704210 806
1704220 806
1704230 806
1704240 806
1704250 806
1704260 806
1704270 806
1704280 806
1704290 806
1704300 807
1704310 808
1704320 810
1704330 813
1704340 815
1704350 817
1704360 819
1704370 821
1704380 823
1704390 824
1704400 825
1704410 826
1704420 827
1704430 827
1704440 827
1704450 828
1704460 828
1704470 829
1704480 830
1704490 831
1704500 831
1704510 832
1704520 832
1704530 833
1704540 833
1704550 834
1704560 834
1704570 835
1704580 836
1704590 837
1704600 838
1704610 839
1704620 839
1704630 840
1704640 842
1704650 844
1704660 846
1704670 848
1704680 850
1704690 851
1704700 853
1704710 854
1704720 856
1704730 857
1704740 859
1704750 860
1704760 861
1704770 862
1704780 863
1704790 864
1704800 866
1704810 867
1704820 868
1704830 868
1704840 869
1704850 870
1704860 871
1704870 871
1704880 872
1704890 872
1704900 873
1704910 873
1704920 874
1704930 874
1704940 875
1704950 875
1704960 875
1704970 875
1704980 875
1704990 874
1705000 874
1705010 874
1705020 873
1705030 872
1705040 871
1705050 869
1705060 867
1705070 864
1705080 862
1705090 860
1705100 857
1705110 855
1705120 852
1705130 850
1705140 849
1705150 850
1705160 852
1705170 852
1705180 852
1705190 852
1705200 852
1705210 853
1705220 853
1705230 853
1705240 853
1705250 853
1705260 853
1705270 853
1705280 853
1705290 853
1705300 853
1705310 853
1705320 853
1705330 853
1705340 853
1705350 853
1705360 853
1705370 853
1705380 853
1705390 853
1705400 853
1705410 853
1705420 853
1705430 852
1705440 852
1705450 852
1705460 852
1705470 851
1705480 851
1705490 850
1705500 850
1705510 849
1705520 849
1705530 848
1705540 847
1705550 846
1705560 845
1705570 842
1705580 840
1705590 837
1705600 837
1705610 833
1705620 830
1705630 828
1705640 830
1705650 833
1705660 834
1705670 835
1705680 836
1705690 836
1705700 837
1705710 837
1705720 837
1705730 838
1705740 838
1705750 839
1705760 839
1705770 839
1705780 839
1705790 839
1705800 839
1705810 839
1705820 839
1705830 839
1705840 838
1705850 837
1705860 836
1705870 835
1705880 833
1705890 832
1705900 830
1705910 828
1705920 827
1705930 826
1705940 825
1705950 823
1705960 822
1705970 820
1705980 819
1705990 819
1706000 818
1706010 819
1706020 820
1706030 822
1706040 825
1706050 828
1706060 831
1706070 833
1706080 835
1706090 837
1706100 839
1706110 840
1706120 840
1706130 841
1706140 842
1706150 842
1706160 842
1706170 843
1706180 843
1706190 843
1706200 843
1706210 843
1706220 844
1706230 844
1706240 845
1706250 846
1706260 847
1706270 847
1706280 848
1706290 849
1706300 850
1706310 851
1706320 852
1706330 853
1706340 854
1706350 855
1706360 857
1706370 858
1706380 860
1706390 861
1706400 863
1706410 865
1706420 866
1706430 868
1706440 870
1706450 871
1706460 873
1706470 875
1706480 876
1706490 878
1706500 881
1706510 883
1706520 885
1706530 887
1706540 889
1706550 892
1706560 895
1706570 898
1706580 902
1706590 906
1706600 909
1706610 913
1706620 917
1706630 921
1706640 925
1706650 928
1706660 932
1706670 936
1706680 940
1706690 944
1706700 948
1706710 952
1706720 957
1706730 961
1706740 965
1706750 970
1706760 974
1706770 977
1706780 980
1706790 979
1706800 978
1706810 976
1706820 974
1706830 972
1706840 970
1706850 967
1706860 964
1706870 960
1706880 957
1706890 954
1706900 952
1706910 951
1706920 949
1706930 948
1706940 946
1706950 945
1706960 944
1706970 943
1706980 942
1706990 941
1707000 940
1707010 941
1707020 942
1707030 944
1707040 946
1707050 948
1707060 949
1707070 951
1707080 952
1707090 954
1707100 955
1707110 956
1707120 958
1707130 958
1707140 959
1707150 960
1707160 960
1707170 961
1707180 962
1707190 963
1707200 964
1707210 964
1707220 965
1707230 966
1707240 967
1707250 967
1707260 968
1707270 969
1707280 970
1707290 971
1707300 972
1707310 973
1707320 974
1707330 975
1707340 976
1707350 976
1707360 977
1707370 978
1707380 979
1707390 980
1707400 981
1707410 982
1707420 983
1707430 984
1707440 984
1707450 983
1707460 981
1707470 980
1707480 979
1707490 978
1707500 977
1707510 976
1707520 974
1707530 973
1707540 972
1707550 971
1707560 971
1707570 971
1707580 973
1707590 975
1707600 977
1707610 979
1707620 982
1707630 984
1707640 987
1707650 990
1707660 993
1707670 996
1707680 999
1707690 1002
1707700 1005
1707710 1008
1707720 1011
1707730 1014
1707740 1017
1707750 1019
1707760 1022
1707770 1024
1707780 1026
1707790 1027
1707800 1028
1707810 1029
1707820 1030
1707830 1031
1707840 1033
1707850 1034
1707860 1035
1707870 1037
1707880 1038
1707890 1038
1707900 1039
1707910 1040
1707920 1040
1707930 1040
1707940 1041
1707950 1041
1707960 1042
1707970 1042
1707980 1043
1707990 1044
1708000 1045
1708010 1046
1708020 1047
1708030 1047
1708040 1048
1708050 1048
1708060 1049
1708070 1049
1708080 1050
1708090 1051
1708100 1051
1708110 1051
1708120 1051
1708130 1051
1708140 1052
1708150 1052
1708160 1052
1708170 1053
1708180 1053
1708190 1054
1708200 1054
1708210 1054
1708220 1055
1708230 1055
1708240 1055
1708250 1055
1708260 1055
1708270 1055
1708280 1055
1708290 1054
1708300 1053
1708310 1052
1708320 1051
1708330 1049
1708340 1047
1708350 1046
1708360 1044
1708370 1043
1708380 1041
1708390 1039
1708400 1038
1708410 1037
1708420 1035
1708430 1034
1708440 1033
1708450 1032
1708460 1032
1708470 1031
1708480 1031
1708490 1031
1708500 1031
1708510 1032
1708520 1032
1708530 1032
1708540 1033
1708550 1033
1708560 1034
1708570 1034
1708580 1035
1708590 1036
1708600 1036
1708610 1037
1708620 1038
1708630 1038
1708640 1038
1708650 1039
1708660 1039
1708670 1039
1708680 1039
1708690 1039
1708700 1039
1708710 1038
1708720 1038
1708730 1037
1708740 1036
1708750 1035
1708760 1034
1708770 1033
1708780 1032
1708790 1031
1708800 1029
1708810 1028
1708820 1027
1708830 1026
1708840 1025
1708850 1024
1708860 1023
1708870 1022
1708880 1021
1708890 1019
1708900 1018
1708910 1017
1708920 1015
1708930 1013
1708940 1010
1708950 1008
1708960 1006
1708970 1004
1708980 1002
1708990 1000
1709000 998
1709010 996
1709020 993
1709030 991
1709040 989
1709050 987
1709060 985
1709070 983
1709080 981
1709090 978
1709100 975
1709110 973
1709120 970
1709130 968
1709140 965
1709150 962
1709160 959
1709170 957
1709180 955
1709190 953
1709200 952
1709210 950
1709220 949
1709230 948
1709240 947
1709250 947
1709260 945
1709270 944
1709280 942
1709290 940
1709300 939
1709310 939
1709320 938
1709330 938
1709340 937
1709350 936
1709360 935
1709370 933
1709380 931
1709390 930
1709400 928
1709410 925
1709420 923
1709430 920
1709440 917
1709450 913
1709460 910
1709470 907
1709480 905
1709490 903
1709500 901
1709510 899
1709520 897
1709530 895
1709540 893
1709550 893
1709560 896
1709570 899
1709580 903
1709590 908
1709600 912
1709610 915
1709620 917
1709630 918
1709640 918
1709650 916
1709660 913
1709670 909
1709680 907
1709690 905
1709700 902
1709710 898
1709720 896
1709730 896
1709740 898
1709750 899
1709760 899
1709770 898
1709780 898
1709790 899
1709800 900
1709810 901
1709820 902
1709830 902
1709840 903
1709850 904
1709860 905
1709870 905
1709880 906
1709890 906
1709900 906
1709910 907
1709920 909
1709930 911
1709940 913
1709950 915
1709960 918
1709970 919
1709980 921
1709990 923
1710000 925
1710010 927
1710020 929
1710030 931
1710040 933
1710050 935
1710060 937
1710070 940
1710080 942
1710090 944
1710100 946
1710110 948
1710120 950
1710130 952
1710140 955
1710150 957
1710160 959
1710170 962
1710180 964
1710190 966
1710200 969
1710210 971
1710220 973
1710230 975
1710240 978
1710250 980
1710260 982
1710270 983
1710280 984
1710290 984
1710300 986
1710310 987
1710320 989
1710330 990
1710340 991
1710350 993
1710360 994
1710370 995
1710380 996
1710390 996
1710400 997
1710410 997
1710420 997
1710430 997
1710440 997
1710450 996
1710460 996
1710470 995
1710480 994
1710490 992
1710500 991
1710510 990
1710520 989
1710530 987
1710540 986
1710550 984
1710560 983
1710570 981
1710580 979
1710590 977
1710600 975
1710610 973
1710620 972
1710630 971
1710640 969
1710650 968
1710660 967
1710670 965
1710680 964
1710690 963
1710700 961
1710710 960
1710720 958
1710730 956
1710740 954
1710750 953
1710760 951
1710770 949
1710780 948
1710790 946
1710800 945
1710810 943
1710820 941
1710830 939
1710840 936
1710850 934
1710860 931
1710870 929
1710880 927
1710890 926
1710900 925
1710910 924
1710920 923
1710930 922
1710940 921
1710950 920
1710960 919
1710970 919
1710980 918
1710990 917
1711000 915
1711010 913
1711020 911
1711030 910
1711040 910
1711050 909
1711060 909
1711070 909
1711080 909
1711090 909
1711100 909
1711110 909
1711120 909
1711130 910
1711140 911
1711150 911
1711160 911
1711170 912
1711180 912
1711190 913
1711200 915
1711210 916
1711220 918
1711230 920
1711240 922
1711250 924
1711260 926
1711270 927
1711280 928
1711290 929
1711300 931
1711310 932
1711320 934
1711330 936
1711340 937
1711350 939
1711360 941
1711370 943
1711380 945
1711390 948
1711400 951
1711410 953
1711420 954
1711430 953
1711440 953
1711450 952
1711460 953
1711470 955
1711480 957
1711490 958
1711500 958
1711510 955
1711520 951
1711530 947
1711540 942
1711550 939
1711560 936
1711570 933
1711580 930
1711590 929
1711600 929
1711610 930
1711620 932
1711630 933
1711640 934
1711650 935
1711660 935
1711670 934
1711680 934
1711690 934
1711700 933
1711710 931
1711720 930
1711730 927
1711740 925
1711750 923
1711760 920
1711770 916
1711780 913
1711790 910
1711800 907
1711810 904
1711820 902
1711830 900
1711840 898
1711850 895
1711860 892
1711870 889
1711880 888
1711890 889
1711900 889
1711910 890
1711920 891
1711930 894
1711940 896
1711950 898
1711960 901
1711970 902
1711980 904
1711990 906
1712000 909
1712010 911
1712020 914
1712030 917
1712040 919
1712050 921
1712060 924
1712070 927
1712080 930
1712090 934
1712100 937
1712110 940
1712120 943
1712130 947
1712140 951
1712150 955
1712160 958
1712170 962
1712180 966
1712190 969
1712200 973
1712210 977
1712220 980
1712230 984
1712240 988
1712250 992
1712260 997
1712270 1002
1712280 1005
1712290 1009
1712300 1013
1712310 1014
1712320 1016
1712330 1017
1712340 1018
1712350 1019
1712360 1020
1712370 1020
1712380 1021
1712390 1022
1712400 1023
1712410 1024
1712420 1024
1712430 1025
1712440 1025
1712450 1025
1712460 1025
1712470 1024
1712480 1023
1712490 1022
1712500 1022
1712510 1020
1712520 1020
1712530 1019
1712540 1018
1712550 1017
1712560 1015
1712570 1014
1712580 1011
1712590 1010
1712600 1008
1712610 1007
1712620 1006
1712630 1004
1712640 1003
1712650 1001
1712660 1000
1712670 999
1712680 998
1712690 997
1712700 997
1712710 998
1712720 999
1712730 1000
1712740 1000
1712750 1001
1712760 1002
1712770 1004
1712780 1006
1712790 1008
1712800 1010
1712810 1012
1712820 1014
1712830 1016
1712840 1018
1712850 1020
1712860 1022
1712870 1023
1712880 1025
1712890 1026
1712900 1027
1712910 1028
1712920 1029
1712930 1030
1712940 1031
1712950 1032
1712960 1033
1712970 1034
1712980 1035
1712990 1036
1713000 1037
1713010 1037
1713020 1037
1713030 1036
1713040 1036
1713050 1037
1713060 1037
1713070 1037
1713080 1037
1713090 1037
1713100 1037
1713110 1038
1713120 1038
1713130 1038
1713140 1039
1713150 1039
1713160 1039
1713170 1039
1713180 1038
1713190 1038
1713200 1037
1713210 1036
1713220 1034
1713230 1033
1713240 1030
1713250 1027
1713260 1023
1713270 1020
1713280 1016
1713290 1012
1713300 1009
1713310 1007
1713320 1004
1713330 1000
1713340 996
1713350 991
1713360 987
1713370 983
1713380 980
1713390 977
1713400 975
1713410 973
1713420 972
1713430 971
1713440 972
1713450 973
1713460 977
1713470 980
1713480 984
1713490 988
1713500 992
1713510 995
1713520 998
1713530 1000
1713540 1001
1713550 1000
1713560 999
1713570 997
1713580 996
1713590 996
1713600 996
1713610 996
1713620 996
1713630 996
1713640 995
1713650 994
1713660 992
1713670 991
1713680 991
1713690 992
1713700 993
1713710 995
1713720 997
1713730 999
1713740 1002
1713750 1004
1713760 1007
1713770 1011
1713780 1014
1713790 1017
1713800 1020
1713810 1024
1713820 1027
1713830 1031
1713840 1034
1713850 1037
1713860 1040
1713870 1044
1713880 1047
1713890 1050
1713900 1053
1713910 1055
1713920 1058
1713930 1061
1713940 1063
1713950 1066
1713960 1068
1713970 1070
1713980 1073
1713990 1075
1714000 1077
1714010 1078
1714020 1079
1714030 1079
1714040 1079
1714050 1078
1714060 1077
1714070 1076
1714080 1075
1714090 1074
1714100 1073
1714110 1072
1714120 1070
1714130 1069
1714140 1067
1714150 1065
1714160 1064
1714170 1062
1714180 1060
1714190 1058
1714200 1057
1714210 1056
1714220 1055
1714230 1054
1714240 1053
1714250 1052
1714260 1051
1714270 1051
1714280 1050
1714290 1050
1714300 1050
1714310 1050
1714320 1050
1714330 1050
1714340 1049
1714350 1049
1714360 1049
1714370 1049
1714380 1049
1714390 1048
1714400 1048
1714410 1047
1714420 1045
1714430 1044
1714440 1042
1714450 1041
1714460 1040
1714470 1039
1714480 1039
1714490 1038
1714500 1038
1714510 1038
1714520 1040
1714530 1042
1714540 1043
1714550 1044
1714560 1045
1714570 1046
1714580 1046
1714590 1045
1714600 1044
1714610 1043
1714620 1041
1714630 1040
1714640 1038
1714650 1035
1714660 1031
1714670 1027
1714680 1024
1714690 1021
1714700 1019
1714710 1021
1714720 1022
1714730 1024
1714740 1026
1714750 1027
1714760 1028
1714770 1029
1714780 1029
1714790 1030
1714800 1029
1714810 1029
1714820 1027
1714830 1026
1714840 1024
1714850 1021
1714860 1019
1714870 1016
1714880 1012
1714890 1009
1714900 1005
1714910 1001
1714920 997
1714930 993
1714940 989
1714950 986
1714960 983
1714970 981
1714980 979
1714990 978
1715000 977
1715010 976
1715020 975
1715030 974
1715040 973
1715050 972
1715060 971
1715070 970
1715080 969
1715090 968
1715100 968
1715110 967
1715120 966
1715130 966
1715140 965
1715150 964
1715160 963
1715170 963
1715180 963
1715190 962
1715200 962
1715210 962
1715220 961
1715230 961
1715240 961
1715250 961
1715260 961
1715270 962
1715280 962
1715290 962
1715300 963
1715310 963
1715320 963
1715330 963
1715340 964
1715350 964
1715360 965
1715370 965
1715380 966
1715390 968
1715400 969
1715410 970
1715420 971
1715430 970
1715440 969
1715450 968
1715460 968
1715470 969
1715480 970
1715490 971
1715500 972
1715510 972
1715520 973
1715530 974
1715540 975
1715550 976
1715560 976
1715570 977
1715580 977
1715590 977
1715600 976
1715610 974
1715620 972
1715630 970
1715640 967
1715650 964
1715660 962
1715670 959
1715680 957
1715690 954
1715700 951
1715710 949
1715720 947
1715730 947
1715740 947
1715750 947
1715760 946
1715770 944
1715780 942
1715790 941
1715800 939
1715810 939
1715820 938
1715830 937
1715840 936
1715850 934
1715860 933
1715870 931
1715880 930
1715890 930
1715900 931
1715910 932
1715920 934
1715930 936
1715940 938
1715950 941
1715960 943
1715970 945
1715980 947
1715990 949
1716000 951
1716010 953
1716020 954
1716030 955
1716040 956
1716050 957
1716060 958
1716070 959
1716080 960
1716090 960
1716100 961
1716110 961
1716120 962
1716130 962
1716140 962
1716150 962
1716160 961
1716170 961
1716180 960
1716190 959
1716200 957
1716210 955
1716220 955
1716230 956
1716240 958
1716250 960
1716260 962
1716270 964
1716280 965
1716290 967
1716300 969
1716310 970
1716320 971
1716330 971
1716340 970
1716350 968
1716360 966
1716370 962
1716380 958
1716390 955
1716400 952
1716410 949
1716420 949
1716430 949
1716440 950
1716450 952
1716460 955
1716470 958
1716480 961
1716490 965
1716500 968
1716510 972
1716520 975
1716530 978
1716540 981
1716550 983
1716560 985
1716570 986
1716580 987
1716590 987
1716600 987
1716610 987
1716620 987
1716630 986
1716640 985
1716650 983
1716660 980
1716670 979
1716680 977
1716690 975
1716700 974
1716710 973
1716720 972
1716730 969
1716740 967
1716750 965
1716760 965
1716770 966
1716780 967
1716790 967
1716800 969
1716810 971
1716820 974
1716830 977
1716840 980
1716850 983
1716860 987
1716870 990
1716880 993
1716890 996
1716900 999
1716910 1001
1716920 1003
1716930 1004
1716940 1005
1716950 1007
1716960 1007
1716970 1008
1716980 1009
1716990 1010
1717000 1011
1717010 1013
1717020 1014
1717030 1017
1717040 1019
1717050 1021
1717060 1023
1717070 1025
1717080 1027
1717090 1029
1717100 1032
1717110 1034
1717120 1036
1717130 1038
1717140 1040
1717150 1042
1717160 1043
1717170 1044
1717180 1045
1717190 1046
1717200 1047
1717210 1047
1717220 1046
1717230 1045
1717240 1045
1717250 1044
1717260 1043
1717270 1042
1717280 1041
1717290 1039
1717300 1038
1717310 1036
1717320 1035
1717330 1033
1717340 1032
1717350 1030
1717360 1029
1717370 1028
1717380 1027
1717390 1026
1717400 1024
1717410 1022
1717420 1019
1717430 1016
1717440 1013
1717450 1010
1717460 1007
1717470 1003
1717480 1000
1717490 996
1717500 993
1717510 990
1717520 987
1717530 984
1717540 981
1717550 977
1717560 974
1717570 972
1717580 971
1717590 970
1717600 969
1717610 968
1717620 967
1717630 966
1717640 966
1717650 965
1717660 965
1717670 964
1717680 963
1717690 962
1717700 961
1717710 960
1717720 959
1717730 959
1717740 958
1717750 956
1717760 955
1717770 953
1717780 951
1717790 949
1717800 947
1717810 945
1717820 944
1717830 943
1717840 942
1717850 942
1717860 942
1717870 942
1717880 942
1717890 941
1717900 939
1717910 935
1717920 931
1717930 926
1717940 921
1717950 916
1717960 911
1717970 907
1717980 904
1717990 902
1718000 900
1718010 899
1718020 898
1718030 897
1718040 896
1718050 895
1718060 894
1718070 894
1718080 894
1718090 896
1718100 897
1718110 898
1718120 898
1718130 898
1718140 898
1718150 899
1718160 900
1718170 902
1718180 904
1718190 906
1718200 908
1718210 910
1718220 913
1718230 915
1718240 917
1718250 920
1718260 922
1718270 923
1718280 926
1718290 929
1718300 932
1718310 935
1718320 939
1718330 943
1718340 946
1718350 950
1718360 953
1718370 957
1718380 961
1718390 964
1718400 968
1718410 971
1718420 974
1718430 978
1718440 981
1718450 984
1718460 987
1718470 989
1718480 992
1718490 993
1718500 995
1718510 998
1718520 1001
1718530 1005
1718540 1009
1718550 1013
1718560 1017
1718570 1021
1718580 1025
1718590 1029
1718600 1032
1718610 1035
1718620 1038
1718630 1041
1718640 1042
1718650 1043
1718660 1043
1718670 1042
1718680 1040
1718690 1038
1718700 1035
1718710 1033
1718720 1030
1718730 1027
1718740 1024
1718750 1020
1718760 1017
1718770 1013
1718780 1009
1718790 1005
1718800 1002
1718810 998
1718820 995
1718830 992
1718840 989
1718850 986
1718860 984
1718870 983
1718880 981
1718890 979
1718900 976
1718910 973
1718920 970
1718930 968
1718940 966
1718950 965
1718960 964
1718970 962
1718980 962
1718990 962
1719000 962
1719010 962
1719020 962
1719030 961
1719040 960
1719050 958
1719060 956
1719070 952
1719080 949
1719090 947
1719100 945
1719110 944
1719120 942
1719130 942
1719140 940
1719150 939
1719160 937
1719170 935
1719180 932
1719190 928
1719200 924
1719210 920
1719220 915
1719230 910
1719240 905
1719250 901
1719260 896
1719270 892
1719280 888
1719290 884
1719300 880
1719310 876
1719320 872
1719330 868
1719340 864
1719350 860
1719360 855
1719370 851
1719380 847
1719390 843
1719400 838
1719410 833
1719420 829
1719430 824
1719440 820
1719450 816
1719460 812
1719470 807
1719480 802
1719490 797
1719500 793
1719510 788
1719520 784
1719530 781
1719540 777
1719550 774
1719560 771
1719570 768
1719580 765
1719590 762
1719600 759
1719610 756
1719620 753
1719630 751
1719640 749
1719650 750
1719660 751
1719670 751
1719680 754
1719690 755
1719700 756
1719710 754
1719720 753
1719730 752
1719740 756
1719750 760
1719760 764
1719770 769
1719780 774
1719790 780
1719800 785
1719810 789
1719820 793
1719830 796
1719840 799
1719850 802
1719860 805
1719870 808
1719880 810
1719890 813
1719900 817
1719910 821
1719920 825
1719930 828
1719940 831
1719950 834
1719960 838
1719970 841
1719980 844
1719990 848
