1700000 700
1700010 703
1700020 705
1700030 706
1700040 708
1700050 710
1700060 711
1700070 713
1700080 714
1700090 715
1700100 716
1700110 717
1700120 718
1700130 719
1700140 719
1700150 719
1700160 719
1700170 720
1700180 722
1700190 723
1700200 725
1700210 727
1700220 730
1700230 732
1700240 734
1700250 736
1700260 738
1700270 741
1700280 743
1700290 746
1700300 749
1700310 751
1700320 753
1700330 756
1700340 758
1700350 761
1700360 763
1700370 766
1700380 769
1700390 772
1700400 776
1700410 779
1700420 781
1700430 783
1700440 785
1700450 787
1700460 789
1700470 792
1700480 795
1700490 799
1700500 802
1700510 806
1700520 810
1700530 814
1700540 817
1700550 821
1700560 824
1700570 828
1700580 832
1700590 835
1700600 838
1700610 840
1700620 843
1700630 844
1700640 846
1700650 848
1700660 850
1700670 852
1700680 856
1700690 860
1700700 863
1700710 867
1700720 869
1700730 872
1700740 875
1700750 879
1700760 884
1700770 888
1700780 891
1700790 893
1700800 893
1700810 890
1700820 886
1700830 882
1700840 879
1700850 877
1700860 876
1700870 873
1700880 871
1700890 869
1700900 866
1700910 864
1700920 862
1700930 860
1700940 858
1700950 857
1700960 855
1700970 852
1700980 850
1700990 847
1701000 843
1701010 840
1701020 838
1701030 837
1701040 836
1701050 836
1701060 836
1701070 835
1701080 835
1701090 834
1701100 833
1701110 832
1701120 830
1701130 829
1701140 828
1701150 827
1701160 826
1701170 823
1701180 819
1701190 816
1701200 816
1701210 816
1701220 817
1701230 817
1701240 817
1701250 817
1701260 816
1701270 815
1701280 814
1701290 813
1701300 811
1701310 810
1701320 809
1701330 808
1701340 807
1701350 806
1701360 804
1701370 801
1701380 799
1701390 797
1701400 796
1701410 796
1701420 795
1701430 794
1701440 794
1701450 796
1701460 798
1701470 799
1701480 801
1701490 802
1701500 804
1701510 807
1701520 811
1701530 815
1701540 819
1701550 822
1701560 826
1701570 829
1701580 833
1701590 837
1701600 840
1701610 844
1701620 848
1701630 851
1701640 854
1701650 857
1701660 859
1701670 862
1701680 865
1701690 868
1701700 871
1701710 875
1701720 880
1701730 885
1701740 890
1701750 893
1701760 898
1701770 902
1701780 906
1701790 911
1701800 915
1701810 918
1701820 924
1701830 929
1701840 936
1701850 939
1701860 940
1701870 938
1701880 934
1701890 931
1701900 929
1701910 927
1701920 924
1701930 922
1701940 921
1701950 919
1701960 915
1701970 911
1701980 906
1701990 902
1702000 902
1702010 900
1702020 894
1702030 889
1702040 885
1702050 883
1702060 880
1702070 878
1702080 876
1702090 875
1702100 874
1702110 873
1702120 873
1702130 872
1702140 872
1702150 872
1702160 872
1702170 873
1702180 871
1702190 869
1702200 868
1702210 866
1702220 863
1702230 860
1702240 857
1702250 855
1702260 854
1702270 855
1702280 856
1702290 854
1702300 846
1702310 837
1702320 829
1702330 824
1702340 819
1702350 815
1702360 810
1702370 806
1702380 802
1702390 798
1702400 794
1702410 790
1702420 786
1702430 782
1702440 777
1702450 773
1702460 768
1702470 764
1702480 759
1702490 754
1702500 748
1702510 743
1702520 739
1702530 734
1702540 729
1702550 724
1702560 719
1702570 714
1702580 708
1702590 703
1702600 697
1702610 695
1702620 694
1702630 693
1702640 693
1702650 692
1702660 692
1702670 690
1702680 688
1702690 685
1702700 683
1702710 681
1702720 679
1702730 677
1702740 675
1702750 672
1702760 670
1702770 668
1702780 667
1702790 666
1702800 665
1702810 664
1702820 663
1702830 661
1702840 660
1702850 658
1702860 656
1702870 654
1702880 652
1702890 651
1702900 650
1702910 650
1702920 651
1702930 651
1702940 651
1702950 651
1702960 651
1702970 652
1702980 652
1702990 653
1703000 655
1703010 658
1703020 661
1703030 665
1703040 670
1703050 675
1703060 680
1703070 684
1703080 687
1703090 690
1703100 692
1703110 694
1703120 695
1703130 698
1703140 701
1703150 705
1703160 707
1703170 710
1703180 713
1703190 717
1703200 722
1703210 728
1703220 734
1703230 739
1703240 745
1703250 750
1703260 755
1703270 759
1703280 765
1703290 770
1703300 775
1703310 779
1703320 784
1703330 788
1703340 793
1703350 798
1703360 802
1703370 805
1703380 808
1703390 809
1703400 810
1703410 810
1703420 810
1703430 809
1703440 806
1703450 802
1703460 797
1703470 794
1703480 792
1703490 791
1703500 790
1703510 789
1703520 786
1703530 786
1703540 790
1703550 796
1703560 802
1703570 807
1703580 812
1703590 817
1703600 822
1703610 826
1703620 830
1703630 835
1703640 841
1703650 846
1703660 852
1703670 858
1703680 865
1703690 871
1703700 875
1703710 880
1703720 884
1703730 889
1703740 894
1703750 899
1703760 904
1703770 910
1703780 916
1703790 923
1703800 931
1703810 937
1703820 940
1703830 942
1703840 942
1703850 943
1703860 943
1703870 944
1703880 944
1703890 945
1703900 945
1703910 945
1703920 945
1703930 945
1703940 945
1703950 945
1703960 945
1703970 944
1703980 944
1703990 943
1704000 943
1704010 941
1704020 939
1704030 936
1704040 932
1704050 927
1704060 923
1704070 918
1704080 914
1704090 910
1704100 906
1704110 903
1704120 899
1704130 895
1704140 891
1704150 888
1704160 884
1704170 881
1704180 877
1704190 874
1704200 870
1704210 867
1704220 865
1704230 862
1704240 860
1704250 861
1704260 865
1704270 869
1704280 873
1704290 877
1704300 881
1704310 885
1704320 889
1704330 894
1704340 898
1704350 901
1704360 905
1704370 909
1704380 913
1704390 916
1704400 920
1704410 923
1704420 925
1704430 927
1704440 930
1704450 932
1704460 935
1704470 937
1704480 939
1704490 941
1704500 943
1704510 945
1704520 947
1704530 949
1704540 950
1704550 952
1704560 953
1704570 955
1704580 956
1704590 958
1704600 959
1704610 961
1704620 963
1704630 964
1704640 965
1704650 967
1704660 968
1704670 969
1704680 970
1704690 971
1704700 972
1704710 973
1704720 973
1704730 974
1704740 974
1704750 974
1704760 974
1704770 974
1704780 974
1704790 973
1704800 972
1704810 972
1704820 972
1704830 971
1704840 970
1704850 968
1704860 966
1704870 964
1704880 961
1704890 959
1704900 956
1704910 954
1704920 951
1704930 949
1704940 947
1704950 945
1704960 942
1704970 939
1704980 937
1704990 935
1705000 932
1705010 930
1705020 928
1705030 926
1705040 925
1705050 924
1705060 923
1705070 922
1705080 921
1705090 920
1705100 919
1705110 918
1705120 917
1705130 917
1705140 917
1705150 917
1705160 917
1705170 917
1705180 917
1705190 917
1705200 916
1705210 916
1705220 916
1705230 915
1705240 915
1705250 914
1705260 914
1705270 913
1705280 911
1705290 910
1705300 908
1705310 906
1705320 903
1705330 899
1705340 896
1705350 891
1705360 888
1705370 885
1705380 883
1705390 882
1705400 879
1705410 877
1705420 874
1705430 872
1705440 870
1705450 868
1705460 866
1705470 864
1705480 862
1705490 861
1705500 859
1705510 857
1705520 855
1705530 854
1705540 853
1705550 851
1705560 849
1705570 848
1705580 846
1705590 845
1705600 844
1705610 844
1705620 843
1705630 843
1705640 843
1705650 842
1705660 842
1705670 843
1705680 843
1705690 844
1705700 845
1705710 845
1705720 845
1705730 845
1705740 843
1705750 842
1705760 841
1705770 840
1705780 839
1705790 839
1705800 838
1705810 837
1705820 836
1705830 834
1705840 833
1705850 832
1705860 831
1705870 830
1705880 830
1705890 829
1705900 828
1705910 828
1705920 827
1705930 826
1705940 824
1705950 820
1705960 818
1705970 818
1705980 818
1705990 820
1706000 821
1706010 821
1706020 822
1706030 822
1706040 823
1706050 824
1706060 825
1706070 826
1706080 827
1706090 827
1706100 828
1706110 828
1706120 829
1706130 829
1706140 830
1706150 830
1706160 830
1706170 830
1706180 831
1706190 831
1706200 831
1706210 831
1706220 831
1706230 831
1706240 831
1706250 831
1706260 831
1706270 831
1706280 831
1706290 831
1706300 831
1706310 830
1706320 831
1706330 831
1706340 831
1706350 831
1706360 830
1706370 830
1706380 829
1706390 828
1706400 826
1706410 825
1706420 823
1706430 823
1706440 822
1706450 822
1706460 822
1706470 822
1706480 822
1706490 823
1706500 823
1706510 824
1706520 825
1706530 825
1706540 825
1706550 826
1706560 826
1706570 826
1706580 826
1706590 826
1706600 827
1706610 827
1706620 827
1706630 827
1706640 827
1706650 827
1706660 827
1706670 826
1706680 826
1706690 825
1706700 824
1706710 824
1706720 823
1706730 823
1706740 822
1706750 822
1706760 822
1706770 822
1706780 822
1706790 822
1706800 822
1706810 822
1706820 822
1706830 822
1706840 822
1706850 822
1706860 822
1706870 822
1706880 822
1706890 822
1706900 822
1706910 822
1706920 822
1706930 822
1706940 822
1706950 822
1706960 821
1706970 821
1706980 821
1706990 821
1707000 820
1707010 820
1707020 820
1707030 820
1707040 820
1707050 820
1707060 820
1707070 820
1707080 821
1707090 820
1707100 820
1707110 820
1707120 820
1707130 820
1707140 820
1707150 820
1707160 820
1707170 821
1707180 821
1707190 821
1707200 821
1707210 821
1707220 821
1707230 821
1707240 821
1707250 821
1707260 821
1707270 820
1707280 820
1707290 820
1707300 820
1707310 820
1707320 819
1707330 819
1707340 819
1707350 819
1707360 819
1707370 819
1707380 819
1707390 819
1707400 819
1707410 819
1707420 819
1707430 819
1707440 819
1707450 819
1707460 819
1707470 819
1707480 819
1707490 819
1707500 819
1707510 820
1707520 820
1707530 820
1707540 820
1707550 820
1707560 820
1707570 820
1707580 820
1707590 820
1707600 820
1707610 820
1707620 820
1707630 820
1707640 820
1707650 821
1707660 821
1707670 821
1707680 821
1707690 821
1707700 821
1707710 822
1707720 822
1707730 822
1707740 822
1707750 822
1707760 823
1707770 823
1707780 823
1707790 823
1707800 823
1707810 823
1707820 823
1707830 823
1707840 823
1707850 823
1707860 823
1707870 823
1707880 823
1707890 823
1707900 823
1707910 823
1707920 823
1707930 824
1707940 824
1707950 824
1707960 824
1707970 824
1707980 824
1707990 824
1708000 824
1708010 824
1708020 824
1708030 824
1708040 824
1708050 824
1708060 824
1708070 824
1708080 824
1708090 824
1708100 824
1708110 824
1708120 824
1708130 824
1708140 824
1708150 825
1708160 825
1708170 825
1708180 825
1708190 825
1708200 825
1708210 825
1708220 825
1708230 825
1708240 825
1708250 825
1708260 826
1708270 826
1708280 826
1708290 826
1708300 826
1708310 826
1708320 826
1708330 826
1708340 827
1708350 827
1708360 827
1708370 827
1708380 827
1708390 827
1708400 827
1708410 827
1708420 827
1708430 827
1708440 827
1708450 827
1708460 827
1708470 827
1708480 827
1708490 827
1708500 827
1708510 827
1708520 827
1708530 827
1708540 827
1708550 827
1708560 827
1708570 827
1708580 827
1708590 827
1708600 828
1708610 828
1708620 828
1708630 828
1708640 828
1708650 827
1708660 827
1708670 828
1708680 828
1708690 828
1708700 828
1708710 829
1708720 829
1708730 829
1708740 830
1708750 830
1708760 830
1708770 831
1708780 831
1708790 831
1708800 831
1708810 832
1708820 832
1708830 833
1708840 834
1708850 835
1708860 836
1708870 836
1708880 837
1708890 838
1708900 838
1708910 839
1708920 839
1708930 840
1708940 840
1708950 841
1708960 841
1708970 842
1708980 842
1708990 843
1709000 843
1709010 844
1709020 844
1709030 844
1709040 845
1709050 845
1709060 845
1709070 845
1709080 846
1709090 846
1709100 847
1709110 847
1709120 847
1709130 848
1709140 848
1709150 848
1709160 847
1709170 847
1709180 847
1709190 847
1709200 846
1709210 846
1709220 845
1709230 844
1709240 843
1709250 842
1709260 841
1709270 841
1709280 841
1709290 841
1709300 840
1709310 840
1709320 840
1709330 840
1709340 839
1709350 839
1709360 839
1709370 839
1709380 839
1709390 840
1709400 839
1709410 839
1709420 839
1709430 839
1709440 839
1709450 839
1709460 838
1709470 838
1709480 838
1709490 838
1709500 838
1709510 838
1709520 839
1709530 839
1709540 839
1709550 838
1709560 838
1709570 839
1709580 840
1709590 842
1709600 844
1709610 845
1709620 845
1709630 846
1709640 846
1709650 847
1709660 848
1709670 852
1709680 857
1709690 861
1709700 864
1709710 867
1709720 869
1709730 871
1709740 872
1709750 874
1709760 876
1709770 878
1709780 879
1709790 881
1709800 883
1709810 885
1709820 887
1709830 889
1709840 891
1709850 892
1709860 894
1709870 895
1709880 896
1709890 896
1709900 895
1709910 892
1709920 889
1709930 887
1709940 885
1709950 881
1709960 877
1709970 874
1709980 871
1709990 868
1710000 866
1710010 864
1710020 861
1710030 858
1710040 856
1710050 855
1710060 854
1710070 853
1710080 852
1710090 851
1710100 851
1710110 851
1710120 852
1710130 852
1710140 852
1710150 852
1710160 853
1710170 853
1710180 853
1710190 854
1710200 854
1710210 855
1710220 855
1710230 855
1710240 856
1710250 856
1710260 857
1710270 858
1710280 860
1710290 861
1710300 861
1710310 862
1710320 862
1710330 863
1710340 863
1710350 863
1710360 864
1710370 864
1710380 864
1710390 865
1710400 865
1710410 866
1710420 868
1710430 869
1710440 870
1710450 871
1710460 872
1710470 873
1710480 874
1710490 876
1710500 877
1710510 878
1710520 879
1710530 881
1710540 882
1710550 885
1710560 887
1710570 889
1710580 890
1710590 893
1710600 896
1710610 899
1710620 902
1710630 904
1710640 907
1710650 909
1710660 911
1710670 913
1710680 916
1710690 918
1710700 919
1710710 921
1710720 923
1710730 925
1710740 927
1710750 929
1710760 930
1710770 932
1710780 934
1710790 936
1710800 937
1710810 938
1710820 939
1710830 940
1710840 941
1710850 942
1710860 944
1710870 945
1710880 946
1710890 947
1710900 947
1710910 948
1710920 948
1710930 948
1710940 948
1710950 947
1710960 947
1710970 946
1710980 945
1710990 945
1711000 944
1711010 943
1711020 942
1711030 941
1711040 940
1711050 939
1711060 938
1711070 938
1711080 938
1711090 938
1711100 938
1711110 938
1711120 938
1711130 938
1711140 938
1711150 939
1711160 939
1711170 939
1711180 939
1711190 939
1711200 940
1711210 940
1711220 941
1711230 941
1711240 942
1711250 943
1711260 944
1711270 945
1711280 946
1711290 946
1711300 947
1711310 947
1711320 948
1711330 949
1711340 950
1711350 951
1711360 951
1711370 952
1711380 953
1711390 953
1711400 954
1711410 955
1711420 957
1711430 959
1711440 960
1711450 961
1711460 961
1711470 962
1711480 963
1711490 964
1711500 965
1711510 966
1711520 967
1711530 968
1711540 968
1711550 969
1711560 969
1711570 970
1711580 972
1711590 973
1711600 973
1711610 974
1711620 974
1711630 975
1711640 975
1711650 976
1711660 976
1711670 976
1711680 976
1711690 976
1711700 976
1711710 976
1711720 976
1711730 976
1711740 976
1711750 976
1711760 975
1711770 975
1711780 974
1711790 972
1711800 967
1711810 964
1711820 960
1711830 956
1711840 953
1711850 950
1711860 946
1711870 944
1711880 942
1711890 940
1711900 939
1711910 937
1711920 936
1711930 934
1711940 933
1711950 931
1711960 930
1711970 929
1711980 928
1711990 928
1712000 928
1712010 928
1712020 928
1712030 928
1712040 929
1712050 929
1712060 929
1712070 930
1712080 929
1712090 929
1712100 928
1712110 927
1712120 925
1712130 922
1712140 919
1712150 917
1712160 915
1712170 913
1712180 912
1712190 910
1712200 910
1712210 909
1712220 908
1712230 907
1712240 906
1712250 905
1712260 904
1712270 903
1712280 903
1712290 902
1712300 902
1712310 901
1712320 901
1712330 901
1712340 901
1712350 900
1712360 900
1712370 900
1712380 900
1712390 900
1712400 900
1712410 900
1712420 899
1712430 899
1712440 899
1712450 899
1712460 898
1712470 898
1712480 899
1712490 899
1712500 899
1712510 899
1712520 899
1712530 899
1712540 898
1712550 898
1712560 898
1712570 898
1712580 898
1712590 898
1712600 897
1712610 897
1712620 896
1712630 896
1712640 895
1712650 894
1712660 894
1712670 893
1712680 892
1712690 891
1712700 890
1712710 888
1712720 886
1712730 883
1712740 880
1712750 878
1712760 877
1712770 876
1712780 876
1712790 876
1712800 877
1712810 876
1712820 876
1712830 875
1712840 874
1712850 873
1712860 873
1712870 874
1712880 874
1712890 874
1712900 874
1712910 873
1712920 872
1712930 871
1712940 871
1712950 871
1712960 870
1712970 869
1712980 868
1712990 868
1713000 868
1713010 868
1713020 869
1713030 869
1713040 869
1713050 869
1713060 869
1713070 868
1713080 867
1713090 866
1713100 865
1713110 864
1713120 863
1713130 863
1713140 863
1713150 864
1713160 865
1713170 866
1713180 868
1713190 870
1713200 872
1713210 873
1713220 874
1713230 875
1713240 875
1713250 876
1713260 876
1713270 877
1713280 876
1713290 876
1713300 875
1713310 874
1713320 873
1713330 870
1713340 866
1713350 863
1713360 865
1713370 868
1713380 872
1713390 874
1713400 876
1713410 878
1713420 879
1713430 882
1713440 886
1713450 890
1713460 894
1713470 897
1713480 900
1713490 903
1713500 905
1713510 906
1713520 907
1713530 908
1713540 909
1713550 910
1713560 911
1713570 912
1713580 914
1713590 916
1713600 918
1713610 920
1713620 922
1713630 924
1713640 926
1713650 926
1713660 927
1713670 927
1713680 928
1713690 928
1713700 929
1713710 931
1713720 932
1713730 935
1713740 939
1713750 943
1713760 946
1713770 948
1713780 950
1713790 952
1713800 954
1713810 957
1713820 960
1713830 963
1713840 966
1713850 970
1713860 974
1713870 978
1713880 983
1713890 988
1713900 992
1713910 996
1713920 1000
1713930 1003
1713940 1005
1713950 1008
1713960 1011
1713970 1013
1713980 1016
1713990 1019
1714000 1021
1714010 1024
1714020 1025
1714030 1027
1714040 1028
1714050 1030
1714060 1034
1714070 1037
1714080 1041
1714090 1046
1714100 1050
1714110 1053
1714120 1057
1714130 1061
1714140 1065
1714150 1068
1714160 1072
1714170 1075
1714180 1078
1714190 1082
1714200 1086
1714210 1089
1714220 1093
1714230 1097
1714240 1101
1714250 1105
1714260 1108
1714270 1112
1714280 1116
1714290 1120
1714300 1124
1714310 1127
1714320 1131
1714330 1135
1714340 1139
1714350 1143
1714360 1147
1714370 1151
1714380 1155
1714390 1159
1714400 1163
1714410 1167
1714420 1171
1714430 1175
1714440 1179
1714450 1183
1714460 1186
1714470 1189
1714480 1192
1714490 1196
1714500 1199
1714510 1203
1714520 1207
1714530 1211
1714540 1216
1714550 1221
1714560 1227
1714570 1233
1714580 1241
1714590 1248
1714600 1254
1714610 1259
1714620 1264
1714630 1268
1714640 1272
1714650 1276
1714660 1279
1714670 1283
1714680 1286
1714690 1290
1714700 1293
1714710 1295
1714720 1298
1714730 1301
1714740 1303
1714750 1306
1714760 1307
1714770 1309
1714780 1312
1714790 1314
1714800 1317
1714810 1319
1714820 1321
1714830 1323
1714840 1325
1714850 1327
1714860 1329
1714870 1330
1714880 1332
1714890 1334
1714900 1335
1714910 1337
1714920 1338
1714930 1339
1714940 1339
1714950 1340
1714960 1340
1714970 1341
1714980 1341
1714990 1341
1715000 1341
1715010 1341
1715020 1341
1715030 1342
1715040 1343
1715050 1343
1715060 1344
1715070 1344
1715080 1345
1715090 1345
1715100 1345
1715110 1346
1715120 1346
1715130 1346
1715140 1346
1715150 1347
1715160 1348
1715170 1349
1715180 1349
1715190 1350
1715200 1351
1715210 1351
1715220 1352
1715230 1352
1715240 1352
1715250 1352
1715260 1351
1715270 1351
1715280 1350
1715290 1349
1715300 1347
1715310 1346
1715320 1344
1715330 1342
1715340 1340
1715350 1338
1715360 1336
1715370 1334
1715380 1332
1715390 1331
1715400 1329
1715410 1328
1715420 1327
1715430 1326
1715440 1325
1715450 1324
1715460 1322
1715470 1321
1715480 1320
1715490 1318
1715500 1317
1715510 1316
1715520 1315
1715530 1313
1715540 1312
1715550 1310
1715560 1308
1715570 1305
1715580 1303
1715590 1301
1715600 1299
1715610 1297
1715620 1295
1715630 1293
1715640 1291
1715650 1289
1715660 1287
1715670 1285
1715680 1282
1715690 1279
1715700 1276
1715710 1274
1715720 1272
1715730 1270
1715740 1268
1715750 1266
1715760 1264
1715770 1262
1715780 1260
1715790 1258
1715800 1256
1715810 1255
1715820 1253
1715830 1251
1715840 1249
1715850 1247
1715860 1247
1715870 1246
1715880 1245
1715890 1243
1715900 1240
1715910 1236
1715920 1232
1715930 1228
1715940 1227
1715950 1228
1715960 1230
1715970 1233
1715980 1235
1715990 1238
1716000 1241
1716010 1243
1716020 1246
1716030 1250
1716040 1253
1716050 1255
1716060 1258
1716070 1261
1716080 1263
1716090 1266
1716100 1268
1716110 1271
1716120 1273
1716130 1276
1716140 1278
1716150 1280
1716160 1283
1716170 1285
1716180 1288
1716190 1291
1716200 1293
1716210 1295
1716220 1297
1716230 1299
1716240 1300
1716250 1302
1716260 1304
1716270 1305
1716280 1307
1716290 1308
1716300 1309
1716310 1311
1716320 1312
1716330 1313
1716340 1315
1716350 1317
1716360 1318
1716370 1319
1716380 1320
1716390 1321
1716400 1322
1716410 1323
1716420 1324
1716430 1325
1716440 1327
1716450 1328
1716460 1329
1716470 1330
1716480 1331
1716490 1332
1716500 1333
1716510 1334
1716520 1335
1716530 1335
1716540 1336
1716550 1337
1716560 1338
1716570 1339
1716580 1339
1716590 1339
1716600 1340
1716610 1340
1716620 1340
1716630 1340
1716640 1339
1716650 1337
1716660 1336
1716670 1334
1716680 1332
1716690 1330
1716700 1329
1716710 1328
1716720 1327
1716730 1327
1716740 1327
1716750 1326
1716760 1326
1716770 1325
1716780 1325
1716790 1324
1716800 1324
1716810 1323
1716820 1322
1716830 1321
1716840 1320
1716850 1319
1716860 1318
1716870 1317
1716880 1316
1716890 1315
1716900 1314
1716910 1313
1716920 1312
1716930 1311
1716940 1310
1716950 1309
1716960 1308
1716970 1306
1716980 1305
1716990 1303
1717000 1301
1717010 1299
1717020 1297
1717030 1296
1717040 1294
1717050 1292
1717060 1290
1717070 1289
1717080 1288
1717090 1286
1717100 1285
1717110 1283
1717120 1283
1717130 1282
1717140 1282
1717150 1281
1717160 1281
1717170 1280
1717180 1280
1717190 1280
1717200 1279
1717210 1279
1717220 1278
1717230 1278
1717240 1277
1717250 1276
1717260 1275
1717270 1274
1717280 1273
1717290 1272
1717300 1271
1717310 1270
1717320 1269
1717330 1267
1717340 1266
1717350 1264
1717360 1263
1717370 1262
1717380 1261
1717390 1260
1717400 1259
1717410 1257
1717420 1256
1717430 1255
1717440 1253
1717450 1251
1717460 1249
1717470 1247
1717480 1245
1717490 1242
1717500 1240
1717510 1238
1717520 1236
1717530 1235
1717540 1234
1717550 1233
1717560 1232
1717570 1230
1717580 1229
1717590 1227
1717600 1225
1717610 1222
1717620 1220
1717630 1218
1717640 1216
1717650 1215
1717660 1214
1717670 1213
1717680 1212
1717690 1211
1717700 1210
1717710 1209
1717720 1209
1717730 1208
1717740 1208
1717750 1208
1717760 1208
1717770 1209
1717780 1209
1717790 1209
1717800 1208
1717810 1208
1717820 1207
1717830 1207
1717840 1207
1717850 1207
1717860 1207
1717870 1207
1717880 1207
1717890 1206
1717900 1206
1717910 1206
1717920 1206
1717930 1205
1717940 1204
1717950 1203
1717960 1202
1717970 1200
1717980 1199
1717990 1197
1718000 1195
1718010 1193
1718020 1191
1718030 1189
1718040 1187
1718050 1184
1718060 1182
1718070 1180
1718080 1177
1718090 1175
1718100 1172
1718110 1170
1718120 1167
1718130 1165
1718140 1162
1718150 1160
1718160 1158
1718170 1157
1718180 1155
1718190 1154
1718200 1152
1718210 1151
1718220 1150
1718230 1149
1718240 1148
1718250 1148
1718260 1147
1718270 1146
1718280 1145
1718290 1143
1718300 1141
1718310 1138
1718320 1135
1718330 1132
1718340 1129
1718350 1125
1718360 1122
1718370 1118
1718380 1113
1718390 1109
1718400 1104
1718410 1099
1718420 1093
1718430 1088
1718440 1083
1718450 1076
1718460 1068
1718470 1061
1718480 1056
1718490 1051
1718500 1047
1718510 1043
1718520 1039
1718530 1035
1718540 1031
1718550 1027
1718560 1023
1718570 1020
1718580 1016
1718590 1014
1718600 1011
1718610 1007
1718620 1005
1718630 1002
1718640 999
1718650 996
1718660 994
1718670 992
1718680 990
1718690 988
1718700 986
1718710 984
1718720 983
1718730 981
1718740 979
1718750 977
1718760 975
1718770 973
1718780 971
1718790 969
1718800 967
1718810 965
1718820 962
1718830 960
1718840 958
1718850 956
1718860 954
1718870 951
1718880 949
1718890 947
1718900 945
1718910 943
1718920 940
1718930 938
1718940 936
1718950 934
1718960 931
1718970 928
1718980 926
1718990 923
1719000 921
1719010 918
1719020 916
1719030 913
1719040 911
1719050 909
1719060 908
1719070 906
1719080 905
1719090 903
1719100 902
1719110 900
1719120 899
1719130 897
1719140 896
1719150 894
1719160 892
1719170 890
1719180 889
1719190 887
1719200 884
1719210 882
1719220 879
1719230 876
1719240 873
1719250 870
1719260 866
1719270 863
1719280 860
1719290 858
1719300 857
1719310 856
1719320 856
1719330 856
1719340 856
1719350 856
1719360 855
1719370 855
1719380 854
1719390 853
1719400 851
1719410 850
1719420 849
1719430 848
1719440 846
1719450 844
1719460 842
1719470 840
1719480 839
1719490 837
1719500 836
1719510 834
1719520 832
1719530 830
1719540 828
1719550 827
1719560 825
1719570 824
1719580 823
1719590 822
1719600 822
1719610 821
1719620 820
1719630 820
1719640 820
1719650 820
1719660 819
1719670 818
1719680 817
1719690 815
1719700 814
1719710 813
1719720 812
1719730 811
1719740 810
1719750 809
1719760 809
1719770 808
1719780 808
1719790 807
1719800 806
1719810 806
1719820 805
1719830 805
1719840 804
1719850 803
1719860 802
1719870 801
1719880 800
1719890 799
1719900 797
1719910 796
1719920 794
1719930 793
1719940 791
1719950 788
1719960 786
1719970 783
1719980 780
1719990 776
