1700000 576
1700010 580
1700020 584
1700030 588
1700040 592
1700050 596
1700060 601
1700070 605
1700080 610
1700090 614
1700100 619
1700110 622
1700120 625
1700130 627
1700140 630
1700150 634
1700160 638
1700170 641
1700180 643
1700190 643
1700200 644
1700210 644
1700220 642
1700230 641
1700240 641
1700250 640
1700260 639
1700270 637
1700280 635
1700290 632
1700300 628
1700310 625
1700320 622
1700330 620
1700340 617
1700350 618
1700360 621
1700370 623
1700380 625
1700390 627
1700400 630
1700410 632
1700420 635
1700430 638
1700440 642
1700450 646
1700460 649
1700470 653
1700480 656
1700490 659
1700500 662
1700510 665
1700520 667
1700530 669
1700540 670
1700550 671
1700560 674
1700570 676
1700580 679
1700590 678
1700600 676
1700610 676
1700620 675
1700630 674
1700640 673
1700650 672
1700660 671
1700670 670
1700680 670
1700690 670
1700700 670
1700710 670
1700720 670
1700730 670
1700740 669
1700750 669
1700760 669
1700770 669
1700780 669
1700790 669
1700800 671
1700810 671
1700820 671
1700830 672
1700840 674
1700850 676
1700860 678
1700870 679
1700880 680
1700890 681
1700900 681
1700910 682
1700920 681
1700930 681
1700940 681
1700950 682
1700960 683
1700970 684
1700980 687
1700990 688
1701000 688
1701010 686
1701020 685
1701030 683
1701040 680
1701050 677
1701060 673
1701070 669
1701080 665
1701090 662
1701100 658
1701110 654
1701120 651
1701130 647
1701140 644
1701150 642
1701160 641
1701170 641
1701180 641
1701190 640
1701200 638
1701210 635
1701220 632
1701230 629
1701240 626
1701250 624
1701260 622
1701270 620
1701280 619
1701290 617
1701300 617
1701310 618
1701320 622
1701330 623
1701340 623
1701350 621
1701360 620
1701370 620
1701380 622
1701390 626
1701400 631
1701410 635
1701420 638
1701430 640
1701440 643
1701450 645
1701460 648
1701470 651
1701480 655
1701490 659
1701500 662
1701510 662
1701520 661
1701530 659
1701540 656
1701550 652
1701560 647
1701570 644
1701580 643
1701590 646
1701600 651
1701610 656
1701620 660
1701630 662
1701640 664
1701650 666
1701660 667
1701670 668
1701680 670
1701690 671
1701700 671
1701710 670
1701720 669
1701730 669
1701740 668
1701750 668
1701760 668
1701770 667
1701780 664
1701790 660
1701800 658
1701810 657
1701820 656
1701830 655
1701840 654
1701850 653
1701860 653
1701870 652
1701880 651
1701890 650
1701900 650
1701910 648
1701920 647
1701930 645
1701940 644
1701950 642
1701960 640
1701970 638
1701980 636
1701990 632
1702000 629
1702010 627
1702020 625
1702030 623
1702040 620
1702050 619
1702060 616
1702070 614
1702080 610
1702090 607
1702100 604
1702110 604
1702120 604
1702130 606
1702140 608
1702150 611
1702160 614
1702170 618
1702180 622
1702190 626
1702200 628
1702210 631
1702220 633
1702230 635
1702240 637
1702250 639
1702260 640
1702270 642
1702280 644
1702290 646
1702300 647
1702310 649
1702320 649
1702330 649
1702340 649
1702350 649
1702360 650
1702370 652
1702380 654
1702390 656
1702400 660
1702410 663
1702420 666
1702430 670
1702440 673
1702450 677
1702460 680
1702470 685
1702480 689
1702490 693
1702500 695
1702510 696
1702520 697
1702530 697
1702540 699
1702550 701
1702560 704
1702570 706
1702580 710
1702590 714
1702600 718
1702610 723
1702620 727
1702630 732
1702640 737
1702650 742
1702660 748
1702670 755
1702680 762
1702690 774
1702700 786
1702710 799
1702720 806
1702730 812
1702740 817
1702750 822
1702760 827
1702770 832
1702780 835
1702790 839
1702800 842
1702810 845
1702820 846
1702830 847
1702840 846
1702850 848
1702860 850
1702870 851
1702880 852
1702890 853
1702900 853
1702910 853
1702920 854
1702930 854
1702940 855
1702950 856
1702960 857
1702970 859
1702980 860
1702990 861
1703000 862
1703010 863
1703020 865
1703030 866
1703040 868
1703050 869
1703060 870
1703070 871
1703080 872
1703090 872
1703100 873
1703110 874
1703120 875
1703130 875
1703140 876
1703150 877
1703160 878
1703170 879
1703180 880
1703190 881
1703200 883
1703210 884
1703220 886
1703230 888
1703240 890
1703250 891
1703260 893
1703270 895
1703280 897
1703290 898
1703300 900
1703310 902
1703320 904
1703330 905
1703340 907
1703350 908
1703360 910
1703370 912
1703380 914
1703390 916
1703400 918
1703410 920
1703420 921
1703430 922
1703440 923
1703450 924
1703460 925
1703470 925
1703480 925
1703490 924
1703500 924
1703510 923
1703520 921
1703530 920
1703540 918
1703550 915
1703560 912
1703570 910
1703580 909
1703590 907
1703600 906
1703610 905
1703620 903
1703630 901
1703640 899
1703650 898
1703660 895
1703670 893
1703680 890
1703690 887
1703700 883
1703710 880
1703720 877
1703730 875
1703740 874
1703750 873
1703760 872
1703770 871
1703780 871
1703790 873
1703800 876
1703810 880
1703820 883
1703830 886
1703840 888
1703850 890
1703860 892
1703870 894
1703880 896
1703890 897
1703900 899
1703910 900
1703920 902
1703930 903
1703940 905
1703950 906
1703960 907
1703970 909
1703980 910
1703990 911
1704000 913
1704010 914
1704020 915
1704030 916
1704040 917
1704050 918
1704060 918
1704070 919
1704080 918
1704090 919
1704100 919
1704110 919
1704120 920
1704130 920
1704140 920
1704150 921
1704160 921
1704170 922
1704180 922
1704190 922
1704200 922
1704210 922
1704220 922
1704230 921
1704240 921
1704250 920
1704260 920
1704270 919
1704280 919
1704290 919
1704300 919
1704310 919
1704320 919
1704330 919
1704340 920
1704350 920
1704360 920
1704370 920
1704380 921
1704390 921
1704400 921
1704410 922
1704420 922
1704430 922
1704440 923
1704450 923
1704460 924
1704470 924
1704480 924
1704490 925
1704500 925
1704510 925
1704520 926
1704530 926
1704540 926
1704550 926
1704560 926
1704570 926
1704580 926
1704590 925
1704600 925
1704610 925
1704620 925
1704630 925
1704640 925
1704650 925
1704660 925
1704670 925
1704680 925
1704690 925
1704700 925
1704710 924
1704720 923
1704730 921
1704740 919
1704750 918
1704760 917
1704770 916
1704780 915
1704790 912
1704800 909
1704810 905
1704820 903
1704830 903
1704840 903
1704850 905
1704860 907
1704870 909
1704880 909
1704890 910
1704900 911
1704910 912
1704920 913
1704930 914
1704940 914
1704950 915
1704960 916
1704970 916
1704980 917
1704990 917
1705000 918
1705010 918
1705020 919
1705030 920
1705040 920
1705050 921
1705060 921
1705070 922
1705080 922
1705090 923
1705100 923
1705110 924
1705120 925
1705130 925
1705140 926
1705150 926
1705160 927
1705170 927
1705180 928
1705190 929
1705200 929
1705210 930
1705220 930
1705230 931
1705240 931
1705250 932
1705260 933
1705270 934
1705280 935
1705290 936
1705300 937
1705310 937
1705320 938
1705330 939
1705340 939
1705350 940
1705360 941
1705370 942
1705380 943
1705390 943
1705400 944
1705410 945
1705420 946
1705430 946
1705440 947
1705450 948
1705460 949
1705470 950
1705480 951
1705490 952
1705500 953
1705510 954
1705520 955
1705530 956
1705540 957
1705550 958
1705560 959
1705570 960
1705580 961
1705590 962
1705600 963
1705610 964
1705620 966
1705630 967
1705640 969
1705650 971
1705660 974
1705670 976
1705680 980
1705690 984
1705700 988
1705710 990
1705720 991
1705730 992
1705740 992
1705750 992
1705760 992
1705770 991
1705780 991
1705790 991
1705800 991
1705810 991
1705820 990
1705830 991
1705840 992
1705850 995
1705860 997
1705870 999
1705880 1001
1705890 1001
1705900 1002
1705910 1002
1705920 1003
1705930 1003
1705940 1003
1705950 1004
1705960 1004
1705970 1005
1705980 1005
1705990 1005
1706000 1005
1706010 1005
1706020 1004
1706030 1004
1706040 1004
1706050 1004
1706060 1004
1706070 1004
1706080 1004
1706090 1004
1706100 1005
1706110 1005
1706120 1005
1706130 1005
1706140 1005
1706150 1005
1706160 1005
1706170 1005
1706180 1005
1706190 1005
1706200 1006
1706210 1006
1706220 1006
1706230 1005
1706240 1005
1706250 1005
1706260 1004
1706270 1004
1706280 1004
1706290 1004
1706300 1004
1706310 1004
1706320 1003
1706330 1002
1706340 999
1706350 995
1706360 991
1706370 987
1706380 983
1706390 978
1706400 976
1706410 974
1706420 972
1706430 970
1706440 969
1706450 967
1706460 966
1706470 965
1706480 963
1706490 961
1706500 960
1706510 958
1706520 957
1706530 956
1706540 956
1706550 956
1706560 957
1706570 958
1706580 958
1706590 960
1706600 961
1706610 962
1706620 962
1706630 963
1706640 964
1706650 964
1706660 964
1706670 964
1706680 963
1706690 962
1706700 961
1706710 960
1706720 959
1706730 958
1706740 956
1706750 955
1706760 954
1706770 953
1706780 952
1706790 950
1706800 946
1706810 942
1706820 937
1706830 927
1706840 920
1706850 915
1706860 913
1706870 915
1706880 920
1706890 923
1706900 926
1706910 928
1706920 930
1706930 933
1706940 935
1706950 938
1706960 940
1706970 941
1706980 941
1706990 942
1707000 942
1707010 943
1707020 944
1707030 944
1707040 944
1707050 943
1707060 943
1707070 943
1707080 942
1707090 942
1707100 941
1707110 940
1707120 939
1707130 938
1707140 937
1707150 936
1707160 934
1707170 933
1707180 932
1707190 931
1707200 931
1707210 930
1707220 928
1707230 927
1707240 926
1707250 925
1707260 924
1707270 922
1707280 921
1707290 919
1707300 918
1707310 916
1707320 914
1707330 912
1707340 911
1707350 910
1707360 909
1707370 908
1707380 906
1707390 905
1707400 902
1707410 900
1707420 897
1707430 893
1707440 889
1707450 886
1707460 884
1707470 882
1707480 881
1707490 881
1707500 881
1707510 881
1707520 882
1707530 883
1707540 883
1707550 883
1707560 883
1707570 883
1707580 884
1707590 884
1707600 884
1707610 885
1707620 885
1707630 886
1707640 886
1707650 887
1707660 887
1707670 888
1707680 888
1707690 889
1707700 889
1707710 890
1707720 890
1707730 890
1707740 891
1707750 892
1707760 893
1707770 894
1707780 895
1707790 895
1707800 896
1707810 896
1707820 897
1707830 897
1707840 898
1707850 898
1707860 898
1707870 899
1707880 899
1707890 899
1707900 899
1707910 899
1707920 899
1707930 899
1707940 898
1707950 898
1707960 897
1707970 897
1707980 896
1707990 895
1708000 894
1708010 893
1708020 892
1708030 891
1708040 890
1708050 888
1708060 886
1708070 883
1708080 881
1708090 879
1708100 877
1708110 876
1708120 875
1708130 875
1708140 876
1708150 876
1708160 876
1708170 876
1708180 876
1708190 877
1708200 880
1708210 883
1708220 885
1708230 887
1708240 889
1708250 891
1708260 893
1708270 896
1708280 898
1708290 900
1708300 903
1708310 905
1708320 907
1708330 909
1708340 911
1708350 913
1708360 915
1708370 917
1708380 918
1708390 920
1708400 921
1708410 923
1708420 924
1708430 926
1708440 927
1708450 928
1708460 930
1708470 931
1708480 932
1708490 934
1708500 935
1708510 936
1708520 937
1708530 939
1708540 940
1708550 941
1708560 942
1708570 942
1708580 943
1708590 943
1708600 944
1708610 944
1708620 944
1708630 944
1708640 944
1708650 943
1708660 943
1708670 943
1708680 943
1708690 944
1708700 944
1708710 944
1708720 944
1708730 944
1708740 944
1708750 944
1708760 944
1708770 944
1708780 944
1708790 944
1708800 945
1708810 945
1708820 945
1708830 945
1708840 946
1708850 946
1708860 946
1708870 946
1708880 946
1708890 947
1708900 947
1708910 947
1708920 947
1708930 947
1708940 947
1708950 947
1708960 948
1708970 948
1708980 948
1708990 948
1709000 948
1709010 948
1709020 949
1709030 949
1709040 950
1709050 950
1709060 950
1709070 951
1709080 951
1709090 951
1709100 951
1709110 951
1709120 951
1709130 952
1709140 952
1709150 952
1709160 953
1709170 953
1709180 953
1709190 953
1709200 954
1709210 954
1709220 955
1709230 955
1709240 956
1709250 956
1709260 957
1709270 957
1709280 957
1709290 957
1709300 958
1709310 958
1709320 958
1709330 958
1709340 959
1709350 959
1709360 959
1709370 960
1709380 960
1709390 961
1709400 961
1709410 961
1709420 962
1709430 962
1709440 962
1709450 963
1709460 963
1709470 963
1709480 964
1709490 964
1709500 964
1709510 964
1709520 965
1709530 964
1709540 964
1709550 964
1709560 965
1709570 965
1709580 966
1709590 966
1709600 965
1709610 965
1709620 965
1709630 965
1709640 964
1709650 964
1709660 962
1709670 960
1709680 957
1709690 953
1709700 949
1709710 944
1709720 938
1709730 931
1709740 925
1709750 921
1709760 918
1709770 914
1709780 911
1709790 908
1709800 904
1709810 901
1709820 898
1709830 895
1709840 892
1709850 888
1709860 885
1709870 883
1709880 881
1709890 880
1709900 879
1709910 877
1709920 876
1709930 877
1709940 878
1709950 879
1709960 881
1709970 882
1709980 883
1709990 884
1710000 884
1710010 885
1710020 886
1710030 886
1710040 887
1710050 888
1710060 888
1710070 889
1710080 889
1710090 890
1710100 891
1710110 892
1710120 893
1710130 893
1710140 894
1710150 894
1710160 895
1710170 895
1710180 896
1710190 897
1710200 897
1710210 898
1710220 898
1710230 899
1710240 899
1710250 898
1710260 897
1710270 895
1710280 892
1710290 888
1710300 884
1710310 880
1710320 877
1710330 878
1710340 881
1710350 884
1710360 886
1710370 888
1710380 889
1710390 890
1710400 891
1710410 891
1710420 892
1710430 893
1710440 894
1710450 895
1710460 896
1710470 896
1710480 897
1710490 897
1710500 897
1710510 897
1710520 898
1710530 898
1710540 899
1710550 899
1710560 900
1710570 901
1710580 901
1710590 902
1710600 902
1710610 902
1710620 902
1710630 904
1710640 905
1710650 906
1710660 906
1710670 907
1710680 908
1710690 909
1710700 909
1710710 910
1710720 911
1710730 911
1710740 912
1710750 912
1710760 913
1710770 914
1710780 914
1710790 915
1710800 915
1710810 916
1710820 917
1710830 917
1710840 918
1710850 918
1710860 919
1710870 919
1710880 919
1710890 920
1710900 921
1710910 921
1710920 922
1710930 922
1710940 923
1710950 923
1710960 924
1710970 924
1710980 925
1710990 925
1711000 926
1711010 926
1711020 927
1711030 928
1711040 929
1711050 930
1711060 931
1711070 932
1711080 934
1711090 935
1711100 937
1711110 939
1711120 941
1711130 943
1711140 945
1711150 947
1711160 949
1711170 950
1711180 952
1711190 953
1711200 953
1711210 953
1711220 953
1711230 954
1711240 953
1711250 953
1711260 952
1711270 952
1711280 951
1711290 949
1711300 948
1711310 947
1711320 946
1711330 945
1711340 943
1711350 942
1711360 941
1711370 939
1711380 936
1711390 933
1711400 931
1711410 928
1711420 926
1711430 922
1711440 919
1711450 916
1711460 914
1711470 912
1711480 909
1711490 905
1711500 902
1711510 898
1711520 895
1711530 893
1711540 891
1711550 889
1711560 886
1711570 882
1711580 879
1711590 876
1711600 874
1711610 872
1711620 870
1711630 869
1711640 868
1711650 866
1711660 864
1711670 862
1711680 860
1711690 857
1711700 855
1711710 853
1711720 850
1711730 847
1711740 844
1711750 842
1711760 839
1711770 837
1711780 834
1711790 831
1711800 829
1711810 827
1711820 825
1711830 823
1711840 821
1711850 819
1711860 817
1711870 814
1711880 811
1711890 809
1711900 807
1711910 804
1711920 801
1711930 797
1711940 794
1711950 790
1711960 787
1711970 785
1711980 784
1711990 784
1712000 784
1712010 783
1712020 782
1712030 782
1712040 781
1712050 781
1712060 780
1712070 780
1712080 781
1712090 781
1712100 780
1712110 779
1712120 777
1712130 776
1712140 775
1712150 773
1712160 772
1712170 772
1712180 770
1712190 769
1712200 768
1712210 767
1712220 766
1712230 765
1712240 765
1712250 764
1712260 763
1712270 761
1712280 761
1712290 760
1712300 760
1712310 759
1712320 759
1712330 758
1712340 758
1712350 757
1712360 757
1712370 756
1712380 756
1712390 756
1712400 756
1712410 756
1712420 756
1712430 755
1712440 754
1712450 752
1712460 751
1712470 749
1712480 748
1712490 747
1712500 747
1712510 746
1712520 745
1712530 745
1712540 747
1712550 747
1712560 747
1712570 746
1712580 746
1712590 746
1712600 747
1712610 748
1712620 751
1712630 754
1712640 757
1712650 759
1712660 760
1712670 760
1712680 761
1712690 761
1712700 760
1712710 760
1712720 759
1712730 759
1712740 759
1712750 760
1712760 760
1712770 760
1712780 760
1712790 760
1712800 758
1712810 755
1712820 752
1712830 750
1712840 748
1712850 746
1712860 746
1712870 745
1712880 746
1712890 747
1712900 748
1712910 751
1712920 753
1712930 756
1712940 760
1712950 763
1712960 767
1712970 771
1712980 775
1712990 779
1713000 783
1713010 787
1713020 792
1713030 796
1713040 802
1713050 808
1713060 814
1713070 819
1713080 825
1713090 830
1713100 836
1713110 841
1713120 846
1713130 851
1713140 856
1713150 861
1713160 866
1713170 871
1713180 876
1713190 882
1713200 886
1713210 891
1713220 895
1713230 900
1713240 904
1713250 908
1713260 913
1713270 917
1713280 921
1713290 925
1713300 929
1713310 933
1713320 937
1713330 940
1713340 944
1713350 947
1713360 949
1713370 952
1713380 954
1713390 955
1713400 957
1713410 958
1713420 960
1713430 961
1713440 962
1713450 963
1713460 963
1713470 964
1713480 965
1713490 966
1713500 967
1713510 968
1713520 970
1713530 971
1713540 972
1713550 974
1713560 976
1713570 978
1713580 980
1713590 982
1713600 984
1713610 986
1713620 988
1713630 990
1713640 992
1713650 994
1713660 995
1713670 996
1713680 997
1713690 998
1713700 999
1713710 1001
1713720 1002
1713730 1003
1713740 1004
1713750 1005
1713760 1007
1713770 1008
1713780 1009
1713790 1011
1713800 1012
1713810 1014
1713820 1016
1713830 1017
1713840 1019
1713850 1020
1713860 1022
1713870 1024
1713880 1025
1713890 1027
1713900 1029
1713910 1031
1713920 1033
1713930 1035
1713940 1037
1713950 1039
1713960 1041
1713970 1043
1713980 1045
1713990 1047
1714000 1049
1714010 1051
1714020 1053
1714030 1055
1714040 1057
1714050 1060
1714060 1062
1714070 1064
1714080 1065
1714090 1067
1714100 1068
1714110 1069
1714120 1069
1714130 1069
1714140 1069
1714150 1069
1714160 1069
1714170 1068
1714180 1067
1714190 1065
1714200 1064
1714210 1063
1714220 1062
1714230 1062
1714240 1062
1714250 1063
1714260 1063
1714270 1063
1714280 1063
1714290 1062
1714300 1061
1714310 1060
1714320 1058
1714330 1057
1714340 1055
1714350 1054
1714360 1052
1714370 1051
1714380 1049
1714390 1048
1714400 1047
1714410 1047
1714420 1046
1714430 1046
1714440 1046
1714450 1046
1714460 1046
1714470 1046
1714480 1045
1714490 1045
1714500 1045
1714510 1044
1714520 1044
1714530 1045
1714540 1045
1714550 1044
1714560 1044
1714570 1043
1714580 1042
1714590 1041
1714600 1041
1714610 1041
1714620 1041
1714630 1041
1714640 1041
1714650 1041
1714660 1041
1714670 1040
1714680 1038
1714690 1036
1714700 1035
1714710 1035
1714720 1034
1714730 1034
1714740 1035
1714750 1035
1714760 1036
1714770 1036
1714780 1036
1714790 1036
1714800 1036
1714810 1036
1714820 1034
1714830 1033
1714840 1031
1714850 1029
1714860 1028
1714870 1027
1714880 1027
1714890 1026
1714900 1026
1714910 1025
1714920 1025
1714930 1026
1714940 1027
1714950 1028
1714960 1028
1714970 1028
1714980 1028
1714990 1028
1715000 1028
1715010 1028
1715020 1026
1715030 1023
1715040 1020
1715050 1020
1715060 1020
1715070 1022
1715080 1023
1715090 1023
1715100 1022
1715110 1021
1715120 1020
1715130 1019
1715140 1017
1715150 1016
1715160 1015
1715170 1016
1715180 1016
1715190 1017
1715200 1018
1715210 1018
1715220 1017
1715230 1017
1715240 1016
1715250 1016
1715260 1017
1715270 1018
1715280 1020
1715290 1021
1715300 1021
1715310 1020
1715320 1019
1715330 1018
1715340 1017
1715350 1016
1715360 1015
1715370 1014
1715380 1013
1715390 1014
1715400 1015
1715410 1016
1715420 1018
1715430 1021
1715440 1024
1715450 1027
1715460 1030
1715470 1033
1715480 1037
1715490 1040
1715500 1042
1715510 1044
1715520 1046
1715530 1049
1715540 1053
1715550 1055
1715560 1058
1715570 1059
1715580 1059
1715590 1058
1715600 1057
1715610 1056
1715620 1055
1715630 1054
1715640 1054
1715650 1052
1715660 1051
1715670 1050
1715680 1048
1715690 1048
1715700 1049
1715710 1050
1715720 1050
1715730 1050
1715740 1051
1715750 1050
1715760 1050
1715770 1049
1715780 1049
1715790 1048
1715800 1047
1715810 1047
1715820 1048
1715830 1049
1715840 1051
1715850 1053
1715860 1056
1715870 1059
1715880 1062
1715890 1064
1715900 1066
1715910 1068
1715920 1069
1715930 1070
1715940 1070
1715950 1071
1715960 1072
1715970 1073
1715980 1074
1715990 1074
1716000 1074
1716010 1074
1716020 1075
1716030 1075
1716040 1075
1716050 1076
1716060 1077
1716070 1078
1716080 1080
1716090 1081
1716100 1083
1716110 1084
1716120 1086
1716130 1088
1716140 1090
1716150 1091
1716160 1093
1716170 1095
1716180 1097
1716190 1099
1716200 1101
1716210 1104
1716220 1106
1716230 1108
1716240 1109
1716250 1111
1716260 1113
1716270 1113
1716280 1113
1716290 1113
1716300 1114
1716310 1115
1716320 1116
1716330 1117
1716340 1119
1716350 1120
1716360 1120
1716370 1120
1716380 1119
1716390 1120
1716400 1120
1716410 1121
1716420 1123
1716430 1125
1716440 1127
1716450 1130
1716460 1133
1716470 1136
1716480 1138
1716490 1140
1716500 1141
1716510 1142
1716520 1142
1716530 1143
1716540 1143
1716550 1144
1716560 1145
1716570 1146
1716580 1147
1716590 1149
1716600 1151
1716610 1153
1716620 1154
1716630 1156
1716640 1159
1716650 1161
1716660 1164
1716670 1167
1716680 1170
1716690 1171
1716700 1172
1716710 1174
1716720 1177
1716730 1181
1716740 1185
1716750 1186
1716760 1187
1716770 1188
1716780 1192
1716790 1196
1716800 1201
1716810 1205
1716820 1209
1716830 1214
1716840 1220
1716850 1225
1716860 1230
1716870 1233
1716880 1237
1716890 1241
1716900 1244
1716910 1247
1716920 1250
1716930 1251
1716940 1255
1716950 1260
1716960 1264
1716970 1266
1716980 1268
1716990 1269
1717000 1273
1717010 1277
1717020 1282
1717030 1288
1717040 1294
1717050 1299
1717060 1303
1717070 1307
1717080 1312
1717090 1315
1717100 1319
1717110 1322
1717120 1325
1717130 1327
1717140 1329
1717150 1331
1717160 1332
1717170 1333
1717180 1333
1717190 1334
1717200 1334
1717210 1334
1717220 1335
1717230 1335
1717240 1335
1717250 1335
1717260 1335
1717270 1335
1717280 1335
1717290 1335
1717300 1335
1717310 1335
1717320 1335
1717330 1335
1717340 1334
1717350 1333
1717360 1333
1717370 1332
1717380 1331
1717390 1331
1717400 1330
1717410 1329
1717420 1328
1717430 1327
1717440 1326
1717450 1324
1717460 1323
1717470 1321
1717480 1319
1717490 1318
1717500 1317
1717510 1317
1717520 1316
1717530 1315
1717540 1314
1717550 1314
1717560 1313
1717570 1312
1717580 1311
1717590 1309
1717600 1308
1717610 1307
1717620 1306
1717630 1305
1717640 1304
1717650 1303
1717660 1303
1717670 1301
1717680 1300
1717690 1299
1717700 1298
1717710 1296
1717720 1295
1717730 1292
1717740 1289
1717750 1285
1717760 1282
1717770 1277
1717780 1273
1717790 1262
1717800 1254
1717810 1248
1717820 1242
1717830 1236
1717840 1232
1717850 1229
1717860 1226
1717870 1223
1717880 1220
1717890 1217
1717900 1214
1717910 1212
1717920 1209
1717930 1206
1717940 1204
1717950 1202
1717960 1200
1717970 1198
1717980 1197
1717990 1195
1718000 1194
1718010 1193
1718020 1191
1718030 1190
1718040 1188
1718050 1187
1718060 1186
1718070 1185
1718080 1184
1718090 1183
1718100 1182
1718110 1181
1718120 1180
1718130 1179
1718140 1178
1718150 1177
1718160 1176
1718170 1176
1718180 1175
1718190 1174
1718200 1173
1718210 1172
1718220 1171
1718230 1170
1718240 1169
1718250 1168
1718260 1168
1718270 1167
1718280 1167
1718290 1166
1718300 1166
1718310 1165
1718320 1164
1718330 1164
1718340 1163
1718350 1162
1718360 1162
1718370 1161
1718380 1160
1718390 1159
1718400 1159
1718410 1158
1718420 1158
1718430 1157
1718440 1157
1718450 1157
1718460 1157
1718470 1157
1718480 1157
1718490 1157
1718500 1157
1718510 1157
1718520 1157
1718530 1157
1718540 1157
1718550 1156
1718560 1156
1718570 1156
1718580 1155
1718590 1154
1718600 1154
1718610 1153
1718620 1153
1718630 1152
1718640 1151
1718650 1150
1718660 1149
1718670 1148
1718680 1146
1718690 1145
1718700 1144
1718710 1142
1718720 1140
1718730 1138
1718740 1137
1718750 1137
1718760 1138
1718770 1139
1718780 1140
1718790 1140
1718800 1140
1718810 1140
1718820 1140
1718830 1140
1718840 1140
1718850 1140
1718860 1140
1718870 1140
1718880 1139
1718890 1139
1718900 1139
1718910 1138
1718920 1138
1718930 1138
1718940 1137
1718950 1136
1718960 1135
1718970 1134
1718980 1133
1718990 1132
1719000 1130
1719010 1127
1719020 1125
1719030 1122
1719040 1120
1719050 1118
1719060 1116
1719070 1114
1719080 1111
1719090 1109
1719100 1107
1719110 1105
1719120 1104
1719130 1101
1719140 1098
1719150 1096
1719160 1095
1719170 1095
1719180 1095
1719190 1094
1719200 1094
1719210 1093
1719220 1092
1719230 1091
1719240 1088
1719250 1085
1719260 1082
1719270 1077
1719280 1073
1719290 1068
1719300 1063
1719310 1059
1719320 1055
1719330 1052
1719340 1048
1719350 1045
1719360 1042
1719370 1039
1719380 1036
1719390 1033
1719400 1031
1719410 1028
1719420 1026
1719430 1024
1719440 1022
1719450 1020
1719460 1019
1719470 1017
1719480 1016
1719490 1014
1719500 1013
1719510 1013
1719520 1013
1719530 1013
1719540 1013
1719550 1014
1719560 1015
1719570 1016
1719580 1018
1719590 1020
1719600 1021
1719610 1023
1719620 1024
1719630 1026
1719640 1027
1719650 1028
1719660 1028
1719670 1029
1719680 1029
1719690 1029
1719700 1029
1719710 1028
1719720 1027
1719730 1026
1719740 1025
1719750 1023
1719760 1021
1719770 1018
1719780 1015
1719790 1012
1719800 1007
1719810 1003
1719820 997
1719830 992
1719840 987
1719850 982
1719860 978
1719870 975
1719880 974
1719890 973
1719900 972
1719910 972
1719920 971
1719930 971
1719940 970
1719950 970
1719960 970
1719970 970
1719980 970
1719990 970
