1700000 559
1700010 561
1700020 564
1700030 567
1700040 571
1700050 574
1700060 578
1700070 581
1700080 584
1700090 586
1700100 588
1700110 590
1700120 592
1700130 592
1700140 593
1700150 595
1700160 597
1700170 599
1700180 600
1700190 601
1700200 601
1700210 601
1700220 601
1700230 600
1700240 599
1700250 598
1700260 597
1700270 597
1700280 597
1700290 596
1700300 595
1700310 594
1700320 592
1700330 591
1700340 592
1700350 594
1700360 597
1700370 600
1700380 602
1700390 604
1700400 606
1700410 607
1700420 608
1700430 609
1700440 611
1700450 613
1700460 613
1700470 614
1700480 615
1700490 618
1700500 619
1700510 620
1700520 620
1700530 620
1700540 619
1700550 619
1700560 620
1700570 620
1700580 622
1700590 623
1700600 623
1700610 623
1700620 623
1700630 623
1700640 623
1700650 623
1700660 623
1700670 623
1700680 623
1700690 622
1700700 622
1700710 622
1700720 622
1700730 622
1700740 622
1700750 622
1700760 621
1700770 621
1700780 621
1700790 620
1700800 620
1700810 621
1700820 621
1700830 622
1700840 622
1700850 621
1700860 620
1700870 620
1700880 619
1700890 620
1700900 621
1700910 622
1700920 623
1700930 623
1700940 623
1700950 623
1700960 622
1700970 621
1700980 619
1700990 618
1701000 617
1701010 617
1701020 617
1701030 618
1701040 619
1701050 620
1701060 621
1701070 622
1701080 622
1701090 622
1701100 622
1701110 622
1701120 621
1701130 620
1701140 618
1701150 617
1701160 614
1701170 611
1701180 608
1701190 607
1701200 607
1701210 608
1701220 609
1701230 610
1701240 610
1701250 610
1701260 610
1701270 610
1701280 609
1701290 608
1701300 607
1701310 606
1701320 605
1701330 605
1701340 604
1701350 603
1701360 601
1701370 601
1701380 601
1701390 602
1701400 605
1701410 608
1701420 610
1701430 614
1701440 618
1701450 622
1701460 626
1701470 628
1701480 630
1701490 631
1701500 631
1701510 631
1701520 631
1701530 628
1701540 624
1701550 617
1701560 611
1701570 607
1701580 607
1701590 612
1701600 618
1701610 625
1701620 630
1701630 633
1701640 635
1701650 635
1701660 635
1701670 635
1701680 634
1701690 634
1701700 634
1701710 634
1701720 633
1701730 632
1701740 632
1701750 631
1701760 630
1701770 628
1701780 627
1701790 626
1701800 622
1701810 618
1701820 614
1701830 614
1701840 614
1701850 614
1701860 614
1701870 614
1701880 614
1701890 614
1701900 613
1701910 611
1701920 609
1701930 609
1701940 608
1701950 607
1701960 605
1701970 602
1701980 599
1701990 598
1702000 597
1702010 597
1702020 596
1702030 595
1702040 592
1702050 593
1702060 595
1702070 598
1702080 602
1702090 605
1702100 609
1702110 612
1702120 614
1702130 616
1702140 617
1702150 618
1702160 619
1702170 622
1702180 625
1702190 628
1702200 631
1702210 634
1702220 638
1702230 640
1702240 642
1702250 644
1702260 646
1702270 648
1702280 650
1702290 652
1702300 654
1702310 656
1702320 660
1702330 663
1702340 665
1702350 667
1702360 670
1702370 672
1702380 673
1702390 674
1702400 675
1702410 676
1702420 678
1702430 680
1702440 684
1702450 688
1702460 691
1702470 694
1702480 697
1702490 699
1702500 701
1702510 703
1702520 705
1702530 706
1702540 708
1702550 710
1702560 711
1702570 713
1702580 716
1702590 719
1702600 722
1702610 724
1702620 726
1702630 728
1702640 730
1702650 732
1702660 735
1702670 738
1702680 742
1702690 746
1702700 751
1702710 754
1702720 758
1702730 762
1702740 767
1702750 771
1702760 776
1702770 780
1702780 785
1702790 790
1702800 795
1702810 800
1702820 805
1702830 810
1702840 818
1702850 828
1702860 840
1702870 848
1702880 853
1702890 854
1702900 851
1702910 850
1702920 851
1702930 856
1702940 861
1702950 866
1702960 869
1702970 871
1702980 872
1702990 872
1703000 873
1703010 873
1703020 874
1703030 875
1703040 876
1703050 877
1703060 878
1703070 879
1703080 880
1703090 881
1703100 881
1703110 882
1703120 883
1703130 884
1703140 885
1703150 887
1703160 889
1703170 891
1703180 892
1703190 894
1703200 896
1703210 898
1703220 900
1703230 902
1703240 903
1703250 905
1703260 906
1703270 908
1703280 909
1703290 911
1703300 913
1703310 915
1703320 917
1703330 918
1703340 920
1703350 922
1703360 923
1703370 925
1703380 926
1703390 928
1703400 929
1703410 930
1703420 931
1703430 932
1703440 931
1703450 931
1703460 930
1703470 929
1703480 928
1703490 926
1703500 924
1703510 922
1703520 919
1703530 916
1703540 913
1703550 911
1703560 907
1703570 905
1703580 902
1703590 901
1703600 900
1703610 899
1703620 899
1703630 899
1703640 899
1703650 899
1703660 899
1703670 898
1703680 898
1703690 898
1703700 898
1703710 898
1703720 897
1703730 895
1703740 893
1703750 890
1703760 886
1703770 882
1703780 879
1703790 876
1703800 874
1703810 874
1703820 874
1703830 876
1703840 878
1703850 880
1703860 883
1703870 885
1703880 887
1703890 888
1703900 889
1703910 890
1703920 890
1703930 890
1703940 890
1703950 891
1703960 891
1703970 892
1703980 893
1703990 894
1704000 894
1704010 894
1704020 895
1704030 896
1704040 896
1704050 897
1704060 897
1704070 897
1704080 897
1704090 897
1704100 897
1704110 898
1704120 898
1704130 899
1704140 898
1704150 898
1704160 897
1704170 897
1704180 898
1704190 899
1704200 898
1704210 897
1704220 897
1704230 898
1704240 899
1704250 899
1704260 901
1704270 903
1704280 905
1704290 905
1704300 906
1704310 906
1704320 906
1704330 906
1704340 906
1704350 908
1704360 909
1704370 910
1704380 911
1704390 912
1704400 914
1704410 915
1704420 916
1704430 917
1704440 918
1704450 919
1704460 919
1704470 920
1704480 921
1704490 921
1704500 922
1704510 923
1704520 923
1704530 924
1704540 924
1704550 925
1704560 926
1704570 927
1704580 928
1704590 928
1704600 929
1704610 929
1704620 930
1704630 931
1704640 932
1704650 932
1704660 933
1704670 934
1704680 934
1704690 935
1704700 936
1704710 936
1704720 937
1704730 937
1704740 937
1704750 937
1704760 937
1704770 937
1704780 937
1704790 936
1704800 936
1704810 935
1704820 934
1704830 932
1704840 931
1704850 928
1704860 926
1704870 924
1704880 922
1704890 920
1704900 918
1704910 916
1704920 915
1704930 914
1704940 914
1704950 915
1704960 915
1704970 915
1704980 915
1704990 916
1705000 916
1705010 916
1705020 916
1705030 917
1705040 917
1705050 917
1705060 917
1705070 917
1705080 917
1705090 917
1705100 918
1705110 918
1705120 919
1705130 920
1705140 921
1705150 920
1705160 920
1705170 919
1705180 920
1705190 920
1705200 920
1705210 923
1705220 925
1705230 926
1705240 927
1705250 928
1705260 928
1705270 927
1705280 927
1705290 928
1705300 929
1705310 931
1705320 932
1705330 934
1705340 935
1705350 936
1705360 937
1705370 938
1705380 939
1705390 939
1705400 939
1705410 939
1705420 941
1705430 944
1705440 947
1705450 949
1705460 951
1705470 952
1705480 954
1705490 955
1705500 956
1705510 958
1705520 959
1705530 961
1705540 962
1705550 964
1705560 966
1705570 967
1705580 969
1705590 971
1705600 972
1705610 974
1705620 976
1705630 978
1705640 981
1705650 983
1705660 985
1705670 987
1705680 990
1705690 993
1705700 996
1705710 998
1705720 1001
1705730 1003
1705740 1005
1705750 1006
1705760 1007
1705770 1008
1705780 1009
1705790 1010
1705800 1010
1705810 1011
1705820 1011
1705830 1010
1705840 1009
1705850 1008
1705860 1007
1705870 1007
1705880 1009
1705890 1011
1705900 1013
1705910 1015
1705920 1016
1705930 1018
1705940 1020
1705950 1022
1705960 1023
1705970 1024
1705980 1025
1705990 1027
1706000 1028
1706010 1029
1706020 1029
1706030 1028
1706040 1029
1706050 1029
1706060 1031
1706070 1032
1706080 1033
1706090 1034
1706100 1035
1706110 1035
1706120 1035
1706130 1036
1706140 1036
1706150 1037
1706160 1038
1706170 1039
1706180 1039
1706190 1040
1706200 1040
1706210 1041
1706220 1041
1706230 1041
1706240 1041
1706250 1041
1706260 1041
1706270 1041
1706280 1041
1706290 1041
1706300 1040
1706310 1040
1706320 1040
1706330 1039
1706340 1039
1706350 1038
1706360 1038
1706370 1037
1706380 1035
1706390 1032
1706400 1028
1706410 1024
1706420 1019
1706430 1011
1706440 1003
1706450 997
1706460 993
1706470 989
1706480 986
1706490 981
1706500 978
1706510 977
1706520 977
1706530 978
1706540 978
1706550 977
1706560 975
1706570 973
1706580 971
1706590 970
1706600 968
1706610 967
1706620 965
1706630 963
1706640 963
1706650 962
1706660 961
1706670 959
1706680 956
1706690 953
1706700 950
1706710 948
1706720 947
1706730 946
1706740 945
1706750 944
1706760 943
1706770 944
1706780 945
1706790 946
1706800 947
1706810 948
1706820 949
1706830 948
1706840 948
1706850 948
1706860 948
1706870 950
1706880 953
1706890 956
1706900 960
1706910 964
1706920 968
1706930 972
1706940 977
1706950 982
1706960 986
1706970 987
1706980 987
1706990 987
1707000 987
1707010 987
1707020 986
1707030 985
1707040 984
1707050 983
1707060 982
1707070 981
1707080 981
1707090 980
1707100 979
1707110 978
1707120 977
1707130 975
1707140 974
1707150 973
1707160 971
1707170 969
1707180 967
1707190 965
1707200 963
1707210 961
1707220 959
1707230 957
1707240 956
1707250 954
1707260 952
1707270 951
1707280 949
1707290 948
1707300 947
1707310 946
1707320 944
1707330 942
1707340 941
1707350 939
1707360 938
1707370 936
1707380 935
1707390 934
1707400 933
1707410 932
1707420 931
1707430 930
1707440 928
1707450 925
1707460 922
1707470 920
1707480 920
1707490 922
1707500 923
1707510 923
1707520 922
1707530 922
1707540 921
1707550 920
1707560 920
1707570 919
1707580 919
1707590 918
1707600 918
1707610 917
1707620 917
1707630 916
1707640 916
1707650 916
1707660 916
1707670 916
1707680 916
1707690 917
1707700 918
1707710 918
1707720 919
1707730 920
1707740 920
1707750 921
1707760 922
1707770 922
1707780 923
1707790 923
1707800 922
1707810 922
1707820 923
1707830 923
1707840 924
1707850 924
1707860 924
1707870 924
1707880 925
1707890 925
1707900 925
1707910 924
1707920 924
1707930 924
1707940 924
1707950 925
1707960 925
1707970 925
1707980 924
1707990 924
1708000 923
1708010 923
1708020 922
1708030 921
1708040 920
1708050 919
1708060 918
1708070 915
1708080 913
1708090 911
1708100 909
1708110 907
1708120 905
1708130 903
1708140 903
1708150 902
1708160 902
1708170 902
1708180 902
1708190 902
1708200 901
1708210 900
1708220 901
1708230 902
1708240 902
1708250 902
1708260 902
1708270 903
1708280 906
1708290 909
1708300 912
1708310 915
1708320 918
1708330 921
1708340 923
1708350 925
1708360 927
1708370 929
1708380 931
1708390 933
1708400 934
1708410 936
1708420 937
1708430 938
1708440 939
1708450 940
1708460 941
1708470 943
1708480 944
1708490 945
1708500 946
1708510 947
1708520 948
1708530 950
1708540 951
1708550 951
1708560 952
1708570 953
1708580 954
1708590 954
1708600 955
1708610 955
1708620 956
1708630 956
1708640 957
1708650 957
1708660 957
1708670 957
1708680 957
1708690 958
1708700 958
1708710 958
1708720 958
1708730 958
1708740 958
1708750 958
1708760 958
1708770 958
1708780 958
1708790 959
1708800 959
1708810 959
1708820 959
1708830 959
1708840 959
1708850 959
1708860 959
1708870 959
1708880 959
1708890 959
1708900 959
1708910 960
1708920 960
1708930 960
1708940 959
1708950 959
1708960 959
1708970 959
1708980 959
1708990 958
1709000 958
1709010 958
1709020 958
1709030 958
1709040 959
1709050 959
1709060 959
1709070 959
1709080 959
1709090 959
1709100 959
1709110 959
1709120 959
1709130 960
1709140 960
1709150 960
1709160 960
1709170 960
1709180 960
1709190 960
1709200 960
1709210 960
1709220 960
1709230 960
1709240 961
1709250 961
1709260 961
1709270 961
1709280 961
1709290 962
1709300 962
1709310 963
1709320 963
1709330 963
1709340 964
1709350 965
1709360 965
1709370 966
1709380 966
1709390 967
1709400 967
1709410 968
1709420 968
1709430 968
1709440 969
1709450 969
1709460 970
1709470 970
1709480 970
1709490 970
1709500 971
1709510 971
1709520 971
1709530 971
1709540 971
1709550 970
1709560 971
1709570 971
1709580 970
1709590 970
1709600 971
1709610 971
1709620 972
1709630 972
1709640 973
1709650 973
1709660 973
1709670 971
1709680 968
1709690 964
1709700 960
1709710 956
1709720 951
1709730 947
1709740 943
1709750 938
1709760 933
1709770 927
1709780 922
1709790 917
1709800 912
1709810 908
1709820 903
1709830 900
1709840 897
1709850 894
1709860 891
1709870 890
1709880 890
1709890 889
1709900 889
1709910 888
1709920 887
1709930 886
1709940 885
1709950 886
1709960 886
1709970 887
1709980 887
1709990 888
1710000 888
1710010 889
1710020 889
1710030 889
1710040 889
1710050 889
1710060 889
1710070 889
1710080 888
1710090 888
1710100 888
1710110 888
1710120 889
1710130 890
1710140 891
1710150 892
1710160 893
1710170 895
1710180 896
1710190 897
1710200 898
1710210 898
1710220 899
1710230 898
1710240 898
1710250 897
1710260 896
1710270 894
1710280 893
1710290 891
1710300 889
1710310 887
1710320 886
1710330 884
1710340 883
1710350 883
1710360 883
1710370 883
1710380 884
1710390 885
1710400 887
1710410 888
1710420 891
1710430 893
1710440 894
1710450 894
1710460 894
1710470 895
1710480 895
1710490 895
1710500 895
1710510 896
1710520 897
1710530 899
1710540 900
1710550 901
1710560 901
1710570 901
1710580 902
1710590 902
1710600 900
1710610 900
1710620 900
1710630 901
1710640 902
1710650 903
1710660 903
1710670 903
1710680 902
1710690 902
1710700 902
1710710 903
1710720 904
1710730 905
1710740 905
1710750 906
1710760 907
1710770 907
1710780 908
1710790 909
1710800 909
1710810 910
1710820 911
1710830 912
1710840 913
1710850 913
1710860 914
1710870 915
1710880 915
1710890 915
1710900 915
1710910 915
1710920 914
1710930 912
1710940 912
1710950 912
1710960 914
1710970 916
1710980 917
1710990 918
1711000 920
1711010 922
1711020 924
1711030 926
1711040 927
1711050 928
1711060 930
1711070 931
1711080 932
1711090 933
1711100 934
1711110 936
1711120 937
1711130 939
1711140 940
1711150 942
1711160 942
1711170 943
1711180 944
1711190 944
1711200 944
1711210 945
1711220 947
1711230 948
1711240 949
1711250 950
1711260 951
1711270 952
1711280 953
1711290 954
1711300 955
1711310 955
1711320 956
1711330 956
1711340 956
1711350 956
1711360 955
1711370 954
1711380 952
1711390 950
1711400 948
1711410 945
1711420 941
1711430 937
1711440 933
1711450 929
1711460 924
1711470 920
1711480 915
1711490 910
1711500 905
1711510 901
1711520 897
1711530 894
1711540 891
1711550 888
1711560 885
1711570 881
1711580 877
1711590 874
1711600 871
1711610 868
1711620 865
1711630 863
1711640 861
1711650 860
1711660 859
1711670 858
1711680 857
1711690 855
1711700 853
1711710 851
1711720 849
1711730 847
1711740 844
1711750 841
1711760 838
1711770 835
1711780 830
1711790 827
1711800 822
1711810 818
1711820 814
1711830 811
1711840 808
1711850 806
1711860 804
1711870 802
1711880 801
1711890 798
1711900 795
1711910 793
1711920 790
1711930 788
1711940 787
1711950 786
1711960 784
1711970 783
1711980 781
1711990 780
1712000 778
1712010 777
1712020 775
1712030 774
1712040 773
1712050 772
1712060 771
1712070 770
1712080 769
1712090 768
1712100 768
1712110 767
1712120 765
1712130 763
1712140 761
1712150 761
1712160 760
1712170 760
1712180 760
1712190 760
1712200 759
1712210 759
1712220 758
1712230 758
1712240 757
1712250 756
1712260 754
1712270 753
1712280 751
1712290 749
1712300 749
1712310 748
1712320 748
1712330 749
1712340 750
1712350 751
1712360 752
1712370 752
1712380 751
1712390 750
1712400 749
1712410 749
1712420 748
1712430 747
1712440 747
1712450 746
1712460 746
1712470 745
1712480 744
1712490 744
1712500 744
1712510 742
1712520 741
1712530 740
1712540 739
1712550 737
1712560 736
1712570 734
1712580 733
1712590 732
1712600 731
1712610 731
1712620 732
1712630 734
1712640 735
1712650 737
1712660 737
1712670 739
1712680 742
1712690 744
1712700 744
1712710 745
1712720 745
1712730 746
1712740 747
1712750 747
1712760 748
1712770 746
1712780 744
1712790 743
1712800 742
1712810 741
1712820 738
1712830 736
1712840 734
1712850 736
1712860 737
1712870 738
1712880 739
1712890 741
1712900 743
1712910 745
1712920 747
1712930 748
1712940 749
1712950 752
1712960 757
1712970 762
1712980 766
1712990 769
1713000 773
1713010 777
1713020 781
1713030 784
1713040 788
1713050 793
1713060 798
1713070 805
1713080 811
1713090 817
1713100 822
1713110 828
1713120 834
1713130 840
1713140 845
1713150 850
1713160 855
1713170 860
1713180 865
1713190 871
1713200 877
1713210 883
1713220 889
1713230 895
1713240 901
1713250 907
1713260 912
1713270 917
1713280 919
1713290 921
1713300 923
1713310 925
1713320 927
1713330 930
1713340 934
1713350 938
1713360 942
1713370 946
1713380 950
1713390 954
1713400 957
1713410 959
1713420 961
1713430 962
1713440 963
1713450 964
1713460 964
1713470 965
1713480 966
1713490 966
1713500 967
1713510 968
1713520 968
1713530 969
1713540 970
1713550 970
1713560 972
1713570 973
1713580 976
1713590 977
1713600 979
1713610 981
1713620 982
1713630 984
1713640 985
1713650 986
1713660 987
1713670 988
1713680 988
1713690 989
1713700 990
1713710 991
1713720 992
1713730 993
1713740 994
1713750 996
1713760 997
1713770 998
1713780 999
1713790 999
1713800 1000
1713810 1001
1713820 1002
1713830 1004
1713840 1005
1713850 1006
1713860 1007
1713870 1008
1713880 1010
1713890 1011
1713900 1012
1713910 1014
1713920 1015
1713930 1016
1713940 1018
1713950 1019
1713960 1020
1713970 1021
1713980 1022
1713990 1024
1714000 1025
1714010 1027
1714020 1028
1714030 1029
1714040 1030
1714050 1030
1714060 1031
1714070 1031
1714080 1032
1714090 1033
1714100 1033
1714110 1033
1714120 1031
1714130 1029
1714140 1028
1714150 1026
1714160 1025
1714170 1023
1714180 1022
1714190 1020
1714200 1018
1714210 1017
1714220 1017
1714230 1017
1714240 1017
1714250 1016
1714260 1016
1714270 1016
1714280 1016
1714290 1016
1714300 1016
1714310 1016
1714320 1015
1714330 1014
1714340 1013
1714350 1013
1714360 1012
1714370 1011
1714380 1010
1714390 1009
1714400 1008
1714410 1008
1714420 1007
1714430 1006
1714440 1005
1714450 1004
1714460 1003
1714470 1002
1714480 1001
1714490 1001
1714500 1000
1714510 999
1714520 998
1714530 998
1714540 999
1714550 999
1714560 1000
1714570 1000
1714580 1001
1714590 1002
1714600 1002
1714610 1002
1714620 1001
1714630 1001
1714640 1000
1714650 1000
1714660 1000
1714670 1001
1714680 1001
1714690 999
1714700 997
1714710 997
1714720 997
1714730 997
1714740 995
1714750 994
1714760 994
1714770 993
1714780 991
1714790 989
1714800 987
1714810 985
1714820 984
1714830 983
1714840 981
1714850 979
1714860 977
1714870 976
1714880 977
1714890 978
1714900 978
1714910 978
1714920 976
1714930 977
1714940 978
1714950 980
1714960 981
1714970 982
1714980 984
1714990 986
1715000 989
1715010 991
1715020 994
1715030 997
1715040 998
1715050 999
1715060 999
1715070 999
1715080 998
1715090 997
1715100 995
1715110 993
1715120 991
1715130 990
1715140 988
1715150 987
1715160 986
1715170 987
1715180 988
1715190 991
1715200 994
1715210 995
1715220 995
1715230 995
1715240 994
1715250 992
1715260 991
1715270 990
1715280 990
1715290 990
1715300 989
1715310 989
1715320 989
1715330 989
1715340 989
1715350 989
1715360 989
1715370 989
1715380 987
1715390 986
1715400 985
1715410 983
1715420 982
1715430 982
1715440 983
1715450 985
1715460 988
1715470 990
1715480 992
1715490 993
1715500 996
1715510 1000
1715520 1003
1715530 1006
1715540 1009
1715550 1012
1715560 1014
1715570 1016
1715580 1019
1715590 1020
1715600 1022
1715610 1022
1715620 1022
1715630 1022
1715640 1022
1715650 1022
1715660 1022
1715670 1021
1715680 1021
1715690 1021
1715700 1021
1715710 1021
1715720 1021
1715730 1021
1715740 1021
1715750 1022
1715760 1023
1715770 1024
1715780 1026
1715790 1027
1715800 1029
1715810 1031
1715820 1033
1715830 1035
1715840 1037
1715850 1039
1715860 1041
1715870 1042
1715880 1043
1715890 1044
1715900 1045
1715910 1047
1715920 1049
1715930 1049
1715940 1050
1715950 1050
1715960 1051
1715970 1051
1715980 1052
1715990 1052
1716000 1053
1716010 1055
1716020 1057
1716030 1058
1716040 1059
1716050 1059
1716060 1060
1716070 1061
1716080 1063
1716090 1065
1716100 1067
1716110 1067
1716120 1067
1716130 1066
1716140 1066
1716150 1065
1716160 1065
1716170 1064
1716180 1064
1716190 1064
1716200 1067
1716210 1069
1716220 1070
1716230 1071
1716240 1072
1716250 1073
1716260 1074
1716270 1075
1716280 1075
1716290 1076
1716300 1076
1716310 1077
1716320 1079
1716330 1081
1716340 1083
1716350 1085
1716360 1086
1716370 1088
1716380 1089
1716390 1089
1716400 1089
1716410 1090
1716420 1091
1716430 1092
1716440 1093
1716450 1095
1716460 1096
1716470 1097
1716480 1098
1716490 1098
1716500 1099
1716510 1100
1716520 1100
1716530 1100
1716540 1100
1716550 1100
1716560 1101
1716570 1101
1716580 1102
1716590 1102
1716600 1102
1716610 1103
1716620 1104
1716630 1104
1716640 1104
1716650 1105
1716660 1106
1716670 1108
1716680 1110
1716690 1112
1716700 1114
1716710 1115
1716720 1118
1716730 1121
1716740 1124
1716750 1126
1716760 1127
1716770 1128
1716780 1130
1716790 1132
1716800 1134
1716810 1136
1716820 1138
1716830 1141
1716840 1144
1716850 1148
1716860 1151
1716870 1153
1716880 1156
1716890 1158
1716900 1162
1716910 1166
1716920 1170
1716930 1173
1716940 1177
1716950 1181
1716960 1185
1716970 1189
1716980 1192
1716990 1196
1717000 1199
1717010 1203
1717020 1208
1717030 1214
1717040 1221
1717050 1232
1717060 1240
1717070 1246
1717080 1253
1717090 1259
1717100 1264
1717110 1270
1717120 1276
1717130 1281
1717140 1285
1717150 1289
1717160 1292
1717170 1294
1717180 1297
1717190 1301
1717200 1305
1717210 1309
1717220 1313
1717230 1319
1717240 1323
1717250 1327
1717260 1330
1717270 1333
1717280 1335
1717290 1336
1717300 1337
1717310 1337
1717320 1338
1717330 1338
1717340 1339
1717350 1339
1717360 1340
1717370 1339
1717380 1339
1717390 1338
1717400 1338
1717410 1337
1717420 1336
1717430 1334
1717440 1332
1717450 1330
1717460 1329
1717470 1327
1717480 1326
1717490 1325
1717500 1324
1717510 1323
1717520 1322
1717530 1321
1717540 1320
1717550 1319
1717560 1317
1717570 1316
1717580 1315
1717590 1314
1717600 1313
1717610 1312
1717620 1311
1717630 1310
1717640 1309
1717650 1308
1717660 1307
1717670 1306
1717680 1305
1717690 1304
1717700 1302
1717710 1301
1717720 1300
1717730 1298
1717740 1297
1717750 1295
1717760 1295
1717770 1295
1717780 1296
1717790 1296
1717800 1297
1717810 1297
1717820 1296
1717830 1294
1717840 1291
1717850 1287
1717860 1284
1717870 1280
1717880 1276
1717890 1272
1717900 1270
1717910 1267
1717920 1265
1717930 1262
1717940 1260
1717950 1259
1717960 1257
1717970 1256
1717980 1254
1717990 1253
1718000 1252
1718010 1252
1718020 1251
1718030 1250
1718040 1250
1718050 1249
1718060 1249
1718070 1248
1718080 1247
1718090 1245
1718100 1243
1718110 1242
1718120 1240
1718130 1238
1718140 1236
1718150 1234
1718160 1232
1718170 1230
1718180 1229
1718190 1227
1718200 1225
1718210 1224
1718220 1223
1718230 1222
1718240 1221
1718250 1220
1718260 1219
1718270 1218
1718280 1217
1718290 1217
1718300 1216
1718310 1215
1718320 1214
1718330 1214
1718340 1213
1718350 1212
1718360 1211
1718370 1210
1718380 1209
1718390 1208
1718400 1207
1718410 1206
1718420 1205
1718430 1205
1718440 1204
1718450 1203
1718460 1202
1718470 1201
1718480 1200
1718490 1199
1718500 1199
1718510 1198
1718520 1197
1718530 1197
1718540 1196
1718550 1195
1718560 1194
1718570 1194
1718580 1193
1718590 1192
1718600 1191
1718610 1190
1718620 1189
1718630 1188
1718640 1187
1718650 1186
1718660 1185
1718670 1184
1718680 1183
1718690 1182
1718700 1181
1718710 1181
1718720 1180
1718730 1180
1718740 1179
1718750 1179
1718760 1179
1718770 1180
1718780 1180
1718790 1180
1718800 1180
1718810 1179
1718820 1179
1718830 1178
1718840 1178
1718850 1177
1718860 1176
1718870 1176
1718880 1174
1718890 1173
1718900 1171
1718910 1170
1718920 1168
1718930 1167
1718940 1165
1718950 1164
1718960 1163
1718970 1162
1718980 1162
1718990 1161
1719000 1161
1719010 1160
1719020 1159
1719030 1157
1719040 1156
1719050 1154
1719060 1153
1719070 1152
1719080 1150
1719090 1149
1719100 1147
1719110 1146
1719120 1144
1719130 1143
1719140 1141
1719150 1140
1719160 1138
1719170 1137
1719180 1135
1719190 1134
1719200 1132
1719210 1130
1719220 1128
1719230 1127
1719240 1125
1719250 1122
1719260 1119
1719270 1116
1719280 1113
1719290 1111
1719300 1108
1719310 1106
1719320 1104
1719330 1102
1719340 1100
1719350 1097
1719360 1094
1719370 1090
1719380 1087
1719390 1083
1719400 1080
1719410 1078
1719420 1076
1719430 1075
1719440 1074
1719450 1074
1719460 1073
1719470 1072
1719480 1071
1719490 1071
1719500 1071
1719510 1071
1719520 1071
1719530 1070
1719540 1070
1719550 1070
1719560 1070
1719570 1070
1719580 1071
1719590 1071
1719600 1071
1719610 1071
1719620 1071
1719630 1071
1719640 1070
1719650 1069
1719660 1067
1719670 1065
1719680 1063
1719690 1060
1719700 1057
1719710 1054
1719720 1051
1719730 1051
1719740 1051
1719750 1050
1719760 1050
1719770 1049
1719780 1048
1719790 1047
1719800 1046
1719810 1045
1719820 1043
1719830 1042
1719840 1041
1719850 1039
1719860 1038
1719870 1037
1719880 1036
1719890 1036
1719900 1035
1719910 1035
1719920 1034
1719930 1032
1719940 1029
1719950 1025
1719960 1021
1719970 1015
1719980 1010
1719990 1005
