1700000 690
1700010 690
1700020 690
1700030 689
1700040 688
1700050 685
1700060 681
1700070 676
1700080 671
1700090 668
1700100 666
1700110 665
1700120 661
1700130 657
1700140 652
1700150 648
1700160 645
1700170 642
1700180 639
1700190 636
1700200 633
1700210 629
1700220 625
1700230 625
1700240 627
1700250 629
1700260 630
1700270 630
1700280 631
1700290 634
1700300 637
1700310 640
1700320 644
1700330 648
1700340 651
1700350 655
1700360 659
1700370 662
1700380 666
1700390 669
1700400 673
1700410 675
1700420 678
1700430 681
1700440 683
1700450 687
1700460 690
1700470 694
1700480 697
1700490 700
1700500 703
1700510 706
1700520 709
1700530 713
1700540 716
1700550 719
1700560 722
1700570 726
1700580 730
1700590 734
1700600 737
1700610 741
1700620 744
1700630 747
1700640 750
1700650 753
1700660 757
1700670 760
1700680 763
1700690 766
1700700 769
1700710 773
1700720 776
1700730 779
1700740 782
1700750 784
1700760 786
1700770 787
1700780 786
1700790 785
1700800 785
1700810 785
1700820 785
1700830 785
1700840 785
1700850 784
1700860 783
1700870 782
1700880 781
1700890 780
1700900 778
1700910 778
1700920 778
1700930 778
1700940 780
1700950 782
1700960 785
1700970 788
1700980 791
1700990 794
1701000 797
1701010 800
1701020 803
1701030 806
1701040 810
1701050 812
1701060 815
1701070 818
1701080 821
1701090 824
1701100 827
1701110 831
1701120 834
1701130 837
1701140 840
1701150 842
1701160 841
1701170 839
1701180 836
1701190 833
1701200 830
1701210 830
1701220 831
1701230 832
1701240 830
1701250 829
1701260 829
1701270 830
1701280 833
1701290 836
1701300 839
1701310 841
1701320 842
1701330 843
1701340 845
1701350 847
1701360 850
1701370 853
1701380 855
1701390 857
1701400 859
1701410 862
1701420 866
1701430 869
1701440 873
1701450 877
1701460 881
1701470 886
1701480 894
1701490 901
1701500 907
1701510 911
1701520 914
1701530 917
1701540 921
1701550 926
1701560 932
1701570 936
1701580 938
1701590 940
1701600 941
1701610 942
1701620 942
1701630 942
1701640 940
1701650 937
1701660 932
1701670 928
1701680 924
1701690 923
1701700 924
1701710 926
1701720 928
1701730 930
1701740 931
1701750 933
1701760 935
1701770 938
1701780 941
1701790 943
1701800 944
1701810 945
1701820 946
1701830 947
1701840 949
1701850 948
1701860 946
1701870 943
1701880 940
1701890 937
1701900 934
1701910 933
1701920 932
1701930 930
1701940 930
1701950 929
1701960 929
1701970 929
1701980 929
1701990 929
1702000 928
1702010 926
1702020 925
1702030 923
1702040 921
1702050 920
1702060 919
1702070 918
1702080 917
1702090 917
1702100 917
1702110 918
1702120 920
1702130 922
1702140 924
1702150 926
1702160 928
1702170 930
1702180 931
1702190 933
1702200 934
1702210 936
1702220 937
1702230 938
1702240 939
1702250 940
1702260 941
1702270 942
1702280 943
1702290 943
1702300 943
1702310 942
1702320 941
1702330 939
1702340 938
1702350 936
1702360 935
1702370 934
1702380 933
1702390 932
1702400 931
1702410 930
1702420 930
1702430 929
1702440 928
1702450 927
1702460 926
1702470 925
1702480 924
1702490 922
1702500 921
1702510 919
1702520 918
1702530 916
1702540 915
1702550 912
1702560 910
1702570 907
1702580 904
1702590 902
1702600 899
1702610 898
1702620 897
1702630 896
1702640 896
1702650 895
1702660 895
1702670 894
1702680 894
1702690 893
1702700 892
1702710 891
1702720 889
1702730 887
1702740 885
1702750 883
1702760 881
1702770 880
1702780 879
1702790 878
1702800 878
1702810 878
1702820 880
1702830 882
1702840 884
1702850 887
1702860 890
1702870 893
1702880 896
1702890 898
1702900 900
1702910 903
1702920 905
1702930 907
1702940 909
1702950 910
1702960 911
1702970 913
1702980 914
1702990 916
1703000 917
1703010 919
1703020 920
1703030 920
1703040 920
1703050 920
1703060 919
1703070 917
1703080 916
1703090 915
1703100 915
1703110 917
1703120 919
1703130 921
1703140 922
1703150 923
1703160 923
1703170 923
1703180 921
1703190 916
1703200 912
1703210 909
1703220 907
1703230 905
1703240 904
1703250 904
1703260 904
1703270 903
1703280 903
1703290 902
1703300 901
1703310 898
1703320 895
1703330 894
1703340 894
1703350 894
1703360 895
1703370 895
1703380 896
1703390 897
1703400 899
1703410 902
1703420 905
1703430 908
1703440 910
1703450 910
1703460 908
1703470 907
1703480 907
1703490 908
1703500 910
1703510 911
1703520 912
1703530 913
1703540 914
1703550 915
1703560 917
1703570 920
1703580 923
1703590 926
1703600 929
1703610 932
1703620 935
1703630 938
1703640 942
1703650 945
1703660 948
1703670 951
1703680 953
1703690 954
1703700 955
1703710 957
1703720 957
1703730 956
1703740 956
1703750 957
1703760 960
1703770 963
1703780 966
1703790 970
1703800 973
1703810 977
1703820 981
1703830 985
1703840 989
1703850 993
1703860 997
1703870 1002
1703880 1007
1703890 1011
1703900 1016
1703910 1020
1703920 1025
1703930 1030
1703940 1035
1703950 1039
1703960 1042
1703970 1044
1703980 1047
1703990 1050
1704000 1053
1704010 1056
1704020 1059
1704030 1063
1704040 1068
1704050 1072
1704060 1077
1704070 1079
1704080 1080
1704090 1081
1704100 1081
1704110 1081
1704120 1081
1704130 1081
1704140 1081
1704150 1081
1704160 1081
1704170 1081
1704180 1082
1704190 1082
1704200 1083
1704210 1084
1705380 1257
1705390 1257
1705400 1258
1705410 1258
1705420 1259
1705430 1259
1705440 1259
1705450 1259
1705460 1259
1705470 1259
1705480 1259
1705490 1259
1705500 1258
1705510 1258
1705520 1258
1705530 1258
1705540 1258
1705550 1258
1705560 1257
1705570 1257
1705580 1257
1705590 1258
1705600 1258
1705610 1258
1705620 1258
1705630 1258
1705640 1258
1705650 1259
1705660 1259
1705670 1259
1705680 1259
1705690 1259
1705700 1259
1705710 1259
1705720 1259
1705730 1259
1705740 1259
1705750 1259
1705760 1259
1705770 1259
1705780 1259
1705790 1259
1705800 1259
1705810 1257
1705820 1256
1705830 1255
1705840 1253
1705850 1251
1705860 1249
1705870 1249
1705880 1250
1705890 1252
1705900 1253
1705910 1253
1705920 1254
1705930 1255
1705940 1256
1705950 1256
1705960 1257
1705970 1257
1705980 1258
1705990 1258
1706000 1258
1706010 1259
