1700000 796
1700010 794
1700020 788
1700030 777
1700040 754
1700050 742
1700060 737
1700070 736
1700080 734
1700090 732
1700100 729
1700110 725
1700120 721
1700130 717
1700140 714
1700150 710
1700160 707
1700170 703
1700180 700
1700190 696
1700200 693
1700210 690
1700220 687
1700230 684
1700240 682
1700250 679
1700260 675
1700270 671
1700280 666
1700290 663
1700300 662
1700310 665
1700320 668
1700330 672
1700340 676
1700350 680
1700360 685
1700370 690
1700380 695
1700390 700
1700400 706
1700410 713
1700420 720
1700430 725
1700440 728
1700450 732
1700460 736
1700470 741
1700480 746
1700490 751
1700500 757
1700510 763
1700520 770
1700530 778
1700540 787
1700550 797
1700560 802
1700570 806
1700580 811
1700590 815
1700600 818
1700610 820
1700620 824
1700630 827
1700640 830
1700650 833
1700660 836
1700670 838
1700680 839
1700690 841
1700700 844
1700710 847
1700720 849
1700730 850
1700740 852
1700750 853
1700760 855
1700770 856
1700780 857
1700790 858
1700800 860
1700810 862
1700820 864
1700830 865
1700840 865
1700850 864
1700860 863
1700870 862
1700880 861
1700890 861
1700900 861
1700910 861
1700920 861
1700930 861
1700940 860
1700950 859
1700960 857
1700970 855
1700980 854
1700990 855
1701000 856
1701010 858
1701020 859
1701030 860
1701040 861
1701050 862
1701060 863
1701070 864
1701080 864
1701090 865
1701100 865
1701110 865
1701120 865
1701130 866
1701140 866
1701150 867
1701160 869
1701170 870
1701180 871
1701190 872
1701200 872
1701210 873
1701220 874
1701230 877
1701240 879
1701250 881
1701260 884
1701270 886
1701280 888
1701290 889
1701300 890
1701310 891
1701320 894
1701330 897
1701340 901
1701350 904
1701360 906
1701370 907
1701380 908
1701390 909
1701400 910
1701410 911
1701420 911
1701430 912
1701440 913
1701450 913
1701460 913
1701470 914
1701480 914
1701490 914
1701500 915
1701510 915
1701520 915
1701530 915
1701540 916
1701550 916
1701560 917
1701570 917
1701580 918
1701590 918
1701600 919
1701610 919
1701620 920
1701630 921
1701640 921
1701650 922
1701660 923
1701670 923
1701680 924
1701690 925
1701700 925
1701710 926
1701720 927
1701730 928
1701740 928
1701750 929
1701760 930
1701770 930
1701780 931
1701790 931
1701800 932
1701810 933
1701820 933
1701830 934
1701840 935
1701850 935
1701860 936
1701870 937
1701880 937
1701890 938
1701900 939
1701910 940
1701920 941
1701930 942
1701940 942
1701950 943
1701960 944
1701970 945
1701980 946
1701990 947
1702000 948
1702010 949
1702020 950
1702030 951
1702040 953
1702050 954
1702060 955
1702070 956
1702080 958
1702090 959
1702100 960
1702110 961
1702120 962
1702130 962
1702140 962
1702150 961
1702160 961
1702170 961
1702180 961
1702190 961
1702200 961
1702210 962
1702220 962
1702230 962
1702240 963
1702250 963
1702260 964
1702270 964
1702280 964
1702290 964
1702300 965
1702310 966
1702320 967
1702330 969
1702340 970
1702350 970
1702360 969
1702370 969
1702380 969
1702390 969
1702400 969
1702410 969
1702420 969
1702430 968
1702440 968
1702450 967
1702460 966
1702470 964
1702480 960
1702490 957
1702500 954
1702510 951
1702520 949
1702530 947
1702540 945
1702550 943
1702560 941
1702570 939
1702580 936
1702590 934
1702600 931
1702610 928
1702620 924
1702630 921
1702640 917
1702650 913
1702660 910
1702670 906
1702680 901
1702690 898
1702700 896
1702710 896
1702720 899
1702730 902
1702740 906
1702750 909
1702760 912
1702770 915
1702780 918
1702790 920
1702800 922
1702810 924
1702820 926
1702830 928
1702840 930
1702850 932
1702860 934
1702870 936
1702880 938
1702890 941
1702900 943
1702910 945
1702920 947
1702930 949
1702940 951
1702950 953
1702960 955
1702970 957
1702980 959
1702990 961
1703000 963
1703010 965
1703020 968
1703030 970
1703040 971
1703050 973
1703060 975
1703070 976
1703080 978
1703090 979
1703100 979
1703110 979
1703120 979
1703130 978
1703140 976
1703150 975
1703160 973
1703170 972
1703180 971
1703190 970
1703200 968
1703210 967
1703220 966
1703230 965
1703240 962
1703250 959
1703260 956
1703270 951
1703280 947
1703290 943
1703300 939
1703310 935
1703320 932
1703330 930
1703340 929
1703350 929
1703360 931
1703370 933
1703380 936
1703390 938
1703400 940
1703410 943
1703420 944
1703430 946
1703440 948
1703450 950
1703460 953
1703470 955
1703480 958
1703490 962
1703500 965
1703510 969
1703520 972
1703530 976
1703540 979
1703550 982
1703560 985
1703570 988
1703580 991
1703590 994
1703600 997
1703610 1000
1703620 1003
1703630 1005
1703640 1007
1703650 1009
1703660 1011
1703670 1014
1703680 1016
1703690 1019
1703700 1022
1703710 1024
1703720 1026
1703730 1029
1703740 1032
1703750 1036
1703760 1039
1703770 1042
1703780 1044
1703790 1046
1703800 1048
1703810 1050
1703820 1050
1703830 1051
1703840 1052
1703850 1053
1703860 1055
1703870 1058
1703880 1059
1703890 1061
1703900 1063
1703910 1065
1703920 1065
1703930 1066
1703940 1068
1703950 1069
1703960 1070
1703970 1069
1703980 1068
1703990 1066
1704000 1064
1704010 1061
1704020 1059
1704030 1058
1704040 1057
1704050 1058
1704060 1057
1704070 1057
1704080 1057
1704090 1057
1704100 1059
1704110 1061
1704120 1063
1704130 1065
1704140 1067
1704150 1069
1704160 1071
1704170 1074
1704180 1076
1704190 1078
1704200 1080
1704210 1083
1704220 1085
1704230 1087
1704240 1089
1704250 1090
1704260 1092
1704270 1093
1704280 1095
1704290 1097
1704300 1098
1704310 1100
1704320 1102
1704330 1104
1704340 1106
1704350 1108
1704360 1110
1704370 1111
1704380 1112
1704390 1113
1704400 1114
1704410 1114
1704420 1116
1704430 1118
1704440 1120
1704450 1122
1704460 1123
1704470 1124
1704480 1126
1704490 1128
1704500 1129
1704510 1131
1704520 1132
1704530 1132
1704540 1130
1705240 1222
1705250 1223
1705260 1223
1705270 1223
1705280 1223
1705290 1223
1705300 1223
1705310 1223
1705320 1223
1705330 1223
1705340 1223
1705350 1223
1705360 1223
1705370 1223
1705380 1223
1705390 1224
1705400 1224
1705410 1224
1705420 1224
1705430 1225
1705440 1226
1705450 1226
1705460 1227
1705470 1227
1705480 1228
1705490 1228
1705500 1227
1705510 1227
1705520 1227
1705530 1227
1705540 1227
1705550 1228
1705560 1228
1705570 1229
1705580 1229
1705590 1229
1705600 1229
1705610 1229
1705620 1230
1705630 1230
1705640 1229
1705650 1230
1705660 1230
1705670 1230
1705680 1231
1705690 1231
1705700 1231
1705710 1231
1705720 1231
1705730 1231
1705740 1231
1705750 1231
1705760 1232
1705770 1232
1705780 1231
1705790 1231
1705800 1230
1705810 1230
1705820 1229
1705830 1229
1705840 1228
1705850 1227
1705860 1226
1705870 1225
1705880 1224
1705890 1224
1705900 1225
1705910 1226
1705920 1227
1705930 1229
1705940 1230
1705950 1230
1705960 1231
1705970 1232
1705980 1233
1705990 1233
1706000 1234
1706010 1234
1706020 1234
1706030 1234
1706040 1233
1706050 1233
1706060 1233
1706070 1232
1706080 1231
1706090 1230
1706100 1229
1706110 1227
1706120 1225
1706130 1224
1706140 1223
1706150 1223
1706160 1223
1706170 1223
1706180 1224
1706190 1224
1706200 1225
1706210 1226
1706220 1227
1706230 1228
1706240 1229
1706250 1230
1706260 1231
1706270 1232
1706280 1233
1706290 1234
1706300 1234
1706310 1235
1706320 1236
1706330 1236
1706340 1236
1706350 1236
1706360 1236
1706370 1236
1706380 1235
1706390 1233
1706400 1232
