1700000 955
1700010 957
1700020 960
1700030 962
1700040 964
1700050 967
1700060 969
1700070 972
1700080 974
1700090 976
1700100 979
1700110 982
1700120 985
1700130 987
1700140 990
1700150 992
1700160 995
1700170 997
1700180 1000
1700190 1003
1700200 1005
1700210 1007
1700220 1010
1700230 1012
1700240 1013
1700250 1015
1700260 1015
1700270 1014
1700280 1013
1700290 1011
1700300 1007
1700310 1003
1700320 999
1700330 995
1700340 991
1700350 989
1700360 988
1700370 988
1700380 989
1700390 990
1700400 992
1700410 993
1700420 994
1700430 996
1700440 998
1700450 999
1700460 1001
1700470 1001
1700480 1002
1700490 1004
1700500 1004
1700510 1005
1700520 1006
1700530 1006
1700540 1007
1700550 1007
1700560 1007
1700570 1007
1700580 1007
1700590 1007
1700600 1007
1700610 1007
1700620 1007
1700630 1008
1700640 1008
1700650 1009
1700660 1009
1700670 1009
1700680 1008
1700690 1008
1700700 1007
1700710 1005
1700720 1004
1700730 1004
1700740 1003
1700750 1003
1700760 1003
1700770 1003
1700780 1004
1700790 1004
1700800 1004
1700810 1004
1700820 1004
1700830 1004
1700840 1004
1700850 1004
1700860 1004
1700870 1004
1700880 1005
1700890 1005
1700900 1005
1700910 1004
1700920 1004
1700930 1003
1700940 1002
1700950 1001
1700960 999
1700970 996
1700980 994
1700990 993
1701000 991
1701010 988
1701020 985
1701030 982
1701040 978
1701050 976
1701060 974
1701070 973
1701080 972
1701090 971
1701100 971
1701110 970
1701120 970
1701130 969
1701140 970
1701150 971
1701160 973
1701170 975
1701180 977
1701190 979
1701200 979
1701210 979
1701220 977
1701230 975
1701240 974
1701250 975
1701260 977
1701270 978
1701280 980
1701290 982
1701300 984
1701310 986
1701320 988
1701330 990
1701340 993
1701350 996
1701360 999
1701370 1003
1701380 1006
1701390 1010
1701400 1014
1701410 1018
1701420 1021
1701430 1025
1701440 1029
1701450 1032
1701460 1035
1701470 1039
1701480 1042
1701490 1045
1701500 1048
1701510 1052
1701520 1055
1701530 1058
1701540 1061
1701550 1065
1701560 1068
1701570 1071
1701580 1075
1701590 1078
1701600 1081
1701610 1084
1701620 1087
1701630 1090
1701640 1094
1701650 1097
1701660 1100
1701670 1103
1701680 1106
1701690 1109
1701700 1111
1701710 1114
1701720 1115
1701730 1117
1701740 1119
1701750 1120
1701760 1122
1701770 1124
1701780 1126
1701790 1128
1701800 1129
1701810 1131
1701820 1133
1701830 1135
1701840 1137
1701850 1140
1701860 1142
1701870 1144
1701880 1146
1701890 1148
1701900 1150
1701910 1152
1701920 1153
1701930 1154
1701940 1155
1701950 1155
1701960 1156
1701970 1156
1701980 1157
1701990 1156
1702000 1156
1702010 1156
1702020 1155
1702030 1154
1702040 1153
1702050 1152
1702060 1151
1702070 1149
1702080 1148
1702090 1147
1702100 1145
1702110 1143
1702120 1141
1702130 1139
1702140 1137
1702150 1135
1702160 1133
1702170 1132
1702180 1130
1702190 1129
1702200 1127
1702210 1126
1702220 1125
1702230 1123
1702240 1122
1702250 1121
1702260 1121
1702270 1120
1702280 1120
1702290 1120
1702300 1120
1702310 1120
1702320 1120
1702330 1120
1702340 1120
1702350 1120
1702360 1120
1702370 1120
1702380 1119
1702390 1119
1702400 1119
1702410 1119
1702420 1118
1702430 1118
1702440 1118
1702450 1119
1702460 1119
1702470 1120
1702480 1120
1702490 1120
1702500 1120
1702510 1121
1702520 1121
1702530 1121
1702540 1120
1702550 1120
1702560 1119
1702570 1117
1702580 1115
1702590 1114
1702600 1113
1702610 1113
1702620 1112
1702630 1111
1702640 1111
1702650 1110
1702660 1110
1702670 1109
1702680 1108
1702690 1107
1702700 1106
1702710 1105
1702720 1103
1702730 1101
1702740 1099
1702750 1097
1702760 1094
1702770 1092
1702780 1090
1702790 1090
1702800 1090
1702810 1089
1702820 1089
1702830 1088
1702840 1087
1702850 1086
1702860 1084
1702870 1082
1702880 1080
1702890 1078
1702900 1076
1702910 1074
1702920 1073
1702930 1072
1702940 1072
1702950 1073
1702960 1074
1702970 1075
1702980 1077
1702990 1078
1703000 1079
1703010 1080
1703020 1082
1703030 1084
1703040 1086
1703050 1087
1703060 1089
1703070 1091
1703080 1093
1703090 1095
1703100 1096
1703110 1098
1703120 1100
1703130 1101
1703140 1102
1703150 1104
1703160 1105
1703170 1106
1703180 1107
1703190 1108
1703200 1109
1703210 1110
1703220 1112
1703230 1113
1703240 1113
1703250 1114
1703260 1114
1703270 1114
1703280 1114
1703290 1113
1703300 1113
1703310 1112
1703320 1112
1703330 1111
1703340 1111
1703350 1111
1703360 1109
1703370 1108
1703380 1107
1703390 1107
1703400 1107
1703410 1108
1703420 1108
1703430 1107
1703440 1107
1703450 1107
1703460 1106
1703470 1106
1703480 1106
1703490 1106
1703500 1107
1703510 1107
1703520 1107
1703530 1107
1703540 1107
1703550 1107
1703560 1107
1703570 1108
1703580 1108
1703590 1108
1703600 1109
1703610 1110
1703620 1112
1703630 1112
1703640 1112
1703650 1112
1703660 1112
1703670 1111
1703680 1111
1703690 1111
1703700 1110
1703710 1110
1703720 1109
1703730 1108
1703740 1107
1703750 1106
1703760 1105
1703770 1103
1703780 1101
1703790 1100
1703800 1098
1703810 1097
1703820 1096
1703830 1095
1703840 1095
1703850 1094
1703860 1094
1703870 1094
1703880 1094
1703890 1093
1703900 1093
1703910 1093
1703920 1093
1703930 1092
1703940 1092
1703950 1092
1703960 1092
1703970 1091
1703980 1091
1703990 1091
1704000 1091
1704010 1091
1704020 1091
1704030 1091
1704040 1090
1704050 1090
1704060 1090
1704070 1089
1704080 1088
1704090 1087
1704100 1087
1704110 1086
1704120 1085
1704130 1084
1704140 1083
1704150 1083
1704160 1082
1704170 1081
1704180 1081
1704190 1080
1704200 1080
1704210 1080
1704220 1079
1704230 1079
1704240 1078
1704250 1078
1704260 1078
1704270 1077
1704280 1077
1704290 1077
1704300 1077
1704310 1076
1704320 1076
1704330 1074
1704340 1074
1704350 1074
1704360 1076
1704370 1077
1704380 1077
1704390 1077
1704400 1077
1704410 1077
1704420 1077
1704430 1077
1704440 1077
1704450 1077
1704460 1077
1704470 1077
1704480 1077
1704490 1077
1704500 1077
1704510 1078
1704520 1078
1704530 1078
1704540 1078
1704550 1078
1704560 1078
1704570 1079
1704580 1078
1704590 1077
1704600 1077
1704610 1076
1704620 1076
1704630 1077
1704640 1077
1704650 1077
1704660 1077
1704670 1077
1704680 1077
1704690 1077
1704700 1077
1704710 1077
1704720 1077
1704730 1077
1704740 1077
1704750 1077
1704760 1077
1704770 1077
1704780 1077
1704790 1077
1704800 1077
1704810 1077
1704820 1077
1704830 1077
1704840 1078
1704850 1078
1704860 1078
1704870 1078
1704880 1078
1704890 1078
1704900 1078
1704910 1078
1704920 1078
1704930 1078
1704940 1078
1704950 1078
1704960 1079
1704970 1079
1704980 1079
1704990 1080
1705000 1080
1705010 1080
1705020 1080
1705030 1081
1705040 1081
1705050 1081
1705060 1082
1705070 1082
1705080 1083
1705090 1084
1705100 1084
1705110 1085
1705120 1085
1705130 1086
1705140 1086
1705150 1087
1705160 1087
1705170 1088
1705180 1090
1705190 1091
1705200 1092
1705210 1093
1705220 1094
1705230 1095
1705240 1096
1705250 1097
1705260 1099
1705270 1100
1705280 1102
1705290 1104
1705300 1106
1705310 1107
1705320 1108
1705330 1110
1705340 1111
1705350 1111
1705360 1112
1705370 1112
1705380 1112
1705390 1111
1705400 1111
1705410 1110
1705420 1110
1705430 1109
1705440 1108
1705450 1107
1705460 1106
1705470 1105
1705480 1103
1705490 1102
1705500 1100
1705510 1099
1705520 1098
1705530 1096
1705540 1094
1705550 1092
1705560 1090
1705570 1089
1705580 1088
1705590 1088
1705600 1088
1705610 1088
1705620 1088
1705630 1088
1705640 1088
1705650 1088
1705660 1088
1705670 1088
1705680 1088
1705690 1089
1705700 1089
1705710 1090
1705720 1090
1705730 1091
1705740 1091
1705750 1092
1705760 1092
1705770 1093
1705780 1093
1705790 1093
1705800 1094
1705810 1095
1705820 1097
1705830 1098
1705840 1099
1705850 1100
1705860 1101
1705870 1103
1705880 1104
1705890 1105
1705900 1107
1705910 1108
1705920 1110
1705930 1111
1705940 1113
1705950 1114
1705960 1116
1705970 1118
1705980 1119
1705990 1121
1706000 1122
1706010 1124
1706020 1125
1706030 1127
1706040 1128
1706050 1129
1706060 1130
1706070 1132
1706080 1134
1706090 1136
1706100 1138
1706110 1140
1706120 1141
1706130 1143
1706140 1144
1706150 1146
1706160 1147
1706170 1149
1706180 1150
1706190 1152
1706200 1153
1706210 1154
1706220 1155
1706230 1157
1706240 1158
1706250 1159
1706260 1160
1706270 1161
1706280 1162
1706290 1162
1706300 1163
1706310 1163
1706320 1163
1706330 1162
1706340 1161
1706350 1160
1706360 1159
1706370 1157
1706380 1155
1706390 1152
1706400 1148
1706410 1145
1706420 1142
1706430 1140
1706440 1138
1706450 1136
1706460 1136
1706470 1134
1706480 1133
1706490 1132
1706500 1130
1706510 1129
1706520 1127
1706530 1125
1706540 1123
1706550 1121
1706560 1120
1706570 1118
1706580 1115
1706590 1110
1706600 1105
1706610 1101
1706620 1095
1706630 1090
1706640 1083
1706650 1079
1706660 1074
1706670 1069
1706680 1065
1706690 1061
1706700 1057
1706710 1053
1706720 1049
1706730 1046
1706740 1043
1706750 1041
1706760 1039
1706770 1036
1706780 1034
1706790 1032
1706800 1030
1706810 1027
1706820 1025
1706830 1022
1706840 1021
1706850 1020
1706860 1019
1706870 1018
1706880 1018
1706890 1017
1706900 1017
1706910 1015
1706920 1013
1706930 1012
1706940 1010
1706950 1010
1706960 1010
1706970 1009
1706980 1008
1706990 1007
1707000 1006
1707010 1005
1707020 1005
1707030 1005
1707040 1005
1707050 1004
1707060 1004
1707070 1004
1707080 1004
1707090 1005
1707100 1006
1707110 1006
1707120 1007
1707130 1006
1707140 1003
1707150 1001
1707160 1001
1707170 1002
1707180 1003
1707190 1005
1707200 1007
1707210 1009
1707220 1011
1707230 1013
1707240 1014
1707250 1017
1707260 1019
1707270 1022
1707280 1024
1707290 1027
1707300 1030
1707310 1033
1707320 1036
1707330 1039
1707340 1042
1707350 1046
1707360 1049
1707370 1052
1707380 1054
1707390 1057
1707400 1059
1707410 1061
1707420 1064
1707430 1066
1707440 1069
1707450 1072
1707460 1074
1707470 1077
1707480 1080
1707490 1082
1707500 1084
1707510 1085
1707520 1087
1707530 1088
1707540 1090
1707550 1091
1707560 1091
1707570 1091
1707580 1091
1707590 1091
1707600 1090
1707610 1089
1707620 1088
1707630 1087
1707640 1085
1707650 1082
1707660 1079
1707670 1075
1707680 1071
1707690 1067
1707700 1062
1707710 1057
1707720 1053
1707730 1049
1707740 1044
1707750 1041
1707760 1038
1707770 1036
1707780 1036
1707790 1035
1707800 1036
1707810 1037
1707820 1038
1707830 1039
1707840 1039
1707850 1040
1707860 1042
1707870 1043
1707880 1045
1707890 1046
1707900 1048
1707910 1049
1707920 1050
1707930 1052
1707940 1053
1707950 1054
1707960 1055
1707970 1056
1707980 1057
1707990 1059
1708000 1060
1708010 1061
1708020 1062
1708030 1063
1708040 1065
1708050 1065
1708060 1064
1708070 1063
1708080 1062
1708090 1063
1708100 1067
1708110 1071
1708120 1075
1708130 1078
1708140 1081
1708150 1083
1708160 1085
1708170 1086
1708180 1087
1708190 1088
1708200 1089
1708210 1089
1708220 1090
1708230 1090
1708240 1089
1708250 1089
1708260 1090
1708270 1090
1708280 1089
1708290 1089
1708300 1089
1708310 1089
1708320 1088
1708330 1088
1708340 1088
1708350 1088
1708360 1090
1708370 1091
1708380 1093
1708390 1094
1708400 1096
1708410 1097
1708420 1098
1708430 1099
1708440 1101
1708450 1102
1708460 1104
1708470 1106
1708480 1108
1708490 1109
1708500 1111
1708510 1112
1708520 1113
1708530 1114
1708540 1115
1708550 1116
1708560 1116
1708570 1117
1708580 1117
1708590 1117
1708600 1117
1708610 1116
1708620 1115
1708630 1113
1708640 1112
1708650 1111
1708660 1109
1708670 1107
1708680 1106
1708690 1104
1708700 1103
1708710 1102
1708720 1101
1708730 1100
1708740 1099
1708750 1098
1708760 1097
1708770 1095
1708780 1093
1708790 1091
1708800 1091
1708810 1091
1708820 1092
1708830 1094
1708840 1096
1708850 1098
1708860 1099
1708870 1101
1708880 1103
1708890 1105
1708900 1107
1708910 1108
1708920 1110
1708930 1113
1708940 1114
1708950 1116
1708960 1118
1708970 1119
1708980 1119
1708990 1120
1709000 1120
1709010 1120
1709020 1120
1709030 1120
1709040 1120
1709050 1120
1709060 1121
1709070 1122
1709080 1123
1709090 1123
1709100 1124
1709110 1125
1709120 1125
1709130 1126
1709140 1128
1709150 1130
1709160 1131
1709170 1133
1709180 1135
1709190 1136
1709200 1138
1709210 1140
1709220 1142
1709230 1143
1709240 1144
1709250 1145
1709260 1146
1709270 1147
1709280 1148
1709290 1149
1709300 1151
1709310 1152
1709320 1153
1709330 1155
1709340 1156
1709350 1157
1709360 1158
1709370 1160
1709380 1162
1709390 1164
1709400 1165
1709410 1167
1709420 1169
1709430 1171
1709440 1173
1709450 1176
1709460 1178
1709470 1181
1709480 1184
1709490 1188
1709500 1192
1709510 1196
1709520 1200
1709530 1204
1709540 1208
1709550 1213
1709560 1217
1709570 1222
1709580 1226
1709590 1230
1709600 1234
1709610 1238
1709620 1243
1709630 1247
1709640 1252
1709650 1256
1709660 1259
1709670 1262
1709680 1266
1709690 1268
1709700 1271
1709710 1273
1709720 1275
1709730 1278
1709740 1280
1709750 1282
1709760 1284
1709770 1286
1709780 1288
1709790 1290
1709800 1291
1709810 1292
1709820 1293
1709830 1293
1709840 1294
1709850 1295
1709860 1296
1709870 1297
1709880 1299
1709890 1300
1709900 1302
1709910 1303
1709920 1304
1709930 1305
1709940 1306
1709950 1307
1709960 1308
1709970 1309
1709980 1310
1709990 1310
1710000 1311
1710010 1312
1710020 1313
1710030 1313
1710040 1314
1710050 1314
1710060 1314
1710070 1314
1710080 1314
1710090 1315
1710100 1315
1710110 1315
1710120 1314
1710130 1314
1710140 1313
1710150 1312
1710160 1311
1710170 1309
1710180 1307
1710190 1303
1710200 1300
1710210 1297
1710220 1295
1710230 1293
1710240 1292
1710250 1291
1710260 1289
1710270 1287
1710280 1285
1710290 1282
1710300 1280
1710310 1278
1710320 1276
1710330 1273
1710340 1270
1710350 1268
1710360 1266
1710370 1265
1710380 1265
1710390 1265
1710400 1265
1710410 1264
1710420 1264
1710430 1263
1710440 1262
