1700000 1053
1700010 1054
1700020 1054
1700030 1054
1700040 1055
1700050 1055
1700060 1056
1700070 1057
1700080 1058
1700090 1058
1700100 1058
1700110 1057
1700120 1057
1700130 1057
1700140 1056
1700150 1056
1700160 1056
1700170 1057
1700180 1058
1700190 1058
1700200 1059
1700210 1060
1700220 1060
1700230 1061
1700240 1061
1700250 1062
1700260 1062
1700270 1062
1700280 1062
1700290 1062
1700300 1062
1700310 1061
1700320 1061
1700330 1060
1700340 1059
1700350 1058
1700360 1058
1700370 1056
1700380 1055
1700390 1054
1700400 1054
1700410 1053
1700420 1055
1700430 1056
1700440 1058
1700450 1059
1700460 1061
1700470 1062
1700480 1064
1700490 1066
1700500 1068
1700510 1070
1700520 1071
1700530 1073
1700540 1075
1700550 1077
1700560 1079
1700570 1081
1700580 1083
1700590 1084
1700600 1086
1700610 1086
1700620 1087
1700630 1087
1700640 1086
1700650 1085
1700660 1084
1700670 1083
1700680 1081
1700690 1079
1700700 1077
1700710 1075
1700720 1073
1700730 1071
1700740 1069
1700750 1068
1700760 1066
1700770 1064
1700780 1061
1700790 1058
1700800 1054
1700810 1051
1700820 1048
1700830 1045
1700840 1042
1700850 1038
1700860 1034
1700870 1031
1700880 1028
1700890 1025
1700900 1022
1700910 1020
1700920 1019
1700930 1017
1700940 1017
1700950 1017
1700960 1017
1700970 1019
1700980 1021
1700990 1022
1701000 1024
1701010 1025
1701020 1027
1701030 1027
1701040 1028
1701050 1029
1701060 1031
1701070 1033
1701080 1035
1701090 1037
1701100 1038
1701110 1039
1701120 1040
1701130 1040
1701140 1041
1701150 1042
1701160 1043
1701170 1043
1701180 1044
1701190 1044
1701200 1045
1701210 1045
1701220 1045
1701230 1045
1701240 1045
1701250 1045
1701260 1044
1701270 1041
1701280 1038
1701290 1035
1701300 1032
1701310 1028
1701320 1025
1701330 1022
1701340 1021
1701350 1021
1701360 1022
1701370 1023
1701380 1025
1701390 1026
1701400 1027
1701410 1028
1701420 1030
1701430 1031
1701440 1033
1701450 1034
1701460 1036
1701470 1038
1701480 1040
1701490 1043
1701500 1045
1701510 1047
1701520 1050
1701530 1053
1701540 1056
1701550 1059
1701560 1062
1701570 1065
1701580 1068
1701590 1071
1701600 1075
1701610 1078
1701620 1081
1701630 1083
1701640 1086
1701650 1089
1701660 1091
1701670 1093
1701680 1095
1701690 1097
1701700 1099
1701710 1100
1701720 1102
1701730 1103
1701740 1105
1701750 1106
1701760 1108
1701770 1109
1701780 1111
1701790 1113
1701800 1115
1701810 1116
1701820 1117
1701830 1118
1701840 1119
1701850 1119
1701860 1120
1701870 1122
1701880 1123
1701890 1125
1701900 1127
1701910 1128
1701920 1129
1701930 1130
1701940 1131
1701950 1132
1701960 1133
1701970 1135
1701980 1136
1701990 1137
1702000 1138
1702010 1139
1702020 1141
1702030 1142
1702040 1143
1702050 1144
1702060 1145
1702070 1146
1702080 1147
1702090 1148
1702100 1149
1702110 1150
1702120 1151
1702130 1152
1702140 1154
1702150 1155
1702160 1156
1702170 1157
1702180 1158
1702190 1157
1702200 1157
1702210 1156
1702220 1156
1702230 1155
1702240 1154
1702250 1153
1702260 1152
1702270 1151
1702280 1150
1702290 1149
1702300 1148
1702310 1147
1702320 1147
1702330 1146
1702340 1145
1702350 1144
1702360 1144
1702370 1143
1702380 1142
1702390 1141
1702400 1141
1702410 1139
1702420 1138
1702430 1136
1702440 1135
1702450 1135
1702460 1133
1702470 1132
1702480 1130
1702490 1129
1702500 1127
1702510 1126
1702520 1124
1702530 1122
1702540 1120
1702550 1118
1702560 1117
1702570 1117
1702580 1116
1702590 1114
1702600 1111
1702610 1109
1702620 1108
1702630 1107
1702640 1107
1702650 1107
1702660 1107
1702670 1107
1702680 1107
1702690 1107
1702700 1106
1702710 1105
1702720 1105
1702730 1105
1702740 1105
1702750 1105
1702760 1105
1702770 1105
1702780 1104
1702790 1103
1702800 1101
1702810 1099
1702820 1097
1702830 1095
1702840 1093
1702850 1091
1702860 1089
1702870 1087
1702880 1086
1702890 1085
1702900 1085
1702910 1087
1702920 1088
1702930 1090
1702940 1092
1702950 1093
1702960 1095
1702970 1097
1702980 1099
1702990 1101
1703000 1102
1703010 1103
1703020 1104
1703030 1105
1703040 1106
1703050 1107
1703060 1108
1703070 1108
1703080 1109
1703090 1110
1703100 1110
1703110 1110
1703120 1110
1703130 1108
1703140 1107
1703150 1104
1703160 1102
1703170 1099
1703180 1096
1703190 1093
1703200 1090
1703210 1088
1703220 1087
1703230 1086
1703240 1086
1703250 1086
1703260 1085
1703270 1085
1703280 1085
1703290 1084
1703300 1084
1703310 1084
1703320 1084
1703330 1085
1703340 1085
1703350 1085
1703360 1084
1703370 1084
1703380 1083
1703390 1082
1703400 1080
1703410 1079
1703420 1078
1703430 1078
1703440 1078
1703450 1079
1703460 1079
1703470 1080
1703480 1080
1703490 1082
1703500 1083
1703510 1085
1703520 1086
1703530 1088
1703540 1090
1703550 1092
1703560 1094
1703570 1096
1703580 1098
1703590 1100
1703600 1102
1703610 1103
1703620 1104
1703630 1105
1703640 1106
1703650 1107
1703660 1108
1703670 1109
1703680 1110
1703690 1111
1703700 1113
1703710 1114
1703720 1115
1703730 1116
1703740 1117
1703750 1118
1703760 1120
1703770 1120
1703780 1121
1703790 1121
1703800 1122
1703810 1121
1703820 1121
1703830 1121
1703840 1121
1703850 1122
1703860 1122
1703870 1122
1703880 1123
1703890 1123
1703900 1123
1703910 1124
1703920 1124
1703930 1125
1703940 1125
1703950 1126
1703960 1126
1703970 1127
1703980 1128
1703990 1128
1704000 1128
1704010 1129
1704020 1129
1704030 1129
1704040 1129
1704050 1130
1704060 1130
1704070 1130
1704080 1130
1704090 1131
1704100 1131
1704110 1131
1704120 1131
1704130 1131
1704140 1131
1704150 1132
1704160 1132
1704170 1132
1704180 1132
1704190 1132
1704200 1131
1704210 1131
1704220 1131
1704230 1131
1704240 1131
1704250 1131
1704260 1130
1704270 1130
1704280 1130
1704290 1129
1704300 1129
1704310 1128
1704320 1127
1704330 1126
1704340 1125
1704350 1123
1704360 1121
1704370 1120
1704380 1120
1704390 1119
1704400 1118
1704410 1117
1704420 1116
1704430 1115
1704440 1113
1704450 1111
1704460 1108
1704470 1108
1704480 1108
1704490 1108
1704500 1108
1704510 1108
1704520 1109
1704530 1109
1704540 1108
1704550 1108
1704560 1108
1704570 1108
1704580 1108
1704590 1108
1704600 1109
1704610 1109
1704620 1109
1704630 1109
1704640 1109
1704650 1110
1704660 1110
1704670 1110
1704680 1110
1704690 1110
1704700 1110
1704710 1109
1704720 1109
1704730 1109
1704740 1109
1704750 1109
1704760 1108
1704770 1107
1704780 1106
1704790 1104
1704800 1103
1704810 1103
1704820 1102
1704830 1102
1704840 1102
1704850 1103
1704860 1104
1704870 1104
1704880 1105
1704890 1106
1704900 1106
1704910 1107
1704920 1108
1704930 1108
1704940 1109
1704950 1110
1704960 1111
1704970 1112
1704980 1113
1704990 1114
1705000 1115
1705010 1115
1705020 1116
1705030 1117
1705040 1118
1705050 1118
1705060 1119
1705070 1120
1705080 1121
1705090 1123
1705100 1124
1705110 1126
1705120 1127
1705130 1129
1705140 1130
1705150 1131
1705160 1132
1705170 1133
1705180 1134
1705190 1136
1705200 1137
1705210 1138
1705220 1139
1705230 1141
1705240 1142
1705250 1144
1705260 1146
1705270 1148
1705280 1151
1705290 1153
1705300 1155
1705310 1158
1705320 1159
1705330 1160
1705340 1161
1705350 1161
1705360 1161
1705370 1161
1705380 1160
1705390 1158
1705400 1156
1705410 1154
1705420 1151
1705430 1147
1705440 1144
1705450 1141
1705460 1137
1705470 1133
1705480 1129
1705490 1126
1705500 1124
1705510 1122
1705520 1120
1705530 1118
1705540 1116
1705550 1114
1705560 1113
1705570 1113
1705580 1112
1705590 1112
1705600 1111
1705610 1110
1705620 1109
1705630 1107
1705640 1105
1705650 1103
1705660 1101
1705670 1101
1705680 1101
1705690 1101
1705700 1102
1705710 1102
1705720 1102
1705730 1103
1705740 1104
1705750 1105
1705760 1105
1705770 1106
1705780 1107
1705790 1108
1705800 1109
1705810 1110
1705820 1111
1705830 1113
1705840 1115
1705850 1116
1705860 1118
1705870 1120
1705880 1121
1705890 1122
1705900 1123
1705910 1124
1705920 1125
1705930 1126
1705940 1126
1705950 1127
1705960 1127
1705970 1128
1705980 1128
1705990 1129
1706000 1129
1706010 1129
1706020 1130
1706030 1131
1706040 1132
1706050 1133
1706060 1134
1706070 1135
1706080 1136
1706090 1137
1706100 1138
1706110 1141
1706120 1143
1706130 1145
1706140 1147
1706150 1148
1706160 1150
1706170 1151
1706180 1153
1706190 1154
1706200 1156
1706210 1157
1706220 1158
1706230 1160
1706240 1161
1706250 1162
1706260 1163
1706270 1160
1706280 1154
1706290 1145
1706300 1134
1706310 1121
1706320 1108
1706330 1094
1706340 1082
1706350 1076
1706360 1070
1706370 1065
1706380 1060
1706390 1055
1706400 1050
1706410 1045
1706420 1041
1706430 1036
1706440 1031
1706450 1027
1706460 1024
1706470 1021
1706480 1019
1706490 1017
1706500 1017
1706510 1016
1706520 1014
1706530 1011
1706540 1006
1706550 1001
1706560 995
1706570 992
1706580 990
1706590 987
1706600 986
1706610 984
1706620 982
1706630 979
1706640 977
1706650 975
1706660 974
1706670 973
1706680 972
1706690 972
1706700 972
1706710 972
1706720 973
1706730 974
1706740 974
1706750 974
1706760 973
1706770 971
1706780 969
1706790 968
1706800 966
1706810 965
1706820 965
1706830 965
1706840 967
1706850 969
1706860 971
1706870 972
1706880 972
1706890 971
1706900 969
1706910 967
1706920 966
1706930 964
1706940 963
1706950 961
1706960 960
1706970 959
1706980 958
1706990 957
1707000 956
1707010 956
1707020 955
1707030 954
1707040 953
1707050 951
1707060 949
1707070 945
1707080 938
1707090 932
1707100 926
1707110 920
1707120 915
1707130 911
1707140 907
1707150 905
1707160 904
1707170 904
1707180 905
1707190 907
1707200 909
1707210 911
1707220 913
1707230 915
1707240 916
1707250 918
1707260 918
1707270 919
1707280 921
1707290 923
1707300 926
1707310 928
1707320 931
1707330 933
1707340 936
1707350 938
1707360 941
1707370 943
1707380 946
1707390 948
1707400 951
1707410 954
1707420 957
1707430 959
1707440 962
1707450 964
1707460 966
1707470 968
1707480 970
1707490 972
1707500 974
1707510 975
1707520 976
1707530 977
1707540 978
1707550 978
1707560 979
1707570 979
1707580 978
1707590 977
1707600 976
1707610 975
1707620 972
1707630 968
1707640 963
1707650 958
1707660 953
1707670 949
1707680 944
1707690 938
1707700 933
1707710 928
1707720 927
1707730 925
1707740 923
1707750 919
1707760 914
1707770 909
1707780 906
1707790 903
1707800 899
1707810 896
1707820 894
1707830 893
1707840 893
1707850 893
1707860 893
1707870 894
1707880 895
1707890 897
1707900 900
1707910 902
1707920 905
1707930 908
1707940 911
1707950 914
1707960 917
1707970 921
1707980 924
1707990 929
1708000 933
1708010 937
1708020 940
1708030 944
1708040 948
1708050 952
1708060 956
1708070 960
1708080 963
1708090 967
1708100 970
1708110 974
1708120 977
1708130 980
1708140 983
1708150 986
1708160 989
1708170 992
1708180 994
1708190 998
1708200 1001
1708210 1004
1708220 1007
1708230 1008
1708240 1010
1708250 1011
1708260 1012
1708270 1013
1708280 1011
1708290 1008
1708300 1005
1708310 1000
1708320 996
1708330 991
1708340 986
1708350 981
1708360 977
1708370 972
1708380 968
1708390 964
1708400 960
1708410 956
1708420 954
1708430 952
1708440 951
1708450 952
1708460 953
1708470 955
1708480 957
1708490 958
1708500 958
1708510 958
1708520 957
1708530 957
1708540 958
1708550 958
1708560 959
1708570 960
1708580 960
1708590 960
1708600 960
1708610 960
1708620 959
1708630 958
1708640 957
1708650 955
1708660 954
1708670 951
1708680 949
1708690 947
1708700 944
1708710 942
1708720 940
1708730 937
1708740 934
1708750 933
1708760 932
1708770 933
1708780 935
1708790 937
1708800 940
1708810 943
1708820 945
1708830 946
1708840 948
1708850 949
1708860 950
1708870 950
1708880 950
1708890 950
1708900 950
1708910 950
1708920 950
1708930 950
1708940 952
1708950 954
1708960 956
1708970 959
1708980 963
1708990 967
1709000 971
1709010 976
1709020 981
1709030 986
1709040 991
1709050 996
1709060 1001
1709070 1006
1709080 1011
1709090 1016
1709100 1021
1709110 1026
1709120 1032
1709130 1037
1709140 1041
1709150 1045
1709160 1050
1709170 1056
1709180 1061
1709190 1066
1709200 1071
1709210 1076
1709220 1080
1709230 1085
1709240 1090
1709250 1094
1709260 1099
1709270 1103
1709280 1107
1709290 1111
1709300 1115
1709310 1119
1709320 1122
1709330 1125
1709340 1128
1709350 1131
1709360 1133
1709370 1135
1709380 1137
1709390 1139
1709400 1141
1709410 1142
1709420 1143
1709430 1144
1709440 1144
1709450 1144
1709460 1143
1709470 1142
1709480 1142
1709490 1141
1709500 1140
1709510 1138
1709520 1137
1709530 1136
1709540 1136
1709550 1136
1709560 1136
1709570 1137
1709580 1138
1709590 1139
1709600 1141
1709610 1143
1709620 1144
1709630 1145
1709640 1146
1709650 1147
1709660 1148
1709670 1149
1709680 1150
1709690 1151
1709700 1152
1709710 1154
1709720 1155
1709730 1156
1709740 1157
1709750 1157
1709760 1158
1709770 1158
1709780 1159
1709790 1161
1709800 1165
1709810 1169
1709820 1173
1709830 1178
1709840 1182
1709850 1187
1709860 1192
1709870 1197
1709880 1201
1709890 1206
1709900 1211
1709910 1215
1709920 1218
1709930 1221
1709940 1223
1709950 1226
1709960 1228
1709970 1230
1709980 1233
1709990 1235
1710000 1238
1710010 1240
1710020 1241
1710030 1243
1710040 1244
1710050 1246
1710060 1248
1710070 1249
1710080 1250
1710090 1251
1710100 1251
1710110 1252
1710120 1253
1710130 1253
1710140 1253
1710150 1252
1710160 1251
1710170 1249
1710180 1247
1710190 1244
1710200 1241
1710210 1238
1710220 1235
1710230 1232
1710240 1230
1710250 1227
1710260 1224
1710270 1221
1710280 1220
1710290 1218
1710300 1216
1710310 1214
1710320 1213
1710330 1212
1710340 1211
1710350 1210
1710360 1210
1710370 1209
1710380 1209
1710390 1208
1710400 1208
1710410 1208
1710420 1208
1710430 1208
1710440 1207
1710450 1207
1710460 1208
1710470 1208
1710480 1209
1710490 1209
1710500 1210
1710510 1212
1710520 1213
1710530 1214
1710540 1215
1710550 1216
1710560 1217
1710570 1218
1710580 1218
1710590 1219
1710600 1220
1710610 1221
1710620 1221
1710630 1222
1710640 1222
1710650 1222
1710660 1223
1710670 1223
1710680 1223
1710690 1223
1710700 1222
1710710 1222
1710720 1221
1710730 1220
1710740 1219
1710750 1218
1710760 1217
1710770 1215
1710780 1214
1710790 1212
1710800 1211
