1700000 1032
1700010 1033
1700020 1033
1700030 1034
1700040 1034
1700050 1034
1700060 1034
1700070 1035
1700080 1036
1700090 1037
1700100 1038
1700110 1039
1700120 1041
1700130 1042
1700140 1044
1700150 1045
1700160 1047
1700170 1048
1700180 1050
1700190 1051
1700200 1053
1700210 1054
1700220 1055
1700230 1056
1700240 1057
1700250 1058
1700260 1058
1700270 1059
1700280 1060
1700290 1062
1700300 1064
1700310 1066
1700320 1069
1700330 1073
1700340 1075
1700350 1076
1700360 1078
1700370 1081
1700380 1085
1700390 1088
1700400 1090
1700410 1092
1700420 1094
1700430 1097
1700440 1099
1700450 1101
1700460 1103
1700470 1105
1700480 1107
1700490 1109
1700500 1110
1700510 1112
1700520 1114
1700530 1117
1700540 1119
1700550 1121
1700560 1124
1700570 1127
1700580 1131
1700590 1135
1700600 1140
1700610 1145
1700620 1150
1700630 1155
1700640 1158
1700650 1161
1700660 1162
1700670 1161
1700680 1160
1700690 1159
1700700 1158
1700710 1158
1700720 1157
1700730 1156
1700740 1155
1700750 1155
1700760 1154
1700770 1154
1700780 1153
1700790 1152
1700800 1152
1700810 1150
1700820 1149
1700830 1148
1700840 1146
1700850 1145
1700860 1144
1700870 1144
1700880 1143
1700890 1143
1700900 1143
1700910 1143
1700920 1143
1700930 1142
1700940 1141
1700950 1140
1700960 1140
1700970 1139
1700980 1138
1700990 1138
1701000 1138
1701010 1138
1701020 1138
1701030 1137
1701040 1136
1701050 1136
1701060 1136
1701070 1136
1701080 1135
1701090 1135
1701100 1134
1701110 1133
1701120 1132
1701130 1132
1701140 1131
1701150 1130
1701160 1129
1701170 1128
1701180 1128
1701190 1127
1701200 1126
1701210 1125
1701220 1123
1701230 1122
1701240 1120
1701250 1118
1701260 1117
1701270 1115
1701280 1114
1701290 1113
1701300 1111
1701310 1110
1701320 1109
1701330 1108
1701340 1107
1701350 1106
1701360 1106
1701370 1105
1701380 1105
1701390 1103
1701400 1102
1701410 1101
1701420 1101
1701430 1101
1701440 1101
1701450 1102
1701460 1102
1701470 1103
1701480 1104
1701490 1105
1701500 1106
1701510 1106
1701520 1107
1701530 1108
1701540 1108
1701550 1108
1701560 1109
1701570 1110
1701580 1111
1701590 1112
1701600 1112
1701610 1113
1701620 1114
1701630 1115
1701640 1117
1701650 1118
1701660 1119
1701670 1120
1701680 1121
1701690 1122
1701700 1124
1701710 1125
1701720 1126
1701730 1128
1701740 1129
1701750 1130
1701760 1131
1701770 1132
1701780 1132
1701790 1133
1701800 1133
1701810 1134
1701820 1134
1701830 1134
1701840 1134
1701850 1134
1701860 1133
1701870 1132
1701880 1131
1701890 1131
1701900 1130
1701910 1130
1701920 1130
1701930 1130
1701940 1130
1701950 1131
1701960 1132
1701970 1132
1701980 1133
1701990 1134
1702000 1135
1702010 1135
1702020 1136
1702030 1136
1702040 1137
1702050 1137
1702060 1138
1702070 1138
1702080 1139
1702090 1139
1702100 1139
1702110 1139
1702120 1138
1702130 1138
1702140 1137
1702150 1136
1702160 1135
1702170 1134
1702180 1133
1702190 1132
1702200 1130
1702210 1129
1702220 1127
1702230 1126
1702240 1126
1702250 1126
1702260 1127
1702270 1129
1702280 1130
1702290 1130
1702300 1131
1702310 1131
1702320 1132
1702330 1133
1702340 1135
1702350 1136
1702360 1137
1702370 1137
1702380 1138
1702390 1139
1702400 1140
1702410 1141
1702420 1142
1702430 1144
1702440 1145
1702450 1146
1702460 1148
1702470 1149
1702480 1150
1702490 1151
1702500 1152
1702510 1153
1702520 1153
1702530 1154
1702540 1155
1702550 1156
1702560 1157
1702570 1158
1702580 1158
1702590 1159
1702600 1160
1702610 1161
1702620 1162
1702630 1163
1702640 1164
1702650 1164
1702660 1165
1702670 1166
1702680 1165
1702690 1164
1702700 1163
1702710 1161
1702720 1160
1702730 1159
1702740 1156
1702750 1154
1702760 1151
1702770 1149
1702780 1148
1702790 1147
1702800 1146
1702810 1145
1702820 1143
1702830 1142
1702840 1141
1702850 1141
1702860 1140
1702870 1139
1702880 1138
1702890 1137
1702900 1137
1702910 1136
1702920 1135
1702930 1135
1702940 1134
1702950 1133
1702960 1131
1702970 1130
1702980 1129
1702990 1127
1703000 1125
1703010 1123
1703020 1121
1703030 1118
1703040 1115
1703050 1111
1703060 1107
1703070 1103
1703080 1099
1703090 1095
1703100 1092
1703110 1089
1703120 1087
1703130 1084
1703140 1081
1703150 1078
1703160 1077
1703170 1075
1703180 1073
1703190 1071
1703200 1070
1703210 1069
1703220 1069
1703230 1068
1703240 1068
1703250 1069
1703260 1070
1703270 1071
1703280 1072
1703290 1072
1703300 1073
1703310 1073
1703320 1073
1703330 1073
1703340 1073
1703350 1074
1703360 1074
1703370 1075
1703380 1075
1703390 1076
1703400 1076
1703410 1076
1703420 1076
1703430 1075
1703440 1074
1703450 1074
1703460 1074
1703470 1074
1703480 1075
1703490 1075
1703500 1076
1703510 1076
1703520 1076
1703530 1076
1703540 1077
1703550 1077
1703560 1078
1703570 1079
1703580 1080
1703590 1081
1703600 1082
1703610 1083
1703620 1084
1703630 1085
1703640 1086
1703650 1087
1703660 1089
1703670 1091
1703680 1092
1703690 1093
1703700 1094
1703710 1095
1703720 1097
1703730 1098
1703740 1099
1703750 1101
1703760 1102
1703770 1103
1703780 1104
1703790 1105
1703800 1106
1703810 1107
1703820 1108
1703830 1109
1703840 1110
1703850 1111
1703860 1110
1703870 1110
1703880 1109
1703890 1107
1703900 1105
1703910 1102
1703920 1098
1703930 1096
1703940 1096
1703950 1098
1703960 1100
1703970 1102
1703980 1103
1703990 1103
1704000 1102
1704010 1101
1704020 1101
1704030 1102
1704040 1102
1704050 1103
1704060 1103
1704070 1104
1704080 1104
1704090 1105
1704100 1106
1704110 1106
1704120 1107
1704130 1108
1704140 1108
1704150 1109
1704160 1110
1704170 1110
1704180 1111
1704190 1112
1704200 1112
1704210 1113
1704220 1114
1704230 1114
1704240 1115
1704250 1116
1704260 1117
1704270 1118
1704280 1118
1704290 1119
1704300 1120
1704310 1121
1704320 1122
1704330 1122
1704340 1123
1704350 1124
1704360 1125
1704370 1126
1704380 1126
1704390 1127
1704400 1128
1704410 1128
1704420 1129
1704430 1130
1704440 1131
1704450 1132
1704460 1134
1704470 1136
1704480 1137
1704490 1138
1704500 1139
1704510 1140
1704520 1141
1704530 1142
1704540 1143
1704550 1144
1704560 1146
1704570 1147
1704580 1148
1704590 1148
1704600 1149
1704610 1150
1704620 1151
1704630 1151
1704640 1152
1704650 1152
1704660 1153
1704670 1154
1704680 1155
1704690 1155
1704700 1156
1704710 1156
1704720 1157
1704730 1157
1704740 1158
1704750 1158
1704760 1159
1704770 1159
1704780 1160
1704790 1159
1704800 1159
1704810 1158
1704820 1157
1704830 1156
1704840 1155
1704850 1154
1704860 1153
1704870 1152
1704880 1151
1704890 1150
1704900 1150
1704910 1151
1704920 1153
1704930 1154
1704940 1156
1704950 1157
1704960 1159
1704970 1160
1704980 1161
1704990 1162
1705000 1163
1705010 1165
1705020 1166
1705030 1168
1705040 1169
1705050 1170
1705060 1171
1705070 1172
1705080 1173
1705090 1174
1705100 1175
1705110 1175
1705120 1176
1705130 1177
1705140 1178
1705150 1179
1705160 1180
1705170 1181
1705180 1182
1705190 1183
1705200 1183
1705210 1184
1705220 1185
1705230 1186
1705240 1187
1705250 1187
1705260 1188
1705270 1188
1705280 1188
1705290 1188
1705300 1188
1705310 1188
1705320 1188
1705330 1188
1705340 1188
1705350 1188
1705360 1188
1705370 1188
1705380 1189
1705390 1190
1705400 1190
1705410 1190
1705420 1190
1705430 1190
1705440 1190
1705450 1189
1705460 1189
1705470 1188
1705480 1186
1705490 1184
1705500 1181
1705510 1180
1705520 1179
1705530 1179
1705540 1178
1705550 1178
1705560 1178
1705570 1177
1705580 1176
1705590 1176
1705600 1175
1705610 1173
1705620 1170
1705630 1168
1705640 1168
1705650 1168
1705660 1167
1705670 1165
1705680 1164
1705690 1162
1705700 1161
1705710 1160
1705720 1159
1705730 1158
1705740 1157
1705750 1158
1705760 1159
1705770 1161
1705780 1162
1705790 1163
1705800 1163
1705810 1164
1705820 1165
1705830 1167
1705840 1168
1705850 1169
1705860 1170
1705870 1170
1705880 1171
1705890 1172
1705900 1173
1705910 1173
1705920 1174
1705930 1175
1705940 1176
1705950 1177
1705960 1178
1705970 1178
1705980 1179
1705990 1180
1706000 1180
1706010 1181
1706020 1182
1706030 1183
1706040 1184
1706050 1185
1706060 1186
1706070 1187
1706080 1187
1706090 1188
1706100 1189
1706110 1190
1706120 1190
1706130 1189
1706140 1186
1706150 1180
1706160 1173
1706170 1165
1706180 1158
1706190 1151
1706200 1145
1706210 1140
1706220 1134
1706230 1127
1706240 1122
1706250 1117
1706260 1113
1706270 1109
1706280 1104
1706290 1099
1706300 1093
1706310 1088
1706320 1084
1706330 1078
1706340 1073
1706350 1068
1706360 1062
1706370 1056
1706380 1049
1706390 1043
1706400 1037
1706410 1031
1706420 1025
1706430 1019
1706440 1012
1706450 1007
1706460 1002
1706470 997
1706480 993
1706490 989
1706500 985
1706510 981
1706520 978
1706530 974
1706540 971
1706550 967
1706560 964
1706570 961
1706580 958
1706590 956
1706600 953
1706610 950
1706620 947
1706630 944
1706640 941
1706650 938
1706660 936
1706670 932
1706680 929
1706690 927
1706700 924
1706710 921
1706720 919
1706730 916
1706740 913
1706750 911
1706760 908
1706770 906
1706780 903
1706790 901
1706800 898
1706810 895
1706820 893
1706830 891
1706840 889
1706850 887
1706860 885
1706870 883
1706880 880
1706890 877
1706900 873
1706910 871
1706920 868
1706930 864
1706940 861
1706950 858
1706960 856
1706970 854
1706980 853
1706990 851
1707000 849
1707010 848
1707020 847
1707030 848
1707040 848
1707050 846
1707060 844
1707070 842
1707080 839
1707090 838
1707100 836
1707110 834
1707120 831
1707130 829
1707140 827
1707150 825
1707160 823
1707170 822
1707180 820
1707190 818
1707200 817
1707210 816
1707220 814
1707230 813
1707240 812
1707250 811
1707260 810
1707270 809
1707280 809
1707290 808
1707300 807
1707310 805
1707320 804
1707330 802
1707340 800
1707350 798
1707360 795
1707370 793
1707380 790
1707390 787
1707400 785
1707410 784
1707420 784
1707430 784
1707440 784
1707450 784
1707460 784
1707470 784
1707480 784
1707490 784
1707500 784
1707510 784
1707520 783
1707530 783
1707540 783
1707550 783
1707560 783
1707570 782
1707580 781
1707590 781
1707600 781
1707610 781
1707620 781
1707630 781
1707640 781
1707650 782
1707660 783
1707670 784
1707680 784
1707690 785
1707700 785
1707710 785
1707720 785
1707730 784
1707740 784
1707750 783
1707760 782
1707770 781
1707780 780
1707790 777
1707800 774
1707810 771
1707820 767
1707830 764
1707840 761
1707850 761
1707860 760
1707870 761
1707880 760
1707890 760
1707900 761
1707910 762
1707920 763
1707930 763
1707940 764
1707950 765
1707960 765
1707970 766
1707980 767
1707990 768
1708000 769
1708010 770
1708020 771
1708030 773
1708040 774
1708050 775
1708060 776
1708070 777
1708080 778
1708090 779
1708100 780
1708110 782
1708120 783
1708130 784
1708140 785
1708150 787
1708160 787
1708170 788
1708180 789
1708190 790
1708200 791
1708210 793
1708220 794
1708230 795
1708240 796
1708250 798
1708260 799
1708270 800
1708280 801
1708290 803
1708300 804
1708310 805
1708320 807
1708330 808
1708340 809
1708350 810
1708360 811
1708370 811
1708380 812
1708390 813
1708400 813
1708410 813
1708420 813
1708430 813
1708440 812
1708450 811
1708460 809
1708470 805
1708480 801
1708490 797
1708500 793
1708510 789
1708520 787
1708530 784
1708540 782
1708550 781
1708560 782
1708570 783
1708580 784
1708590 785
1708600 787
1708610 789
1708620 792
1708630 796
1708640 800
1708650 805
1708660 809
1708670 814
1708680 818
1708690 821
1708700 826
1708710 831
1708720 835
1708730 840
1708740 844
1708750 849
1708760 853
1708770 857
1708780 861
1708790 866
1708800 870
1708810 874
1708820 878
1708830 882
1708840 886
1708850 890
1708860 893
1708870 897
1708880 901
1708890 904
1708900 907
1708910 910
1708920 912
1708930 914
1708940 915
1708950 917
1708960 918
1708970 919
1708980 920
1708990 921
1709000 922
1709010 923
1709020 924
1709030 925
1709040 926
1709050 927
1709060 927
1709070 926
1709080 925
1709090 924
1709100 924
1709110 924
1709120 924
1709130 925
1709140 925
1709150 925
1709160 925
1709170 924
1709180 922
1709190 920
1709200 916
1709210 912
1709220 908
1709230 905
1709240 903
1709250 901
1709260 901
1709270 901
1709280 903
1709290 906
1709300 909
1709310 910
1709320 911
1709330 911
1709340 912
1709350 912
1709360 912
1709370 912
1709380 911
1709390 911
1709400 912
1709410 915
1709420 918
1709430 923
1709440 928
1709450 933
1709460 937
1709470 942
1709480 947
1709490 952
1709500 956
1709510 961
1709520 966
1709530 970
1709540 973
1709550 978
1709560 982
1709570 986
1709580 989
1709590 992
1709600 994
1709610 996
1709620 998
1709630 999
1709640 1000
1709650 1001
1709660 1001
1709670 1000
1709680 1000
1709690 1000
1709700 1001
1709710 1003
1709720 1006
1709730 1010
1709740 1014
1709750 1019
1709760 1024
1709770 1029
1709780 1034
1709790 1039
1709800 1044
1709810 1048
1709820 1053
1709830 1057
1709840 1062
1709850 1066
1709860 1070
1709870 1075
1709880 1079
1709890 1084
1709900 1088
1709910 1092
1709920 1097
1709930 1101
1709940 1105
1709950 1109
1709960 1113
1709970 1116
1709980 1120
1709990 1123
1710000 1126
1710010 1129
1710020 1132
1710030 1135
1710040 1138
1710050 1141
1710060 1143
1710070 1145
1710080 1148
1710090 1150
1710100 1153
1710110 1155
1710120 1157
1710130 1160
1710140 1163
1710150 1165
1710160 1168
1710170 1171
1710180 1173
1710190 1176
1710200 1179
1710210 1181
1710220 1183
1710230 1185
1710240 1187
1710250 1190
1710260 1193
1710270 1195
1710280 1197
1710290 1198
1710300 1198
1710310 1196
1710320 1194
1710330 1191
1710340 1188
1710350 1184
1710360 1181
1710370 1178
1710380 1176
1710390 1174
1710400 1172
1710410 1170
1710420 1167
1710430 1165
1710440 1163
1710450 1161
1710460 1158
1710470 1155
1710480 1153
1710490 1150
1710500 1148
1710510 1145
1710520 1143
1710530 1140
1710540 1138
1710550 1137
1710560 1136
1710570 1136
1710580 1135
1710590 1134
1710600 1132
1710610 1130
1710620 1128
1710630 1126
1710640 1125
1710650 1124
1710660 1123
1710670 1122
1710680 1121
1710690 1120
1710700 1120
1710710 1120
1710720 1120
1710730 1120
1710740 1120
1710750 1120
1710760 1119
1710770 1120
1710780 1120
1710790 1120
1710800 1120
1710810 1121
1710820 1121
1710830 1121
1710840 1122
1710850 1122
1710860 1123
1710870 1124
1710880 1125
1710890 1126
1710900 1127
1710910 1128
1710920 1129
1710930 1131
1710940 1132
1710950 1134
1710960 1135
1710970 1136
1710980 1137
1710990 1138
1711000 1139
1711010 1140
1711020 1141
1711030 1142
1711040 1143
1711050 1144
1711060 1145
1711070 1146
1711080 1147
1711090 1148
1711100 1148
1711110 1149
1711120 1149
1711130 1148
1711140 1148
1711150 1147
1711160 1147
1711170 1146
1711180 1145
1711190 1144
1711200 1143
1711210 1142
1711220 1141
1711230 1139
1711240 1137
1711250 1134
1711260 1130
1711270 1125
1711280 1120
1711290 1116
1711300 1112
1711310 1108
1711320 1104
1711330 1100
1711340 1097
1711350 1094
1711360 1092
1711370 1090
1711380 1088
1711390 1086
1711400 1084
1711410 1082
1711420 1079
1711430 1077
1711440 1075
1711450 1073
1711460 1071
1711470 1069
1711480 1066
1711490 1064
1711500 1061
1711510 1059
1711520 1057
1711530 1055
1711540 1053
1711550 1051
1711560 1049
1711570 1046
1711580 1044
1711590 1041
1711600 1039
1711610 1037
1711620 1035
1711630 1033
1711640 1031
1711650 1031
1711660 1030
1711670 1030
1711680 1030
1711690 1030
1711700 1030
1711710 1030
1711720 1031
1711730 1031
1711740 1032
1711750 1032
1711760 1032
1711770 1033
1711780 1034
1711790 1034
1711800 1035
1711810 1036
1711820 1036
1711830 1037
1711840 1038
1711850 1039
1711860 1039
1711870 1040
1711880 1040
1711890 1041
1711900 1041
1711910 1042
1711920 1042
1711930 1042
1711940 1042
1711950 1042
1711960 1042
1711970 1042
1711980 1041
1711990 1041
1712000 1040
1712010 1039
1712020 1039
1712030 1039
1712040 1038
1712050 1038
1712060 1037
1712070 1037
1712080 1037
1712090 1036
1712100 1036
1712110 1035
1712120 1035
1712130 1035
1712140 1035
1712150 1035
1712160 1034
1712170 1035
1712180 1035
1712190 1035
1712200 1035
1712210 1035
1712220 1035
1712230 1035
1712240 1036
1712250 1036
1712260 1036
1712270 1035
1712280 1035
1712290 1035
1712300 1035
1712310 1036
1712320 1036
1712330 1037
1712340 1037
1712350 1038
1712360 1040
1712370 1041
1712380 1042
1712390 1044
1712400 1045
1712410 1046
1712420 1046
1712430 1047
1712440 1047
1712450 1048
1712460 1049
1712470 1051
1712480 1053
1712490 1054
1712500 1055
1712510 1057
