1700000 1079
1700010 1080
1700020 1081
1700030 1082
1700040 1083
1700050 1084
1700060 1085
1700070 1085
1700080 1086
1700090 1088
1700100 1090
1700110 1092
1700120 1093
1700130 1094
1700140 1094
1700150 1095
1700160 1096
1700170 1096
1700180 1096
1700190 1097
1700200 1098
1700210 1099
1700220 1100
1700230 1100
1700240 1100
1700250 1101
1700260 1102
1700270 1103
1700280 1105
1700290 1106
1700300 1108
1700310 1110
1700320 1111
1700330 1113
1700340 1115
1700350 1117
1700360 1118
1700370 1119
1700380 1121
1700390 1122
1700400 1123
1700410 1124
1700420 1125
1700430 1126
1700440 1127
1700450 1128
1700460 1128
1700470 1129
1700480 1130
1700490 1130
1700500 1130
1700510 1131
1700520 1132
1700530 1133
1700540 1134
1700550 1135
1700560 1135
1700570 1137
1700580 1140
1700590 1144
1700600 1147
1700610 1149
1700620 1151
1700630 1154
1700640 1157
1700650 1160
1700660 1162
1700670 1164
1700680 1166
1700690 1168
1700700 1170
1700710 1172
1700720 1173
1700730 1175
1700740 1176
1700750 1177
1700760 1177
1700770 1178
1700780 1179
1700790 1179
1700800 1179
1700810 1179
1700820 1179
1700830 1179
1700840 1179
1700850 1178
1700860 1177
1700870 1176
1700880 1176
1700890 1175
1700900 1174
1700910 1173
1700920 1172
1700930 1171
1700940 1170
1700950 1168
1700960 1165
1700970 1161
1700980 1157
1700990 1154
1701000 1151
1701010 1148
1701020 1146
1701030 1144
1701040 1142
1701050 1140
1701060 1139
1701070 1137
1701080 1135
1701090 1133
1701100 1132
1701110 1131
1701120 1131
1701130 1130
1701140 1130
1701150 1129
1701160 1128
1701170 1127
1701180 1126
1701190 1126
1701200 1126
1701210 1126
1701220 1126
1701230 1125
1701240 1125
1701250 1124
1701260 1123
1701270 1122
1701280 1121
1701290 1121
1701300 1119
1701310 1118
1701320 1116
1701330 1112
1701340 1110
1701350 1110
1701360 1112
1701370 1114
1701380 1115
1701390 1115
1701400 1116
1701410 1116
1701420 1117
1701430 1117
1701440 1117
1701450 1117
1701460 1117
1701470 1117
1701480 1118
1701490 1118
1701500 1118
1701510 1118
1701520 1119
1701530 1119
1701540 1119
1701550 1120
1701560 1120
1701570 1120
1701580 1120
1701590 1121
1701600 1121
1701610 1121
1701620 1122
1701630 1122
1701640 1122
1701650 1122
1701660 1123
1701670 1123
1701680 1123
1701690 1123
1701700 1123
1701710 1123
1701720 1123
1701730 1123
1701740 1123
1701750 1124
1701760 1124
1701770 1124
1701780 1125
1701790 1125
1701800 1126
1701810 1127
1701820 1128
1701830 1128
1701840 1129
1701850 1129
1701860 1130
1701870 1130
1701880 1130
1701890 1131
1701900 1131
1701910 1130
1701920 1129
1701930 1128
1701940 1127
1701950 1125
1701960 1123
1701970 1120
1701980 1117
1701990 1115
1702000 1113
1702010 1112
1702020 1112
1702030 1111
1702040 1111
1702050 1111
1702060 1110
1702070 1110
1702080 1110
1702090 1109
1702100 1109
1702110 1108
1702120 1107
1702130 1107
1702140 1106
1702150 1105
1702160 1104
1702170 1103
1702180 1102
1702190 1101
1702200 1100
1702210 1099
1702220 1099
1702230 1098
1702240 1099
1702250 1099
1702260 1100
1702270 1100
1702280 1100
1702290 1101
1702300 1101
1702310 1102
1702320 1102
1702330 1103
1702340 1104
1702350 1105
1702360 1106
1702370 1107
1702380 1108
1702390 1109
1702400 1110
1702410 1111
1702420 1112
1702430 1112
1702440 1113
1702450 1114
1702460 1115
1702470 1115
1702480 1116
1702490 1117
1702500 1118
1702510 1119
1702520 1120
1702530 1121
1702540 1122
1702550 1123
1702560 1125
1702570 1126
1702580 1127
1702590 1128
1702600 1129
1702610 1130
1702620 1131
1702630 1132
1702640 1133
1702650 1134
1702660 1134
1702670 1134
1702680 1134
1702690 1134
1702700 1134
1702710 1134
1702720 1134
1702730 1133
1702740 1132
1702750 1131
1702760 1130
1702770 1129
1702780 1128
1702790 1127
1702800 1125
1702810 1124
1702820 1124
1702830 1123
1702840 1123
1702850 1123
1702860 1123
1702870 1123
1702880 1123
1702890 1122
1702900 1122
1702910 1121
1702920 1121
1702930 1120
1702940 1120
1702950 1119
1702960 1118
1702970 1117
1702980 1116
1702990 1115
1703000 1113
1703010 1111
1703020 1110
1703030 1108
1703040 1105
1703050 1103
1703060 1099
1703070 1095
1703080 1091
1703090 1087
1703100 1083
1703110 1079
1703120 1075
1703130 1075
1703140 1074
1703150 1074
1703160 1074
1703170 1074
1703180 1073
1703190 1073
1703200 1072
1703210 1070
1703220 1066
1703230 1063
1703240 1060
1703250 1059
1703260 1059
1703270 1061
1703280 1064
1703290 1067
1703300 1069
1703310 1070
1703320 1071
1703330 1071
1703340 1072
1703350 1071
1703360 1070
1703370 1069
1703380 1069
1703390 1070
1703400 1071
1703410 1072
1703420 1072
1703430 1072
1703440 1073
1703450 1074
1703460 1075
1703470 1076
1703480 1077
1703490 1077
1703500 1078
1703510 1078
1703520 1080
1703530 1081
1703540 1082
1703550 1083
1703560 1084
1703570 1084
1703580 1084
1703590 1085
1703600 1087
1703610 1088
1703620 1089
1703630 1090
1703640 1091
1703650 1092
1703660 1093
1703670 1094
1703680 1095
1703690 1097
1703700 1098
1703710 1099
1703720 1100
1703730 1101
1703740 1102
1703750 1104
1703760 1105
1703770 1106
1703780 1108
1703790 1109
1703800 1110
1703810 1112
1703820 1113
1703830 1114
1703840 1116
1703850 1117
1703860 1118
1703870 1119
1703880 1119
1703890 1119
1703900 1119
1703910 1119
1703920 1119
1703930 1119
1703940 1118
1703950 1118
1703960 1116
1703970 1115
1703980 1115
1703990 1114
1704000 1114
1704010 1114
1704020 1114
1704030 1114
1704040 1114
1704050 1114
1704060 1114
1704070 1114
1704080 1114
1704090 1115
1704100 1115
1704110 1115
1704120 1116
1704130 1116
1704140 1116
1704150 1117
1704160 1117
1704170 1118
1704180 1119
1704190 1119
1704200 1120
1704210 1121
1704220 1122
1704230 1124
1704240 1125
1704250 1126
1704260 1128
1704270 1129
1704280 1131
1704290 1132
1704300 1133
1704310 1135
1704320 1136
1704330 1137
1704340 1138
1704350 1139
1704360 1140
1704370 1141
1704380 1142
1704390 1143
1704400 1144
1704410 1145
1704420 1146
1704430 1147
1704440 1148
1704450 1149
1704460 1151
1704470 1152
1704480 1153
1704490 1154
1704500 1156
1704510 1157
1704520 1159
1704530 1160
1704540 1161
1704550 1162
1704560 1163
1704570 1164
1704580 1164
1704590 1165
1704600 1166
1704610 1167
1704620 1168
1704630 1169
1704640 1170
1704650 1171
1704660 1172
1704670 1173
1704680 1174
1704690 1175
1704700 1176
1704710 1176
1704720 1177
1704730 1177
1704740 1178
1704750 1179
1704760 1179
1704770 1180
1704780 1180
1704790 1181
1704800 1181
1704810 1181
1704820 1181
1704830 1181
1704840 1181
1704850 1181
1704860 1180
1704870 1181
1704880 1181
1704890 1180
1704900 1180
1704910 1180
1704920 1180
1704930 1180
1704940 1180
1704950 1179
1704960 1179
1704970 1180
1704980 1180
1704990 1180
1705000 1180
1705010 1180
1705020 1180
1705030 1181
1705040 1181
1705050 1181
1705060 1181
1705070 1182
1705080 1182
1705090 1182
1705100 1182
1705110 1183
1705120 1183
1705130 1183
1705140 1183
1705150 1184
1705160 1184
1705170 1184
1705180 1184
1705190 1184
1705200 1185
1705210 1185
1705220 1186
1705230 1186
1705240 1187
1705250 1187
1705260 1188
1705270 1188
1705280 1189
1705290 1189
1705300 1190
1705310 1191
1705320 1191
1705330 1192
1705340 1193
1705350 1194
1705360 1194
1705370 1195
1705380 1196
1705390 1197
1705400 1198
1705410 1199
1705420 1200
1705430 1201
1705440 1203
1705450 1205
1705460 1206
1705470 1208
1705480 1210
1705490 1211
1705500 1212
1705510 1212
1705520 1212
1705530 1212
1705540 1212
1705550 1211
1705560 1211
1705570 1210
1705580 1209
1705590 1208
1705600 1207
1705610 1206
1705620 1204
1705630 1203
1705640 1202
1705650 1201
1705660 1199
1705670 1198
1705680 1197
1705690 1196
1705700 1195
1705710 1194
1705720 1193
1705730 1192
1705740 1191
1705750 1191
1705760 1190
1705770 1189
1705780 1189
1705790 1188
1705800 1188
1705810 1188
1705820 1187
1705830 1186
1705840 1186
1705850 1186
1705860 1187
1705870 1187
1705880 1188
1705890 1188
1705900 1189
1705910 1190
1705920 1191
1705930 1192
1705940 1193
1705950 1193
1705960 1194
1705970 1195
1705980 1196
1705990 1197
1706000 1198
1706010 1199
1706020 1199
1706030 1200
1706040 1200
1706050 1199
1706060 1199
1706070 1198
1706080 1196
1706090 1194
1706100 1191
1706110 1187
1706120 1183
1706130 1179
1706140 1174
1706150 1168
1706160 1163
1706170 1156
1706180 1149
1706190 1141
1706200 1132
1706210 1124
1706220 1117
1706230 1111
1706240 1106
1706250 1101
1706260 1096
1706270 1092
1706280 1088
1706290 1083
1706300 1079
1706310 1075
1706320 1072
1706330 1068
1706340 1065
1706350 1063
1706360 1061
1706370 1058
1706380 1055
1706390 1052
1706400 1049
1706410 1046
1706420 1043
1706430 1041
1706440 1038
1706450 1035
1706460 1032
1706470 1029
1706480 1025
1706490 1022
1706500 1019
1706510 1016
1706520 1013
1706530 1009
1706540 1006
1706550 1004
1706560 1001
1706570 998
1706580 996
1706590 993
1706600 990
1706610 986
1706620 983
1706630 978
1706640 974
1706650 970
1706660 967
1706670 964
1706680 962
1706690 960
1706700 959
1706710 959
1706720 959
1706730 959
1706740 957
1706750 953
1706760 949
1706770 945
1706780 941
1706790 937
1706800 933
1706810 930
1706820 927
1706830 925
1706840 922
1706850 918
1706860 913
1706870 910
1706880 907
1706890 905
1706900 902
1706910 900
1706920 898
1706930 897
1706940 896
1706950 894
1706960 892
1706970 889
1706980 887
1706990 886
1707000 884
1707010 883
1707020 881
1707030 879
1707040 878
1707050 876
1707060 873
1707070 871
1707080 868
1707090 866
1707100 864
1707110 863
1707120 861
1707130 859
1707140 857
1707150 855
1707160 853
1707170 852
1707180 850
1707190 849
1707200 847
1707210 846
1707220 844
1707230 841
1707240 838
1707250 835
1707260 833
1707270 831
1707280 828
1707290 826
1707300 824
1707310 822
1707320 820
1707330 819
1707340 817
1707350 815
1707360 813
1707370 811
1707380 809
1707390 808
1707400 806
1707410 805
1707420 803
1707430 801
1707440 800
1707450 798
1707460 797
1707470 795
1707480 794
1707490 793
1707500 792
1707510 791
1707520 790
1707530 789
1707540 788
1707550 787
1707560 785
1707570 784
1707580 782
1707590 781
1707600 779
1707610 778
1707620 776
1707630 775
1707640 773
1707650 771
1707660 769
1707670 767
1707680 765
1707690 762
1707700 760
1707710 758
1707720 755
1707730 753
1707740 751
1707750 749
1707760 748
1707770 748
1707780 747
1707790 747
1707800 747
1707810 746
1707820 745
1707830 745
1707840 744
1707850 744
1707860 743
1707870 743
1707880 744
1707890 744
1707900 742
1707910 740
1707920 739
1707930 738
1707940 737
1707950 736
1707960 735
1707970 734
1707980 733
1707990 733
1708000 732
1708010 732
1708020 731
1708030 730
1708040 730
1708050 730
1708060 729
1708070 728
1708080 728
1708090 729
1708100 730
1708110 730
1708120 730
1708130 730
1708140 731
1708150 731
1708160 731
1708170 731
1708180 732
1708190 733
1708200 734
1708210 734
1708220 734
1708230 734
1708240 735
1708250 736
1708260 736
1708270 737
1708280 737
1708290 738
1708300 738
1708310 739
1708320 739
1708330 740
1708340 741
1708350 742
1708360 742
1708370 742
1708380 742
1708390 742
1708400 741
1708410 741
1708420 739
1708430 739
1708440 739
1708450 740
1708460 741
1708470 743
1708480 745
1708490 746
1708500 747
1708510 747
1708520 748
1708530 750
1708540 753
1708550 756
1708560 760
1708570 763
1708580 767
1708590 771
1708600 775
1708610 778
1708620 782
1708630 786
1708640 790
1708650 794
1708660 797
1708670 801
1708680 805
1708690 809
1708700 812
1708710 815
1708720 818
1708730 821
1708740 825
1708750 828
1708760 830
1708770 832
1708780 833
1708790 834
1708800 835
1708810 836
1708820 837
1708830 838
1708840 838
1708850 839
1708860 839
1708870 839
1708880 840
1708890 841
1708900 842
1708910 842
1708920 843
1708930 844
1708940 845
1708950 846
1708960 846
1708970 847
1708980 848
1708990 849
1709000 849
1709010 850
1709020 850
1709030 850
1709040 849
1709050 849
1709060 848
1709070 847
1709080 846
1709090 843
1709100 842
1709110 841
1709120 842
1709130 843
1709140 843
1709150 843
1709160 843
1709170 843
1709180 843
1709190 842
1709200 840
1709210 838
1709220 836
1709230 835
1709240 835
1709250 836
1709260 836
1709270 837
1709280 839
1709290 842
1709300 846
1709310 850
1709320 854
1709330 858
1709340 862
1709350 866
1709360 869
1709370 872
1709380 876
1709390 879
1709400 883
1709410 885
1709420 887
1709430 889
1709440 892
1709450 895
1709460 898
1709470 901
1709480 904
1709490 908
1709500 911
1709510 914
1709520 917
1709530 920
1709540 923
1709550 924
1709560 924
1709570 924
1709580 923
1709590 922
1709600 923
1709610 926
1709620 930
1709630 934
1709640 938
1709650 943
1709660 948
1709670 951
1709680 955
1709690 960
1709700 965
1709710 969
1709720 973
1709730 978
1709740 982
1709750 985
1709760 989
1709770 993
1709780 996
1709790 1000
1709800 1004
1709810 1007
1709820 1011
1709830 1015
1709840 1019
1709850 1022
1709860 1026
1709870 1029
1709880 1033
1709890 1036
1709900 1039
1709910 1042
1709920 1045
1709930 1048
1709940 1050
1709950 1052
1709960 1054
1709970 1057
1709980 1059
1709990 1062
1710000 1064
1710010 1067
1710020 1070
1710030 1073
1710040 1076
1710050 1079
1710060 1082
1710070 1085
1710080 1088
1710090 1092
1710100 1095
1710110 1099
1710120 1103
1710130 1107
1710140 1111
1710150 1115
1710160 1119
1710170 1123
1710180 1127
1710190 1131
1710200 1135
1710210 1139
1710220 1143
1710230 1147
1710240 1151
1710250 1154
1710260 1157
1710270 1161
1710280 1164
1710290 1166
1710300 1168
1710310 1170
1710320 1171
1710330 1171
1710340 1169
1710350 1166
1710360 1162
1710370 1160
1710380 1158
1710390 1155
1710400 1153
1710410 1151
1710420 1149
1710430 1148
1710440 1148
1710450 1147
1710460 1146
1710470 1146
1710480 1145
1710490 1144
1710500 1142
1710510 1141
1710520 1139
1710530 1138
1710540 1136
1710550 1133
1710560 1131
1710570 1129
1710580 1127
1710590 1124
1710600 1123
1710610 1121
1710620 1119
1710630 1117
1710640 1115
1710650 1113
1710660 1112
1710670 1111
1710680 1111
1710690 1110
1710700 1109
1710710 1108
1710720 1107
1710730 1107
1710740 1107
1710750 1108
1710760 1109
1710770 1110
1710780 1111
1710790 1112
1710800 1113
1710810 1114
1710820 1114
1710830 1115
1710840 1116
1710850 1117
1710860 1119
1710870 1120
1710880 1122
1710890 1124
1710900 1125
1710910 1127
1710920 1128
1710930 1130
1710940 1131
1710950 1133
1710960 1134
1710970 1135
1710980 1136
1710990 1137
1711000 1138
1711010 1139
1711020 1140
1711030 1141
1711040 1141
1711050 1141
1711060 1142
1711070 1142
1711080 1142
1711090 1142
1711100 1142
1711110 1143
1711120 1143
1711130 1143
1711140 1144
1711150 1144
1711160 1144
1711170 1144
1711180 1144
1711190 1143
1711200 1143
1711210 1142
1711220 1141
1711230 1140
1711240 1139
1711250 1137
1711260 1135
1711270 1133
1711280 1131
1711290 1129
1711300 1127
1711310 1124
1711320 1121
1711330 1118
1711340 1113
1711350 1109
1711360 1105
1711370 1102
1711380 1099
1711390 1096
1711400 1093
1711410 1090
1711420 1087
1711430 1084
1711440 1082
1711450 1079
1711460 1077
1711470 1074
1711480 1070
1711490 1067
1711500 1063
1711510 1060
1711520 1056
1711530 1052
1711540 1048
1711550 1043
1711560 1039
1711570 1035
1711580 1032
1711590 1029
1711600 1027
1711610 1025
1711620 1023
1711630 1022
1711640 1021
1711650 1020
1711660 1020
1711670 1019
1711680 1018
1711690 1018
1711700 1017
1711710 1017
1711720 1016
1711730 1016
1711740 1016
1711750 1016
1711760 1017
1711770 1018
1711780 1018
1711790 1019
1711800 1021
1711810 1022
1711820 1023
1711830 1024
1711840 1025
1711850 1026
1711860 1027
1711870 1027
1711880 1029
1711890 1030
1711900 1031
1711910 1032
1711920 1033
1711930 1034
1711940 1035
1711950 1035
1711960 1036
1711970 1036
1711980 1036
1711990 1035
1712000 1035
1712010 1035
1712020 1035
1712030 1035
1712040 1035
1712050 1035
1712060 1035
1712070 1035
1712080 1035
1712090 1035
1712100 1035
1712110 1034
1712120 1034
1712130 1033
1712140 1033
1712150 1033
1712160 1032
1712170 1032
1712180 1032
1712190 1032
1712200 1032
1712210 1032
1712220 1032
1712230 1032
1712240 1032
1712250 1032
1712260 1032
1712270 1033
1712280 1033
1712290 1033
1712300 1034
1712310 1034
1712320 1035
1712330 1036
1712340 1037
1712350 1037
1712360 1038
1712370 1038
1712380 1039
1712390 1039
1712400 1040
1712410 1041
1712420 1041
1712430 1042
1712440 1043
1712450 1044
1712460 1046
1712470 1048
1712480 1050
1712490 1053
1712500 1055
1712510 1057
1712520 1058
1712530 1061
1712540 1063
1712550 1065
1712560 1068
1712570 1071
1712580 1073
1712590 1075
1712600 1077
1712610 1078
1712620 1079
1712630 1081
1712640 1083
1712650 1085
1712660 1087
1712670 1088
1712680 1090
1712690 1091
1712700 1093
1712710 1094
1712720 1096
1712730 1097
1712740 1099
1712750 1100
1712760 1101
1712770 1101
1712780 1102
1712790 1104
1712800 1105
1712810 1106
1712820 1107
1712830 1109
1712840 1111
1712850 1114
1712860 1117
1712870 1120
1712880 1124
1712890 1127
1712900 1130
1712910 1133
1712920 1136
1712930 1139
1712940 1142
1712950 1146
1712960 1149
1712970 1152
1712980 1156
1712990 1159
1713000 1162
1713010 1165
1713020 1169
1713030 1172
1713040 1175
1713050 1178
1713060 1182
1713070 1185
1713080 1189
1713090 1192
1713100 1195
1713110 1199
1713120 1202
1713130 1206
1713140 1209
1713150 1213
1713160 1216
1713170 1220
1713180 1223
1713190 1226
1713200 1229
1713210 1232
1713220 1235
1713230 1238
1713240 1240
1713250 1242
1713260 1244
1713270 1247
1713280 1249
1713290 1251
1713300 1253
1713310 1255
1713320 1257
1713330 1258
1713340 1260
1713350 1261
1713360 1261
1713370 1262
1713380 1264
1713390 1265
1713400 1267
1713410 1268
1713420 1270
1713430 1271
1713440 1273
1713450 1275
1713460 1277
