1711200 1131
1711210 1126
1711220 1122
1711230 1118
1711240 1114
1711250 1111
1711260 1107
1711270 1104
1711280 1101
1711290 1098
1711300 1095
1711310 1093
1711320 1090
1711330 1087
1711340 1085
1711350 1082
1711360 1080
1711370 1077
1711380 1075
1711390 1073
1711400 1072
1711410 1070
1711420 1068
1711430 1066
1711440 1064
1711450 1063
1711460 1061
1711470 1060
1711480 1058
1711490 1057
1711500 1055
1711510 1054
1711520 1053
1711530 1052
1711540 1051
1711550 1049
1711560 1047
1711570 1046
1711580 1044
1711590 1043
1711600 1041
1711610 1038
1711620 1036
1711630 1034
1711640 1032
1711650 1031
1711660 1030
1711670 1030
1711680 1030
1711690 1030
1711700 1030
1711710 1030
1711720 1030
1711730 1031
1711740 1032
1711750 1032
1711890 1037
1711900 1037
1711910 1037
1711920 1037
1711930 1037
1711940 1037
1711950 1037
1711960 1037
1711970 1037
1711980 1036
1711990 1036
1712000 1035
1712010 1034
1712020 1033
1712030 1032
1712040 1031
1712050 1029
1712060 1028
1712070 1026
1712080 1025
1712090 1025
1712100 1024
1712110 1024
1712120 1024
1712130 1024
1712140 1024
1712150 1024
1712160 1024
1712170 1025
1712180 1025
1712190 1024
1712200 1024
1712210 1025
1712220 1025
1712230 1025
1712240 1025
1712250 1026
1712260 1026
1712270 1027
1712280 1028
1712290 1028
1712300 1029
1712310 1029
1712320 1030
1712330 1030
1712340 1031
1712350 1032
1712360 1032
1712370 1033
1712380 1034
1712390 1035
1712400 1036
1712410 1036
1712420 1037
1712430 1038
1712440 1038
1712450 1040
1712460 1041
1712470 1043
1712480 1045
1712490 1047
1712500 1049
1712510 1050
1712520 1051
1712530 1052
1712540 1053
1712550 1054
1712560 1055
1712570 1056
1712580 1057
1712590 1057
1712600 1058
1712610 1059
1712620 1060
1712630 1061
1712640 1063
1712650 1065
1712660 1067
1712670 1069
1712680 1071
1712690 1072
1712700 1074
1712710 1076
1712720 1077
1712730 1079
1712740 1081
1712750 1083
1712760 1085
1712770 1087
1712780 1090
1712790 1093
1712800 1096
1712810 1100
1712820 1103
1712830 1107
1712840 1110
1712850 1114
1712860 1118
1712870 1121
1712880 1125
1712890 1128
1712900 1132
1712910 1135
1712920 1139
1712930 1143
1712940 1147
1712950 1151
1712960 1154
1712970 1158
1712980 1162
1712990 1166
1713000 1170
1713010 1174
1713020 1178
1713030 1182
1713040 1185
1713050 1188
1713060 1192
1713070 1195
1713080 1198
1713090 1201
1713100 1204
1713110 1208
1713120 1211
1713130 1214
1713140 1218
1713150 1222
1713160 1227
1713170 1232
1713180 1235
1713190 1238
1713200 1240
1713210 1239
1713220 1239
1713230 1239
1713240 1239
1713250 1239
1713260 1240
1713270 1240
1713280 1241
1713290 1242
1713300 1242
1713310 1242
1713320 1241
1713330 1240
1713340 1239
1713350 1237
1713360 1235
1713370 1233
1713380 1231
1713390 1229
1713400 1229
1713410 1229
1713420 1230
1713430 1230
1713440 1231
1713450 1231
1713460 1231
1713470 1232
1713480 1232
1713490 1232
1713500 1231
1713510 1231
1713520 1231
1713530 1230
1713540 1229
1713550 1229
1713560 1228
1713570 1227
1713580 1227
1713590 1225
1713600 1224
1713610 1223
1713620 1222
1713630 1221
1713640 1218
1713650 1216
1713660 1214
1713670 1215
1713680 1215
1713690 1215
1713700 1215
1713710 1214
1713720 1213
1713730 1212
1713740 1211
1713750 1211
1713760 1211
1713770 1210
1713780 1209
1713790 1209
1713800 1208
1713810 1208
1713820 1207
1713830 1206
1713840 1206
1713850 1205
1713860 1205
1713870 1204
1713880 1203
1713890 1202
1713900 1202
1713910 1201
1713920 1199
1713930 1198
1713940 1195
1713950 1193
1713960 1193
1713970 1193
1713980 1193
1713990 1192
1714000 1192
1714010 1192
1714020 1191
1714030 1191
1714040 1190
1714050 1190
1714060 1189
1714070 1187
1714080 1186
1714090 1184
1714100 1181
1714110 1177
1714120 1172
1714130 1166
1714140 1160
1714150 1153
1714160 1145
1714170 1136
1714180 1127
1714190 1120
1714200 1113
1714210 1105
1714220 1099
1714230 1093
1714240 1086
1714250 1080
1714260 1073
1714270 1065
1714280 1054
1714290 1044
1714300 1037
1714310 1031
1714320 1025
1714330 1019
1714340 1013
1714350 1008
1714360 1002
1714370 995
1714380 989
1714390 984
1714400 979
1714410 975
1714420 970
1714430 966
1714440 962
1714450 959
1714460 955
1714470 951
1714480 946
1714490 942
1714500 937
1714510 933
1714520 929
1714530 926
1714540 923
1714550 920
1714560 919
1714570 918
1714580 916
1714590 914
1714600 911
1714610 910
1714620 908
1714630 907
1714640 906
1714650 906
1714660 906
1714670 907
1714680 908
1714690 907
1714700 902
1714710 896
1714720 889
1714730 883
1714740 876
1714750 868
1714760 860
1714770 854
1714780 849
1714790 844
1714800 840
1714810 836
1714820 834
1714830 831
1714840 828
1714850 824
1714860 820
1714870 817
1714880 814
1714890 812
1714900 810
1714910 809
1714920 807
1714930 805
1714940 802
1714950 802
1714960 802
1714970 801
1714980 801
1714990 802
1715000 802
1715010 801
1715020 800
1715030 800
1715040 799
1715050 799
1715060 798
1715070 798
1715080 798
1715090 798
1715100 797
1715110 795
1715120 792
1715130 792
1715140 790
1715150 788
1715160 784
1715170 779
1715180 771
1715190 765
1715200 760
1715210 755
1715220 749
1715230 742
1715240 735
1715250 723
1715260 712
1715270 703
1715280 697
1715290 691
1715300 686
1715310 680
1715320 675
1715330 669
1715340 661
1715350 651
1715360 639
1715370 629
1715380 622
1715390 619
1715400 619
1715410 620
1715420 621
1715430 621
1715440 621
1715450 621
1715460 623
1715470 624
1715480 625
1715490 629
1715500 632
1715510 636
1715520 640
1715530 644
1715540 648
1715550 652
1715560 657
1715570 661
1715580 666
1715590 671
1715600 677
1715610 682
1715620 687
1715630 691
1715640 695
1715650 699
1715660 703
1715670 706
1715680 709
1715690 711
1715700 714
1715710 717
1715720 720
1715730 724
1715740 727
1715750 731
1715760 736
1715770 740
1715780 744
1715790 749
1715800 754
1715810 758
1715820 763
1715830 768
1715840 773
1715850 778
1715860 782
1715870 787
1715880 791
1715890 796
1715900 800
1715910 805
1715920 808
1715930 812
1715940 816
1715950 820
1715960 824
1715970 828
1715980 832
1715990 837
1716000 841
1716010 845
1716020 850
1716030 854
1716040 858
1716050 863
1716060 867
1716070 872
1716080 876
1716090 881
1716100 885
1716110 890
1716120 894
1716130 898
1716140 903
1716150 908
1716160 912
1716170 916
1716180 921
1716190 926
1716200 930
1716210 935
1716220 939
1716230 944
1716240 949
1716250 954
1716260 959
1716270 963
1716280 967
1716290 972
1716300 976
1716310 979
1716320 983
1716330 987
1716340 990
1716350 993
1716360 996
1716370 999
1716380 1001
1716390 1004
1716400 1006
1716410 1009
1716420 1011
1716430 1013
1716440 1015
1716450 1017
1716460 1020
1716470 1022
1716480 1024
1716490 1026
1716500 1029
1716510 1031
1716520 1033
1716530 1036
1716540 1038
1716550 1041
1716560 1043
1716570 1045
1716580 1048
1716590 1050
1716600 1053
1716610 1055
1716620 1057
1716630 1060
1716640 1062
1716650 1064
1716660 1065
1716670 1067
1716680 1069
1716690 1070
1716700 1071
1716710 1071
1716720 1072
1716730 1072
1716740 1072
1716750 1072
1716760 1072
1716770 1072
1716780 1072
1716790 1071
1716800 1071
1716810 1070
1716820 1069
1716830 1068
1716840 1066
1716850 1065
1716860 1063
1716870 1062
1716880 1060
1716890 1058
1716900 1055
1716910 1053
1716920 1050
1716930 1046
1716940 1043
1716950 1038
1716960 1034
1716970 1030
1716980 1025
1716990 1021
1717000 1017
1717010 1012
1717020 1008
1717030 1004
1717040 1000
1717050 995
1717060 991
1717070 987
1717080 983
1717090 978
1717100 974
1717110 969
1717120 965
1717130 961
1717140 956
1717150 952
1717160 947
1717170 943
1717180 938
1717190 934
1717200 929
1717210 925
1717220 920
1717230 916
1717240 913
1717250 911
1717260 909
1717270 907
1717280 905
1717290 904
1717300 902
1717310 901
1717320 899
1717330 896
1717340 892
1717350 889
1717360 885
1717370 881
1717380 877
1717390 873
1717400 868
1717410 864
1717420 860
1717430 856
1717440 853
1717450 849
1717460 846
1717470 842
1717480 838
1717490 835
1717500 830
1717510 826
1717520 821
1717530 816
1717540 811
1717550 807
1717560 803
1717570 798
1717580 794
1717590 790
1717600 786
1717610 782
1717620 778
1717630 775
1717640 771
1717650 768
1717660 765
1717670 762
1717680 761
1717690 762
1717700 765
1717710 769
1717720 772
1717730 776
1717740 779
1717750 782
1717760 785
1717770 787
1717780 789
1717790 791
1717800 794
1717810 797
1717820 800
1717830 803
1717840 807
1717850 810
1717860 813
1717870 815
1717880 818
1717890 820
1717900 823
1717910 826
1717920 829
1717930 832
1717940 836
1717950 839
1717960 843
1717970 846
1717980 850
1717990 853
1718000 857
1718010 861
1718020 864
1718030 868
1718040 871
1718050 875
1718060 878
1718070 882
1718080 885
1718090 889
1718100 893
1718110 896
1718120 899
1718130 903
1718140 906
1718150 910
1718160 914
1718170 918
1718180 922
1718190 927
1718200 931
1718210 936
1718220 940
1718230 945
1718240 949
1718250 954
1718260 958
1718270 963
1718280 967
1718290 971
1718300 975
1718310 980
1718320 984
1718330 988
1718340 992
1718350 997
1718360 1001
1718370 1006
1718380 1010
1718390 1014
1718400 1018
1718410 1022
1718420 1026
1718430 1030
1718440 1033
1718450 1037
1718460 1041
1718470 1044
1718480 1048
1718490 1051
1718500 1054
1718510 1057
1718520 1059
1718530 1061
1718540 1063
1718550 1066
1718560 1067
1718570 1069
1718580 1070
1718590 1070
1718600 1071
1718610 1070
1718620 1070
1718630 1070
1718640 1069
1718650 1069
1718660 1068
1718670 1067
1718680 1066
1718690 1065
1718700 1064
1718710 1062
1718720 1061
1718730 1059
1718740 1058
1718750 1056
1718760 1055
1718770 1053
1718780 1052
1718790 1050
1718800 1049
1718810 1047
1718820 1046
1718830 1045
1718840 1043
1718850 1042
1718860 1040
1718870 1039
1718880 1037
1718890 1036
1718900 1035
1718910 1034
1718920 1032
1718930 1031
1718940 1030
1718950 1029
1718960 1027
1718970 1026
1718980 1025
1718990 1025
1719000 1024
1719010 1023
1719020 1023
1719030 1023
1719040 1024
1719050 1024
1719060 1025
1719070 1026
1719080 1026
1719090 1026
1719100 1025
1719110 1024
1719120 1023
1719130 1022
1719140 1020
1719150 1019
1719160 1018
1719170 1016
1719180 1015
1719190 1013
1719200 1011
1719210 1009
1719220 1007
1719230 1005
1719240 1003
1719250 1001
1719260 998
1719270 995
1719280 992
1719290 989
1719300 986
1719310 983
1719320 980
1719330 977
1719340 973
1719350 969
1719360 964
1719370 960
1719380 955
1719390 951
1719400 948
1719410 944
1719420 940
1719430 937
1719440 933
1719450 931
1719460 928
1719470 926
1719480 924
1719490 923
1719500 922
1719510 921
1719520 920
1719530 919
1719540 919
1719550 918
1719560 917
1719570 917
1719580 917
1719590 917
1719600 917
1719610 918
1719620 918
1719630 918
1719640 918
1719650 917
1719660 917
1719670 917
1719680 917
1719690 916
1719700 915
1719710 914
1719720 913
1719730 912
1719740 911
1719750 910
1719760 908
1719770 907
1719780 905
1719790 903
1719800 901
1719810 898
1719820 896
1719830 894
1719840 893
1719850 890
1719860 888
1719870 886
1719880 883
1719890 881
1719900 879
1719910 877
1719920 875
1719930 872
1719940 869
1719950 866
1719960 865
1719970 863
1719980 862
1719990 860
