1714040 1176
1714050 1176
1714060 1175
1714070 1175
1714080 1174
1714090 1173
1714100 1172
1714110 1171
1714120 1170
1714130 1169
1714140 1168
1714150 1167
1714160 1167
1714170 1166
1714180 1166
1714190 1166
1714200 1165
1714210 1164
1714220 1163
1714230 1158
1714240 1153
1714250 1148
1714260 1143
1714270 1138
1714280 1134
1714290 1130
1714300 1126
1714310 1122
1714320 1119
1714330 1115
1714340 1112
1714350 1108
1714360 1103
1714370 1098
1714380 1093
1714390 1087
1714400 1082
1714410 1077
1714420 1072
1714430 1065
1714440 1058
1714450 1050
1714460 1043
1714470 1037
1714480 1032
1714490 1026
1714500 1021
1714510 1015
1714520 1009
1714530 1003
1714540 996
1714550 990
1714560 985
1714570 981
1714580 977
1714590 973
1714600 967
1714610 961
1714620 952
1714630 944
1714640 938
1714650 932
1714660 926
1714670 920
1714680 914
1714690 909
1714700 904
1714710 899
1714720 894
1714730 888
1714740 883
1714750 878
1714760 873
1714770 869
1714780 865
1714790 861
1714800 857
1714810 854
1714820 850
1714830 846
1714840 842
1714850 838
1714860 834
1714870 829
1714880 824
1714890 819
1714900 815
1714910 811
1714920 807
1714930 803
1714940 798
1714950 793
1714960 788
1714970 784
1714980 779
1714990 774
1715000 770
1715010 765
1715020 761
1715030 757
1715040 753
1715050 749
1715060 744
1715070 740
1715080 736
1715090 731
1715100 727
1715110 723
1715120 719
1715130 715
1715140 712
1715150 709
1715160 705
1715170 702
1715180 698
1715190 695
1715200 691
1715210 688
1715220 684
1715230 680
1715240 677
1715250 674
1715260 671
1715270 668
1715280 665
1715290 663
1715300 660
1715310 658
1715320 656
1715330 653
1715340 650
1715350 645
1715360 640
1715370 635
1715380 631
1715390 626
1715400 622
1715410 617
1715420 613
1715430 609
1715440 605
1715450 603
1715460 601
1715470 601
1715480 600
1715490 600
1715500 600
1715510 603
1715520 607
1715530 611
1715540 617
1715550 623
1715560 628
1715570 634
1715580 639
1715590 643
1715600 647
1715610 651
1715620 654
1715630 658
1715640 662
1715650 665
1715660 668
1715670 672
1715680 675
1715690 679
1715700 683
1715710 686
1715720 690
1715730 694
1715740 697
1715750 701
1715760 705
1715770 709
1715780 713
1715790 717
1715800 721
1715810 725
1715820 729
1715830 732
1715840 736
1715850 740
1715860 744
1715870 749
1715880 753
1715890 757
1715900 760
1715910 764
1715920 768
1715930 772
1715940 776
1715950 780
1715960 784
1715970 788
1715980 792
1715990 796
1716000 800
1716010 804
1716020 808
1716030 812
1716040 816
1716050 820
1716060 823
1716070 827
1716080 831
1716090 834
1716100 838
1716110 842
1716120 847
1716130 851
1716140 855
1716150 859
1716160 863
1716170 868
1716180 871
1716190 873
1716200 876
1716210 879
1716220 882
1716230 885
1716240 889
1716250 892
1716260 895
1716270 898
1716280 902
1716290 905
1716300 908
1716310 911
1716320 915
1716330 918
1716340 921
1716350 924
1716360 926
1716370 929
1716380 932
1716390 935
1716400 938
1716410 940
1716420 943
1716430 946
1716440 948
1716450 951
1716460 953
1716470 956
1716480 958
1716490 960
1716500 962
1716510 963
1716520 964
1716530 965
1716540 966
1716550 967
1716560 967
1716570 968
1716580 968
1716590 969
1716600 969
1716610 970
1716620 970
1716630 971
1716640 971
1716650 971
1716660 972
1716670 972
1716680 972
1716690 973
1716700 974
1716710 974
1716720 973
1716730 973
1716740 974
1716750 974
1716760 975
1716770 975
1716780 976
1716790 976
1716800 976
1716810 976
1716820 976
1716830 976
1716840 976
1716850 976
1716860 975
1716870 975
1716880 974
1716890 974
1716900 974
1716910 973
1716920 973
1716930 973
1716940 972
1716950 972
1716960 971
1716970 971
1716980 970
1716990 970
1717000 969
1717010 969
1717020 969
1717030 968
1717040 968
1717050 968
1717060 968
1717070 967
1717080 967
1717090 967
1717100 967
1717110 967
1717120 966
1717130 965
1717140 965
1717150 964
1717160 963
1717170 963
1717180 962
1717190 960
1717200 958
1717210 955
1717220 953
1717230 949
1717240 946
1717250 942
1717260 939
1717270 935
1717280 931
1717290 927
1717300 924
1717310 920
1717320 917
1717330 913
1717340 910
1717350 906
1717360 903
1717370 900
1717380 897
1717390 893
1717400 890
1717410 887
1717420 884
1717430 881
1717440 878
1717450 874
1717460 871
1717470 868
1717480 864
1717490 860
1717500 856
1717510 851
1717520 847
1717530 842
1717540 837
1717550 832
1717560 827
1717570 821
1717580 816
1717590 810
1717600 804
1717610 798
1717620 793
1717630 787
1717640 781
1717650 775
1717660 769
1717670 763
1717680 757
1717690 751
1717700 746
1717710 740
1717720 735
1717730 728
1717740 722
1717750 716
1717760 711
1717770 705
1717780 698
1717790 693
1717800 687
1717810 681
1717820 676
1717830 671
1717840 666
1717850 662
1717860 659
1717870 657
1717880 658
1717890 660
1717900 664
1717910 668
1717920 671
1717930 673
1717940 675
1717950 678
1717960 680
1717970 682
1717980 684
1717990 685
1718000 686
1718010 687
1718020 688
1718030 688
1718040 689
1718050 690
1718060 690
1718070 690
1718080 691
1718090 691
1718100 692
1718110 693
1718120 694
1718130 696
1718140 697
1718150 699
1718160 701
1718170 703
1718180 704
1718190 706
1718200 708
1718210 710
1718220 712
1718230 714
1718240 716
1718250 718
1718260 719
1718270 721
1718280 724
1718290 726
1718300 729
1718310 732
1718320 734
1718330 737
1718340 740
1718350 742
1718360 745
1718370 748
1718380 751
1718390 754
1718400 757
1718410 760
1718420 763
1718430 766
1718440 768
1718450 771
1718460 773
1718470 776
1718480 778
1718490 779
1718500 780
1718510 781
1718520 784
1718530 787
1718540 790
1718550 794
1718560 797
1718570 801
1718580 804
1718590 808
1718600 812
1718610 816
1718620 821
1718630 826
1718640 830
1718650 836
1718660 843
1718670 849
1718680 853
1718690 856
1718700 856
1718710 856
1718720 856
1718730 855
1718740 855
1718750 854
1718760 853
1718770 852
1718780 851
1718790 849
1718800 846
1718810 845
1718820 843
1718830 842
1718840 840
1718850 839
1718860 838
1718870 837
1718880 836
1718890 835
1718900 836
1718910 838
1718920 841
1718930 845
1718940 849
1718950 853
1718960 857
1718970 862
1718980 866
1718990 870
1719000 873
1719010 875
1719020 878
1719030 879
1719040 881
1719050 883
1719060 885
1719070 887
1719080 890
1719090 892
1719100 894
1719110 896
1719120 898
1719130 900
1719140 902
1719150 904
1719160 906
1719170 907
1719180 907
1719190 908
1719200 909
1719210 909
1719220 909
1719230 910
1719240 911
1719250 911
1719260 912
1719270 913
1719280 913
1719290 914
1719300 914
1719310 914
1719320 915
1719330 916
1719340 916
1719350 917
1719360 917
1719370 918
1719380 919
1719390 920
1719400 921
1719410 922
1719420 922
1719430 922
1719440 921
1719450 920
1719460 920
1719470 920
1719480 920
1719490 920
1719500 920
1719510 919
1719520 918
1719530 917
1719540 914
1719550 912
1719560 911
1719570 910
1719580 910
1719590 910
1719600 910
1719610 910
1719620 909
1719630 908
1719640 908
1719650 908
1719660 907
1719670 906
1719680 905
1719690 905
1719700 905
1719710 905
1719720 906
1719730 908
1719740 909
1719750 911
1719760 911
1719770 912
1719780 912
1719790 912
1719800 912
1719810 911
1719820 911
1719830 911
1719840 911
1719850 911
1719860 911
1719870 911
1719880 911
1719890 911
1719900 911
1719910 910
1719920 908
1719930 908
1719940 908
1719950 910
1719960 911
1719970 911
1719980 912
1719990 913
