1700000 1008
1700010 1008
1700020 1008
1700030 1008
1700040 1009
1700050 1010
1700060 1013
1700070 1016
1700080 1019
1700090 1022
1700100 1023
1700110 1024
1700120 1024
1700130 1024
1700140 1024
1700150 1025
1700160 1025
1700170 1025
1700180 1026
1700190 1026
1700200 1027
1700210 1027
1700220 1027
1700230 1027
1700240 1026
1700250 1026
1700260 1026
1700270 1026
1700280 1026
1700290 1027
1700300 1027
1700310 1027
1700320 1026
1700330 1026
1700340 1025
1700350 1024
1700360 1024
1700370 1023
1700380 1025
1700390 1027
1700400 1028
1700410 1029
1700420 1029
1700430 1028
1700440 1027
1700450 1026
1700460 1025
1700470 1024
1700480 1023
1700490 1023
1700500 1022
1700510 1022
1700520 1021
1700530 1021
1700540 1022
1700550 1023
1700560 1024
1700570 1025
1700580 1025
1700590 1026
1700600 1026
1700610 1026
1700620 1026
1700630 1025
1700640 1025
1700650 1025
1700660 1024
1700670 1023
1700680 1023
1700690 1021
1700700 1021
1700710 1021
1700720 1021
1700730 1021
1700740 1021
1700750 1020
1700760 1019
1700770 1019
1700780 1018
1700790 1017
1700800 1016
1700810 1015
1700820 1014
1700830 1013
1700840 1012
1700850 1012
1700860 1011
1700870 1011
1700880 1010
1700890 1010
1700900 1009
1700910 1009
1700920 1010
1700930 1011
1700940 1011
1700950 1012
1700960 1012
1700970 1013
1700980 1013
1700990 1014
1701000 1015
1701010 1016
1701020 1016
1701030 1017
1701040 1017
1701050 1016
1701060 1015
1701070 1013
1701080 1012
1701090 1011
1701100 1010
1701110 1009
1701120 1008
1701130 1007
1701140 1006
1701150 1004
1701160 1002
1701170 999
1701180 996
1701190 994
1701200 990
1701210 987
1701220 983
1701230 979
1701240 975
1701250 972
1701260 969
1701270 969
1701280 972
1701290 975
1701300 977
1701310 979
1701320 980
1701330 980
1701340 981
1701350 981
1701360 980
1701370 980
1701380 980
1701390 980
1701400 979
1701410 978
1701420 978
1701430 977
1701440 977
1701450 976
1701460 975
1701470 974
1701480 974
1701490 974
1701500 975
1701510 975
1701520 975
1701530 975
1701540 975
1701550 975
1701560 976
1701570 977
1701580 980
1701590 982
1701600 985
1701610 988
1701620 991
1701630 993
1701640 996
1701650 998
1701660 1000
1701670 1002
1701680 1005
1701690 1007
1701700 1010
1701710 1012
1701720 1014
1701730 1017
1701740 1019
1701750 1022
1701760 1025
1701770 1029
1701780 1031
1701790 1034
1701800 1036
1701810 1038
1701820 1041
1701830 1044
1701840 1047
1701850 1050
1701860 1053
1701870 1055
1701880 1057
1701890 1058
1701900 1058
1701910 1059
1701920 1060
1701930 1061
1701940 1062
1701950 1062
1701960 1063
1701970 1064
1701980 1066
1701990 1068
1702000 1070
1702010 1074
1702020 1077
1702030 1080
1702040 1082
1702050 1083
1702060 1084
1702070 1083
1702080 1083
1702090 1082
1702100 1081
1702110 1080
1702120 1079
1702130 1077
1702140 1074
1702150 1071
1702160 1068
1702170 1065
1702180 1062
1702190 1058
1702200 1055
1702210 1050
1702220 1046
1702230 1042
1702240 1038
1702250 1033
1702260 1029
1702270 1025
1702280 1022
1702290 1018
1702300 1014
1702310 1011
1702320 1008
1702330 1006
1702340 1004
1702350 1002
1702360 1000
1702370 998
1702380 995
1702390 992
1702400 989
1702410 986
1702420 984
1702430 983
1702440 981
1702450 979
1702460 977
1702470 975
1702480 971
1702490 968
1702500 966
1702510 963
1702520 961
1702530 958
1702540 955
1702550 953
1702560 951
1702570 948
1702580 946
1702590 944
1702600 942
1702610 940
1702620 938
1702630 936
1702640 933
1702650 931
1702660 927
1702670 924
1702680 921
1702690 917
1702700 914
1702710 910
1702720 907
1702730 903
1702740 899
1702750 895
1702760 891
1702770 888
1702780 885
1702790 882
1702800 880
1702810 878
1702820 876
1702830 874
1702840 872
1702850 871
1702860 870
1702870 870
1702880 872
1702890 874
1702900 877
1702910 880
1702920 883
1702930 886
1702940 889
1702950 891
1702960 894
1702970 897
1702980 899
1702990 902
1703000 903
1703010 905
1703020 906
1703030 904
1703040 900
1703050 892
1703060 882
1703070 873
1703080 865
1703090 861
1703100 856
1703110 850
1703120 844
1703130 839
1703140 835
1703150 831
1703160 828
1703170 824
1703180 820
1703190 816
1703200 813
1703210 811
1703220 808
1703230 806
1703240 804
1703250 802
1703260 799
1703270 794
1703280 789
1703290 784
1703300 780
1703310 775
1703320 770
1703330 765
1703340 760
1703350 756
1703360 752
1703370 747
1703380 742
1703390 738
1703400 733
1703410 729
1703420 724
1703430 720
1703440 715
1703450 710
1703460 706
1703470 701
1703480 697
1703490 693
1703500 688
1703510 684
1703520 681
1703530 677
1703540 674
1703550 671
1703560 667
1703570 666
1703580 667
1703590 670
1703600 675
1703610 681
1703620 687
1703630 690
1703640 693
1703650 696
1703660 699
1703670 702
1703680 705
1703690 709
1703700 712
1703710 715
1703720 719
1703730 722
1703740 726
1703750 729
1703760 732
1703770 736
1703780 740
1703790 744
1703800 748
1703810 751
1703820 755
1703830 759
1703840 763
1703850 767
1703860 771
1703870 775
1703880 780
1703890 784
1703900 789
1703910 795
1703920 800
1703930 806
1703940 810
1703950 814
1703960 818
1703970 822
1703980 826
1703990 830
1704000 834
1704010 838
1704020 842
1704030 846
1704040 850
1704050 854
1704060 858
1704070 861
1704080 865
1704090 867
1704100 870
1704110 872
1704120 874
1704130 876
1704140 878
1704150 879
1704160 881
1704170 882
1704180 883
1704190 885
1704200 886
1704210 887
1704220 888
1704230 889
1704240 890
1704250 890
1704260 890
1704270 890
1704280 891
1704290 892
1704300 893
1704310 890
1704320 886
1704330 880
1704340 876
1704350 872
1704360 869
1704370 865
1704380 862
1704390 859
1704400 857
1704410 855
1704420 854
1704430 853
1704440 852
1704450 851
1704460 849
1704470 847
1704480 846
1704490 845
1704500 843
1704510 842
1704520 841
1704530 840
1704540 839
1704550 838
1704560 838
1704570 837
1704580 837
1704590 835
1704600 834
1704610 832
1704620 830
1704630 829
1704640 828
1704650 828
1704660 828
1704670 830
1704680 831
1704690 832
1704700 833
1704710 833
1704720 833
1704730 833
1704740 832
1704750 831
1704760 828
1704770 823
1704780 817
1704790 805
1704800 799
1704810 798
1704820 806
1704830 814
1704840 820
1704850 824
1704860 827
1704870 830
1704880 832
1704890 834
1704900 836
1704910 837
1704920 837
1704930 836
1704940 836
1704950 833
1704960 829
1704970 823
1704980 817
1704990 811
1705000 804
1705010 798
1705020 795
1705030 802
1705040 809
1705050 815
1705060 818
1705070 818
1705080 814
1705090 807
1705100 806
1705110 808
1705120 815
1705130 821
1705140 826
1705150 830
1705160 834
1705170 838
1705180 841
1705190 843
1705200 845
1705210 846
1705220 845
1705230 843
1705240 841
1705250 844
1705260 847
1705270 849
1705280 852
1705290 853
1705300 853
1705310 855
1705320 857
1705330 859
1705340 860
1705350 862
1705360 864
1705370 866
1705380 868
1705390 871
1705400 873
1705410 874
1705420 876
1705430 877
1705440 878
1705450 879
1705460 879
1705470 880
1705480 880
1705490 880
1705500 880
1705510 880
1705520 880
1705530 880
1705540 880
1705550 879
1705560 876
1705570 873
1705580 868
1705590 864
1705600 860
1705610 856
1705620 851
1705630 847
1705640 842
1705650 839
1705660 838
1705670 844
1705680 850
1705690 856
1705700 861
1705710 866
1705720 870
1705730 874
1705740 878
1705750 882
1705760 885
1705770 888
1705780 890
1705790 892
1705800 894
1705810 894
1705820 892
1705830 889
1705840 885
1705850 880
1705860 878
1705870 880
1705880 887
1705890 892
1705900 896
1705910 900
1705920 903
1705930 906
1705940 909
1705950 910
1705960 912
1705970 914
1705980 915
1705990 917
1706000 919
1706010 920
1706020 921
1706030 922
1706040 920
1706050 918
1706060 917
1706070 921
1706080 927
1706090 934
1706100 940
1706110 945
1706120 950
1706130 955
1706140 960
1706150 964
1706160 968
1706170 973
1706180 977
1706190 982
1706200 987
1706210 991
1706220 996
1706230 1001
1706240 1005
1706250 1010
1706260 1014
1706270 1019
1706280 1023
1706290 1028
1706300 1033
1706310 1037
1706320 1042
1706330 1046
1706340 1050
1706350 1055
1706360 1059
1706370 1063
1706380 1067
1706390 1071
1706400 1075
1706410 1078
1706420 1082
1706430 1085
1706440 1089
1706450 1092
1706460 1095
1706470 1099
1706480 1102
1706490 1104
1706500 1107
1706510 1110
1706520 1113
1706530 1115
1706540 1118
1706550 1120
1706560 1122
1706570 1124
1706580 1126
1706590 1128
1706600 1130
1706610 1132
1706620 1134
1706630 1136
1706640 1137
1706650 1139
1706660 1140
1706670 1141
1706680 1143
1706690 1144
1706700 1145
1706710 1146
1706720 1147
1706730 1146
1706740 1144
1706750 1141
1706760 1137
1706770 1134
1706780 1131
1706790 1127
1706800 1124
1706810 1121
1706820 1118
1706830 1115
1706840 1111
1706850 1108
1706860 1105
1706870 1101
1706880 1098
1706890 1094
1706900 1090
1706910 1087
1706920 1083
1706930 1079
1706940 1075
1706950 1071
1706960 1067
1706970 1064
1706980 1060
1706990 1056
1707000 1052
1707010 1048
1707020 1045
1707030 1041
1707040 1038
1707050 1034
1707060 1031
1707070 1027
1707080 1023
1707090 1019
1707100 1015
1707110 1011
1707120 1008
1707130 1004
1707140 1000
1707150 996
1707160 992
1707170 989
1707180 985
1707190 981
1707200 978
1707210 974
1707220 970
1707230 967
1707240 963
1707250 960
1707260 956
1707270 952
1707280 949
1707290 945
1707300 941
1707310 936
1707320 931
1707330 926
1707340 922
1707350 917
1707360 913
1707370 909
1707380 904
1707390 900
1707400 896
1707410 892
1707420 888
1707430 885
1707440 881
1707450 877
1707460 873
1707470 869
1707480 865
1707490 861
1707500 857
1707510 854
1707520 851
1707530 849
1707540 847
1707550 845
1707560 842
1707570 838
1707580 835
1707590 832
1707600 829
1707610 826
1707620 824
1707630 821
1707640 819
1707650 816
1707660 813
1707670 810
1707680 808
1707690 805
1707700 802
1707710 799
1707720 797
1707730 794
1707740 792
1707750 790
1707760 789
1707770 786
1707780 785
1707790 783
1707800 783
1707810 783
1707820 784
1707830 784
1707840 782
1707850 780
1707860 778
1707870 775
1707880 771
1707890 769
1707900 766
1707910 763
1707920 758
1707930 754
1707940 750
1707950 749
1707960 749
1707970 750
1707980 750
1707990 749
1708000 748
1708010 745
1708020 743
1708030 740
1708040 737
1708050 733
1708060 731
1708070 729
1708080 728
1708090 727
1708100 726
1708110 725
1708120 724
1708130 722
1708140 721
1708150 720
1708160 719
1708170 719
1708180 719
1708190 719
1708200 719
1708210 719
1708220 720
1708230 720
1708240 721
1708250 721
1708260 721
1708270 721
1708280 721
1708290 721
1708300 721
1708310 720
1708320 719
1708330 718
1708340 716
1708350 715
1708360 714
1708370 711
1708380 708
1708390 705
1708400 703
1708410 702
1708420 702
1708430 701
1708440 700
1708450 698
1708460 697
1708470 696
1708480 695
1708490 694
1708500 693
1708510 692
1708520 691
1708530 691
1708540 692
1708550 692
1708560 692
1708570 692
1708580 693
1708590 693
1708600 694
1708610 695
1708620 696
1708630 697
1708640 699
1708650 701
1708660 702
1708670 704
1708680 706
1708690 708
1708700 709
1708710 710
1708720 711
1708730 712
1708740 713
1708750 714
1708760 715
1708770 716
1708780 717
1708790 718
1708800 720
1708810 721
1708820 722
1708830 724
1708840 725
1708850 726
1708860 728
1708870 729
1708880 730
1708890 731
1708900 731
1708910 731
1708920 729
1708930 728
1708940 727
1708950 727
1708960 727
1708970 727
1708980 727
1708990 726
1709000 726
1709010 726
1709020 726
1709030 727
1709040 729
1709050 732
1709060 734
1709070 737
1709080 739
1709090 742
1709100 744
1709110 747
1709120 750
1709130 752
1709140 755
1709150 758
1709160 761
1709170 763
1709180 763
1709190 761
1709200 759
1709210 757
1709220 754
1709230 752
1709240 750
1709250 748
1709260 745
1709270 742
1709280 739
1709290 736
1709300 733
1709310 731
1709320 728
1709330 726
1709340 724
1709350 721
1709360 718
1709370 714
1709380 711
1709390 708
1709400 706
1709410 703
1709420 700
1709430 697
1709440 694
1709450 691
1709460 689
1709470 686
1709480 684
1709490 682
1709500 680
1709510 679
1709520 679
1709530 678
1709540 677
1709550 676
1709560 675
1709570 673
1709580 671
1709590 669
1709600 667
1709610 665
1709620 662
1709630 660
1709640 658
1709650 656
1709660 653
1709670 650
1709680 647
1709690 645
1709700 642
1709710 639
1709720 636
1709730 634
1709740 633
1709750 632
1709760 632
1709770 631
1709780 629
1709790 628
1709800 626
1709810 624
1709820 621
1709830 618
1709840 615
1709850 612
1709860 608
1709870 605
1709880 602
1709890 601
1709900 599
1709910 597
1709920 595
1709930 592
1709940 590
1709950 588
1709960 588
1709970 589
1709980 592
1709990 594
1710000 597
1710010 601
1710020 605
1710030 609
1710040 613
1710050 617
1710060 621
1710070 624
1710080 628
1710090 631
1710100 634
1710110 636
1710120 636
1710130 636
1710140 635
1710150 634
1710160 633
1710170 635
1710180 638
1710190 642
1710200 647
1710210 651
1710220 656
1710230 660
1710240 664
1710250 668
1710260 670
1710270 671
1710280 672
1710290 672
1710300 672
1710310 671
1710320 671
1710330 670
1710340 669
1710350 668
1710360 667
1710370 666
1710380 664
1710390 663
1710400 662
1710410 662
1710420 662
1710430 662
1710440 662
1710450 662
1710460 663
1710470 663
1710480 663
1710490 664
1710500 663
1710510 662
1710520 661
1710530 660
1710540 658
1710550 656
1710560 654
1710570 651
1710580 649
1710590 645
1710600 642
1710610 639
1710620 636
1710630 633
1710640 630
1710650 628
1710660 628
1710670 628
1710680 628
1710690 628
1710700 629
1710710 632
1710720 635
1710730 639
1710740 642
1710750 642
1710760 642
1710770 641
1710780 640
1710790 638
1710800 638
1710810 637
1710820 637
1710830 636
1710840 635
1710850 634
1710860 633
1710870 633
1710880 633
1710890 634
1710900 638
1710910 642
1710920 646
1710930 649
1710940 651
1710950 652
1710960 653
1710970 654
1710980 655
1710990 657
1711000 658
1711010 660
1711020 662
1711030 665
1711040 668
1711050 671
1711060 674
1711070 676
1711080 679
1711090 681
1711100 685
1711110 689
1711120 692
1711130 695
1711140 699
1711150 703
1711160 708
1711170 714
1711180 721
1711190 727
1711200 733
1711210 738
1711220 745
1711230 757
1711240 775
1711250 791
1711260 799
1711270 805
1711280 809
1711290 813
1711300 818
1711310 822
1711320 826
1711330 831
1711340 835
1711350 839
1711360 844
1711370 850
1711380 859
1711390 866
1711400 872
1711410 875
1711420 878
1711430 881
1711440 885
1711450 888
1711460 891
1711470 893
1711480 896
1711490 898
1711500 901
1711510 903
1711520 906
1711530 909
1711540 912
1711550 915
1711560 918
1711570 921
1711580 925
1711590 929
1711600 932
1711610 936
1711620 939
1711630 943
1711640 947
1711650 951
1711660 954
1711670 958
1711680 961
1711690 963
1711700 965
1711710 966
1711720 967
1711730 968
1711740 969
1711750 971
1711760 972
1711770 973
1711780 975
1711790 976
1711800 977
1711810 978
1711820 980
1711830 981
1711840 982
1711850 983
1711860 985
1711870 986
1711880 987
1711890 988
1711900 989
1711910 990
1711920 991
1711930 992
1711940 993
1711950 994
1711960 994
1711970 995
1711980 996
1711990 996
1712000 996
1712010 996
1712020 997
1712030 998
1712040 999
1712050 1000
1712060 1002
1712070 1003
1712080 1004
1712090 1004
1712100 1004
1712110 1003
1712120 1002
1712130 1000
1712140 999
1712150 998
1712160 996
1712170 995
1712180 993
1712190 991
1712200 989
1712210 989
1712220 989
1712230 989
1712240 990
1712250 991
1712260 992
1712270 994
1712280 995
1712290 996
1712300 998
1712310 1000
1712320 1001
1712330 1002
1712340 1004
1712350 1005
1712360 1006
1712370 1006
1712380 1007
1712390 1007
1712400 1008
1712410 1008
1712420 1009
1712430 1010
1712440 1011
1712450 1011
1712460 1011
1712470 1012
1712480 1012
1712490 1012
1712500 1012
1712510 1013
1712520 1013
1712530 1013
1712540 1013
1712550 1012
1712560 1012
1712570 1010
1712580 1008
1712590 1006
1712600 1004
1712610 1001
1712620 999
1712630 996
1712640 994
1712650 991
1712660 988
1712670 985
1712680 983
1712690 980
1712700 978
1712710 975
1712720 974
1712730 974
1712740 974
1712750 974
1712760 975
1712770 976
1712780 977
1712790 977
1712800 979
1712810 981
1712820 983
1712830 985
1712840 988
1712850 990
1712860 992
1712870 995
1712880 996
1712890 998
1712900 1000
1712910 1001
1712920 1003
1712930 1004
1712940 1005
1712950 1007
1712960 1010
1712970 1012
1712980 1014
1712990 1015
1713000 1017
1713010 1018
1713020 1019
1713030 1019
1713040 1020
1713050 1020
1713060 1021
1713070 1021
1713080 1022
1713090 1023
1713100 1025
1713110 1028
1713120 1032
1713130 1038
1713140 1045
1713150 1049
1713160 1050
1713170 1051
1713180 1051
1713190 1051
1713200 1051
1713210 1051
1713220 1052
1713230 1052
1713240 1052
1713250 1052
1713260 1052
1713270 1052
1713280 1052
1713290 1052
1713300 1052
1713310 1053
1713320 1053
1713330 1053
1713340 1052
1713350 1051
1713360 1051
1713370 1050
1713380 1049
1713390 1048
1713400 1046
1713410 1044
1713420 1041
1713430 1039
1713440 1037
1713450 1036
1713460 1035
1713470 1035
1713480 1035
1713490 1036
1713500 1037
1713510 1038
1713520 1040
1713530 1041
1713540 1042
1713550 1043
1713560 1044
1713570 1044
1713580 1045
1713590 1046
1713600 1046
1713610 1048
1713620 1049
1713630 1051
1713640 1052
1713650 1053
1713660 1054
1713670 1055
1713680 1056
1713690 1056
