1700000 941
1700010 942
1700020 944
1700030 944
1700040 946
1700050 948
1700060 950
1700070 951
1700080 952
1700090 953
1700100 953
1700110 952
1700120 952
1700130 951
1700140 951
1700150 950
1700160 950
1700170 950
1700180 949
1700190 948
1700200 947
1700210 947
1700220 946
1700230 946
1700240 946
1700250 946
1700260 948
1700270 952
1700280 956
1700290 960
1700300 965
1700310 969
1700320 973
1700330 978
1700340 983
1700350 987
1700360 991
1700370 996
1700380 1000
1700390 1004
1700400 1009
1700410 1013
1700420 1017
1700430 1021
1700440 1025
1700450 1029
1700460 1032
1700470 1035
1700480 1038
1700490 1039
1700500 1040
1700510 1040
1700520 1038
1700530 1037
1700540 1034
1700550 1032
1700560 1030
1700570 1028
1700580 1025
1700590 1023
1700600 1020
1700610 1018
1700620 1016
1700630 1015
1700640 1013
1700650 1011
1700660 1009
1700670 1006
1700680 1004
1700690 1001
1700700 999
1700710 995
1700720 992
1700730 988
1700740 984
1700750 980
1700760 976
1700770 972
1700780 968
1700790 964
1700800 960
1700810 958
1700820 956
1700830 956
1700840 956
1700850 955
1700860 954
1700870 954
1700880 955
1700890 955
1700900 955
1700910 955
1700920 955
1700930 955
1700940 956
1700950 956
1700960 957
1700970 958
1700980 958
1700990 959
1701000 959
1701010 960
1701020 960
1701030 961
1701040 961
1701050 962
1701060 962
1701070 962
1701080 962
1701090 962
1701100 961
1701110 960
1701120 958
1701130 957
1701140 955
1701150 952
1701160 950
1701170 947
1701180 944
1701190 940
1701200 937
1701210 934
1701220 931
1701230 928
1701240 926
1701250 924
1701260 922
1701270 921
1701280 921
1701290 920
1701300 918
1701310 917
1701320 916
1701330 915
1701340 914
1701350 914
1701360 915
1701370 915
1701380 916
1701390 918
1701400 919
1701410 921
1701420 923
1701430 925
1701440 928
1701450 932
1701460 936
1701470 939
1701480 943
1701490 947
1701500 951
1701510 955
1701520 958
1701530 962
1701540 965
1701550 969
1701560 973
1701570 976
1701580 980
1701590 983
1701600 987
1701610 991
1701620 994
1701630 998
1701640 1001
1701650 1005
1701660 1008
1701670 1012
1701680 1016
1701690 1020
1701700 1024
1701710 1028
1701720 1032
1701730 1036
1701740 1039
1701750 1042
1701760 1045
1701770 1047
1701780 1049
1701790 1052
1701800 1054
1701810 1056
1701820 1058
1701830 1061
1701840 1063
1701850 1066
1701860 1068
1701870 1070
1701880 1073
1701890 1075
1701900 1078
1701910 1081
1701920 1078
1701930 1075
1701940 1072
1701950 1069
1701960 1067
1701970 1064
1701980 1062
1701990 1060
1702000 1057
1702010 1054
1702020 1051
1702030 1048
1702040 1045
1702050 1042
1702060 1037
1702070 1034
1702080 1031
1702090 1029
1702100 1027
1702110 1025
1702120 1024
1702130 1021
1702140 1020
1702150 1020
1702160 1020
1702170 1019
1702180 1018
1702190 1016
1702200 1015
1702210 1015
1702220 1015
1702230 1015
1702240 1016
1702250 1016
1702260 1016
1702270 1016
1702280 1015
1702290 1014
1702300 1013
1702310 1011
1702320 1009
1702330 1007
1702340 1004
1702350 1001
1702360 999
1702370 996
1702380 992
1702390 989
1702400 986
1702410 983
1702420 981
1702430 978
1702440 974
1702450 971
1702460 968
1702470 966
1702480 963
1702490 961
1702500 959
1702510 957
1702520 955
1702530 951
1702540 948
1702550 945
1702560 943
1702570 941
1702580 939
1702590 937
1702600 936
1702610 934
1702620 933
1702630 931
1702640 930
1702650 929
1702660 928
1702670 926
1702680 923
1702690 919
1702700 916
1702710 914
1702720 911
1702730 907
1702740 904
1702750 901
1702760 897
1702770 893
1702780 889
1702790 884
1702800 879
1702810 875
1702820 870
1702830 865
1702840 860
1702850 855
1702860 851
1702870 847
1702880 842
1702890 838
1702900 834
1702910 831
1702920 827
1702930 824
1702940 821
1702950 818
1702960 814
1702970 810
1702980 807
1702990 807
1703000 808
1703010 811
1703020 814
1703030 817
1703040 820
1703050 823
1703060 825
1703070 828
1703080 830
1703090 832
1703100 833
1703110 832
1703120 831
1703130 827
1703140 823
1703150 819
1703160 814
1703170 810
1703180 805
1703190 799
1703200 794
1703210 790
1703220 787
1703230 784
1703240 781
1703250 778
1703260 775
1703270 771
1703280 767
1703290 762
1703300 757
1703310 751
1703320 746
1703330 740
1703340 735
1703350 730
1703360 726
1703370 721
1703380 716
1703390 712
1703400 707
1703410 702
1703420 698
1703430 693
1703440 689
1703450 685
1703460 681
1703470 677
1703480 672
1703490 667
1703500 666
1703510 662
1703520 657
1703530 652
1703540 650
1703550 649
1703560 652
1703570 657
1703580 661
1703590 666
1703600 670
1703610 675
1703620 680
1703630 684
1703640 689
1703650 693
1703660 697
1703670 702
1703680 705
1703690 710
1703700 714
1703710 718
1703720 722
1703730 726
1703740 730
1703750 734
1703760 738
1703770 742
1703780 746
1703790 750
1703800 754
1703810 758
1703820 763
1703830 766
1703840 770
1703850 774
1703860 778
1703870 783
1703880 787
1703890 792
1703900 796
1703910 800
1703920 803
1703930 805
1703940 808
1703950 811
1703960 814
1703970 817
1703980 821
1703990 824
1704000 827
1704010 830
1704020 833
1704030 836
1704040 839
1704050 842
1704060 845
1704070 848
1704080 850
1704090 852
1704100 853
1704110 854
1704120 854
1704130 854
1704140 854
1704150 852
1704160 850
1704170 846
1704180 842
1704190 839
1704200 837
1704210 834
1704220 831
1704230 828
1704240 826
1704250 824
1704260 823
1704270 822
1704280 821
1704290 815
1704300 810
1704310 804
1704320 798
1704330 792
1704340 787
1704350 783
1704360 779
1704370 776
1704380 771
1704390 766
1704400 761
1704410 755
1704420 748
1704430 742
1704440 737
1704450 734
1704460 732
1704470 730
1704480 728
1704490 726
1704500 725
1704510 722
1704520 720
1704530 722
1704540 724
1704550 725
1704560 725
1704570 726
1704580 727
1704590 730
1704600 731
1704610 733
1704620 734
1704630 735
1704640 735
1704650 736
1704660 735
1704670 732
1704680 728
1704690 724
1704700 721
1704710 719
1704720 717
1704730 717
1704740 717
1704750 719
1704760 720
1704770 719
1704780 720
1704790 723
1704800 727
1704810 731
1704820 734
1704830 736
1704840 738
1704850 740
1704860 744
1704870 746
1704880 748
1704890 749
1704900 748
1704910 747
1704920 747
1704930 748
1704940 751
1704950 754
1704960 756
1704970 757
1704980 758
1704990 759
1705000 759
1705010 760
1705020 762
1705030 764
1705040 766
1705050 767
1705060 769
1705070 771
1705080 773
1705090 773
1705100 774
1705110 775
1705120 776
1705130 776
1705140 777
1705150 778
1705160 780
1705170 781
1705180 782
1705190 783
1705200 785
1705210 786
1705220 787
1705230 788
1705240 789
1705250 790
1705260 791
1705270 792
1705280 792
1705290 793
1705300 794
1705310 794
1705320 794
1705330 794
1705340 794
1705350 793
1705360 794
1705370 795
1705380 796
1705390 796
1705400 797
1705410 798
1705420 798
1705430 799
1705440 800
1705450 800
1705460 802
1705470 806
1705480 809
1705490 812
1705500 813
1705510 815
1705520 816
1705530 818
1705540 819
1705550 820
1705560 822
1705570 822
1705580 821
1705590 818
1705600 818
1705610 821
1705620 827
1705630 832
1705640 836
1705650 840
1705660 844
1705670 849
1705680 853
1705690 857
1705700 861
1705710 865
1705720 870
1705730 873
1705740 876
1705750 879
1705760 882
1705770 885
1705780 888
1705790 891
1705800 893
1705810 896
1705820 898
1705830 901
1705840 903
1705850 906
1705860 908
1705870 911
1705880 913
1705890 916
1705900 919
1705910 922
1705920 925
1705930 929
1705940 932
1705950 936
1705960 939
1705970 943
1705980 946
1705990 950
1706000 953
1706010 957
1706020 961
1706030 964
1706040 968
1706050 972
1706060 976
1706070 979
1706080 982
1706090 986
1706100 989
1706110 993
1706120 997
1706130 1000
1706140 1004
1706150 1007
1706160 1010
1706170 1012
1706180 1013
1706190 1014
1706200 1014
1706210 1015
1706220 1017
1706230 1020
1706240 1023
1706250 1027
1706260 1030
1706270 1033
1706280 1037
1706290 1040
1706300 1043
1706310 1045
1706320 1048
1706330 1051
1706340 1054
1706350 1057
1706360 1060
1706370 1063
1706380 1066
1706390 1069
1706400 1073
1706410 1077
1706420 1080
1706430 1084
1706440 1087
1706450 1091
1706460 1094
1706470 1097
1706480 1101
1706490 1104
1706500 1107
1706510 1110
1706520 1113
1706530 1115
1706540 1118
1706550 1121
1706560 1124
1706570 1126
1706580 1128
1706590 1130
1706600 1132
1706610 1133
1706620 1135
1706630 1136
1706640 1137
1706650 1137
1706660 1137
1706670 1136
1706680 1134
1706690 1131
1706700 1127
1706710 1122
1706720 1117
1706730 1112
1706740 1106
1706750 1101
1706760 1096
1706770 1091
1706780 1087
1706790 1083
1706800 1080
1706810 1078
1706820 1075
1706830 1072
1706840 1069
1706850 1067
1706860 1064
1706870 1062
1706880 1060
1706890 1058
1706900 1055
1706910 1053
1706920 1050
1706930 1047
1706940 1044
1706950 1041
1706960 1038
1706970 1035
1706980 1031
1706990 1028
1707000 1025
1707010 1022
1707020 1018
1707030 1015
1707040 1011
1707050 1008
1707060 1004
1707070 1001
1707080 997
1707090 993
1707100 989
1707110 985
1707120 981
1707130 977
1707140 973
1707150 969
1707160 965
1707170 961
1707180 957
1707190 953
1707200 949
1707210 945
1707220 941
1707230 937
1707240 934
1707250 931
1707260 928
1707270 925
1707280 922
1707290 920
1707300 917
1707310 914
1707320 911
1707330 909
1707340 906
1707350 903
1707360 901
1707370 899
1707380 897
1707390 894
1707400 891
1707410 889
1707420 887
1707430 885
1707440 883
1707450 880
1707460 877
1707470 874
1707480 872
1707490 870
1707500 868
1707510 866
1707520 864
1707530 862
1707540 861
1707550 859
1707560 857
1707570 856
1707580 855
1707590 854
1707600 853
1707610 851
1707620 849
1707630 847
1707640 845
1707650 842
1707660 838
1707670 837
1707680 837
1707690 836
1707700 836
1707710 836
1707720 836
1707730 836
1707740 836
1707750 837
1707760 837
1707770 837
1707780 838
1707790 838
1707800 838
1707810 838
1707820 837
1707830 836
1707840 834
1707850 833
1707860 831
1707870 828
1707880 826
1707890 823
1707900 820
1707910 817
1707920 814
1707930 812
1707940 809
1707950 807
1707960 806
1707970 804
1707980 803
1707990 802
1708000 801
1708010 800
1708020 799
1708030 798
1708040 796
1708050 795
1708060 794
1708070 792
1708080 789
1708090 787
1708100 784
1708110 782
1708120 781
1708130 779
1708140 778
1708150 777
1708160 775
1708170 774
1708180 773
1708190 772
1708200 770
1708210 769
1708220 768
1708230 767
1708240 766
1708250 765
1708260 764
1708270 764
1708280 763
1708290 763
1708300 762
1708310 762
1708320 761
1708330 759
1708340 757
1708350 756
1708360 757
1708370 758
1708380 758
1708390 759
1708400 759
1708410 760
1708420 761
1708430 761
1708440 761
1708450 762
1708460 762
1708470 762
1708480 762
1708490 762
1708500 762
1708510 761
1708520 760
1708530 759
1708540 758
1708550 757
1708560 756
1708570 755
1708580 755
1708590 755
1708600 756
1708610 756
1708620 756
1708630 757
1708640 758
1708650 758
1708660 759
1708670 761
1708680 762
1708690 763
1708700 764
1708710 765
1708720 766
1708730 766
1708740 767
1708750 768
1708760 768
1708770 769
1708780 770
1708790 771
1708800 772
1708810 773
1708820 774
1708830 775
1708840 776
1708850 777
1708860 777
1708870 777
1708880 778
1708890 778
1708900 779
1708910 780
1708920 781
1708930 780
1708940 780
1708950 779
1708960 778
1708970 777
1708980 776
1708990 776
1709000 775
1709010 776
1709020 776
1709030 776
1709040 777
1709050 777
1709060 778
1709070 780
1709080 781
1709090 783
1709100 785
1709110 787
1709120 788
1709130 788
1709140 789
1709150 791
1709160 792
1709170 793
1709180 794
1709190 795
1709200 796
1709210 797
1709220 798
1709230 799
1709240 799
1709250 799
1709260 799
1709270 798
1709280 797
1709290 795
1709300 792
1709310 789
1709320 786
1709330 784
1709340 782
1709350 780
1709360 778
1709370 776
1709380 774
1709390 772
1709400 770
1709410 768
1709420 766
1709430 764
1709440 762
1709450 759
1709460 757
1709470 755
1709480 753
1709490 750
1709500 747
1709510 743
1709520 740
1709530 737
1709540 734
1709550 731
1709560 729
1709570 727
1709580 726
1709590 724
1709600 722
1709610 721
1709620 720
1709630 718
1709640 717
1709650 716
1709660 714
1709670 711
1709680 709
1709690 706
1709700 703
1709710 700
1709720 697
1709730 693
1709740 689
1709750 684
1709760 679
1709770 677
1709780 676
1709790 676
1709800 677
1709810 677
1709820 676
1709830 675
1709840 675
1709850 675
1709860 675
1709870 675
1709880 674
1709890 674
1709900 673
1709910 673
1709920 672
1709930 671
1709940 669
1709950 666
1709960 663
1709970 659
1709980 654
1709990 650
1710000 646
1710010 641
1710020 637
1710030 632
1710040 628
1710050 625
1710060 621
1710070 617
1710080 613
1710090 608
1710100 604
1710110 601
1710120 597
1710130 593
1710140 590
1710150 586
1710160 583
1710170 582
1710180 581
1710190 581
1710200 582
1710210 583
1710220 586
1710230 590
1710240 595
1710250 599
1710260 602
1710270 605
1710280 608
1710290 611
1710300 613
1710310 614
1710320 615
1710330 615
1710340 613
1710350 612
1710360 610
1710370 609
1710380 608
1710390 607
1710400 606
1710410 605
1710420 604
1710430 603
1710440 603
1710450 602
1710460 602
1710470 600
1710480 599
1710490 598
1710500 597
1710510 597
1710520 598
1710530 599
1710540 599
1710550 599
1710560 599
1710570 599
1710580 600
1710590 600
1710600 600
1710610 600
1710620 600
1710630 600
1710640 600
1710650 600
1710660 600
1710670 600
1710680 600
1710690 600
1710700 600
1710710 601
1710720 601
1710730 603
1710740 605
1710750 606
1710760 608
1710770 611
1710780 613
1710790 616
1710800 620
1710810 623
1710820 626
1710830 628
1710840 631
1710850 633
1710860 636
1710870 638
1710880 640
1710890 642
1710900 644
1710910 647
1710920 650
1710930 653
1710940 655
1710950 658
1710960 661
1710970 665
1710980 668
1710990 670
1711000 673
1711010 676
1711020 679
1711030 681
1711040 684
1711050 687
1711060 689
1711070 692
1711080 694
1711090 697
1711100 700
1711110 703
1711120 706
1711130 708
1711140 710
1711150 712
1711160 713
1711170 715
1711180 717
1711190 718
1711200 719
1711210 721
1711220 723
1711230 726
1711240 730
1711250 734
1711260 739
1711270 744
1711280 747
1711290 750
1711300 753
1711310 756
1711320 759
1711330 762
1711340 766
1711350 771
1711360 777
1711370 785
1711380 792
1711390 797
1711400 798
1711410 800
1711420 802
1711430 807
1711440 811
1711450 815
1711460 819
1711470 824
1711480 829
1711490 835
1711500 838
1711510 841
1711520 844
1711530 847
1711540 849
1711550 852
1711560 855
1711570 858
1711580 862
1711590 865
1711600 868
1711610 871
1711620 873
1711630 876
1711640 878
1711650 880
1711660 882
1711670 884
1711680 886
1711690 888
1711700 889
1711710 891
1711720 892
1711730 893
1711740 894
1711750 895
1711760 895
1711770 896
1711780 896
1711790 897
1711800 897
1711810 897
1711820 897
1711830 896
1711840 896
1711850 895
1711860 895
1711870 895
1711880 896
1711890 895
1711900 895
1711910 895
1711920 894
1711930 893
1711940 893
1711950 894
1711960 895
1711970 898
1711980 901
1711990 904
1712000 907
1712010 909
1712020 912
1712030 914
1712040 916
1712050 917
1712060 917
1712070 917
1712080 916
1712090 915
1712100 914
1712110 912
1712120 911
1712130 909
1712140 908
1712150 906
1712160 904
1712170 901
1712180 898
1712190 894
1712200 890
1712210 886
1712220 882
1712230 881
1712240 881
1712250 882
1712260 884
1712270 887
1712280 889
1712290 892
1712300 895
1712310 898
1712320 899
1712330 900
1712340 901
1712350 902
1712360 903
1712370 904
1712380 904
1712390 905
1712400 905
1712410 905
1712420 905
1712430 906
1712440 907
1712450 908
1712460 908
1712470 909
1712480 909
1712490 909
1712500 909
1712510 910
1712520 910
1712530 911
1712540 911
1712550 911
1712560 911
1712570 912
1712580 912
1712590 912
1712600 912
1712610 912
1712620 913
1712630 913
1712640 914
1712650 915
1712660 917
1712670 920
1712680 923
1712690 927
1712700 931
1712710 936
1712720 940
1712730 944
1712740 947
1712750 948
1712760 949
1712770 950
1712780 950
1712790 951
1712800 951
1712810 951
1712820 952
1712830 953
1712840 954
1712850 955
1712860 956
1712870 956
1712880 957
1712890 957
1712900 956
1712910 956
1712920 956
1712930 956
1712940 956
1712950 957
1712960 957
1712970 958
1712980 959
1712990 960
1713000 962
1713010 963
1713020 964
1713030 965
1713040 966
1713050 967
1713060 968
1713070 970
1713080 972
1713090 974
1713100 975
1713110 977
1713120 978
1713130 979
1713140 981
1713150 983
1713160 984
1713170 985
1713180 987
1713190 988
1713200 990
1713210 992
1713220 993
1713230 994
1713240 995
1713250 996
1713260 997
1713270 998
1713280 999
1713290 999
1713300 1000
1713310 1000
1713320 1000
1713330 1000
1713340 1000
1713350 1000
1713360 1001
1713370 1001
1713380 1000
1713390 1000
1713400 999
1713410 998
1713420 996
1713430 994
1713440 993
1713450 993
1713460 994
1713470 996
1713480 999
1713490 1002
1713500 1004
1713510 1008
1713520 1012
1713530 1016
1713540 1019
1713550 1022
1713560 1025
1713570 1028
1713580 1030
1713590 1033
1713600 1036
1713610 1038
1713620 1040
1713630 1043
1713640 1045
1713650 1047
1713660 1048
1713670 1049
1713680 1050
1713690 1051
1713700 1052
1713710 1053
1713720 1054
1713730 1055
1713740 1055
1713750 1055
1713760 1054
1713770 1054
1713780 1053
1713790 1052
1713800 1051
1713810 1050
1713820 1049
1713830 1048
1713840 1046
1713850 1045
1713860 1043
1713870 1042
1713880 1040
1713890 1039
1713900 1038
1713910 1038
1713920 1038
1713930 1038
1713940 1039
1713950 1039
1713960 1040
1713970 1040
1713980 1041
1713990 1042
1714000 1043
1714010 1044
1714020 1045
1714030 1045
1714040 1046
1714050 1045
1714060 1045
1714070 1045
1714080 1045
1714090 1045
1714100 1046
1714110 1047
1714120 1047
1714130 1048
1714140 1049
1714150 1049
1714160 1050
1714170 1051
1714180 1052
1714190 1053
1714200 1054
1714210 1055
1714220 1056
1714230 1057
1714240 1058
1714250 1059
1714260 1061
1714270 1062
1714280 1063
1714290 1065
1714300 1066
1714310 1067
1714320 1069
1714330 1070
1714340 1071
1714350 1072
1714360 1073
1714370 1074
1714380 1075
1714390 1076
1714400 1077
1714410 1078
1714420 1079
1714430 1080
1714440 1080
1714450 1080
1714460 1080
1714470 1081
1714480 1082
1714490 1081
1714500 1080
1714510 1079
1714520 1078
