1716450 1077
1716460 1076
1716470 1075
1716480 1074
1716490 1074
1716500 1072
1716510 1071
1716520 1070
1716530 1069
1716540 1067
1716550 1066
1716560 1065
1716570 1064
1716580 1063
1716590 1063
1716600 1062
1716610 1061
1716620 1060
1716630 1059
1716640 1058
1716650 1057
1716660 1056
1716670 1054
1716680 1053
1716690 1052
1716700 1050
1716710 1049
1716720 1048
1716730 1047
1716740 1046
1716750 1046
1716760 1046
1716770 1045
1716780 1045
1716790 1045
1716800 1044
1716810 1044
1716820 1044
1716830 1043
1716840 1043
1716850 1041
1716860 1040
1716870 1039
1716880 1038
1716890 1037
1716900 1035
1716910 1033
1716920 1031
1716930 1028
1716940 1025
1716950 1021
1716960 1017
1716970 1013
1716980 1010
1716990 1007
1717000 1005
1717010 1003
1717020 999
1717030 996
1717040 993
1717050 993
1717060 992
1717070 992
1717080 990
1717090 988
1717100 987
1717110 985
1717120 983
1717130 981
1717140 980
1717150 978
1717160 977
1717170 975
1717180 973
1717190 971
1717200 968
1717210 967
1717220 965
1717230 963
1717240 961
1717250 959
1717260 957
1717270 956
1717280 954
1717290 953
1717300 953
1717310 952
1717320 951
1717330 949
1717340 948
1717350 947
1717360 946
1717370 944
1717380 943
1717390 942
1717400 941
1717410 940
1717420 939
1717430 938
1717440 937
1717450 935
1717460 934
1717470 932
1717480 930
1717490 928
1717500 925
1717510 923
1717520 920
1717530 918
1717540 916
1717550 915
1717560 913
1717570 911
1717580 909
1717590 907
1717600 905
1717610 903
1717620 900
1717630 899
1717640 897
1717650 895
1717660 893
1717670 892
1717680 890
1717690 888
1717700 886
1717710 884
1717720 882
1717730 880
1717740 878
1717750 876
1717760 874
1717770 872
1717780 870
1717790 869
1717800 866
1717810 864
1717820 862
1717830 858
1717840 855
1717850 852
1717860 849
1717870 846
1717880 844
1717890 842
1717900 840
1717910 839
1717920 837
1717930 837
1717940 836
1717950 835
1717960 835
1717970 834
1717980 834
1717990 834
1718000 834
1718010 835
1718020 835
1718030 836
1718040 837
1718050 837
1718060 838
1718070 839
1718080 839
1718090 840
1718100 841
1718110 842
1718120 843
1718130 844
1718140 845
1718150 846
1718160 847
1718170 848
1718180 849
1718190 850
1718200 851
1718210 852
1718220 852
1718230 853
1718240 854
1718250 854
1718260 855
1718270 855
1718280 855
1718290 855
1718300 855
1718310 854
1718320 853
1718330 852
1718340 851
1718350 849
1718360 848
1718370 847
1718380 846
1718390 845
1718400 844
1718410 843
1718420 841
1718430 840
1718440 839
1718450 837
1718460 836
1718470 834
1718480 833
1718490 831
1718500 829
1718510 827
1718520 826
1718530 824
1718540 822
1718550 820
1718560 818
1718570 815
1718580 813
1718590 811
1718600 809
1718610 807
1718620 804
1718630 802
1718640 800
1718650 797
1718660 795
1718670 793
1718680 790
1718690 788
1718700 785
1718710 783
1718720 780
1718730 777
1718740 775
1718750 772
1718760 769
1718770 767
1718780 764
1718790 761
1718800 758
1718810 754
1718820 750
1718830 745
1718840 742
1718850 738
1718860 734
1718870 731
1718880 728
1718890 724
1718900 721
1718910 717
1718920 713
1718930 709
1718940 706
1718950 702
1718960 699
1718970 695
1718980 692
1718990 688
1719000 685
1719010 682
1719020 679
1719030 676
1719040 674
1719050 671
1719060 669
1719070 667
1719080 665
1719090 664
1719100 663
1719110 662
1719120 660
1719130 659
1719140 658
1719150 657
1719160 655
1719170 654
1719180 653
1719190 651
1719200 650
1719210 648
1719220 647
1719230 645
1719240 644
1719250 642
1719260 641
1719270 640
1719280 639
1719290 637
1719300 636
1719310 634
1719320 633
1719330 632
1719340 630
1719350 629
1719360 628
1719370 627
1719380 626
1719390 625
1719400 624
1719410 624
1719420 623
1719430 623
1719440 622
1719450 622
1719460 621
1719470 621
1719480 620
1719490 619
1719500 618
1719510 617
1719520 617
1719530 616
1719540 615
1719550 614
1719560 613
1719570 612
1719580 611
1719590 609
1719600 607
1719610 604
1719620 600
1719630 595
1719640 590
1719650 586
1719660 582
1719670 578
1719680 574
1719690 570
1719700 565
1719710 561
1719720 556
1719730 552
1719740 547
1719750 541
1719760 536
1719770 530
1719780 525
1719790 520
1719800 516
1719810 512
1719820 509
1719830 507
1719840 505
1719850 505
1719860 505
1719870 505
1719880 504
1719890 504
1719900 503
1719910 504
1719920 506
1719930 508
1719940 507
1719950 507
1719960 506
1719970 507
1719980 507
1719990 509
