1717010 1068
1717020 1066
1717030 1065
1717040 1064
1717050 1063
1717060 1062
1717070 1061
1717080 1060
1717090 1060
1717100 1059
1717110 1058
1717120 1057
1717130 1056
1717140 1055
1717150 1054
1717160 1053
1717170 1052
1717180 1051
1717190 1050
1717200 1049
1717210 1049
1717220 1048
1717230 1047
1717240 1046
1717250 1045
1717260 1044
1717270 1043
1717280 1042
1717290 1041
1717300 1039
1717310 1038
1717320 1036
1717330 1034
1717340 1032
1717350 1030
1717360 1027
1717370 1025
1717380 1023
1717390 1022
1717400 1020
1717410 1019
1717420 1018
1717430 1017
1717440 1015
1717450 1014
1717460 1013
1717470 1011
1717480 1011
1717490 1009
1717500 1008
1717510 1008
1717520 1007
1717530 1006
1717540 1005
1717550 1004
1717560 1003
1717570 1002
1717580 1002
1717590 1001
1717600 1000
1717610 999
1717620 998
1717630 997
1717640 996
1717650 995
1717660 993
1717670 992
1717680 990
1717690 988
1717700 987
1717710 985
1717720 983
1717730 981
1717740 979
1717750 977
1717760 975
1717770 973
1717780 972
1717790 970
1717800 969
1717810 967
1717820 965
1717830 964
1717840 963
1717850 962
1717860 961
1717870 959
1717880 958
1717890 957
1717900 955
1717910 953
1717920 951
1717930 949
1717940 947
1717950 945
1717960 942
1717970 940
1717980 938
1717990 936
1718000 934
1718010 931
1718020 929
1718030 926
1718040 924
1718050 922
1718060 920
1718070 919
1718080 917
1718090 915
1718100 913
1718110 912
1718120 910
1718130 908
1718140 907
1718150 906
1718160 905
1718170 903
1718180 902
1718190 900
1718200 899
1718210 897
1718220 896
1718230 894
1718240 892
1718250 891
1718260 889
1718270 888
1718280 887
1718290 886
1718300 884
1718310 883
1718320 882
1718330 880
1718340 879
1718350 878
1718360 877
1718370 875
1718380 874
1718390 873
1718400 872
1718410 871
1718420 871
1718430 870
1718440 869
1718450 868
1718460 867
1718470 866
1718480 865
1718490 864
1718500 863
1718510 862
1718520 861
1718530 860
1718540 859
1718550 858
1718560 857
1718570 856
1718580 855
1718590 854
1718600 852
1718610 852
1718620 851
1718630 849
1718640 848
1718650 848
1718660 847
1718670 846
1718680 845
1718690 844
1718700 843
1718710 843
1718720 843
1718730 842
1718740 841
1718750 841
1718760 840
1718770 839
1718780 838
1718790 837
1718800 836
1718810 835
1718820 835
1718830 834
1718840 833
1718850 831
1718860 830
1718870 828
1718880 827
1718890 825
1718900 824
1718910 822
1718920 821
1718930 820
1718940 818
1718950 817
1718960 815
1718970 814
1718980 813
1718990 811
1719000 810
1719010 808
1719020 806
1719030 805
1719040 804
1719050 803
1719060 802
1719070 800
1719080 798
1719090 796
1719100 794
1719110 792
1719120 791
1719130 789
1719140 786
1719150 784
1719160 781
1719170 778
1719180 776
1719190 774
1719200 772
1719210 771
1719220 769
1719230 767
1719240 765
1719250 764
1719260 762
1719270 760
1719280 759
1719290 757
1719300 755
1719310 753
1719320 751
1719330 750
1719340 748
1719350 746
1719360 744
1719370 743
1719380 741
1719390 739
1719400 737
1719410 735
1719420 733
1719430 731
1719440 729
1719450 727
1719460 725
1719470 723
1719480 720
1719490 718
1719500 715
1719510 711
1719520 707
1719530 703
1719540 699
1719550 695
1719560 691
1719570 687
1719580 683
1719590 680
1719600 676
1719610 673
1719620 670
1719630 667
1719640 664
1719650 661
1719660 658
1719670 656
1719680 654
1719690 652
1719700 651
1719710 650
1719720 649
1719730 649
1719740 648
1719750 647
1719760 646
1719770 646
1719780 646
1719790 645
1719800 644
1719810 643
1719820 641
1719830 640
1719840 639
1719850 638
1719860 636
1719870 635
1719880 634
1719890 632
1719900 630
1719910 629
1719920 627
1719930 625
1719940 623
1719950 620
1719960 617
1719970 613
1719980 610
1719990 607
