1717550 884
1717560 884
1717570 884
1717580 884
1717590 884
1717600 883
1717610 883
1717620 882
1717630 881
1717640 881
1717650 880
1717660 879
1717670 879
1717680 879
1717690 880
1717700 881
1717710 882
1717720 883
1717730 884
1717740 885
1717750 886
1717760 887
1717770 888
1717780 888
1717790 888
1717800 888
1717810 888
1717820 888
1717830 888
1717840 888
1717850 888
1717860 888
1717870 888
1717880 888
1717890 888
1717900 887
1717910 887
1717920 886
1717930 885
1717940 885
1717950 885
1717960 884
1717970 885
1717980 885
1717990 884
1718000 883
1718010 882
1718020 880
1718030 877
1718040 875
1718050 874
1718060 872
1718070 870
1718080 869
1718090 868
1718100 867
1718110 866
1718120 864
1718130 862
1718140 861
1718150 860
1718160 859
1718170 857
1718180 856
1718190 854
1718200 852
1718210 850
1718220 848
1718230 846
1718240 844
1718250 842
1718260 840
1718270 838
1718280 836
1718290 834
1718300 832
1718310 830
1718320 828
1718330 826
1718340 823
1718350 820
1718360 817
1718370 814
1718380 810
1718390 806
1718400 802
1718410 798
1718420 794
1718430 790
1718440 787
1718450 784
1718460 781
1718470 779
1718480 777
1718490 775
1718500 773
1718510 771
1718520 768
1718530 766
1718540 763
1718550 762
1718560 760
1718570 758
1718580 757
1718590 755
1718600 754
1718610 752
1718620 751
1718630 749
1718640 747
1718650 745
1718660 744
1718670 742
1718680 740
1718690 738
1718700 737
1718710 735
1718720 734
1718730 732
1718740 731
1718750 729
1718760 727
1718770 725
1718780 722
1718790 719
1718800 718
1718810 716
1718820 716
1718830 715
1718840 714
1718850 713
1718860 713
1718870 712
1718880 711
1718890 710
1718900 709
1718910 708
1718920 708
1718930 708
1718940 708
1718950 707
1718960 706
1718970 704
1718980 702
1718990 702
1719000 702
1719010 701
1719020 701
1719030 700
1719040 698
1719050 697
1719060 696
1719070 695
1719080 694
1719090 694
1719100 693
1719110 692
1719120 688
1719130 685
1719140 682
1719150 681
1719160 679
1719170 677
1719180 676
1719190 675
1719200 674
1719210 673
1719220 672
1719230 670
1719240 669
1719250 667
1719260 666
1719270 665
1719280 664
1719290 663
1719300 662
1719310 661
1719320 660
1719330 659
1719340 657
1719350 656
1719360 654
1719370 653
1719380 652
1719390 651
1719400 650
1719410 649
1719420 648
1719430 647
1719440 648
1719450 648
1719460 648
1719470 649
1719480 649
1719490 649
1719500 650
1719510 652
1719520 653
1719530 654
1719540 655
1719550 656
1719560 657
1719570 659
1719580 662
1719590 664
1719600 664
1719610 664
1719620 664
1719630 663
1719640 663
1719650 663
1719660 663
1719670 662
1719680 661
1719690 659
1719700 656
1719710 655
1719720 653
1719730 651
1719740 649
1719750 647
1719760 646
1719770 646
1719780 646
1719790 648
1719800 649
1719810 650
1719820 651
1719830 652
1719840 653
1719850 654
1719860 654
1719870 654
1719880 656
1719890 657
1719900 658
1719910 659
1719920 660
1719930 661
1719940 661
1719950 663
1719960 664
1719970 666
1719980 667
1719990 667
