1700000 837
1700010 838
1700020 839
1700030 839
1700040 839
1700050 840
1700060 840
1700070 840
1700080 839
1700090 838
1700100 836
1700110 834
1700120 831
1700130 828
1700140 824
1700150 821
1700160 820
1700170 820
1700180 822
1700190 825
1700200 827
1700210 829
1700220 831
1700230 832
1700240 833
1700250 834
1700260 834
1700270 833
1700280 832
1700290 830
1700300 826
1700310 823
1700320 820
1700330 818
1700340 815
1700350 812
1700360 808
1700370 806
1700380 804
1700390 803
1700400 804
1700410 805
1700420 806
1700430 808
1700440 809
1700450 811
1700460 813
1700470 816
1700480 819
1700490 822
1700500 825
1700510 827
1700520 828
1700530 830
1700540 833
1700550 835
1700560 836
1700570 837
1700580 838
1700590 838
1700600 837
1700610 836
1700620 835
1700630 834
1700640 834
1700650 835
1700660 836
1700670 837
1700680 840
1700690 842
1700700 844
1700710 846
1700720 849
1700730 851
1700740 852
1700750 854
1700760 856
1700770 858
1700780 860
1700790 862
1700800 864
1700810 866
1700820 869
1700830 871
1700840 874
1700850 876
1700860 879
1700870 881
1700880 883
1700890 884
1700900 885
1700910 886
1700920 887
1700930 887
1700940 887
1700950 887
1700960 886
1700970 884
1700980 882
1700990 881
1701000 878
1701010 876
1701020 874
1701030 871
1701040 869
1701050 867
1701060 864
1701070 861
1701080 857
1701090 854
1701100 850
1701110 847
1701120 844
1701130 842
1701140 839
1701150 836
1701160 835
1701170 833
1701180 832
1701190 831
1701200 830
1701210 828
1701220 826
1701230 823
1701240 821
1701250 819
1701260 817
1701270 815
1701280 812
1701290 809
1701300 805
1701310 803
1701320 801
1701330 799
1701340 798
1701350 797
1701360 795
1701370 793
1701380 791
1701390 790
1701400 787
1701410 785
1701420 781
1701430 778
1701440 777
1701450 777
1701460 776
1701470 774
1701480 773
1701490 771
1701500 769
1701510 768
1701520 766
1701530 764
1701540 762
1701550 760
1701560 758
1701570 756
1701580 755
1701590 753
1701600 751
1701610 749
1701620 747
1701630 745
1701640 744
1701650 742
1701660 740
1701670 738
1701680 736
1701690 734
1701700 731
1701710 728
1701720 724
1701730 721
1701740 719
1701750 717
1701760 715
1701770 713
1701780 711
1701790 709
1701800 706
1701810 704
1701820 701
1701830 700
1701840 698
1701850 697
1701860 695
1701870 694
1701880 692
1701890 689
1701900 687
1701910 685
1701920 684
1701930 682
1701940 680
1701950 678
1701960 676
1701970 673
1701980 671
1701990 669
1702000 667
1702010 665
1702020 663
1702030 662
1702040 660
1702050 658
1702060 656
1702070 654
1702080 652
1702090 650
1702100 648
1702110 646
1702120 643
1702130 641
1702140 639
1702150 638
1702160 637
1702170 635
1702180 631
1702190 630
1702200 627
1702210 625
1702220 621
1702230 618
1702240 615
1702250 612
1702260 609
1702270 606
1702280 602
1702290 599
1702300 596
1702310 594
1702320 592
1702330 590
1702340 588
1702350 586
1702360 585
1702370 583
1702380 581
1702390 578
1702400 576
1702410 573
1702420 570
1702430 568
1702440 566
1702450 564
1702460 564
1702470 564
1702480 564
1702490 563
1702500 563
1702510 564
1702520 565
1702530 566
1702540 568
1702550 569
1702560 569
1702570 570
1702580 570
1702590 571
1702600 571
1702610 572
1702620 574
1702630 577
1702640 580
1702650 582
1702660 584
1702670 585
1702680 586
1702690 588
1702700 590
1702710 593
1702720 595
1702730 598
1702740 602
1702750 605
1702760 607
1702770 610
1702780 613
1702790 616
1702800 619
1702810 622
1702820 624
1702830 628
1702840 631
1702850 634
1702860 636
1702870 639
1702880 642
1702890 645
1702900 648
1702910 651
1702920 655
1702930 658
1702940 661
1702950 665
1702960 668
1702970 672
1702980 675
1702990 679
1703000 683
1703010 686
1703020 690
1703030 694
1703040 698
1703050 701
1703060 705
1703070 709
1703080 713
1703090 716
1703100 720
1703110 723
1703120 726
1703130 730
1703140 733
1703150 735
1703160 738
1703170 741
1703180 744
1703190 747
1703200 750
1703210 753
1703220 755
1703230 758
1703240 760
1703250 762
1703260 764
1703270 765
1703280 767
1703290 768
1703300 770
1703310 772
1703320 774
1703330 776
1703340 777
1703350 778
1703360 779
1703370 778
1703380 777
1703390 776
1703400 775
1703410 775
1703420 774
1703430 774
1703440 774
1703450 774
1703460 774
1703470 774
1703480 775
1703490 776
1703500 777
1703510 778
1703520 778
1703530 779
1703540 780
1703550 781
1703560 782
1703570 783
1703580 783
1703590 784
1703600 784
1703610 784
1703620 783
1703630 782
1703640 781
1703650 781
1703660 781
1703670 782
1703680 782
1703690 783
1703700 784
1703710 786
1703720 788
1703730 790
1703740 793
1703750 796
1703760 799
1703770 802
1703780 806
1703790 809
1703800 812
1703810 815
1703820 818
1703830 821
1703840 824
1703850 827
1703860 830
1703870 833
1703880 837
1703890 840
1703900 843
1703910 846
1703920 849
1703930 852
1703940 854
1703950 856
1703960 858
1703970 860
1703980 861
1703990 862
1704000 863
1704010 864
1704020 864
1704030 865
1704040 865
1704050 866
1704060 866
1704070 865
1704080 865
1704090 865
1704100 865
1704110 865
1704120 865
1704130 865
1704140 865
1704150 865
1704160 865
1704170 866
1704180 866
1704190 866
1704200 867
1704210 867
1704220 868
1704230 868
1704240 868
1704250 868
1704260 868
1704270 868
1704280 868
1704290 868
1704300 869
1704310 869
1704320 869
1704330 869
1704340 869
1704350 870
1704360 870
1704370 870
1704380 871
1704390 871
1704400 871
1704410 871
1704420 871
1704430 871
1704440 870
1704450 869
1704460 869
1704470 868
1704480 867
1704490 866
1704500 865
1704510 865
1704520 866
1704530 866
1704540 866
1704550 866
1704560 867
1704570 868
1704580 869
1704590 869
1704600 870
1704610 870
1704620 871
1704630 872
1704640 872
1704650 873
1704660 874
1704670 875
1704680 876
1704690 876
1704700 876
1704710 872
1704720 870
1704730 867
1704740 866
1704750 866
1704760 866
1704770 865
1704780 865
1704790 865
1704800 864
1704810 863
1704820 862
1704830 861
1704840 860
1704850 858
1704860 855
1704870 853
1704880 850
1704890 848
1704900 845
1704910 841
1704920 839
1704930 837
1704940 837
1704950 838
1704960 840
1704970 842
1704980 842
1704990 842
1705000 841
1705010 839
1705020 837
1705030 834
1705040 831
1705050 828
1705060 824
1705070 822
1705080 818
1705090 814
1705100 811
1705110 809
1705120 808
1705130 807
1705140 807
1705150 807
1705160 806
1705170 803
1705180 800
1705190 795
1705200 791
1705210 790
1705220 792
1705230 797
1705240 802
1705250 806
1705260 811
1705270 815
1705280 819
1705290 824
1705300 828
1705310 833
1705320 837
1705330 841
1705340 844
1705350 848
1705360 852
1705370 855
1705380 858
1705390 858
1705400 857
1705410 854
1705420 851
1705430 849
1705440 847
1705450 846
1705460 845
1705470 845
1705480 845
1705490 846
1705500 846
1705510 846
1705520 845
1705530 844
1705540 843
1705550 842
1705560 842
1705570 842
1705580 843
1705590 843
1705600 844
1705610 844
1705620 845
1705630 846
1705640 847
1705650 848
1705660 849
1705670 850
1705680 851
1705690 852
1705700 853
1705710 854
1705720 855
1705730 855
1705740 856
1705750 856
1705760 856
1705770 856
1705780 856
1705790 856
1705800 856
1705810 856
1705820 856
1705830 855
1705840 855
1705850 855
1705860 854
1705870 853
1705880 853
1705890 852
1705900 852
1705910 851
1705920 851
1705930 850
1705940 849
1705950 848
1705960 847
1705970 846
1705980 846
1705990 845
1706000 844
1706010 843
1706020 843
1706030 842
1706040 841
1706050 840
1706060 839
1706070 838
1706080 836
1706090 835
1706100 834
1706110 833
1706120 832
1706130 831
1706140 829
1706150 828
1706160 825
1706170 823
1706180 821
1706190 819
1706200 818
1706210 817
1706220 815
1706230 813
1706240 812
1706250 810
1706260 809
1706270 807
1706280 805
1706290 804
1706300 802
1706310 801
1706320 799
1706330 798
1706340 797
1706350 797
1706360 796
1706370 796
1706380 796
1706390 796
1706400 795
1706410 795
1706420 795
1706430 795
1706440 795
1706450 795
1706460 794
1706470 794
1706480 794
1706490 794
1706500 793
1706510 792
1706520 790
1706530 788
1706540 785
1706550 782
1706560 780
1706570 777
1706580 775
1706590 773
1706600 771
1706610 770
1706620 768
1706630 767
1706640 766
1706650 764
1706660 762
1706670 760
1706680 757
1706690 753
1706700 750
1706710 747
1706720 744
1706730 741
1706740 738
1706750 734
1706760 730
1706770 727
1706780 724
1706790 721
1706800 718
1706810 715
1706820 712
1706830 708
1706840 704
1706850 701
1706860 697
1706870 694
1706880 693
1706890 692
1706900 690
1706910 689
1706920 688
1706930 688
1706940 688
1706950 687
1706960 687
1706970 686
1706980 686
1706990 685
1707000 684
1707010 683
1707020 681
1707030 680
1707040 679
1707050 679
1707060 678
1707070 678
1707080 677
1707090 676
1707100 675
1707110 675
1707120 674
1707130 674
1707140 673
1707150 672
1707160 671
1707170 670
1707180 670
1707190 669
1707200 670
1707210 670
1707220 670
1707230 671
1707240 671
1707250 672
1707260 673
1707270 674
1707280 674
1707290 675
1707300 675
1707310 675
1707320 676
1707330 676
1707340 676
1707350 676
1707360 676
1707370 676
1707380 675
1707390 674
1707400 673
1707410 672
1707420 672
1707430 671
1707440 671
1707450 671
1707460 672
1707470 672
1707480 672
1707490 673
1707500 673
1707510 674
1707520 675
1707530 676
1707540 677
1707550 678
1707560 678
1707570 679
1707580 680
1707590 680
1707600 681
1707610 681
1707620 681
1707630 682
1707640 682
1707650 683
1707660 683
1707670 682
1707680 682
1707690 681
1707700 681
1707710 680
1707720 680
1707730 679
1707740 677
1707750 677
1707760 676
1707770 675
1707780 674
1707790 674
1707800 673
1707810 672
1707820 671
1707830 670
1707840 669
1707850 668
1707860 667
1707870 666
1707880 665
1707890 663
1707900 661
1707910 658
1707920 655
1707930 653
1707940 650
1707950 648
1707960 646
1707970 644
1707980 642
1707990 640
1708000 639
1708010 637
1708020 634
1708030 633
1708040 631
1708050 630
1708060 629
1708070 628
1708080 628
1708090 627
1708100 627
1708110 626
1708120 626
1708130 626
1708140 626
1708150 626
1708160 626
1708170 626
1708180 626
1708190 626
1708200 626
1708210 626
1708220 627
1708230 627
1708240 628
1708250 628
1708260 628
1708270 628
1708280 628
1708290 627
1708300 627
1708310 626
1708320 626
1708330 625
1708340 624
1708350 624
1708360 623
1708370 621
1708380 619
1708390 617
1708400 615
1708410 614
1708420 613
1708430 612
1708440 611
1708450 610
1708460 610
1708470 610
1708480 610
1708490 611
1708500 611
1708510 612
1708520 612
1708530 612
1708540 612
1708550 611
1708560 611
1708570 610
1708580 609
1708590 607
1708600 606
1708610 604
1708620 603
1708630 602
1708640 602
1708650 601
1708660 601
1708670 600
1708680 600
1708690 599
1708700 599
1708710 599
1708720 598
1708730 598
1708740 597
1708750 598
1708760 599
1708770 601
1708780 602
1708790 603
1708800 605
1708810 605
1708820 606
1708830 607
1708840 607
1708850 607
1708860 607
1708870 607
1708880 608
1708890 608
1708900 608
1708910 607
1708920 607
1708930 607
1708940 607
1708950 607
1708960 607
1708970 607
1708980 607
1708990 607
1709000 605
1709010 604
1709020 603
1709030 602
1709040 601
1709050 601
1709060 600
1709070 600
1709080 600
1709090 600
1709100 600
1709110 600
1709120 600
1709130 600
1709140 601
1709150 601
1709160 602
1709170 602
1709180 603
1709190 604
1709200 604
1709210 605
1709220 605
1709230 606
1709240 607
1709250 607
1709260 608
1709270 609
1709280 610
1709290 611
1709300 611
1709310 611
1709320 612
1709330 612
1709340 612
1709350 613
1709360 613
1709370 614
1709380 614
1709390 615
1709400 616
1709410 616
1709420 616
1709430 616
1709440 616
1709450 615
1709460 615
1709470 614
1709480 613
1709490 612
1709500 609
1709510 606
1709520 603
1709530 600
1709540 597
1709550 595
1709560 595
1709570 595
1709580 594
1709590 592
1709600 590
1709610 589
1709620 588
1709630 587
1709640 586
1709650 586
1709660 585
1709670 584
1709680 582
1709690 582
1709700 581
1709710 581
1709720 580
1709730 579
1709740 579
1709750 581
1709760 584
1709770 586
1709780 586
1709790 587
1709800 587
1709810 587
1709820 587
1709830 587
1709840 587
1709850 587
1709860 587
1709870 587
1709880 587
1709890 586
1709900 585
1709910 584
1709920 583
1709930 583
1709940 583
1709950 585
1709960 586
1709970 588
1709980 589
1709990 590
1710000 592
1710010 593
1710020 594
1710030 596
1710040 597
1710050 599
1710060 601
1710070 602
1710080 604
1710090 605
1710100 607
1710110 609
1710120 611
1710130 613
1710140 615
1710150 618
1710160 621
1710170 623
1710180 626
1710190 629
1710200 632
1710210 636
1710220 638
1710230 640
1710240 642
1710250 643
1710260 645
1710270 647
1710280 649
1710290 650
1710300 652
1710310 654
1710320 656
1710330 658
1710340 660
1710350 663
1710360 665
1710370 668
1710380 671
1710390 675
1710400 678
1710410 680
1710420 683
1710430 686
1710440 688
1710450 691
1710460 694
1710470 696
1710480 699
1710490 702
1710500 704
1710510 706
1710520 709
1710530 711
1710540 713
1710550 715
1710560 717
1710570 719
1710580 721
1710590 724
1710600 726
1710610 728
1710620 730
1710630 732
1710640 734
1710650 736
1710660 738
1710670 740
1710680 741
1710690 743
1710700 744
1710710 745
1710720 746
1710730 747
1710740 749
1710750 750
1710760 752
1710770 753
1710780 754
1710790 754
1710800 754
1710810 755
1710820 755
1710830 755
1710840 754
1710850 754
1710860 754
1710870 754
1710880 753
1710890 753
1710900 752
1710910 751
1710920 751
1710930 750
1710940 750
1710950 749
1710960 748
1710970 747
1710980 745
1710990 744
1711000 743
1711010 742
1711020 741
1711030 739
1711040 738
1711050 737
1711060 735
1711070 733
1711080 731
1711090 728
1711100 725
1711110 721
1711120 718
1711130 716
1711140 713
1711150 711
1711160 710
1711170 708
1711180 706
1711190 704
1711200 702
1711210 700
1711220 698
1711230 696
1711240 694
1711250 692
1711260 690
1711270 688
1711280 686
1711290 684
1711300 682
1711310 680
1711320 678
1711330 676
1711340 674
1711350 672
1711360 669
1711370 667
1711380 664
1711390 662
1711400 659
1711410 657
1711420 654
1711430 652
1711440 650
1711450 647
1711460 645
1711470 642
1711480 640
1711490 637
1711500 633
1711510 630
1711520 626
1711530 624
1711540 622
1711550 620
1711560 618
1711570 617
1711580 616
1711590 615
1711600 614
1711610 614
1711620 613
1711630 612
1711640 610
1711650 608
1711660 606
1711670 603
1711680 600
1711690 597
1711700 593
1711710 589
1711720 585
1711730 582
1711740 580
1711750 578
1711760 576
1711770 575
1711780 573
1711790 572
1711800 571
1711810 569
1711820 568
1711830 567
1711840 566
1711850 565
1711860 564
1711870 562
1711880 560
1711890 558
1711900 556
1711910 554
1711920 552
1711930 549
1711940 547
1711950 545
1711960 542
1711970 540
1711980 538
1711990 536
1712000 533
1712010 530
1712020 526
1712030 521
1712040 516
1712050 512
1712060 510
1712070 509
1712080 508
1712090 508
1712100 508
1712110 507
1712120 507
1712130 507
1712140 507
1712150 507
1712160 507
1712170 508
1712180 511
1712190 515
1712200 520
1712210 523
1712220 527
1712230 530
1712240 533
1712250 536
1712260 539
1712270 541
1712280 544
1712290 547
1712300 550
1712310 551
1712320 552
1712330 551
1712340 547
1712350 544
1712360 539
1712370 535
1712380 532
1712390 529
1712400 526
1712410 524
1712420 522
1712430 521
1712440 519
1712450 517
1712460 516
1712470 515
1712480 514
1712490 513
1712500 513
1712510 513
1712520 513
1712530 513
1712540 514
1712550 514
1712560 514
1712570 514
1712580 514
1712590 514
1712600 514
1712610 514
1712620 515
1712630 515
1712640 516
1712650 516
1712660 517
1712670 518
1712680 519
1712690 520
1712700 521
1712710 523
1712720 525
1712730 526
1712740 527
1712750 528
1712760 529
1712770 531
1712780 534
1712790 537
1712800 540
1712810 543
1712820 546
1712830 549
1712840 551
1712850 553
1712860 554
1712870 556
1712880 558
1712890 561
1712900 563
1712910 565
1712920 564
1712930 561
1712940 557
1712950 554
1712960 553
1712970 555
1712980 558
1712990 561
1713000 562
1713010 562
1713020 561
1713030 560
1713040 560
1713050 561
1713060 563
1713070 567
1713080 570
1713090 574
1713100 576
1713110 577
1713120 577
1713130 578
1713140 578
1713150 578
1713160 576
1713170 574
1713180 573
1713190 573
1713200 574
1713210 576
1713220 579
1713230 583
1713240 587
1713250 591
1713260 594
1713270 598
1713280 601
1713290 605
1713300 608
1713310 610
1713320 611
1713330 612
1713340 612
1713350 611
1713360 610
1713370 608
1713380 607
1713390 606
1713400 604
1713410 603
1713420 602
1713430 600
1713440 598
1713450 595
1713460 591
1713470 588
1713480 586
1713490 586
1713500 585
1713510 585
1713520 584
1713530 585
1713540 586
1713550 589
1713560 591
1713570 592
1713580 594
1713590 595
1713600 596
1713610 597
1713620 599
1713630 600
1713640 602
1713650 604
1713660 605
1713670 607
1713680 609
1713690 612
1713700 616
1713710 620
1713720 624
1713730 628
1713740 632
1713750 636
1713760 639
1713770 643
1713780 646
1713790 649
1713800 653
1713810 657
1713820 661
1713830 665
1713840 669
1713850 673
1713860 677
1713870 681
1713880 685
1713890 688
1713900 692
1713910 696
1713920 700
1713930 704
1713940 707
1713950 711
1713960 714
1713970 717
1713980 720
1713990 723
1714000 726
1714010 728
1714020 731
1714030 733
1714040 735
1714050 737
1714060 739
1714070 740
1714080 741
1714090 741
1714100 741
1714110 741
1714120 740
1714130 738
1714140 735
1714150 732
1714160 729
1714170 725
1714180 721
1714190 716
1714200 711
1714210 706
1714220 700
1714230 695
1714240 689
1714250 683
1714260 677
1714270 671
1714280 665
1714290 660
1714300 655
1714310 650
1714320 645
1714330 641
1714340 637
1714350 632
1714360 628
1714370 624
1714380 621
1714390 617
1714400 613
1714410 610
1714420 606
1714430 603
1714440 600
1714450 597
1714460 593
1714470 591
1714480 589
1714490 592
1714500 595
1714510 599
1714520 603
1714530 606
1714540 609
1714550 613
1714560 617
1714570 621
1714580 625
1714590 629
1714600 633
1714610 637
1714620 640
1714630 644
1714640 648
1714650 652
1714660 656
1714670 660
1714680 664
1714690 668
1714700 671
1714710 675
1714720 679
1714730 683
1714740 687
1714750 691
1714760 694
1714770 698
1714780 701
1714790 704
1714800 707
1714810 710
1714820 713
1714830 716
1714840 718
1714850 720
1714860 722
1714870 724
1714880 725
1714890 727
1714900 727
1714910 728
1714920 728
1714930 728
1714940 727
1714950 727
1714960 726
1714970 725
1714980 724
1714990 722
1715000 721
1715010 719
1715020 716
1715030 714
1715040 712
1715050 711
1715060 711
1715070 711
1715080 711
1715090 711
1715100 711
1715110 710
1715120 710
1715130 709
1715140 707
1715150 705
1715160 704
1715170 703
1715180 702
1715190 700
1715200 699
1715210 697
1715220 695
1715230 694
1715240 693
1715250 692
1715260 691
1715270 691
1715280 690
1715290 690
1715300 689
1715310 689
1715320 689
1715330 689
1715340 689
1715350 689
1715360 689
1715370 689
1715380 688
1715390 687
1715400 686
1715410 686
1715420 687
1715430 690
1715440 694
1715450 698
1715460 701
1715470 704
1715480 706
1715490 709
1715500 711
1715510 714
1715520 717
1715530 721
1715540 724
1715550 727
1715560 731
1715570 734
1715580 737
1715590 740
1715600 743
1715610 746
1715620 749
1715630 752
1715640 755
1715650 757
1715660 760
1715670 762
1715680 765
1715690 767
1715700 769
1715710 772
1715720 774
1715730 776
1715740 778
1715750 780
1715760 782
1715770 784
1715780 786
1715790 789
1715800 791
1715810 793
1715820 795
1715830 797
1715840 800
1715850 802
1715860 804
1715870 806
1715880 807
1715890 809
1715900 810
1715910 811
1715920 812
1715930 813
1715940 814
1715950 815
1715960 815
1715970 816
1715980 816
1715990 816
1716000 815
1716010 814
1716020 814
1716030 813
1716040 812
1716050 811
1716060 810
1716070 809
1716080 808
1716090 807
1716100 806
1716110 804
1716120 803
1716130 801
1716140 799
1716150 797
1716160 796
1716170 795
1716180 795
1716190 795
1716200 794
1716210 794
1716220 793
1716230 792
1716240 791
1716250 791
1716260 790
1716270 789
1716280 788
1716290 789
1716300 789
1716310 791
1716320 791
1716330 790
1716340 790
1716350 789
1716360 789
1716370 788
1716380 788
1716390 787
1716400 787
1716410 787
1716420 786
1716430 787
1716440 788
1716450 788
1716460 788
1716470 787
1716480 787
1716490 786
1716500 785
1716510 785
1716520 784
1716530 783
1716540 783
1716550 783
1716560 783
1716570 783
1716580 782
1716590 782
1716600 782
1716610 782
1716620 782
1716630 783
1716640 782
1716650 782
1716660 782
1716670 782
1716680 783
1716690 783
1716700 783
1716710 784
1716720 784
1716730 785
1716740 786
1716750 786
1716760 786
1716770 787
1716780 787
1716790 787
1716800 788
1716810 789
1716820 790
1716830 792
1716840 793
1716850 794
1716860 795
1716870 796
1716880 797
1716890 798
1716900 799
1716910 800
1716920 801
1716930 802
1716940 804
1716950 805
1716960 806
1716970 806
1716980 807
1716990 808
1717000 809
1717010 810
1717020 811
1717030 812
1717040 813
1717050 814
1717060 815
1717070 816
1717080 818
1717090 819
1717100 820
1717110 821
1717120 822
1717130 823
1717140 824
1717150 825
1717160 826
1717170 827
1717180 828
1717190 829
1717200 830
1717210 831
1717220 832
1717230 833
1717240 834
1717250 834
1717260 835
1717270 836
1717280 837
1717290 837
1717300 838
1717310 838
1717320 839
1717330 839
1717340 839
1717350 840
1717360 840
1717370 840
1717380 840
1717390 840
1717400 840
1717410 840
