1717550 893
1717560 893
1717570 893
1717580 893
1717590 893
1717600 893
1717610 892
1717620 892
1717630 892
1717640 892
1717650 892
1717660 891
1717670 891
1717680 890
1717690 891
1717700 891
1717710 892
1717720 893
1717730 894
1717740 895
1717750 896
1717760 897
1717770 898
1717780 898
1717790 898
1717800 898
1717810 898
1717820 898
1717830 898
1717840 898
1717850 898
1717860 898
1717870 898
1717880 897
1717890 897
1717900 897
1717910 896
1717920 896
1717930 895
1717940 894
1717950 894
1717960 894
1717970 895
1717980 895
1717990 894
1718000 893
1718010 891
1718020 889
1718030 886
1718040 884
1718050 882
1718060 881
1718070 879
1718080 878
1718090 877
1718100 876
1718110 875
1718120 873
1718130 871
1718140 870
1718150 869
1718160 868
1718170 866
1718180 864
1718190 862
1718200 860
1718210 858
1718220 856
1718230 854
1718240 852
1718250 851
1718260 849
1718270 847
1718280 845
1718290 842
1718300 841
1718310 838
1718320 836
1718330 833
1718340 831
1718350 828
1718360 825
1718370 822
1718380 819
1718390 815
1718400 811
1718410 807
1718420 803
1718430 799
1718440 795
1718450 792
1718460 790
1718470 787
1718480 785
1718490 782
1718500 780
1718510 777
1718520 774
1718530 771
1718540 768
1718550 766
1718560 765
1718570 763
1718580 762
1718590 761
1718600 759
1718610 758
1718620 757
1718630 755
1718640 754
1718650 752
1718660 751
1718670 750
1718680 749
1718690 747
1718700 746
1718710 744
1718720 743
1718730 741
1718740 739
1718750 737
1718760 736
1718770 733
1718780 730
1718790 727
1718800 725
1718810 724
1718820 724
1718830 723
1718840 723
1718850 722
1718860 721
1718870 721
1718880 720
1718890 719
1718900 718
1718910 718
1718920 718
1718930 717
1718940 717
1718950 716
1718960 716
1718970 715
1718980 714
1718990 713
1719000 712
1719010 710
1719020 709
1719030 708
1719040 707
1719050 705
1719060 704
1719070 703
1719080 702
1719090 702
1719100 701
1719110 700
1719120 698
1719130 695
1719140 692
1719150 691
1719160 690
1719170 688
1719180 686
1719190 684
1719200 682
1719210 681
1719220 679
1719230 676
1719240 674
1719250 672
1719260 671
1719270 669
1719280 668
1719290 667
1719300 666
1719310 665
1719320 664
1719330 663
1719340 662
1719350 661
1719360 659
1719370 658
1719380 657
1719390 656
1719400 656
1719410 655
1719420 654
1719430 653
1719440 653
1719450 653
1719460 654
1719470 654
1719480 654
1719490 655
1719500 656
1719510 658
1719520 660
1719530 663
1719540 664
1719550 666
1719560 667
1719570 669
1719580 670
1719590 670
1719600 670
1719610 669
1719620 669
1719630 667
1719640 667
1719650 666
1719660 666
1719670 665
1719680 664
1719690 662
1719700 660
1719710 659
1719720 657
1719730 655
1719740 653
1719750 652
1719760 651
1719770 649
1719780 648
1719790 650
1719800 651
1719810 653
1719820 653
1719830 654
1719840 655
1719850 655
1719860 656
1719870 657
1719880 659
1719890 660
1719900 661
1719910 662
1719920 663
1719930 664
1719940 665
1719950 667
1719960 668
1719970 670
1719980 671
1719990 672
