1700000 722
1700010 724
1700020 726
1700030 729
1700040 731
1700050 733
1700060 735
1700070 737
1700080 738
1700090 739
1700100 741
1700110 743
1700120 746
1700130 749
1700140 751
1700150 754
1700160 756
1700170 759
1700180 762
1700190 765
1700200 768
1700210 770
1700220 772
1700230 774
1700240 775
1700250 777
1700260 779
1700270 781
1700280 783
1700290 784
1700300 786
1700310 788
1700320 790
1700330 792
1700340 793
1700350 795
1700360 796
1700370 798
1700380 800
1700390 802
1700400 804
1700410 805
1700420 805
1700430 804
1700440 804
1700450 804
1700460 804
1700470 803
1700480 803
1700490 802
1700500 801
1700510 800
1700520 799
1700530 798
1700540 797
1700550 796
1700560 795
1700570 795
1700580 794
1700590 793
1700600 793
1700610 792
1700620 792
1700630 791
1700640 790
1700650 790
1700660 789
1700670 788
1700680 787
1700690 787
1700700 786
1700710 785
1700720 784
1700730 783
1700740 782
1700750 780
1700760 778
1700770 776
1700780 775
1700790 772
1700800 770
1700810 769
1700820 769
1700830 767
1700840 763
1700850 761
1700860 759
1700870 753
1700880 747
1700890 740
1700900 736
1700910 733
1700920 730
1700930 728
1700940 725
1700950 723
1700960 720
1700970 718
1700980 716
1700990 713
1701000 711
1701010 708
1701020 706
1701030 703
1701040 701
1701050 699
1701060 697
1701070 695
1701080 693
1701090 691
1701100 689
1701110 688
1701120 686
1701130 684
1701140 683
1701150 681
1701160 679
1701170 677
1701180 675
1701190 673
1701200 671
1701210 669
1701220 667
1701230 665
1701240 662
1701250 660
1701260 657
1701270 654
1701280 651
1701290 648
1701300 644
1701310 641
1701320 638
1701330 634
1701340 630
1701350 626
1701360 623
1701370 619
1701380 616
1701390 612
1701400 609
1701410 606
1701420 602
1701430 599
1701440 595
1701450 592
1701460 589
1701470 585
1701480 581
1701490 578
1701500 574
1701510 571
1701520 567
1701530 562
1701540 557
1701550 552
1701560 547
1701570 542
1701580 539
1701590 536
1701600 535
1701610 534
1701620 535
1701630 537
1701640 540
1701650 543
1701660 545
1701670 548
1701680 550
1701690 553
1701700 555
1701710 558
1701720 561
1701730 564
1701740 567
1701750 571
1701760 574
1701770 577
1701780 580
1701790 584
1701800 587
1701810 591
1701820 595
1701830 599
1701840 604
1701850 608
1701860 612
1701870 617
1701880 621
1701890 626
1701900 631
1701910 636
1701920 642
1701930 647
1701940 653
1701950 660
1701960 667
1701970 674
1701980 682
1701990 690
1702000 698
1702010 704
1702020 707
1702030 707
1702040 705
1702050 703
1702060 701
1702070 699
1702080 698
1702090 697
1702100 696
1702110 696
1702120 695
1702130 695
1702140 695
1702150 695
1702160 695
1702170 695
1702180 695
1702190 696
1702200 696
1702210 697
1702220 697
1702230 697
1702240 697
1702250 697
1702260 697
1702270 697
1702280 697
1702290 697
1702300 697
1702310 698
1702320 698
1702330 698
1702340 698
1702350 698
1702360 698
1702370 697
1702380 697
1702390 697
1702400 697
1702410 696
1702420 696
1702430 696
1702440 695
1702450 695
1702460 694
1702470 694
1702480 693
1702490 693
1702500 692
1702510 692
1702520 691
1702530 690
1702540 689
1702550 688
1702560 688
1702570 686
1702580 685
1702590 684
1702600 683
1702610 681
1702620 680
1702630 679
1702640 678
1702650 677
1702660 675
1702670 674
1702680 673
1702690 672
1702700 671
1702710 670
1702720 669
1702730 668
1702740 667
1702750 665
1702760 664
1702770 663
1702780 663
1702790 662
1702800 661
1702810 660
1702820 659
1702830 657
1702840 656
1702850 656
1702860 656
1702870 656
1702880 655
1702890 654
1702900 653
1702910 651
1702920 649
1702930 647
1702940 645
1702950 643
1702960 642
1702970 640
1702980 639
1702990 638
1703000 637
1703010 636
1703020 635
1703030 634
1703040 632
1703050 630
1703060 628
1703070 626
1703080 624
1703090 622
1703100 620
1703110 618
1703120 616
1703130 614
1703140 612
1703150 611
1703160 609
1703170 607
1703180 605
1703190 602
1703200 598
1703210 594
1703220 591
1703230 588
1703240 586
1703250 585
1703260 584
1703270 584
1703280 583
1703290 582
1703300 581
1703310 579
1703320 578
1703330 576
1703340 574
1703350 573
1703360 571
1703370 570
1703380 568
1703390 567
1703400 565
1703410 564
1703420 562
1703430 561
1703440 560
1703450 560
1703460 559
1703470 558
1703480 558
1703490 557
1703500 557
1703510 557
1703520 556
1703530 556
1703540 555
1703550 555
1703560 554
1703570 553
1703580 553
1703590 552
1703600 551
1703610 551
1703620 550
1703630 550
1703640 549
1703650 549
1703660 549
1703670 548
1703680 548
1703690 548
1703700 547
1703710 546
1703720 546
1703730 546
1703740 545
1703750 543
1703760 542
1703770 540
1703780 538
1703790 535
1703800 533
1703810 530
1703820 527
1703830 524
1703840 520
1703850 516
1703860 511
1703870 506
1703880 502
1703890 497
1703900 494
1703910 491
1703920 488
1703930 487
1703940 485
1703950 484
1703960 482
1703970 483
1703980 485
1703990 488
1704000 491
1704010 494
1704020 497
1704030 502
1704040 505
1704050 508
1704060 510
1704070 513
1704080 515
1704090 518
1704100 520
1704110 522
1704120 525
1704130 528
1704140 533
1704150 534
1704160 535
1704170 537
1704180 539
1704190 540
1704200 542
1704210 545
1704220 548
1704230 551
1704240 552
1704250 552
1704260 551
1704270 551
1704280 550
1704290 549
1704300 548
1704310 547
1704320 546
1704330 544
1704340 542
1704350 541
1704360 539
1704370 538
1704380 537
1704390 535
1704400 534
1704410 533
1704420 531
1704430 530
1704440 529
1704450 529
1704460 528
1704470 527
1704480 527
1704490 526
1704500 526
1704510 526
1704520 525
1704530 525
1704540 524
1704550 523
1704560 522
1704570 523
1704580 523
1704590 523
1704600 522
1704610 521
1704620 521
1704630 519
1704640 518
1704650 518
1704660 517
1704670 516
1704680 514
1704690 513
1704700 512
1704710 511
1704720 511
1704730 511
1704740 511
1704750 511
1704760 511
1704770 512
1704780 512
1704790 512
1704800 513
1704810 513
1704820 513
1704830 514
1704840 514
1704850 515
1704860 515
1704870 515
1704880 516
1704890 516
1704900 517
1704910 517
1704920 518
1704930 518
1704940 519
1704950 519
1704960 519
1704970 521
1704980 522
1704990 525
1705000 525
1705010 525
1705020 524
1705030 524
1705040 524
1705050 525
1705060 526
1705070 528
1705080 530
1705090 532
1705100 534
1705110 536
1705120 538
1705130 540
1705140 542
1705150 544
1705160 547
1705170 550
1705180 552
1705190 555
1705200 558
1705210 561
1705220 564
1705230 567
1705240 570
1705250 573
1705260 576
1705270 579
1705280 581
1705290 584
1705300 586
1705310 588
1705320 590
1705330 592
1705340 594
1705350 596
1705360 598
1705370 600
1705380 602
1705390 604
1705400 606
1705410 609
1705420 611
1705430 613
1705440 615
1705450 618
1705460 620
1705470 623
1705480 626
1705490 629
1705500 632
1705510 635
1705520 638
1705530 641
1705540 644
1705550 647
1705560 651
1705570 654
1705580 656
1705590 659
1705600 662
1705610 666
1705620 669
1705630 672
1705640 676
1705650 679
1705660 682
1705670 686
1705680 689
1705690 693
1705700 696
1705710 700
1705720 703
1705730 706
1705740 709
1705750 712
1705760 714
1705770 716
1705780 718
1705790 720
1705800 721
1705810 723
1705820 724
1705830 725
1705840 725
1705850 726
1705860 727
1705870 728
1705880 729
1705890 730
1705900 731
1705910 732
1705920 732
1705930 732
1705940 732
1705950 732
1705960 731
1705970 731
1705980 730
1705990 730
1706000 729
1706010 728
1706020 727
1706030 726
1706040 726
1706050 725
1706060 725
1706070 725
1706080 724
1706090 724
1706100 723
1706110 722
1706120 720
1706130 718
1706140 714
1706150 711
1706160 708
1706170 705
1706180 702
1706190 700
1706200 697
1706210 695
1706220 693
1706230 691
1706240 690
1706250 688
1706260 687
1706270 685
1706280 683
1706290 680
1706300 677
1706310 674
1706320 672
1706330 670
1706340 668
1706350 667
1706360 665
1706370 663
1706380 661
1706390 659
1706400 657
1706410 655
1706420 652
1706430 650
1706440 647
1706450 644
1706460 644
1706470 645
1706480 646
1706490 648
1706500 650
1706510 652
1706520 655
1706530 657
1706540 660
1706550 662
1706560 665
1706570 668
1706580 670
1706590 673
1706600 676
1706610 678
1706620 681
1706630 684
1706640 686
1706650 689
1706660 691
1706670 693
1706680 695
1706690 697
1706700 698
1706710 699
1706720 700
1706730 701
1706740 701
1706750 702
1706760 702
1706770 702
1706780 702
1706790 702
1706800 701
1706810 700
1706820 699
1706830 698
1706840 697
1706850 695
1706860 694
1706870 692
1706880 690
1706890 688
1706900 685
1706910 683
1706920 680
1706930 678
1706940 675
1706950 673
1706960 671
1706970 668
1706980 666
1706990 663
1707000 661
1707010 659
1707020 657
1707030 655
1707040 653
1707050 651
1707060 649
1707070 648
1707080 646
1707090 644
1707100 641
1707110 640
1707120 637
1707130 635
1707140 633
1707150 631
1707160 630
1707170 630
1707180 631
1707190 631
1707200 631
1707210 631
1707220 631
1707230 632
1707240 632
1707250 632
1707260 632
1707270 633
1707280 633
1707290 633
1707300 633
1707310 631
1707320 630
1707330 631
1707340 634
1707350 639
1707360 642
1707370 645
1707380 647
1707390 648
1707400 650
1707410 651
1707420 652
1707430 653
1707440 654
1707450 656
1707460 657
1707470 658
1707480 659
1707490 661
1707500 662
1707510 664
1707520 666
1707530 668
1707540 670
1707550 673
1707560 675
1707570 678
1707580 681
1707590 684
1707600 687
1707610 689
1707620 692
1707630 695
1707640 697
1707650 699
1707660 701
1707670 703
1707680 705
1707690 707
1707700 710
1707710 712
1707720 714
1707730 715
1707740 715
1707750 715
1707760 715
1707770 715
1707780 715
1707790 715
1707800 716
1707810 717
1707820 717
1707830 719
1707840 720
1707850 722
1707860 724
1707870 727
1707880 729
1707890 731
1707900 734
1707910 736
1707920 738
1707930 739
1707940 741
1707950 742
1707960 743
1707970 744
1707980 745
1707990 745
1708000 745
1708010 745
1708020 745
1708030 745
1708040 745
1708050 745
1708060 744
1708070 744
1708080 743
1708090 742
1708100 742
1708110 741
1708120 740
1708130 738
1708140 737
1708150 736
1708160 734
1708170 733
1708180 731
1708190 730
1708200 728
1708210 726
1708220 724
1708230 722
1708240 720
1708250 718
1708260 715
1708270 713
1708280 712
1708290 710
1708300 708
1708310 706
1708320 704
1708330 702
1708340 700
1708350 698
1708360 696
1708370 693
1708380 691
1708390 687
1708400 685
1708410 683
1708420 682
1708430 680
1708440 679
1708450 677
1708460 676
1708470 675
1708480 674
1708490 673
1708500 672
1708510 671
1708520 670
1708530 669
1708540 668
1708550 668
1708560 667
1708570 666
1708580 664
1708590 663
1708600 662
1708610 660
1708620 659
1708630 658
1708640 657
1708650 656
1708660 655
1708670 653
1708680 652
1708690 650
1708700 649
1708710 648
1708720 646
1708730 645
1708740 643
1708750 641
1708760 640
1708770 638
1708780 637
1708790 636
1708800 635
1708810 634
1708820 633
1708830 632
1708840 631
1708850 629
1708860 627
1708870 624
1708880 621
1708890 619
1708900 618
1708910 618
1708920 617
1708930 615
1708940 613
1708950 611
1708960 610
1708970 608
1708980 607
1708990 606
1709000 605
1709010 603
1709020 602
1709030 601
1709040 600
1709050 600
1709060 599
1709070 597
1709080 596
1709090 596
1709100 595
1709110 595
1709120 594
1709130 592
1709140 591
1709150 590
1709160 588
1709170 587
1709180 586
1709190 585
1709200 583
1709210 581
1709220 579
1709230 577
1709240 577
1709250 577
1709260 577
1709270 578
1709280 579
1709290 580
1709300 581
1709310 581
1709320 581
1709330 581
1709340 582
1709350 582
1709360 583
1709370 583
1709380 583
1709390 582
1709400 581
1709410 579
1709420 578
1709430 578
1709440 578
1709450 579
1709460 580
1709470 581
1709480 583
1709490 584
1709500 584
1709510 582
1709520 579
1709530 577
1709540 575
1709550 574
1709560 572
1709570 571
1709580 570
1709590 568
1709600 567
1709610 565
1709620 564
1709630 563
1709640 561
1709650 560
1709660 559
1709670 558
1709680 558
1709690 557
1709700 556
1709710 555
1709720 553
1709730 552
1709740 551
1709750 550
1709760 549
1709770 548
1709780 547
1709790 546
1709800 545
1709810 545
1709820 544
1709830 544
1709840 544
1709850 544
1709860 543
1709870 542
1709880 541
1709890 540
1709900 539
1709910 538
1709920 536
1709930 533
1709940 530
1709950 528
1709960 526
1709970 524
1709980 523
1709990 522
1710000 521
1710010 519
1710020 517
1710030 516
1710040 514
1710050 512
1710060 510
1710070 507
1710080 505
1710090 503
1710100 502
1710110 502
1710120 502
1710130 502
1710140 501
1710150 499
1710160 499
1710170 499
1710180 498
1710190 497
1710200 495
1710210 494
1710220 494
1710230 494
1710240 494
1710250 495
1710260 497
1710270 499
1710280 501
1710290 504
1710300 506
1710310 509
1710320 510
1710330 512
1710340 514
1710350 516
1710360 518
1710370 519
1710380 520
1710390 521
1710400 521
1710410 521
1710420 522
1710430 521
1710440 521
1710450 521
1710460 522
1710470 522
1710480 523
1710490 523
1710500 523
1710510 524
1710520 524
1710530 523
1710540 523
1710550 522
1710560 522
1710570 521
1710580 520
1710590 519
1710600 518
1710610 517
1710620 516
1710630 514
1710640 512
1710650 509
1710660 506
1710670 503
1710680 500
1710690 497
1710700 493
1710710 490
1710720 487
1710730 484
1710740 480
1710750 476
1710760 472
1710770 468
1710780 464
1710790 462
1710800 460
1710810 459
1710820 459
1710830 458
1710840 458
1710850 458
1710860 458
1710870 458
1710880 458
1710890 458
1710900 458
1710910 458
1710920 458
1710930 457
1710940 457
1710950 457
1710960 457
1710970 457
1710980 457
1710990 457
1711000 457
1711010 457
1711020 457
1711030 457
1711040 456
1711050 456
1711060 455
1711070 455
1711080 455
1711090 456
1711100 456
1711110 457
1711120 457
1711130 457
1711140 457
1711150 457
1711160 457
1711170 457
1711180 458
1711190 458
1711200 460
1711210 461
1711220 463
1711230 465
1711240 466
1711250 468
1711260 471
1711270 473
1711280 474
1711290 475
1711300 476
1711310 477
1711320 478
1711330 478
1711340 479
1711350 480
1711360 480
1711370 481
1711380 481
1711390 481
1711400 481
1711410 481
1711420 480
1711430 479
1711440 478
1711450 476
1711460 475
1711470 475
1711480 474
1711490 473
1711500 473
1711510 474
1711520 475
1711530 475
1711540 476
1711550 477
1711560 478
1711570 479
1711580 480
1711590 481
1711600 482
1711610 483
1711620 484
1711630 485
1711640 486
1711650 487
1711660 488
1711670 490
1711680 491
1711690 493
1711700 494
1711710 495
1711720 496
1711730 497
1711740 498
1711750 500
1711760 501
1711770 502
1711780 504
1711790 505
1711800 506
1711810 507
1711820 508
1711830 509
1711840 510
1711850 511
1711860 512
1711870 513
1711880 515
1711890 516
1711900 517
1711910 518
1711920 519
1711930 520
1711940 521
1711950 521
1711960 522
1711970 523
1711980 524
1711990 524
1712000 525
1712010 526
1712020 527
1712030 528
1712040 529
1712050 529
1712060 530
1712070 531
1712080 531
1712090 532
1712100 533
1712110 534
1712120 534
1712130 534
1712140 535
1712150 535
1712160 535
1712170 535
1712180 535
1712190 536
1712200 536
1712210 536
1712220 536
1712230 536
1712240 536
1712250 536
1712260 536
1712270 536
1712280 535
1712290 535
1712300 535
1712310 535
1712320 535
1712330 535
1712340 534
1712350 534
1712360 533
1712370 532
1712380 531
1712390 531
1712400 530
1712410 530
1712420 530
1712430 531
1712440 532
1712450 533
1712460 534
1712470 536
1712480 538
1712490 540
1712500 542
1712510 545
1712520 548
1712530 551
1712540 555
1712550 558
1712560 561
1712570 564
1712580 566
1712590 569
1712600 571
1712610 573
1712620 575
1712630 578
1712640 580
1712650 583
1712660 585
1712670 588
1712680 592
1712690 595
1712700 599
1712710 603
1712720 606
1712730 610
1712740 616
1712750 624
1712760 636
1712770 644
1712780 651
1712790 654
1712800 656
1712810 658
1712820 659
1712830 662
1712840 665
1712850 668
1712860 671
1712870 674
1712880 678
1712890 681
1712900 686
1712910 691
1712920 694
1712930 697
1712940 700
1712950 702
1712960 704
1712970 704
1712980 705
1712990 707
1713000 709
1713010 710
1713020 710
1713030 711
1713040 711
1713050 712
1713060 712
1713070 713
1713080 714
1713090 715
1713100 716
1713110 718
1713120 719
1713130 719
1713140 720
1713150 720
1713160 720
1713170 721
1713180 721
1713190 722
1713200 722
1713210 724
1713220 725
1713230 726
1713240 727
1713250 729
1713260 730
1713270 732
1713280 733
1713290 734
1713300 735
1713310 736
1713320 737
1713330 738
1713340 739
1713350 740
1713360 741
1713370 743
1713380 744
1713390 745
1713400 746
1713410 747
1713420 748
1713430 748
1713440 747
1713450 746
1713460 745
1713470 744
1713480 743
1713490 742
1713500 742
1713510 741
1713520 740
1713530 740
1713540 740
1713550 739
1713560 739
1713570 739
1713580 739
1713590 738
1713600 738
1713610 737
1713620 737
1713630 737
1713640 736
1713650 736
1713660 735
1713670 734
1713680 734
1713690 734
1713700 734
1713710 735
1713720 736
1713730 737
1713740 738
1713750 739
1713760 740
1713770 741
1713780 742
1713790 743
1713800 744
1713810 745
1713820 746
1713830 747
1713840 748
1713850 749
1713860 750
1713870 751
1713880 752
1713890 753
1713900 754
1713910 755
1713920 756
1713930 756
1713940 757
1713950 758
1713960 759
1713970 760
1713980 761
1713990 763
1714000 765
1714010 767
1714020 768
1714030 769
1714040 770
1714050 771
1714060 771
1714070 772
1714080 773
1714090 774
1714100 774
1714110 775
1714120 776
1714130 777
1714140 778
1714150 779
1714160 780
1714170 781
1714180 782
1714190 783
1714200 784
1714210 786
1714220 787
1714230 789
1714240 790
1714250 791
1714260 792
1714270 793
1714280 794
1714290 795
1714300 795
1714310 795
1714320 796
1714330 796
1714340 795
1714350 795
1714360 794
1714370 794
1714380 792
1714390 791
1714400 792
1714410 793
1714420 795
1714430 796
1714440 798
1714450 800
1714460 801
1714470 803
1714480 805
1714490 807
1714500 809
1714510 811
1714520 813
1714530 815
1714540 817
1714550 818
1714560 820
1714570 822
1714580 824
1714590 825
1714600 827
1714610 828
1714620 828
1714630 828
1714640 828
1714650 826
1714660 825
1714670 822
1714680 820
1714690 817
1714700 815
1714710 813
1714720 811
1714730 809
1714740 807
1714750 805
1714760 802
1714770 800
1714780 797
1714790 795
1714800 793
1714810 790
1714820 788
1714830 788
1714840 788
1714850 789
1714860 791
1714870 793
1714880 794
1714890 797
1714900 799
1714910 801
1714920 804
1714930 806
1714940 808
1714950 811
1714960 813
1714970 814
1714980 815
1714990 816
1715000 817
1715010 817
1715020 817
1715030 816
1715040 815
1715050 814
1715060 813
1715070 812
1715080 810
1715090 809
1715100 807
1715110 805
1715120 804
1715130 802
1715140 800
1715150 798
1715160 797
1715170 795
1715180 792
1715190 790
1715200 789
1715210 787
1715220 785
1715230 782
1715240 780
1715250 778
1715260 777
1715270 775
1715280 774
1715290 772
1715300 771
1715310 770
1715320 768
1715330 767
1715340 765
1715350 763
1715360 761
1715370 758
1715380 755
1715390 752
1715400 749
1715410 746
1715420 743
1715430 741
1715440 739
1715450 738
1715460 737
1715470 736
1715480 735
1715490 734
1715500 733
1715510 731
1715520 730
1715530 728
1715540 727
1715550 725
1715560 723
1715570 721
1715580 720
1715590 718
1715600 716
1715610 715
1715620 713
1715630 711
1715640 710
1715650 708
1715660 707
1715670 705
1715680 703
1715690 701
1715700 699
1715710 697
1715720 695
1715730 693
1715740 690
1715750 687
1715760 684
1715770 679
1715780 674
1715790 669
1715800 664
1715810 659
1715820 654
1715830 649
1715840 644
1715850 640
1715860 635
1715870 631
1715880 626
1715890 622
1715900 618
1715910 613
1715920 609
1715930 604
1715940 600
1715950 595
1715960 591
1715970 587
1715980 582
1715990 578
1716000 574
1716010 570
1716020 566
1716030 562
1716040 558
1716050 555
1716060 552
1716070 550
1716080 547
1716090 544
1716100 542
1716110 539
1716120 537
1716130 535
1716140 534
1716150 533
1716160 532
1716170 534
1716180 537
1716190 541
1716200 546
1716210 550
1716220 554
1716230 558
1716240 562
1716250 566
1716260 570
1716270 573
1716280 576
1716290 578
1716300 579
1716310 581
1716320 583
1716330 585
1716340 588
1716350 591
1716360 595
1716370 598
1716380 602
1716390 606
1716400 610
1716410 614
1716420 618
1716430 621
1716440 625
1716450 629
1716460 633
1716470 637
1716480 641
1716490 645
1716500 648
1716510 652
1716520 656
1716530 659
1716540 663
1716550 667
1716560 670
1716570 674
1716580 677
1716590 681
1716600 684
1716610 687
1716620 689
1716630 692
1716640 695
1716650 697
1716660 700
1716670 702
1716680 703
1716690 703
1716700 703
1716710 703
1716720 702
1716730 702
1716740 700
1716750 698
1716760 696
1716770 693
1716780 690
1716790 687
1716800 684
1716810 681
1716820 678
1716830 675
1716840 673
1716850 671
1716860 671
1716870 671
1716880 672
1716890 672
1716900 671
1716910 671
1716920 671
1716930 671
1716940 671
1716950 671
1716960 670
1716970 669
1716980 668
1716990 667
1717000 666
1717010 666
1717020 666
1717030 665
1717040 665
1717050 665
1717060 666
1717070 666
1717080 666
1717090 666
1717100 666
1717110 666
1717120 666
1717130 666
1717140 666
1717150 666
1717160 666
1717170 665
1717180 665
1717190 664
1717200 663
1717210 662
1717220 661
1717230 660
1717240 658
1717250 657
1717260 656
1717270 654
1717280 652
1717290 648
1717300 644
1717310 639
1717320 635
1717330 631
1717340 627
1717350 623
1717360 620
1717370 616
1717380 612
1717390 608
1717400 604
1717410 600
1717420 596
1717430 592
1717440 589
1717450 587
1717460 589
1717470 593
1717480 597
1717490 602
1717500 607
1717510 610
1717520 611
1717530 612
1717540 613
1717550 613
1717560 614
1717570 614
1717580 614
1717590 614
1717600 614
1717610 614
1717620 614
1717630 614
1717640 614
1717650 615
1717660 616
1717670 617
1717680 618
1717690 619
1717700 620
1717710 622
1717720 623
1717730 624
1717740 625
1717750 626
1717760 627
1717770 628
1717780 629
1717790 630
1717800 630
1717810 630
1717820 631
1717830 631
1717840 631
1717850 632
1717860 631
1717870 631
1717880 631
1717890 632
1717900 632
1717910 632
1717920 632
1717930 632
1717940 633
1717950 633
1717960 634
1717970 635
1717980 636
1717990 638
1718000 639
1718010 639
1718020 639
1718030 639
1718040 640
1718050 640
1718060 640
1718070 641
1718080 642
1718090 644
1718100 645
1718110 645
1718120 646
1718130 647
1718140 647
1718150 648
1718160 650
1718170 652
1718180 654
1718190 657
1718200 660
1718210 663
1718220 667
1718230 670
1718240 673
1718250 676
1718260 679
1718270 682
1718280 684
1718290 687
1718300 689
1718310 692
1718320 694
1718330 697
1718340 699
1718350 702
1718360 705
1718370 707
1718380 709
1718390 712
1718400 715
1718410 718
1718420 721
1718430 724
1718440 726
1718450 729
1718460 732
1718470 735
1718480 738
1718490 740
1718500 743
1718510 746
1718520 749
1718530 752
1718540 755
1718550 758
1718560 761
1718570 763
1718580 766
1718590 768
1718600 770
1718610 772
1718620 774
1718630 776
1718640 779
1718650 781
1718660 783
1718670 786
1718680 790
1718690 792
1718700 794
1718710 793
1718720 792
1718730 791
1718740 789
1718750 787
1718760 786
1718770 786
1718780 786
1718790 786
1718800 787
1718810 787
1718820 788
1718830 788
1718840 790
1718850 792
1718860 793
1718870 796
1718880 798
1718890 801
1718900 805
1718910 809
1718920 813
1718930 818
1718940 822
1718950 823
1718960 823
1718970 823
1718980 824
1718990 824
1719000 823
1719010 823
1719020 822
1719030 822
1719040 821
1719050 820
1719060 819
1719070 818
1719080 817
1719090 816
1719100 815
1719110 814
1719120 813
1719130 812
1719140 811
1719150 810
1719160 810
1719170 809
1719180 808
1719190 808
1719200 808
1719210 807
1719220 807
1719230 807
1719240 806
1719250 805
1719260 805
1719270 804
1719280 803
1719290 802
1719300 801
1719310 799
1719320 797
1719330 795
1719340 793
1719350 790
1719360 788
1719370 786
1719380 784
1719390 782
1719400 780
1719410 778
1719420 776
1719430 774
1719440 773
1719450 772
1719460 772
1719470 771
1719480 771
1719490 771
1719500 773
1719510 774
1719520 776
1719530 777
1719540 779
1719550 780
1719560 781
1719570 782
1719580 783
1719590 784
1719600 785
1719610 786
1719620 786
1719630 786
1719640 787
1719650 787
1719660 787
1719670 788
1719680 788
1719690 788
1719700 787
1719710 787
1719720 787
1719730 787
1719740 786
1719750 785
1719760 785
1719770 784
1719780 783
1719790 783
1719800 782
1719810 781
1719820 780
1719830 779
1719840 778
1719850 778
1719860 777
1719870 776
1719880 775
1719890 774
1719900 772
1719910 771
1719920 769
1719930 767
1719940 765
1719950 763
1719960 762
1719970 760
1719980 758
1719990 756
