1700000 685
1700010 680
1700020 675
1700030 669
1700040 664
1700050 661
1700060 659
1700070 658
1700080 652
1700090 645
1700100 636
1700110 633
1700120 631
1700130 630
1700140 627
1700150 625
1700160 623
1700170 620
1700180 618
1700190 616
1700200 614
1700210 611
1700220 609
1700230 606
1700240 602
1700250 599
1700260 596
1700270 592
1700280 588
1700290 584
1700300 582
1700310 581
1700320 581
1700330 581
1700340 582
1700350 582
1700360 582
1700370 582
1700380 582
1700390 583
1700400 583
1700410 583
1700420 582
1700430 582
1700440 581
1700450 581
1700460 580
1700470 580
1700480 580
1700490 580
1700500 580
1700510 580
1700520 579
1700530 579
1700540 579
1700550 578
1700560 577
1700570 577
1700580 576
1700590 575
1700600 574
1700610 574
1700620 573
1700630 572
1700640 572
1700650 571
1700660 570
1700670 570
1700680 568
1700690 567
1700700 565
1700710 564
1700720 563
1700730 562
1700740 562
1700750 562
1700760 561
1700770 559
1700780 558
1700790 556
1700800 555
1700810 554
1700820 553
1700830 553
1700840 552
1700850 552
1700860 551
1700870 551
1700880 551
1700890 551
1700900 551
1700910 551
1700920 550
1700930 550
1700940 550
1700950 550
1700960 550
1700970 550
1700980 550
1700990 550
1701000 550
1701010 549
1701020 549
1701030 549
1701040 549
1701050 549
1701060 549
1701070 549
1701080 548
1701090 548
1701100 548
1701110 547
1701120 547
1701130 547
1701140 548
1701150 550
1701160 551
1701170 552
1701180 553
1701190 553
1701200 553
1701210 553
1701220 552
1701230 552
1701240 552
1701250 553
1701260 555
1701270 557
1701280 559
1701290 562
1701300 565
1701310 568
1701320 571
1701330 574
1701340 577
1701350 580
1701360 582
1701370 585
1701380 587
1701390 589
1701400 590
1701410 591
1701420 591
1701430 589
1701440 586
1701450 582
1701460 577
1701470 572
1701480 568
1701490 564
1701500 561
1701510 557
1701520 555
1701530 554
1701540 555
1701550 556
1701560 560
1701570 562
1701580 564
1701590 566
1701600 568
1701610 571
1701620 574
1701630 577
1701640 580
1701650 583
1701660 586
1701670 588
1701680 590
1701690 593
1701700 596
1701710 599
1701720 602
1701730 605
1701740 607
1701750 610
1701760 613
1701770 616
1701780 619
1701790 622
1701800 624
1701810 627
1701820 629
1701830 632
1701840 634
1701850 636
1701860 638
1701870 640
1701880 642
1701890 644
1701900 646
1701910 648
1701920 650
1701930 652
1701940 653
1701950 655
1701960 657
1701970 658
1701980 659
1701990 659
1702000 659
1702010 660
1702020 662
1702030 663
1702040 664
1702050 666
1702060 668
1702070 670
1702080 671
1702090 672
1702100 673
1702110 674
1702120 675
1702130 675
1702140 676
1702150 677
1702160 678
1702170 679
1702180 680
1702190 681
1702200 682
1702210 682
1702220 683
1702230 683
1702240 684
1702250 683
1702260 683
1702270 683
1702280 682
1702290 682
1702300 681
1702310 681
1702320 680
1702330 680
1702340 679
1702350 679
1702360 679
1702370 678
1702380 678
1702390 678
1702400 678
1702410 678
1702420 679
1702430 679
1702440 680
1702450 680
1702460 680
1702470 679
1702480 679
1702490 678
1702500 678
1702510 678
1702520 677
1702530 677
1702540 676
1702550 676
1702560 675
1702570 675
1702580 675
1702590 674
1702600 674
1702610 674
1702620 674
1702630 674
1702640 674
1702650 674
1702660 675
1702670 675
1702680 676
1702690 677
1702700 678
1702710 679
1702720 681
1702730 682
1702740 682
1702750 683
1702760 684
1702770 685
1702780 687
1702790 688
1702800 689
1702810 689
1702820 689
1702830 689
1702840 689
1702850 688
1702860 688
1702870 688
1702880 687
1702890 687
1702900 686
1702910 686
1702920 686
1702930 685
1702940 685
1702950 685
1702960 684
1702970 684
1702980 684
1702990 683
1703000 683
1703010 683
1703020 683
1703030 682
1703040 682
1703050 682
1703060 681
1703070 681
1703080 680
1703090 679
1703100 679
1703110 678
1703120 677
1703130 676
1703140 674
1703150 673
1703160 671
1703170 667
1703180 664
1703190 660
1703200 657
1703210 655
1703220 652
1703230 650
1703240 647
1703250 645
1703260 643
1703270 641
1703280 639
1703290 638
1703300 636
1703310 634
1703320 633
1703330 631
1703340 629
1703350 627
1703360 624
1703370 621
1703380 617
1703390 613
1703400 609
1703410 605
1703420 601
1703430 597
1703440 594
1703450 591
1703460 587
1703470 584
1703480 582
1703490 579
1703500 576
1703510 573
1703520 570
1703530 567
1703540 564
1703550 562
1703560 562
1703570 561
1703580 561
1703590 561
1703600 560
1703610 560
1703620 559
1703630 560
1703640 561
1703650 561
1703660 559
1703670 555
1703680 551
1703690 547
1703700 545
1703710 544
1703720 541
1703730 538
1703740 534
1703750 531
1703760 527
1703770 523
1703780 519
1703790 514
1703800 509
1703810 504
1703820 500
1703830 498
1703840 501
1703850 505
1703860 508
1703870 512
1703880 515
1703890 517
1703900 517
1703910 517
1703920 516
1703930 516
1703940 516
1703950 515
1703960 514
1703970 511
1703980 509
1703990 506
1704000 501
1704010 494
1704020 485
1704030 480
1704040 477
1704050 477
1704060 478
1704070 482
1704080 488
1704090 495
1704100 501
1704110 507
1704120 513
1704130 518
1704140 524
1704150 530
1704160 537
1704170 543
1704180 548
1704190 552
1704200 557
1704210 562
1704220 566
1704230 571
1704240 575
1704250 580
1704260 584
1704270 589
1704280 593
1704290 598
1704300 603
1704310 607
1704320 609
1704330 610
1704340 610
1704350 609
1704360 608
1704370 607
1704380 605
1704390 604
1704400 602
1704410 600
1704420 597
1704430 595
1704440 593
1704450 591
1704460 589
1704470 588
1704480 587
1704490 586
1704500 585
1704510 584
1704520 583
1704530 582
1704540 580
1704550 579
1704560 578
1704570 576
1704580 573
1704590 570
1704600 566
1704610 563
1704620 559
1704630 555
1704640 552
1704650 548
1704660 544
1704670 539
1704680 536
1704690 533
1704700 531
1704710 528
1704720 526
1704730 523
1704740 520
1704750 516
1704760 512
1704770 507
1704780 502
1704790 498
1704800 495
1704810 493
1704820 493
1704830 495
1704840 499
1704850 503
1704860 506
1704870 509
1704880 512
1704890 514
1704900 518
1704910 522
1704920 526
1704930 530
1704940 534
1704950 537
1704960 540
1704970 542
1704980 545
1704990 547
1705000 550
1705010 553
1705020 556
1705030 559
1705040 560
1705050 560
1705060 560
1705070 560
1705080 561
1705090 562
1705100 563
1705110 565
1705120 566
1705130 568
1705140 569
1705150 571
1705160 573
1705170 576
1705180 578
1705190 580
1705200 581
1705210 582
1705220 583
1705230 584
1705240 585
1705250 586
1705260 587
1705270 588
1705280 589
1705290 590
1705300 591
1705310 592
1705320 593
1705330 594
1705340 595
1705350 596
1705360 597
1705370 598
1705380 598
1705390 599
1705400 599
1705410 599
1705420 598
1705430 598
1705440 598
1705450 597
1705460 597
1705470 597
1705480 598
1705490 598
1705500 599
1705510 601
1705520 602
1705530 603
1705540 605
1705550 606
1705560 607
1705570 607
1705580 606
1705590 605
1705600 604
1705610 603
1705620 603
1705630 603
1705640 602
1705650 601
1705660 601
1705670 600
1705680 599
1705690 599
1705700 598
1705710 596
1705720 594
1705730 592
1705740 591
1705750 594
1705760 597
1705770 601
1705780 603
1705790 604
1705800 605
1705810 605
1705820 606
1705830 607
1705840 608
1705850 609
1705860 610
1705870 611
1705880 612
1705890 613
1705900 614
1705910 615
1705920 616
1705930 617
1705940 618
1705950 620
1705960 621
1705970 622
1705980 624
1705990 625
1706000 627
1706010 628
1706020 629
1706030 630
1706040 631
1706050 632
1706060 633
1706070 634
1706080 636
1706090 637
1706100 638
1706110 640
1706120 641
1706130 642
1706140 644
1706150 645
1706160 647
1706170 649
1706180 650
1706190 652
1706200 654
1706210 655
1706220 657
1706230 659
1706240 660
1706250 661
1706260 662
1706270 662
1706280 663
1706290 663
1706300 663
1706310 663
1706320 662
1706330 662
1706340 660
1706350 658
1706360 657
1706370 655
1706380 654
1706390 653
1706400 652
1706410 652
1706420 651
1706430 651
1706440 651
1706450 649
1706460 648
1706470 646
1706480 645
1706490 643
1706500 641
1706510 639
1706520 637
1706530 635
1706540 633
1706550 631
1706560 629
1706570 627
1706580 625
1706590 623
1706600 621
1706610 620
1706620 618
1706630 617
1706640 616
1706650 614
1706660 613
1706670 612
1706680 611
1706690 609
1706700 608
1706710 607
1706720 606
1706730 605
1706740 603
1706750 601
1706760 600
1706770 599
1706780 601
1706790 601
1706800 602
1706810 602
1706820 602
1706830 602
1706840 602
1706850 601
1706860 601
1706870 600
1706880 598
1706890 596
1706900 594
1706910 592
1706920 590
1706930 590
1706940 590
1706950 591
1706960 591
1706970 592
1706980 593
1706990 595
1707000 597
1707010 598
1707020 599
1707030 600
1707040 601
1707050 602
1707060 603
1707070 605
1707080 607
1707090 609
1707100 611
1707110 614
1707120 616
1707130 619
1707140 621
1707150 623
1707160 625
1707170 628
1707180 630
1707190 632
1707200 634
1707210 636
1707220 637
1707230 638
1707240 638
1707250 637
1707260 637
1707270 637
1707280 637
1707290 638
1707300 639
1707310 640
1707320 641
1707330 642
1707340 644
1707350 645
1707360 647
1707370 649
1707380 651
1707390 653
1707400 654
1707410 656
1707420 658
1707430 660
1707440 663
1707450 665
1707460 667
1707470 669
1707480 671
1707490 673
1707500 675
1707510 676
1707520 678
1707530 679
1707540 680
1707550 682
1707560 683
1707570 685
1707580 686
1707590 687
1707600 689
1707610 690
1707620 691
1707630 693
1707640 695
1707650 697
1707660 699
1707670 702
1707680 705
1707690 707
1707700 710
1707710 713
1707720 716
1707730 719
1707740 722
1707750 726
1707760 729
1707770 732
1707780 736
1707790 739
1707800 743
1707810 747
1707820 750
1707830 754
1707840 758
1707850 761
1707860 765
1707870 769
1707880 773
1707890 777
1707900 781
1707910 785
1707920 790
1707930 794
1707940 798
1707950 802
1707960 806
1707970 811
1707980 815
1707990 819
1708000 824
1708010 828
1708020 832
1708030 837
1708040 841
1708050 845
1708060 849
1708070 853
1708080 857
1708090 861
1708100 865
1708110 870
1708120 874
1708130 879
1708140 884
1708150 889
1708160 894
1708170 899
1708180 905
1708190 910
1708200 916
1708210 921
1708220 926
1708230 931
1708240 937
1708250 942
1708260 947
1708270 947
1708280 947
1708290 946
1708300 945
1708310 945
1708320 944
1708330 943
1708340 943
1708350 942
1708360 941
1708370 939
1708380 938
1708390 937
1708400 936
1708410 934
1708420 934
1708430 933
1708440 933
1708450 933
1708460 933
1708470 933
1708480 933
1708490 933
1708500 933
1708510 931
1708520 929
1708530 927
1708540 926
1708550 924
1708560 922
1708570 920
1708580 919
1708590 917
1708600 915
1708610 913
1708620 911
1708630 908
1708640 906
1708650 903
1708660 900
1708670 897
1708680 893
1708690 890
1708700 887
1708710 883
1708720 880
1708730 876
1708740 872
1708750 868
1708760 863
1708770 859
1708780 854
1708790 850
1708800 846
1708810 841
1708820 837
1708830 833
1708840 829
1708850 826
1708860 823
1708870 820
1708880 818
1708890 815
1708900 811
1708910 808
1708920 804
1708930 801
1708940 799
1708950 796
1708960 794
1708970 791
1708980 789
1708990 786
1709000 783
1709010 780
1709020 778
1709030 776
1709040 773
1709050 772
1709060 770
1709070 769
1709080 768
1709090 767
1709100 766
1709110 765
1709120 765
1709130 764
1709140 762
1709150 759
1709160 758
1709170 757
1709180 756
1709190 755
1709200 753
1709210 752
1709220 751
1709230 751
1709240 750
1709250 749
1709260 748
1709270 747
1709280 745
1709290 744
1709300 743
1709310 742
1709320 740
1709330 739
1709340 737
1709350 736
1709360 735
1709370 734
1709380 733
1709390 733
1709400 733
1709410 734
1709420 734
1709430 734
1709440 733
1709450 733
1709460 733
1709470 733
1709480 732
1709490 732
1709500 731
1709510 730
1709520 728
1709530 727
1709540 726
1709550 725
1709560 723
1709570 723
1709580 723
1709590 723
1709600 723
1709610 723
1709620 723
1709630 722
1709640 722
1709650 721
1709660 721
1709670 720
1709680 719
1709690 718
1709700 716
1709710 715
1709720 713
1709730 711
1709740 709
1709750 706
1709760 704
1709770 702
1709780 699
1709790 698
1709800 696
1709810 694
1709820 692
1709830 690
1709840 688
1709850 685
1709860 683
1709870 680
1709880 678
1709890 676
1709900 674
1709910 672
1709920 669
1709930 667
1709940 665
1709950 662
1709960 659
1709970 656
1709980 653
1709990 650
1710000 646
1710010 642
1710020 637
1710030 633
1710040 628
1710050 623
1710060 618
1710070 613
1710080 607
1710090 601
1710100 596
1710110 591
1710120 588
1710130 586
1710140 585
1710150 584
1710160 584
1710170 584
1710180 584
1710190 585
1710200 586
1710210 587
1710220 588
1710230 590
1710240 590
1710250 590
1710260 590
1710270 589
1710280 588
1710290 587
1710300 585
1710310 584
1710320 582
1710330 580
1710340 578
1710350 575
1710360 573
1710370 571
1710380 569
1710390 566
1710400 564
1710410 562
1710420 559
1710430 557
1710440 554
1710450 552
1710460 549
1710470 547
1710480 544
1710490 541
1710500 539
1710510 536
1710520 534
1710530 531
1710540 528
1710550 525
1710560 523
1710570 521
1710580 519
1710590 517
1710600 512
1710610 508
1710620 506
1710630 507
1710640 506
1710650 505
1710660 502
1710670 499
1710680 497
1710690 495
1710700 493
1710710 491
1710720 490
1710730 488
1710740 486
1710750 484
1710760 482
1710770 481
1710780 479
1710790 478
1710800 477
1710810 477
1710820 476
1710830 476
1710840 476
1710850 475
1710860 474
1710870 470
1710880 465
1710890 460
1710900 457
1710910 455
1710920 455
1710930 455
1710940 454
1710950 454
1710960 454
1710970 454
1710980 454
1710990 454
1711000 453
1711010 453
1711020 453
1711030 453
1711040 452
1711050 452
1711060 452
1711070 452
1711080 452
1711090 452
1711100 451
1711110 451
1711120 452
1711130 452
1711140 452
1711150 452
1711160 453
1711170 455
1711180 457
1711190 460
1711200 462
1711210 463
1711220 464
1711230 466
1711240 467
1711250 469
1711260 470
1711270 471
1711280 472
1711290 473
1711300 474
1711310 475
1711320 477
1711330 478
1711340 480
1711350 482
1711360 484
1711370 487
1711380 490
1711390 493
1711400 495
1711410 498
1711420 500
1711430 503
1711440 505
1711450 507
1711460 508
1711470 510
1711480 512
1711490 514
1711500 516
1711510 518
1711520 520
1711530 522
1711540 524
1711550 527
1711560 529
1711570 531
1711580 534
1711590 537
1711600 540
1711610 543
1711620 546
1711630 549
1711640 552
1711650 555
1711660 559
1711670 562
1711680 566
1711690 569
1711700 572
1711710 576
1711720 580
1711730 584
1711740 589
1711750 593
1711760 597
1711770 601
1711780 603
1711790 606
1711800 609
1711810 613
1711820 616
1711830 620
1711840 624
1711850 628
1711860 631
1711870 634
1711880 636
1711890 638
1711900 640
1711910 642
1711920 644
1711930 646
1711940 648
1711950 650
1711960 653
1711970 656
1711980 659
1711990 663
1712000 668
1712010 672
1712020 675
1712030 678
1712040 681
1712050 685
1712060 689
1712070 695
1712080 701
1712090 709
1712100 714
1712110 716
1712120 716
1712130 716
1712140 715
1712150 716
1712160 716
1712170 717
1712180 718
1712190 719
1712200 720
1712210 722
1712220 723
1712230 725
1712240 726
1712250 727
1712260 728
1712270 729
1712280 731
1712290 732
1712300 733
1712310 734
1712320 735
1712330 736
1712340 737
1712350 739
1712360 740
1712370 741
1712380 741
1712390 742
1712400 743
1712410 744
1712420 745
1712430 746
1712440 746
1712450 747
1712460 748
1712470 749
1712480 751
1712490 752
1712500 753
1712510 754
1712520 754
1712530 755
1712540 756
1712550 756
1712560 756
1712570 757
1712580 757
1712590 757
1712600 757
1712610 757
1712620 757
1712630 756
1712640 756
1712650 755
1712660 755
1712670 754
1712680 753
1712690 753
1712700 752
1712710 752
1712720 751
1712730 751
1712740 750
1712750 749
1712760 749
1712770 748
1712780 748
1712790 747
1712800 747
1712810 746
1712820 746
1712830 746
1712840 747
1712850 747
1712860 747
1712870 746
1712880 746
1712890 746
1712900 745
1712910 745
1712920 744
1712930 744
1712940 743
1712950 743
1712960 742
1712970 741
1712980 741
1712990 740
1713000 738
1713010 737
1713020 736
1713030 735
1713040 733
1713050 732
1713060 731
1713070 730
1713080 729
1713090 727
1713100 726
1713110 724
1713120 723
1713130 721
1713140 720
1713150 717
1713160 714
1713170 711
1713180 710
1713190 708
1713200 706
1713210 705
1713220 704
1713230 702
1713240 702
1713250 701
1713260 700
1713270 700
1713280 700
1713290 699
1713300 699
1713310 699
1713320 699
1713330 698
1713340 698
1713350 699
1713360 699
1713370 699
1713380 699
1713390 699
1713400 700
1713410 700
1713420 700
1713430 701
1713440 701
1713450 701
1713460 702
1713470 702
1713480 703
1713490 703
1713500 704
1713510 705
1713520 705
1713530 706
1713540 706
1713550 707
1713560 708
1713570 708
1713580 708
1713590 708
1713600 708
1713610 707
1713620 707
1713630 707
1713640 706
1713650 706
1713660 706
1713670 706
1713680 706
1713690 706
1713700 705
1713710 705
1713720 705
1713730 706
1713740 706
1713750 706
1713760 706
1713770 706
1713780 707
1713790 707
1713800 707
1713810 707
1713820 707
1713830 706
1713840 706
1713850 706
1713860 705
1713870 705
1713880 704
1713890 704
1713900 703
1713910 703
1713920 702
1713930 702
1713940 701
1713950 700
1713960 699
1713970 699
1713980 698
1713990 697
1714000 696
1714010 696
1714020 695
1714030 694
1714040 693
1714050 693
1714060 692
1714070 691
1714080 691
1714090 690
1714100 690
1714110 689
1714120 689
1714130 688
1714140 687
1714150 685
1714160 684
1714170 684
1714180 683
1714190 682
1714200 681
1714210 680
1714220 680
1714230 679
1714240 678
1714250 677
1714260 676
1714270 675
1714280 674
1714290 674
1714300 673
1714310 671
1714320 668
1714330 666
1714340 664
1714350 663
1714360 661
1714370 659
1714380 657
1714390 656
1714400 654
1714410 652
1714420 649
1714430 647
1714440 645
1714450 643
1714460 640
1714470 638
1714480 635
1714490 632
1714500 630
1714510 627
1714520 624
1714530 620
1714540 616
1714550 613
1714560 610
1714570 608
1714580 609
1714590 610
1714600 611
1714610 613
1714620 614
1714630 614
1714640 614
1714650 614
1714660 614
1714670 614
1714680 613
1714690 611
1714700 610
1714710 610
1714720 610
1714730 612
1714740 613
1714750 615
1714760 616
1714770 617
1714780 618
1714790 619
1714800 620
1714810 621
1714820 622
1714830 623
1714840 624
1714850 625
1714860 626
1714870 627
1714880 628
1714890 630
1714900 631
1714910 632
1714920 633
1714930 633
1714940 634
1714950 635
1714960 635
1714970 636
1714980 636
1714990 637
1715000 638
1715010 639
1715020 639
1715030 640
1715040 640
1715050 640
1715060 640
1715070 639
1715080 639
1715090 638
1715100 636
1715110 635
1715120 632
1715130 630
1715140 628
1715150 627
1715160 626
1715170 625
1715180 624
1715190 623
1715200 622
1715210 621
1715220 619
1715230 618
1715240 616
1715250 615
1715260 614
1715270 612
1715280 611
1715290 610
1715300 608
1715310 607
1715320 606
1715330 604
1715340 603
1715350 601
1715360 599
1715370 598
1715380 596
1715390 594
1715400 592
1715410 591
1715420 589
1715430 586
1715440 584
1715450 581
1715460 579
1715470 577
1715480 575
1715490 574
1715500 572
1715510 571
1715520 569
1715530 568
1715540 567
1715550 565
1715560 564
1715570 563
1715580 562
1715590 561
1715600 559
1715610 558
1715620 557
1715630 555
1715640 554
1715650 553
1715660 552
1715670 550
1715680 549
1715690 548
1715700 547
1715710 546
1715720 545
1715730 544
1715740 543
1715750 542
1715760 541
1715770 540
1715780 538
1715790 537
1715800 537
1715810 536
1715820 535
1715830 535
1715840 534
1715850 534
1715860 533
1715870 532
1715880 530
1715890 528
1715900 527
1715910 526
1715920 525
1715930 523
1715940 522
1715950 521
1715960 520
1715970 519
1715980 518
1715990 517
1716000 516
1716010 515
1716020 514
1716030 513
1716040 513
1716050 512
1716060 511
1716070 510
1716080 509
1716090 506
1716100 505
1716110 504
1716120 504
1716130 503
1716140 503
1716150 503
1716160 503
1716170 503
1716180 503
1716190 503
1716200 503
1716210 502
1716220 502
1716230 502
1716240 503
1716250 503
1716260 503
1716270 503
1716280 503
1716290 504
1716300 505
1716310 507
1716320 510
1716330 514
1716340 518
1716350 522
1716360 526
1716370 529
1716380 532
1716390 534
1716400 536
1716410 538
1716420 540
1716430 542
1716440 544
1716450 546
1716460 547
1716470 549
1716480 550
1716490 552
1716500 553
1716510 555
1716520 556
1716530 557
1716540 559
1716550 560
1716560 561
1716570 562
1716580 563
1716590 564
1716600 565
1716610 566
1716620 566
1716630 567
1716640 566
1716650 565
1716660 563
1716670 562
1716680 561
1716690 560
1716700 560
1716710 559
1716720 559
1716730 559
1716740 559
1716750 559
1716760 560
1716770 560
1716780 560
1716790 559
1716800 557
1716810 555
1716820 553
1716830 553
1716840 554
1716850 556
1716860 558
1716870 559
1716880 560
1716890 561
1716900 561
1716910 562
1716920 562
1716930 563
1716940 563
1716950 564
1716960 564
1716970 565
1716980 565
1716990 566
1717000 566
1717010 566
1717020 565
1717030 562
1717040 557
1717050 552
1717060 548
1717070 545
1717080 543
1717090 545
1717100 547
1717110 549
1717120 551
1717130 554
1717140 556
1717150 559
1717160 562
1717170 566
1717180 569
1717190 572
1717200 575
1717210 579
1717220 583
1717230 587
1717240 591
1717250 595
1717260 598
1717270 602
1717280 606
1717290 610
1717300 614
1717310 617
1717320 621
1717330 624
1717340 628
1717350 631
1717360 635
1717370 638
1717380 642
1717390 646
1717400 650
1717410 653
1717420 657
1717430 661
1717440 665
1717450 670
1717460 674
1717470 678
1717480 682
1717490 687
1717500 691
1717510 695
1717520 699
1717530 703
1717540 707
1717550 711
1717560 715
1717570 719
1717580 722
1717590 726
1717600 730
1717610 734
1717620 737
1717630 740
1717640 741
1717650 742
1717660 743
1717670 744
1717680 744
1717690 745
1717700 745
1717710 746
1717720 746
1717730 747
1717740 747
1717750 747
1717760 747
1717770 747
1717780 747
1717790 746
1717800 746
1717810 745
1717820 745
1717830 745
1717840 745
1717850 745
1717860 745
1717870 745
1717880 746
1717890 747
1717900 748
1717910 749
1717920 750
1717930 751
1717940 753
1717950 755
1717960 757
1717970 758
1717980 760
1717990 762
1718000 764
1718010 766
1718020 768
1718030 770
1718040 772
1718050 774
1718060 777
1718070 779
1718080 781
1718090 783
1718100 786
1718110 790
1718120 793
1718130 797
1718140 801
1718150 805
1718160 809
1718170 813
1718180 818
1718190 822
1718200 826
1718210 830
1718220 834
1718230 839
1718240 843
1718250 847
1718260 851
1718270 855
1718280 859
1718290 864
1718300 868
1718310 872
1718320 876
1718330 881
1718340 885
1718350 890
1718360 894
1718370 898
1718380 902
1718390 907
1718400 911
1718410 915
1718420 919
1718430 923
1718440 927
1718450 931
1718460 935
1718470 938
1718480 942
1718490 946
1718500 949
1718510 952
1718520 955
1718530 958
1718540 961
1718550 964
1718560 966
1718570 968
1718580 970
1718590 972
1718600 973
1718610 973
1718620 972
1718630 972
1718640 971
1718650 970
1718660 968
1718670 965
1718680 963
1718690 960
1718700 956
1718710 953
1718720 949
1718730 946
1718740 942
1718750 938
1718760 935
1718770 931
1718780 928
1718790 924
1718800 921
1718810 917
1718820 914
1718830 911
1718840 907
1718850 904
1718860 901
1718870 897
1718880 894
1718890 891
1718900 887
1718910 884
1718920 881
1718930 877
1718940 874
1718950 870
1718960 867
1718970 863
1718980 860
1718990 856
1719000 852
1719010 849
1719020 846
1719030 843
1719040 839
1719050 836
1719060 833
1719070 830
1719080 826
1719090 823
1719100 820
1719110 817
1719120 813
1719130 810
1719140 807
1719150 804
1719160 801
1719170 798
1719180 795
1719190 791
1719200 788
1719210 784
1719220 781
1719230 777
1719240 773
1719250 770
1719260 766
1719270 762
1719280 759
1719290 755
1719300 751
1719310 747
1719320 743
1719330 738
1719340 733
1719350 729
1719360 724
1719370 720
1719380 715
1719390 711
1719400 707
1719410 702
1719420 698
1719430 693
1719440 688
1719450 683
1719460 679
1719470 674
1719480 669
1719490 665
1719500 661
1719510 658
1719520 655
1719530 653
1719540 651
1719550 651
1719560 652
1719570 654
1719580 657
1719590 659
1719600 661
1719610 663
1719620 664
1719630 666
1719640 667
1719650 669
1719660 670
1719670 671
1719680 672
1719690 673
1719700 674
1719710 674
1719720 675
1719730 675
1719740 675
1719750 674
1719760 673
1719770 672
1719780 672
1719790 670
1719800 669
1719810 669
1719820 670
1719830 672
1719840 674
1719850 677
1719860 680
1719870 683
1719880 685
1719890 688
1719900 690
1719910 692
1719920 694
1719930 697
1719940 700
1719950 701
1719960 703
1719970 702
1719980 702
1719990 701
