1700000 669
1700010 665
1700020 662
1700030 658
1700040 656
1700050 653
1700060 650
1700070 648
1700080 645
1700090 643
1700100 641
1700110 638
1700120 636
1700130 633
1700140 630
1700150 628
1700160 625
1700170 623
1700180 621
1700190 619
1700200 618
1700210 617
1700220 616
1700230 615
1700240 613
1700250 611
1700260 608
1700270 607
1700280 608
1700290 611
1700300 615
1700310 619
1700320 623
1700330 627
1700340 631
1700350 635
1700360 638
1700370 642
1700380 646
1700390 649
1700400 652
1700410 656
1700420 659
1700430 662
1700440 666
1700450 669
1700460 672
1700470 676
1700480 679
1700490 682
1700500 684
1700510 686
1700520 689
1700530 691
1700540 695
1700550 698
1700560 701
1700570 703
1700580 706
1700590 708
1700600 712
1700610 715
1700620 718
1700630 721
1700640 724
1700650 727
1700660 729
1700670 732
1700680 735
1700690 738
1700700 741
1700710 743
1700720 746
1700730 750
1700740 752
1700750 756
1700760 759
1700770 762
1700780 765
1700790 767
1700800 770
1700810 773
1700820 776
1700830 779
1700840 783
1700850 787
1700860 791
1700870 794
1700880 798
1700890 800
1700900 802
1700910 803
1700920 803
1700930 803
1700940 802
1700950 802
1700960 801
1700970 800
1700980 799
1700990 798
1701000 796
1701010 795
1701020 794
1701030 793
1701040 792
1701050 791
1701060 791
1701070 790
1701080 789
1701090 789
1701100 788
1701110 788
1701120 787
1701130 786
1701140 785
1701150 785
1701160 784
1701170 783
1701180 783
1701190 782
1701200 781
1701210 781
1701220 781
1701230 781
1701240 781
1701250 780
1701260 781
1701270 781
1701280 781
1701290 781
1701300 781
1701310 782
1701320 782
1701330 783
1701340 784
1701350 785
1701360 786
1701370 787
1701380 787
1701390 788
1701400 789
1701410 790
1701420 791
1701430 791
1701440 791
1701450 791
1701460 791
1701470 791
1701480 791
1701490 790
1701500 790
1701510 788
1701520 787
1701530 786
1701540 786
1701550 785
1701560 784
1701570 783
1701580 783
1701590 781
1701600 780
1701610 778
1701620 776
1701630 773
1701640 769
1701650 766
1701660 762
1701670 758
1701680 754
1701690 750
1701700 746
1701710 743
1701720 740
1701730 737
1701740 733
1701750 730
1701760 727
1701770 724
1701780 724
1701790 725
1701800 728
1701810 730
1701820 731
1701830 733
1701840 734
1701850 735
1701860 736
1701870 737
1701880 738
1701890 738
1701900 739
1701910 739
1701920 739
1701930 740
1701940 739
1701950 739
1701960 742
1701970 745
1701980 747
1701990 751
1702000 754
1702010 756
1702020 756
1702030 757
1702040 758
1702050 758
1702060 758
1702070 758
1702080 758
1702090 759
1702100 759
1702110 760
1702120 761
1702130 762
1702140 763
1702150 764
1702160 765
1702170 767
1702180 770
1702190 772
1702200 774
1702210 776
1702220 777
1702230 779
1702240 780
1702250 782
1702260 783
1702270 784
1702280 786
1702290 787
1702300 788
1702310 789
1702320 789
1702330 789
1702340 788
1702350 788
1702360 787
1702370 786
1702380 785
1702390 784
1702400 782
1702410 780
1702420 778
1702430 776
1702440 774
1702450 772
1702460 770
1702470 768
1702480 766
1702490 763
1702500 761
1702510 758
1702520 756
1702530 753
1702540 749
1702550 745
1702560 741
1702570 736
1702580 732
1702590 727
1702600 723
1702610 719
1702620 715
1702630 711
1702640 708
1702650 704
1702660 701
1702670 697
1702680 694
1702690 690
1702700 687
1702710 684
1702720 681
1702730 678
1702740 675
1702750 672
1702760 669
1702770 666
1702780 662
1702790 659
1702800 655
1702810 651
1702820 647
1702830 643
1702840 640
1702850 636
1702860 632
1702870 629
1702880 625
1702890 621
1702900 618
1702910 617
1702920 618
1702930 620
1702940 622
1702950 625
1702960 627
1702970 629
1702980 631
1702990 634
1703000 637
1703010 639
1703020 642
1703030 644
1703040 647
1703050 650
1703060 654
1703070 657
1703080 661
1703090 664
1703100 667
1703110 670
1703120 672
1703130 675
1703140 678
1703150 681
1703160 684
1703170 687
1703180 689
1703190 691
1703200 692
1703210 693
1703220 693
1703230 692
1703240 692
1703250 691
1703260 690
1703270 688
1703280 686
1703290 684
1703300 682
1703310 680
1703320 678
1703330 676
1703340 674
1703350 671
1703360 669
1703370 667
1703380 665
1703390 662
1703400 660
1703410 657
1703420 655
1703430 652
1703440 650
1703450 647
1703460 644
1703470 641
1703480 638
1703490 636
1703500 633
1703510 629
1703520 626
1703530 622
1703540 619
1703550 615
1703560 612
1703570 608
1703580 605
1703590 602
1703600 599
1703610 595
1703620 591
1703630 587
1703640 582
1703650 577
1703660 572
1703670 567
1703680 563
1703690 559
1703700 555
1703710 552
1703720 548
1703730 545
1703740 542
1703750 543
1703760 545
1703770 547
1703780 549
1703790 551
1703800 554
1703810 558
1703820 562
1703830 565
1703840 568
1703850 570
1703860 572
1703870 574
1703880 576
1703890 578
1703900 579
1703910 581
1703920 582
1703930 583
1703940 584
1703950 585
1703960 585
1703970 585
1703980 585
1703990 585
1704000 585
1704010 585
1704020 585
1704030 585
1704040 586
1704050 585
1704060 584
1704070 583
1704080 580
1704090 576
1704100 573
1704110 569
1704120 565
1704130 562
1704140 559
1704150 556
1704160 553
1704170 550
1704180 547
1704190 544
1704200 542
1704210 539
1704220 536
1704230 534
1704240 531
1704250 528
1704260 525
1704270 522
1704280 519
1704290 516
1704300 513
1704310 509
1704320 506
1704330 502
1704340 499
1704350 496
1704360 493
1704370 490
1704380 487
1704390 486
1704400 486
1704410 486
1704420 488
1704430 490
1704440 491
1704450 493
1704460 494
1704470 496
1704480 498
1704490 499
1704500 500
1704510 502
1704520 505
1704530 508
1704540 511
1704550 513
1704560 515
1704570 517
1704580 519
1704590 521
1704600 522
1704610 524
1704620 526
1704630 528
1704640 530
1704650 532
1704660 534
1704670 536
1704680 537
1704690 539
1704700 540
1704710 542
1704720 544
1704730 546
1704740 548
1704750 549
1704760 550
1704770 550
1704780 550
1704790 549
1704800 549
1704810 549
1704820 548
1704830 547
1704840 545
1704850 544
1704860 543
1704870 542
1704880 540
1704890 539
1704900 537
1704910 536
1704920 534
1704930 531
1704940 529
1704950 526
1704960 523
1704970 520
1704980 518
1704990 515
1705000 514
1705010 512
1705020 510
1705030 508
1705040 506
1705050 504
1705060 502
1705070 501
1705080 499
1705090 497
1705100 495
1705110 493
1705120 491
1705130 489
1705140 487
1705150 485
1705160 483
1705170 481
1705180 478
1705190 476
1705200 474
1705210 473
1705220 472
1705230 472
1705240 473
1705250 473
1705260 475
1705270 476
1705280 478
1705290 478
1705300 479
1705310 479
1705320 479
1705330 479
1705340 479
1705350 479
1705360 479
1705370 479
1705380 478
1705390 477
1705400 477
1705410 476
1705420 475
1705430 474
1705440 473
1705450 472
1705460 471
1705470 469
1705480 468
1705490 466
1705500 464
1705510 463
1705520 463
1705530 463
1705540 463
1705550 463
1705560 463
1705570 463
1705580 462
1705590 462
1705600 462
1705610 461
1705620 461
1705630 461
1705640 461
1705650 461
1705660 461
1705670 460
1705680 459
1705690 458
1705700 458
1705710 458
1705720 460
1705730 461
1705740 462
1705750 463
1705760 464
1705770 465
1705780 466
1705790 468
1705800 470
1705810 472
1705820 473
1705830 474
1705840 475
1705850 476
1705860 478
1705870 479
1705880 480
1705890 482
1705900 483
1705910 484
1705920 486
1705930 487
1705940 488
1705950 489
1705960 491
1705970 493
1705980 495
1705990 498
1706000 499
1706010 500
1706020 500
1706030 500
1706040 500
1706050 499
1706060 498
1706070 496
1706080 493
1706090 490
1706100 487
1706110 485
1706120 483
1706130 482
1706140 481
1706150 480
1706160 479
1706170 478
1706180 477
1706190 475
1706200 473
1706210 474
1706220 476
1706230 479
1706240 481
1706250 482
1706260 483
1706270 485
1706280 487
1706290 489
1706300 490
1706310 491
1706320 493
1706330 495
1706340 497
1706350 499
1706360 503
1706370 506
1706380 509
1706390 511
1706400 512
1706410 513
1706420 516
1706430 519
1706440 521
1706450 524
1706460 527
1706470 529
1706480 531
1706490 534
1706500 537
1706510 539
1706520 542
1706530 544
1706540 546
1706550 548
1706560 550
1706570 552
1706580 555
1706590 557
1706600 559
1706610 561
1706620 563
1706630 564
1706640 566
1706650 567
1706660 569
1706670 571
1706680 573
1706690 575
1706700 577
1706710 578
1706720 580
1706730 581
1706740 583
1706750 584
1706760 585
1706770 586
1706780 587
1706790 589
1706800 590
1706810 592
1706820 593
1706830 595
1706840 596
1706850 598
1706860 600
1706870 602
1706880 604
1706890 606
1706900 608
1706910 610
1706920 612
1706930 613
1706940 615
1706950 616
1706960 618
1706970 620
1706980 622
1706990 624
1707000 626
1707010 629
1707020 632
1707030 634
1707040 636
1707050 637
1707060 639
1707070 641
1707080 643
1707090 645
1707100 646
1707110 648
1707120 650
1707130 652
1707140 654
1707150 657
1707160 660
1707170 664
1707180 670
1707190 678
1707200 688
1707210 694
1707220 697
1707230 698
1707240 694
1707250 692
1707260 690
1707270 690
1707280 691
1707290 692
1707300 691
1707310 691
1707320 690
1707330 691
1707340 692
1707350 693
1707360 694
1707370 694
1707380 694
1707390 694
1707400 694
1707410 694
1707420 693
1707430 692
1707440 691
1707450 688
1707460 685
1707470 682
1707480 679
1707490 675
1707500 672
1707510 670
1707520 668
1707530 667
1707540 668
1707550 669
1707560 671
1707570 673
1707580 674
1707590 676
1707600 678
1707610 679
1707620 681
1707630 683
1707640 684
1707650 685
1707660 686
1707670 687
1707680 688
1707690 689
1707700 690
1707710 691
1707720 692
1707730 693
1707740 694
1707750 695
1707760 695
1707770 696
1707780 697
1707790 697
1707800 698
1707810 698
1707820 698
1707830 698
1707840 698
1707850 698
1707860 698
1707870 697
1707880 697
1707890 696
1707900 696
1707910 695
1707920 693
1707930 692
1707940 690
1707950 688
1707960 685
1707970 684
1707980 682
1707990 681
1708000 680
1708010 679
1708020 678
1708030 677
1708040 675
1708050 673
1708060 672
1708070 671
1708080 670
1708090 669
1708100 668
1708110 667
1708120 666
1708130 665
1708140 663
1708150 662
1708160 661
1708170 660
1708180 659
1708190 658
1708200 657
1708210 656
1708220 654
1708230 653
1708240 651
1708250 648
1708260 645
1708270 641
1708280 637
1708290 634
1708300 631
1708310 628
1708320 625
1708330 623
1708340 623
1708350 624
1708360 624
1708370 623
1708380 623
1708390 623
1708400 623
1708410 623
1708420 624
1708430 624
1708440 626
1708450 627
1708460 629
1708470 630
1708480 632
1708490 634
1708500 636
1708510 637
1708520 638
1708530 638
1708540 639
1708550 640
1708560 640
1708570 641
1708580 642
1708590 643
1708600 645
1708610 646
1708620 648
1708630 649
1708640 651
1708650 652
1708660 653
1708670 654
1708680 654
1708690 655
1708700 656
1708710 656
1708720 656
1708730 655
1708740 654
1708750 654
1708760 654
1708770 653
1708780 653
1708790 652
1708800 651
1708810 650
1708820 650
1708830 651
1708840 651
1708850 651
1708860 651
1708870 651
1708880 650
1708890 650
1708900 649
1708910 649
1708920 649
1708930 650
1708940 650
1708950 649
1708960 649
1708970 649
1708980 649
1708990 650
1709000 650
1709010 650
1709020 650
1709030 651
1709040 651
1709050 652
1709060 652
1709070 652
1709080 653
1709090 653
1709100 654
1709110 654
1709120 655
1709130 655
1709140 655
1709150 655
1709160 655
1709170 655
1709180 655
1709190 655
1709200 655
1709210 655
1709220 656
1709230 655
1709240 656
1709250 656
1709260 656
1709270 655
1709280 655
1709290 654
1709300 653
1709310 653
1709320 652
1709330 652
1709340 652
1709350 651
1709360 651
1709370 650
1709380 650
1709390 650
1709400 650
1709410 649
1709420 650
1709430 650
1709440 651
1709450 651
1709460 651
1709470 651
1709480 650
1709490 649
1709500 649
1709510 649
1709520 649
1709530 648
1709540 648
1709550 649
1709560 649
1709570 650
1709580 649
1709590 648
1709600 648
1709610 647
1709620 647
1709630 646
1709640 646
1709650 645
1709660 645
1709670 644
1709680 643
1709690 642
1709700 641
1709710 640
1709720 639
1709730 637
1709740 636
1709750 634
1709760 633
1709770 632
1709780 630
1709790 629
1709800 627
1709810 625
1709820 624
1709830 622
1709840 620
1709850 618
1709860 617
1709870 616
1709880 615
1709890 614
1709900 611
1709910 608
1709920 604
1709930 602
1709940 599
1709950 596
1709960 592
1709970 589
1709980 586
1709990 582
1710000 580
1710010 577
1710020 574
1710030 571
1710040 567
1710050 564
1710060 561
1710070 558
1710080 556
1710090 553
1710100 549
1710110 545
1710120 541
1710130 537
1710140 533
1710150 529
1710160 526
1710170 524
1710180 522
1710190 519
1710200 516
1710210 512
1710220 508
1710230 506
1710240 506
1710250 506
1710260 505
1710270 503
1710280 500
1710290 497
1710300 493
1710310 492
1710320 491
1710330 491
1710340 491
1710350 489
1710360 487
1710370 485
1710380 483
1710390 481
1710400 480
1710410 479
1710420 478
1710430 477
1710440 475
1710450 473
1710460 471
1710470 469
1710480 466
1710490 463
1710500 459
1710510 456
1710520 455
1710530 454
1710540 453
1710550 452
1710560 451
1710570 450
1710580 450
1710590 449
1710600 448
1710610 448
1710620 447
1710630 447
1710640 446
1710650 446
1710660 445
1710670 445
1710680 445
1710690 444
1710700 444
1710710 444
1710720 444
1710730 444
1710740 444
1710750 444
1710760 445
1710770 445
1710780 444
1710790 444
1710800 443
1710810 444
1710820 443
1710830 443
1710840 443
1710850 446
1710860 448
1710870 452
1710880 453
1710890 455
1710900 456
1710910 458
1710920 460
1710930 462
1710940 464
1710950 466
1710960 469
1710970 471
1710980 474
1710990 476
1711000 478
1711010 481
1711020 483
1711030 486
1711040 489
1711050 492
1711060 496
1711070 499
1711080 503
1711090 507
1711100 510
1711110 514
1711120 518
1711130 521
1711140 525
1711150 528
1711160 532
1711170 536
1711180 540
1711190 544
1711200 548
1711210 553
1711220 558
1711230 562
1711240 565
1711250 567
1711260 568
1711270 570
1711280 571
1711290 571
1711300 572
1711310 573
1711320 575
1711330 576
1711340 576
1711350 577
1711360 577
1711370 578
1711380 579
1711390 581
1711400 583
1711410 586
1711420 590
1711430 593
1711440 595
1711450 596
1711460 597
1711470 598
1711480 598
1711490 597
1711500 597
1711510 598
1711520 598
1711530 599
1711540 601
1711550 601
1711560 602
1711570 603
1711580 605
1711590 606
1711600 608
1711610 611
1711620 613
1711630 616
1711640 618
1711650 620
1711660 622
1711670 625
1711680 627
1711690 631
1711700 633
1711710 635
1711720 637
1711730 640
1711740 642
1711750 646
1711760 650
1711770 654
1711780 658
1711790 662
1711800 665
1711810 668
1711820 671
1711830 673
1711840 676
1711850 679
1711860 682
1711870 686
1711880 689
1711890 693
1711900 696
1711910 700
1711920 703
1711930 707
1711940 710
1711950 714
1711960 718
1711970 722
1711980 726
1711990 731
1712000 735
1712010 740
1712020 746
1712030 753
1712040 758
1712050 763
1712060 767
1712070 772
1712080 778
1712090 782
1712100 787
1712110 791
1712120 795
1712130 799
1712140 802
1712150 806
1712160 809
1712170 813
1712180 814
1712190 816
1712200 817
1712210 818
1712220 819
1712230 820
1712240 822
1712250 824
1712260 825
1712270 829
1712280 832
1712290 836
1712300 839
1712310 842
1712320 845
1712330 849
1712340 852
1712350 855
1712360 858
1712370 860
1712380 862
1712390 864
1712400 865
1712410 867
1712420 868
1712430 870
1712440 871
1712450 873
1712460 875
1712470 878
1712480 880
1712490 882
1712500 885
1712510 887
1712520 888
1712530 889
1712540 889
1712550 889
1712560 889
1712570 889
1712580 889
1712590 890
1712600 891
1712610 891
1712620 892
1712630 892
1712640 892
1712650 893
1712660 893
1712670 893
1712680 893
1712690 893
1712700 893
1712710 893
1712720 892
1712730 892
1712740 891
1712750 890
1712760 890
1712770 889
1712780 888
1712790 888
1712800 887
1712810 886
1712820 885
1712830 885
1712840 883
1712850 882
1712860 881
1712870 880
1712880 879
1712890 877
1712900 876
1712910 875
1712920 873
1712930 872
1712940 871
1712950 869
1712960 868
1712970 866
1712980 864
1712990 862
1713000 860
1713010 858
1713020 856
1713030 854
1713040 851
1713050 849
1713060 845
1713070 842
1713080 839
1713090 835
1713100 832
1713110 829
1713120 827
1713130 825
1713140 823
1713150 823
1713160 823
1713170 824
1713180 823
1713190 823
1713200 822
1713210 821
1713220 820
1713230 820
1713240 819
1713250 819
1713260 818
1713270 818
1713280 818
1713290 818
1713300 818
1713310 818
1713320 818
1713330 817
1713340 817
1713350 817
1713360 817
1713370 818
1713380 818
1713390 818
1713400 819
1713410 819
1713420 820
1713430 821
1713440 822
1713450 822
1713460 823
1713470 823
1713480 824
1713490 824
1713500 825
1713510 825
1713520 826
1713530 826
1713540 827
1713550 827
1713560 827
1713570 827
1713580 828
1713590 828
1713600 829
1713610 830
1713620 830
1713630 831
1713640 831
1713650 832
1713660 833
1713670 835
1713680 837
1713690 840
1713700 843
1713710 846
1713720 849
1713730 852
1713740 854
1713750 856
1713760 857
1713770 858
1713780 858
1713790 859
1713800 860
1713810 861
1713820 863
1713830 865
1713840 867
1713850 868
1713860 869
1713870 869
1713880 870
1713890 870
1713900 869
1713910 867
1713920 864
1713930 860
1713940 858
1713950 856
1713960 854
1713970 852
1713980 849
1713990 847
1714000 844
1714010 841
1714020 838
1714030 834
1714040 830
1714050 827
1714060 822
1714070 818
1714080 813
1714090 809
1714100 804
1714110 799
1714120 795
1714130 790
1714140 785
1714150 780
1714160 774
1714170 769
1714180 764
1714190 759
1714200 755
1714210 750
1714220 746
1714230 741
1714240 737
1714250 733
1714260 729
1714270 724
1714280 720
1714290 716
1714300 712
1714310 708
1714320 704
1714330 700
1714340 696
1714350 692
1714360 688
1714370 684
1714380 680
1714390 677
1714400 673
1714410 670
1714420 666
1714430 663
1714440 659
1714450 656
1714460 653
1714470 650
1714480 647
1714490 645
1714500 642
1714510 639
1714520 637
1714530 634
1714540 631
1714550 628
1714560 626
1714570 622
1714580 619
1714590 615
1714600 612
1714610 608
1714620 605
1714630 603
1714640 601
1714650 600
1714660 599
1714670 597
1714680 596
1714690 595
1714700 593
1714710 591
1714720 589
1714730 587
1714740 586
1714750 584
1714760 583
1714770 582
1714780 581
1714790 578
1714800 576
1714810 574
1714820 571
1714830 569
1714840 567
1714850 564
1714860 562
1714870 560
1714880 558
1714890 556
1714900 555
1714910 554
1714920 553
1714930 553
1714940 552
1714950 551
1714960 549
1714970 546
1714980 543
1714990 541
1715000 539
1715010 538
1715020 537
1715030 537
1715040 536
1715050 536
1715060 535
1715070 534
1715080 534
1715090 534
1715100 534
1715110 534
1715120 534
1715130 534
1715140 533
1715150 533
1715160 531
1715170 529
1715180 527
1715190 525
1715200 524
1715210 522
1715220 521
1715230 520
1715240 519
1715250 518
1715260 517
1715270 515
1715280 513
1715290 510
1715300 507
1715310 504
1715320 500
1715330 497
1715340 495
1715350 492
1715360 491
1715370 489
1715380 488
1715390 487
1715400 486
1715410 485
1715420 484
1715430 483
1715440 481
1715450 480
1715460 480
1715470 480
1715480 479
1715490 479
1715500 479
1715510 479
1715520 478
1715530 478
1715540 478
1715550 478
1715560 478
1715570 478
1715580 478
1715590 477
1715600 477
1715610 477
1715620 477
1715630 477
1715640 477
1715650 477
1715660 477
1715670 477
1715680 477
1715690 478
1715700 479
1715710 480
1715720 482
1715730 484
1715740 486
1715750 486
1715760 487
1715770 489
1715780 491
1715790 494
1715800 496
1715810 498
1715820 500
1715830 502
1715840 505
1715850 507
1715860 510
1715870 513
1715880 516
1715890 519
1715900 522
1715910 526
1715920 529
1715930 533
1715940 536
1715950 539
1715960 543
1715970 546
1715980 549
1715990 551
1716000 554
1716010 556
1716020 558
1716030 560
1716040 562
1716050 564
1716060 567
1716070 569
1716080 572
1716090 575
1716100 577
1716110 579
1716120 581
1716130 582
1716140 582
1716150 583
1716160 583
1716170 583
1716180 583
1716190 582
1716200 580
1716210 576
1716220 573
1716230 571
1716240 569
1716250 567
1716260 566
1716270 564
1716280 563
1716290 561
1716300 560
1716310 558
1716320 556
1716330 553
1716340 551
1716350 549
1716360 547
1716370 546
1716380 545
1716390 544
1716400 544
1716410 544
1716420 544
1716430 544
1716440 544
1716450 544
1716460 543
1716470 542
1716480 541
1716490 540
1716500 540
1716510 540
1716520 541
1716530 542
1716540 543
1716550 545
1716560 545
1716570 545
1716580 544
1716590 542
1716600 540
1716610 538
1716620 536
1716630 534
1716640 533
1716650 533
1716660 534
1716670 533
1716680 532
1716690 530
1716700 529
1716710 528
1716720 528
1716730 528
1716740 528
1716750 528
1716760 528
1716770 529
1716780 530
1716790 531
1716800 531
1716810 531
1716820 532
1716830 532
1716840 531
1716850 531
1716860 532
1716870 532
1716880 533
1716890 534
1716900 534
1716910 535
1716920 536
1716930 537
1716940 538
1716950 539
1716960 539
1716970 541
1716980 543
1716990 544
1717000 545
1717010 545
1717020 545
1717030 548
1717040 549
1717050 549
1717060 549
1717070 549
1717080 549
1717090 549
1717100 550
1717110 550
1717120 550
1717130 552
1717140 555
1717150 558
1717160 560
1717170 561
1717180 562
1717190 562
1717200 562
1717210 562
1717220 562
1717230 563
1717240 563
1717250 564
1717260 566
1717270 567
1717280 568
1717290 569
1717300 571
1717310 572
1717320 573
1717330 575
1717340 576
1717350 578
1717360 580
1717370 582
1717380 584
1717390 586
1717400 587
1717410 588
1717420 589
1717430 591
1717440 594
1717450 596
1717460 599
1717470 602
1717480 606
1717490 609
1717500 612
1717510 615
1717520 618
1717530 621
1717540 624
1717550 627
1717560 630
1717570 633
1717580 635
1717590 638
1717600 641
1717610 644
1717620 648
1717630 651
1717640 654
1717650 656
1717660 657
1717670 658
1717680 658
1717690 657
1717700 655
1717710 654
1717720 653
1717730 654
1717740 654
1717750 655
1717760 656
1717770 658
1717780 659
1717790 661
1717800 664
1717810 667
1717820 670
1717830 673
1717840 676
1717850 679
1717860 680
1717870 680
1717880 680
1717890 679
1717900 679
1717910 677
1717920 675
1717930 674
1717940 676
1717950 680
1717960 685
1717970 689
1717980 692
1717990 695
1718000 698
1718010 701
1718020 704
1718030 708
1718040 711
1718050 715
1718060 718
1718070 722
1718080 725
1718090 728
1718100 732
1718110 735
1718120 739
1718130 743
1718140 748
1718150 752
1718160 756
1718170 760
1718180 763
1718190 765
1718200 767
1718210 769
1718220 771
1718230 773
1718240 775
1718250 777
1718260 780
1718270 783
1718280 785
1718290 788
1718300 791
1718310 794
1718320 797
1718330 800
1718340 803
1718350 805
1718360 808
1718370 811
1718380 813
1718390 817
1718400 820
1718410 823
1718420 826
1718430 830
1718440 833
1718450 836
1718460 840
1718470 843
1718480 846
1718490 850
1718500 853
1718510 856
1718520 856
1718530 854
1718540 850
1718550 846
1718560 841
1718570 836
1718580 831
1718590 825
1718600 820
1718610 816
1718620 811
1718630 806
1718640 802
1718650 798
1718660 794
1718670 790
1718680 785
1718690 781
1718700 777
1718710 773
1718720 769
1718730 766
1718740 762
1718750 758
1718760 754
1718770 749
1718780 746
1718790 742
1718800 738
1718810 734
1718820 730
1718830 726
1718840 723
1718850 726
1718860 728
1718870 730
1718880 731
1718890 731
1718900 730
1718910 730
1718920 729
1718930 728
1718940 727
1718950 726
1718960 724
1718970 722
1718980 720
1718990 717
1719000 714
1719010 711
1719020 708
1719030 705
1719040 703
1719050 702
1719060 701
1719070 700
1719080 699
1719090 698
1719100 696
1719110 693
1719120 690
1719130 688
1719140 686
1719150 688
1719160 690
1719170 693
1719180 696
1719190 699
1719200 701
1719210 703
1719220 703
1719230 703
1719240 703
1719250 702
1719260 702
1719270 701
1719280 700
1719290 699
1719300 698
1719310 697
1719320 696
1719330 695
1719340 695
1719350 695
1719360 695
1719370 695
1719380 695
1719390 696
1719400 695
1719410 695
1719420 694
1719430 693
1719440 692
1719450 691
1719460 690
1719470 689
1719480 688
1719490 686
1719500 685
1719510 683
1719520 681
1719530 679
1719540 677
1719550 674
1719560 672
1719570 670
1719580 667
1719590 664
1719600 662
1719610 660
1719620 658
1719630 658
1719640 659
1719650 661
1719660 662
1719670 665
1719680 668
1719690 671
1719700 672
1719710 672
1719720 671
1719730 670
1719740 668
1719750 665
1719760 663
1719770 660
1719780 657
1719790 654
1719800 651
1719810 648
1719820 645
1719830 642
1719840 638
1719850 635
1719860 631
1719870 627
1719880 623
1719890 619
1719900 615
1719910 612
1719920 609
1719930 608
1719940 607
1719950 608
1719960 608
1719970 608
1719980 607
1719990 605
