1700000 658
1700010 654
1700020 651
1700030 648
1700040 645
1700050 642
1700060 639
1700070 637
1700080 634
1700090 632
1700100 630
1700110 628
1700120 626
1700130 624
1700140 621
1700150 619
1700160 617
1700170 615
1700180 614
1700190 612
1700200 611
1700210 608
1700220 606
1700230 604
1700240 605
1700250 607
1700260 609
1700270 612
1700280 614
1700290 617
1700300 621
1700310 624
1700320 628
1700330 631
1700340 634
1700350 637
1700360 641
1700370 645
1700380 649
1700390 653
1700400 657
1700410 661
1700420 665
1700430 668
1700440 671
1700450 675
1700460 678
1700470 681
1700480 685
1700490 688
1700500 692
1700510 695
1700520 698
1700530 701
1700540 704
1700550 706
1700560 709
1700570 711
1700580 714
1700590 716
1700600 718
1700610 720
1700620 722
1700630 724
1700640 726
1700650 728
1700660 731
1700670 734
1700680 736
1700690 739
1700700 742
1700710 744
1700720 747
1700730 749
1700740 751
1700750 754
1700760 756
1700770 758
1700780 761
1700790 763
1700800 766
1700810 769
1700820 772
1700830 774
1700840 777
1700850 779
1700860 780
1700870 782
1700880 783
1700890 784
1700900 785
1700910 786
1700920 786
1700930 786
1700940 786
1700950 785
1700960 783
1700970 782
1700980 781
1700990 779
1701000 778
1701010 777
1701020 776
1701030 775
1701040 774
1701050 773
1701060 772
1701070 771
1701080 769
1701090 768
1701100 767
1701110 765
1701120 763
1701130 760
1701140 758
1701150 756
1701160 755
1701170 753
1701180 751
1701190 750
1701200 750
1701210 749
1701220 749
1701230 749
1701240 749
1701250 750
1701260 751
1701270 752
1701280 754
1701290 755
1701300 757
1701310 758
1701320 760
1701330 762
1701340 763
1701350 764
1701360 766
1701370 767
1701380 768
1701390 769
1701400 769
1701410 770
1701420 771
1701430 771
1701440 772
1701450 772
1701460 773
1701470 773
1701480 774
1701490 774
1701500 774
1701510 775
1701520 775
1701530 775
1701540 775
1701550 775
1701560 775
1701570 775
1701580 775
1701590 774
1701600 773
1701610 772
1701620 771
1701630 768
1701640 766
1701650 764
1701660 761
1701670 758
1701680 755
1701690 752
1701700 748
1701710 744
1701720 741
1701730 738
1701740 735
1701750 732
1701760 730
1701770 727
1701780 725
1701790 722
1701800 718
1701810 714
1701820 712
1701830 710
1701840 710
1701850 711
1701860 712
1701870 712
1701880 713
1701890 713
1701900 713
1701910 712
1701920 711
1701930 712
1701940 715
1701950 717
1701960 719
1701970 721
1701980 724
1701990 727
1702000 730
1702010 732
1702020 733
1702030 733
1702040 733
1702050 733
1702060 733
1702070 733
1702080 734
1702090 735
1702100 735
1702110 736
1702120 737
1702130 739
1702140 741
1702150 743
1702160 745
1702170 747
1702180 750
1702190 752
1702200 754
1702210 755
1702220 757
1702230 759
1702240 761
1702250 763
1702260 765
1702270 767
1702280 769
1702290 771
1702300 772
1702310 773
1702320 775
1702330 775
1702340 776
1702350 777
1702360 777
1702370 777
1702380 777
1702390 777
1702400 776
1702410 775
1702420 774
1702430 773
1702440 771
1702450 769
1702460 767
1702470 765
1702480 763
1702490 761
1702500 758
1702510 756
1702520 754
1702530 752
1702540 750
1702550 748
1702560 745
1702570 742
1702580 739
1702590 735
1702600 730
1702610 726
1702620 722
1702630 717
1702640 713
1702650 709
1702660 705
1702670 701
1702680 696
1702690 692
1702700 688
1702710 683
1702720 679
1702730 676
1702740 672
1702750 669
1702760 665
1702770 662
1702780 659
1702790 656
1702800 653
1702810 649
1702820 646
1702830 642
1702840 639
1702850 635
1702860 631
1702870 627
1702880 624
1702890 621
1702900 619
1702910 617
1702920 616
1702930 615
1702940 612
1702950 609
1702960 607
1702970 609
1702980 612
1702990 616
1703000 618
1703010 620
1703020 622
1703030 625
1703040 628
1703050 632
1703060 635
1703070 639
1703080 642
1703090 644
1703100 647
1703110 649
1703120 652
1703130 655
1703140 658
1703150 660
1703160 663
1703170 666
1703180 669
1703190 671
1703200 673
1703210 674
1703220 675
1703230 675
1703240 675
1703250 674
1703260 673
1703270 672
1703280 670
1703290 669
1703300 668
1703310 667
1703320 666
1703330 665
1703340 664
1703350 663
1703360 662
1703370 660
1703380 658
1703390 656
1703400 654
1703410 652
1703420 650
1703430 647
1703440 645
1703450 643
1703460 640
1703470 638
1703480 635
1703490 633
1703500 630
1703510 628
1703520 625
1703530 622
1703540 620
1703550 616
1703560 612
1703570 608
1703580 605
1703590 601
1703600 597
1703610 594
1703620 590
1703630 587
1703640 583
1703650 579
1703660 575
1703670 571
1703680 568
1703690 564
1703700 560
1703710 556
1703720 554
1703730 550
1703740 546
1703750 542
1703760 538
1703770 535
1703780 532
1703790 530
1703800 531
1703810 535
1703820 538
1703830 541
1703840 543
1703850 545
1703860 548
1703870 550
1703880 552
1703890 554
1703900 555
1703910 557
1703920 558
1703930 559
1703940 561
1703950 562
1703960 563
1703970 565
1703980 566
1703990 567
1704000 568
1704010 569
1704020 570
1704030 571
1704040 572
1704050 572
1704060 573
1704070 573
1704080 573
1704090 574
1704100 574
1704110 574
1704120 574
1704130 573
1704140 573
1704150 571
1704160 569
1704170 566
1704180 563
1704190 560
1704200 557
1704210 553
1704220 549
1704230 545
1704240 542
1704250 538
1704260 535
1704270 532
1704280 529
1704290 526
1704300 524
1704310 521
1704320 518
1704330 515
1704340 513
1704350 511
1704360 508
1704370 506
1704380 503
1704390 500
1704400 497
1704410 495
1704420 493
1704430 489
1704440 486
1704450 482
1704460 481
1704470 481
1704480 481
1704490 481
1704500 482
1704510 484
1704520 486
1704530 488
1704540 489
1704550 491
1704560 493
1704570 495
1704580 496
1704590 498
1704600 500
1704610 503
1704620 506
1704630 508
1704640 510
1704650 512
1704660 514
1704670 515
1704680 517
1704690 519
1704700 521
1704710 523
1704720 524
1704730 525
1704740 526
1704750 527
1704760 529
1704770 530
1704780 531
1704790 532
1704800 533
1704810 534
1704820 535
1704830 535
1704840 535
1704850 535
1704860 534
1704870 534
1704880 533
1704890 533
1704900 533
1704910 532
1704920 531
1704930 530
1704940 529
1704950 528
1704960 527
1704970 525
1704980 524
1704990 522
1705000 521
1705010 519
1705020 518
1705030 517
1705040 516
1705050 515
1705060 514
1705070 513
1705080 511
1705090 510
1705100 508
1705110 507
1705120 504
1705130 502
1705140 499
1705150 496
1705160 493
1705170 490
1705180 487
1705190 485
1705200 484
1705210 482
1705220 481
1705230 479
1705240 477
1705250 475
1705260 473
1705270 472
1705280 470
1705290 469
1705300 468
1705310 469
1705320 470
1705330 471
1705340 473
1705350 473
1705360 473
1705370 473
1705380 472
1705390 471
1705400 470
1705410 469
1705420 467
1705430 466
1705440 464
1705450 464
1705460 464
1705470 463
1705480 463
1705490 463
1705500 463
1705510 463
1705520 463
1705530 462
1705540 462
1705550 462
1705560 462
1705570 460
1705580 459
1705590 458
1705600 459
1705610 460
1705620 462
1705630 464
1705640 466
1705650 468
1705660 470
1705670 471
1705680 473
1705690 475
1705700 477
1705710 479
1705720 482
1705730 484
1705740 486
1705750 488
1705760 489
1705770 489
1705780 490
1705790 490
1705800 490
1705810 491
1705820 491
1705830 492
1705840 493
1705850 495
1705860 496
1705870 498
1705880 499
1705890 501
1705900 502
1705910 503
1705920 504
1705930 505
1705940 507
1705950 509
1705960 510
1705970 510
1705980 511
1705990 512
1706000 513
1706010 514
1706020 514
1706030 515
1706040 516
1706050 516
1706060 515
1706070 515
1706080 513
1706090 511
1706100 509
1706110 507
1706120 504
1706130 502
1706140 499
1706150 496
1706160 493
1706170 490
1706180 487
1706190 483
1706200 480
1706210 479
1706220 479
1706230 482
1706240 483
1706250 484
1706260 485
1706270 485
1706280 486
1706290 488
1706300 490
1706310 492
1706320 493
1706330 495
1706340 496
1706350 497
1706360 498
1706370 500
1706380 502
1706390 504
1706400 506
1706410 509
1706420 510
1706430 512
1706440 514
1706450 517
1706460 520
1706470 522
1706480 525
1706490 528
1706500 530
1706510 533
1706520 536
1706530 539
1706540 541
1706550 544
1706560 547
1706570 550
1706580 552
1706590 555
1706600 558
1706610 561
1706620 564
1706630 568
1706640 572
1706650 576
1706660 579
1706670 581
1706680 583
1706690 586
1706700 588
1706710 591
1706720 594
1706730 597
1706740 599
1706750 601
1706760 604
1706770 606
1706780 607
1706790 609
1706800 611
1706810 613
1706820 615
1706830 618
1706840 621
1706850 625
1706860 628
1706870 631
1706880 634
1706890 636
1706900 638
1706910 640
1706920 642
1706930 644
1706940 645
1706950 647
1706960 648
1706970 650
1706980 651
1706990 652
1707000 654
1707010 656
1707020 659
1707030 662
1707040 666
1707050 670
1707060 675
1707070 680
1707080 684
1707090 685
1707100 687
1707110 688
1707120 688
1707130 690
1707140 692
1707150 696
1707160 699
1707170 702
1707180 706
1707190 709
1707200 712
1707210 715
1707220 716
1707230 716
1707240 715
1707250 714
1707260 713
1707270 713
1707280 712
1707290 711
1707300 710
1707310 710
1707320 709
1707330 708
1707340 707
1707350 706
1707360 705
1707370 705
1707380 704
1707390 703
1707400 702
1707410 701
1707420 700
1707430 699
1707440 697
1707450 695
1707460 692
1707470 689
1707480 686
1707490 684
1707500 682
1707510 681
1707520 681
1707530 681
1707540 682
1707550 683
1707560 685
1707570 686
1707580 687
1707590 688
1707600 689
1707610 690
1707620 691
1707630 692
1707640 692
1707650 693
1707660 693
1707670 694
1707680 694
1707690 694
1707700 694
1707710 694
1707720 694
1707730 694
1707740 694
1707750 693
1707760 693
1707770 693
1707780 693
1707790 693
1707800 693
1707810 692
1707820 692
1707830 692
1707840 691
1707850 691
1707860 690
1707870 690
1707880 690
1707890 689
1707900 688
1707910 685
1707920 683
1707930 681
1707940 679
1707950 678
1707960 677
1707970 676
1707980 675
1707990 674
1708000 673
1708010 673
1708020 672
1708030 672
1708040 671
1708050 670
1708060 669
1708070 669
1708080 668
1708090 667
1708100 666
1708110 665
1708120 664
1708130 663
1708140 661
1708150 659
1708160 658
1708170 657
1708180 656
1708190 654
1708200 653
1708210 650
1708220 649
1708230 647
1708240 646
1708250 644
1708260 643
1708270 640
1708280 638
1708290 636
1708300 633
1708310 633
1708320 633
1708330 634
1708340 635
1708350 636
1708360 636
1708370 636
1708380 636
1708390 636
1708400 637
1708410 637
1708420 638
1708430 638
1708440 638
1708450 638
1708460 639
1708470 640
1708480 640
1708490 640
1708500 640
1708510 640
1708520 640
1708530 641
1708540 642
1708550 644
1708560 645
1708570 646
1708580 648
1708590 649
1708600 650
1708610 651
1708620 653
1708630 654
1708640 655
1708650 656
1708660 657
1708670 658
1708680 659
1708690 660
1708700 661
1708710 662
1708720 663
1708730 664
1708740 665
1708750 665
1708760 666
1708770 666
1708780 666
1708790 666
1708800 667
1708810 667
1708820 667
1708830 667
1708840 667
1708850 668
1708860 668
1708870 668
1708880 668
1708890 668
1708900 669
1708910 669
1708920 669
1708930 669
1708940 669
1708950 669
1708960 669
1708970 669
1708980 669
1708990 669
1709000 670
1709010 671
1709020 671
1709030 671
1709040 671
1709050 671
1709060 672
1709070 672
1709080 672
1709090 673
1709100 673
1709110 673
1709120 674
1709130 675
1709140 676
1709150 676
1709160 677
1709170 677
1709180 677
1709190 677
1709200 677
1709210 677
1709220 678
1709230 678
1709240 678
1709250 678
1709260 678
1709270 678
1709280 678
1709290 678
1709300 677
1709310 677
1709320 677
1709330 676
1709340 676
1709350 675
1709360 675
1709370 674
1709380 674
1709390 673
1709400 672
1709410 672
1709420 671
1709430 670
1709440 670
1709450 670
1709460 670
1709470 670
1709480 670
1709490 669
1709500 668
1709510 668
1709520 666
1709530 665
1709540 664
1709550 665
1709560 665
1709570 665
1709580 665
1709590 665
1709600 664
1709610 664
1709620 664
1709630 664
1709640 664
1709650 664
1709660 664
1709670 664
1709680 664
1709690 663
1709700 663
1709710 662
1709720 661
1709730 659
1709740 657
1709750 655
1709760 652
1709770 650
1709780 647
1709790 643
1709800 640
1709810 636
1709820 631
1709830 627
1709840 622
1709850 617
1709860 613
1709870 609
1709880 605
1709890 601
1709900 598
1709910 597
1709920 596
1709930 594
1709940 593
1709950 591
1709960 589
1709970 587
1709980 584
1709990 581
1710000 578
1710010 575
1710020 570
1710030 566
1710040 561
1710050 556
1710060 553
1710070 549
1710080 547
1710090 547
1710100 548
1710110 548
1710120 547
1710130 545
1710140 544
1710150 542
1710160 540
1710170 538
1710180 535
1710190 531
1710200 527
1710210 522
1710220 520
1710230 519
1710240 520
1710250 521
1710260 521
1710270 520
1710280 519
1710290 517
1710300 517
1710310 517
1710320 516
1710330 515
1710340 514
1710350 512
1710360 511
1710370 508
1710380 506
1710390 503
1710400 500
1710410 497
1710420 494
1710430 491
1710440 487
1710450 483
1710460 478
1710470 472
1710480 467
1710490 463
1710500 460
1710510 458
1710520 456
1710530 455
1710540 453
1710550 452
1710560 451
1710570 450
1710580 450
1710590 449
1710600 448
1710610 448
1710620 448
1710630 447
1710640 447
1710650 446
1710660 446
1710670 445
1710680 445
1710690 445
1710700 445
1710710 445
1710720 445
1710730 444
1710740 445
1710750 445
1710760 445
1710770 445
1710780 445
1710790 444
1710800 444
1710810 444
1710820 444
1710830 444
1710840 444
1710850 445
1710860 447
1710870 450
1710880 452
1710890 454
1710900 455
1710910 456
1710920 458
1710930 459
1710940 461
1710950 462
1710960 464
1710970 466
1710980 468
1710990 471
1711000 473
1711010 475
1711020 478
1711030 481
1711040 484
1711050 487
1711060 490
1711070 494
1711080 497
1711090 501
1711100 504
1711110 507
1711120 509
1711130 511
1711140 513
1711150 514
1711160 515
1711170 516
1711180 517
1711190 518
1711200 520
1711210 521
1711220 522
1711230 524
1711240 525
1711250 527
1711260 529
1711270 531
1711280 534
1711290 537
1711300 539
1711310 542
1711320 543
1711330 545
1711340 548
1711350 550
1711360 552
1711370 555
1711380 557
1711390 558
1711400 560
1711410 561
1711420 561
1711430 562
1711440 562
1711450 563
1711460 563
1711470 564
1711480 565
1711490 568
1711500 571
1711510 575
1711520 581
1711530 587
1711540 593
1711550 598
1711560 602
1711570 606
1711580 611
1711590 617
1711600 622
1711610 625
1711620 628
1711630 632
1711640 637
1711650 641
1711660 646
1711670 649
1711680 652
1711690 655
1711700 658
1711710 661
1711720 665
1711730 669
1711740 673
1711750 677
1711760 679
1711770 681
1711780 682
1711790 684
1711800 686
1711810 687
1711820 690
1711830 692
1711840 695
1711850 698
1711860 702
1711870 705
1711880 708
1711890 710
1711900 713
1711910 716
1711920 720
1711930 724
1711940 728
1711950 732
1711960 737
1711970 742
1711980 747
1711990 752
1712000 758
1712010 763
1712020 768
1712030 774
1712040 781
1712050 787
1712060 790
1712070 793
1712080 794
1712090 796
1712100 798
1712110 800
1712120 803
1712130 805
1712140 808
1712150 810
1712160 813
1712170 815
1712180 817
1712190 819
1712200 820
1712210 820
1712220 821
1712230 822
1712240 823
1712250 825
1712260 827
1712270 829
1712280 831
1712290 833
1712300 835
1712310 836
1712320 837
1712330 838
1712340 838
1712350 838
1712360 839
1712370 839
1712380 839
1712390 840
1712400 842
1712410 843
1712420 844
1712430 846
1712440 848
1712450 850
1712460 852
1712470 854
1712480 856
1712490 859
1712500 863
1712510 866
1712520 868
1712530 870
1712540 871
1712550 873
1712560 874
1712570 876
1712580 876
1712590 877
1712600 878
1712610 878
1712620 879
1712630 879
1712640 879
1712650 880
1712660 880
1712670 880
1712680 880
1712690 881
1712700 881
1712710 881
1712720 881
1712730 880
1712740 880
1712750 880
1712760 879
1712770 879
1712780 878
1712790 877
1712800 877
1712810 876
1712820 875
1712830 873
1712840 872
1712850 870
1712860 869
1712870 868
1712880 867
1712890 866
1712900 866
1712910 865
1712920 865
1712930 864
1712940 863
1712950 863
1712960 861
1712970 860
1712980 859
1712990 857
1713000 857
1713010 856
1713020 855
1713030 854
1713040 852
1713050 849
1713060 847
1713070 845
1713080 843
1713090 841
1713100 840
1713110 838
1713120 836
1713130 835
1713140 833
1713150 831
1713160 829
1713170 827
1713180 826
1713190 824
1713200 822
1713210 820
1713220 818
1713230 816
1713240 814
1713250 812
1713260 810
1713270 809
1713280 808
1713290 808
1713300 808
1713310 809
1713320 809
1713330 809
1713340 809
1713350 809
1713360 809
1713370 809
1713380 809
1713390 809
1713400 809
1713410 809
1713420 808
1713430 808
1713440 808
1713450 808
1713460 808
1713470 808
1713480 809
1713490 809
1713500 810
1713510 811
1713520 811
1713530 812
1713540 813
1713550 815
1713560 816
1713570 817
1713580 818
1713590 818
1713600 819
1713610 820
1713620 820
1713630 821
1713640 822
1713650 824
1713660 827
1713670 830
1713680 832
1713690 834
1713700 836
1713710 838
1713720 840
1713730 842
1713740 844
1713750 845
1713760 847
1713770 849
1713780 850
1713790 851
1713800 852
1713810 853
1713820 854
1713830 855
1713840 856
1713850 857
1713860 859
1713870 861
1713880 863
1713890 865
1713900 866
1713910 866
1713920 865
1713930 864
1713940 861
1713950 858
1713960 855
1713970 852
1713980 849
1713990 845
1714000 841
1714010 837
1714020 832
1714030 828
1714040 823
1714050 819
1714060 814
1714070 809
1714080 804
1714090 799
1714100 794
1714110 789
1714120 784
1714130 779
1714140 773
1714150 769
1714160 764
1714170 759
1714180 754
1714190 749
1714200 745
1714210 740
1714220 736
1714230 732
1714240 728
1714250 723
1714260 719
1714270 715
1714280 711
1714290 706
1714300 702
1714310 698
1714320 694
1714330 690
1714340 686
1714350 682
1714360 678
1714370 674
1714380 670
1714390 666
1714400 663
1714410 660
1714420 657
1714430 654
1714440 651
1714450 648
1714460 645
1714470 643
1714480 640
1714490 637
1714500 634
1714510 632
1714520 629
1714530 627
1714540 624
1714550 621
1714560 619
1714570 616
1714580 613
1714590 610
1714600 608
1714610 605
1714620 603
1714630 600
1714640 598
1714650 596
1714660 594
1714670 593
1714680 591
1714690 589
1714700 587
1714710 585
1714720 582
1714730 580
1714740 578
1714750 577
1714760 576
1714770 576
1714780 575
1714790 574
1714800 574
1714810 573
1714820 572
1714830 570
1714840 569
1714850 567
1714860 566
1714870 565
1714880 564
1714890 562
1714900 560
1714910 558
1714920 556
1714930 555
1714940 554
1714950 554
1714960 553
1714970 552
1714980 550
1714990 548
1715000 546
1715010 544
1715020 542
1715030 539
1715040 536
1715050 533
1715060 530
1715070 528
1715080 525
1715090 523
1715100 521
1715110 519
1715120 517
1715130 515
1715140 514
1715150 514
1715160 513
1715170 513
1715180 512
1715190 510
1715200 509
1715210 508
1715220 505
1715230 502
1715240 499
1715250 496
1715260 493
1715270 491
1715280 490
1715290 488
1715300 487
1715310 486
1715320 485
1715330 485
1715340 484
1715350 484
1715360 483
1715370 483
1715380 483
1715390 484
1715400 487
1715410 489
1715420 491
1715430 493
1715440 495
1715450 497
1715460 498
1715470 498
1715480 498
1715490 497
1715500 496
1715510 494
1715520 491
1715530 489
1715540 486
1715550 483
1715560 482
1715570 481
1715580 481
1715590 481
1715600 481
1715610 480
1715620 480
1715630 480
1715640 479
1715650 479
1715660 479
1715670 478
1715680 478
1715690 478
1715700 478
1715710 478
1715720 479
1715730 479
1715740 479
1715750 479
1715760 479
1715770 479
1715780 480
1715790 481
1715800 485
1715810 490
1715820 495
1715830 499
1715840 503
1715850 505
1715860 508
1715870 511
1715880 514
1715890 517
1715900 521
1715910 524
1715920 527
1715930 531
1715940 534
1715950 537
1715960 540
1715970 542
1715980 545
1715990 547
1716000 550
1716010 553
1716020 555
1716030 558
1716040 561
1716050 565
1716060 569
1716070 573
1716080 577
1716090 581
1716100 584
1716110 585
1716120 585
1716130 584
1716140 583
1716150 581
1716160 579
1716170 577
1716180 574
1716190 571
1716200 567
1716210 564
1716220 560
1716230 557
1716240 554
1716250 551
1716260 548
1716270 545
1716280 543
1716290 540
1716300 538
1716310 536
1716320 534
1716330 532
1716340 530
1716350 527
1716360 525
1716370 524
1716380 523
1716390 522
1716400 522
1716410 522
1716420 521
1716430 520
1716440 519
1716450 519
1716460 518
1716470 518
1716480 518
1716490 518
1716500 518
1716510 518
1716520 518
1716530 518
1716540 517
1716550 516
1716560 516
1716570 516
1716580 515
1716590 515
1716600 515
1716610 516
1716620 516
1716630 516
1716640 516
1716650 517
1716660 517
1716670 518
1716680 519
1716690 520
1716700 520
1716710 521
1716720 522
1716730 523
1716740 524
1716750 524
1716760 525
1716770 526
1716780 527
1716790 528
1716800 528
1716810 529
1716820 530
1716830 530
1716840 532
1716850 533
1716860 535
1716870 537
1716880 538
1716890 539
1716900 541
1716910 542
1716920 543
1716930 544
1716940 544
1716950 545
1716960 546
1716970 547
1716980 547
1716990 548
1717000 548
1717010 548
1717020 548
1717030 549
1717040 549
1717050 549
1717060 549
1717070 550
1717080 551
1717090 551
1717100 551
1717110 551
1717120 552
1717130 552
1717140 552
1717150 552
1717160 553
1717170 553
1717180 554
1717190 556
1717200 557
1717210 558
1717220 559
1717230 561
1717240 562
1717250 563
1717260 564
1717270 565
1717280 565
1717290 566
1717300 567
1717310 567
1717320 568
1717330 567
1717340 566
1717350 566
1717360 565
1717370 565
1717380 565
1717390 566
1717400 566
1717410 568
1717420 570
1717430 571
1717440 573
1717450 574
1717460 576
1717470 579
1717480 581
1717490 583
1717500 586
1717510 589
1717520 592
1717530 595
1717540 598
1717550 601
1717560 603
1717570 606
1717580 609
1717590 611
1717600 613
1717610 616
1717620 618
1717630 620
1717640 621
1717650 623
1717660 625
1717670 626
1717680 627
1717690 628
1717700 628
1717710 630
1717720 631
1717730 633
1717740 634
1717750 636
1717760 637
1717770 640
1717780 642
1717790 644
1717800 647
1717810 648
1717820 649
1717830 650
1717840 651
1717850 651
1717860 651
1717870 650
1717880 648
1717890 651
1717900 656
1717910 659
1717920 661
1717930 663
1717940 666
1717950 669
1717960 673
1717970 676
1717980 679
1717990 683
1718000 686
1718010 689
1718020 691
1718030 694
1718040 697
1718050 699
1718060 702
1718070 705
1718080 707
1718090 710
1718100 712
1718110 715
1718120 717
1718130 720
1718140 722
1718150 725
1718160 728
1718170 730
1718180 733
1718190 736
1718200 738
1718210 741
1718220 745
1718230 748
1718240 751
1718250 754
1718260 757
1718270 759
1718280 762
1718290 765
1718300 769
1718310 773
1718320 777
1718330 780
1718340 784
1718350 788
1718360 791
1718370 795
1718380 799
1718390 802
1718400 806
1718410 810
1718420 814
1718430 818
1718440 822
1718450 825
1718460 829
1718470 832
1718480 836
1718490 840
1718500 844
1718510 847
1718520 850
1718530 851
1718540 850
1718550 846
1718560 842
1718570 837
1718580 833
1718590 828
1718600 823
1718610 818
1718620 813
1718630 809
1718640 804
1718650 800
1718660 795
1718670 791
1718680 787
1718690 784
1718700 780
1718710 776
1718720 772
1718730 768
1718740 763
1718750 759
1718760 754
1718770 750
1718780 745
1718790 741
1718800 736
1718810 731
1718820 727
1718830 722
1718840 717
1718850 713
1718860 709
1718870 706
1718880 704
1718890 703
1718900 702
1718910 701
1718920 700
1718930 699
1718940 699
1718950 699
1718960 698
1718970 697
1718980 696
1718990 694
1719000 693
1719010 693
1719020 693
1719030 693
1719040 692
1719050 691
1719060 690
1719070 688
1719080 685
1719090 683
1719100 680
1719110 677
1719120 674
1719130 671
1719140 668
1719150 665
1719160 664
1719170 664
1719180 667
1719190 670
1719200 672
1719210 674
1719220 674
1719230 674
1719240 674
1719250 673
1719260 672
1719270 671
1719280 670
1719290 669
1719300 668
1719310 667
1719320 666
1719330 665
1719340 663
1719350 662
1719360 661
1719370 660
1719380 661
1719390 662
1719400 664
1719410 665
1719420 665
1719430 665
1719440 664
1719450 663
1719460 662
1719470 661
1719480 660
1719490 659
1719500 657
1719510 656
1719520 655
1719530 653
1719540 652
1719550 650
1719560 648
1719570 647
1719580 645
1719590 643
1719600 641
1719610 639
1719620 637
1719630 635
1719640 633
1719650 633
1719660 633
1719670 636
1719680 640
1719690 643
1719700 646
1719710 647
1719720 647
1719730 647
1719740 646
1719750 644
1719760 643
1719770 641
1719780 639
1719790 637
1719800 635
1719810 633
1719820 630
1719830 628
1719840 625
1719850 622
1719860 619
1719870 615
1719880 612
1719890 609
1719900 605
1719910 602
1719920 598
1719930 594
1719940 590
1719950 586
1719960 581
1719970 578
1719980 575
1719990 574
