1700000 752
1700010 752
1700020 752
1700030 751
1700040 751
1700050 750
1700060 750
1700070 750
1700080 749
1700090 749
1700100 748
1700110 748
1700120 747
1700130 746
1700140 745
1700150 744
1700160 742
1700170 740
1700180 739
1700190 738
1700200 737
1700210 737
1700220 737
1700230 738
1700240 738
1700250 740
1700260 742
1700270 745
1700280 748
1700290 750
1700300 752
1700310 754
1700320 756
1700330 759
1700340 761
1700350 764
1700360 767
1700370 769
1700380 771
1700390 773
1700400 774
1700410 776
1700420 777
1700430 778
1700440 780
1700450 781
1700460 783
1700470 784
1700480 786
1700490 787
1700500 788
1700510 790
1700520 791
1700530 792
1700540 793
1700550 794
1700560 796
1700570 797
1700580 797
1700590 798
1700600 799
1700610 800
1700620 801
1700630 802
1700640 802
1700650 803
1700660 804
1700670 805
1700680 805
1700690 806
1700700 807
1700710 807
1700720 807
1700730 808
1700740 809
1700750 809
1700760 810
1700770 810
1700780 811
1700790 812
1700800 812
1700810 813
1700820 814
1700830 816
1700840 817
1700850 818
1700860 819
1700870 820
1700880 821
1700890 822
1700900 823
1700910 825
1700920 826
1700930 827
1700940 828
1700950 830
1700960 831
1700970 832
1700980 833
1700990 834
1701000 836
1701010 837
1701020 838
1701030 839
1701040 840
1701050 841
1701060 841
1701070 842
1701080 843
1701090 843
1701100 844
1701110 845
1701120 845
1701130 846
1701140 847
1701150 847
1701160 847
1701170 847
1701180 848
1701190 848
1701200 848
1701210 848
1701220 849
1701230 849
1701240 849
1701250 850
1701260 850
1701270 851
1701280 851
1701290 852
1701300 853
1701310 854
1701320 854
1701330 855
1701340 856
1701350 857
1701360 858
1701370 859
1701380 860
1701390 861
1701400 862
1701410 863
1701420 864
1701430 865
1701440 865
1701450 866
1701460 867
1701470 868
1701480 869
1701490 869
1701500 870
1701510 870
1701520 871
1701530 871
1701540 872
1701550 872
1701560 872
1701570 873
1701580 873
1701590 874
1701600 874
1701610 875
1701620 876
1701630 876
1701640 877
1701650 878
1701660 878
1701670 879
1701680 879
1701690 880
1701700 880
1701710 881
1701720 882
1701730 882
1701740 882
1701750 883
1701760 883
1701770 884
1701780 884
1701790 884
1701800 885
1701810 885
1701820 885
1701830 885
1701840 885
1701850 885
1701860 885
1701870 885
1701880 885
1701890 885
1701900 885
1701910 885
1701920 884
1701930 884
1701940 884
1701950 884
1701960 883
1701970 883
1701980 882
1701990 882
1702000 881
1702010 881
1702020 880
1702030 880
1702040 879
1702050 879
1702060 879
1702070 878
1702080 878
1702090 878
1702100 877
1702110 877
1702120 877
1702130 876
1702140 876
1702150 876
1702160 875
1702170 875
1702180 875
1702190 875
1702200 875
1702210 874
1702220 874
1702230 874
1702240 873
1702250 872
1702260 871
1702270 871
1702280 870
1702290 870
1702300 869
1702310 868
1702320 868
1702330 867
1702340 867
1702350 866
1702360 866
1702370 865
1702380 865
1702390 864
1702400 863
1702410 863
1702420 862
1702430 861
1702440 860
1702450 859
1702460 858
1702470 858
1702480 856
1702490 854
1702500 853
1702510 851
1702520 849
1702530 847
1702540 845
1702550 843
1702560 841
1702570 840
1702580 838
1702590 837
1702600 836
1702610 835
1702620 834
1702630 833
1702640 832
1702650 832
1702660 831
1702670 831
1702680 830
1702690 829
1702700 829
1702710 828
1702720 827
1702730 827
1702740 826
1702750 825
1702760 825
1702770 824
1702780 823
1702790 823
1702800 822
1702810 821
1702820 821
1702830 820
1702840 819
1702850 818
1702860 817
1702870 817
1702880 816
1702890 815
1702900 813
1702910 811
1702920 809
1702930 808
1702940 806
1702950 804
1702960 803
1702970 802
1702980 800
1702990 799
1703000 798
1703010 797
1703020 795
1703030 794
1703040 793
1703050 792
1703060 791
1703070 789
1703080 788
1703090 787
1703100 786
1703110 785
1703120 784
1703130 782
1703140 781
1703150 780
1703160 778
1703170 777
1703180 776
1703190 774
1703200 773
1703210 772
1703220 770
1703230 769
1703240 767
1703250 764
1703260 762
1703270 760
1703280 758
1703290 757
1703300 754
1703310 752
1703320 750
1703330 748
1703340 747
1703350 745
1703360 744
1703370 743
1703380 742
1703390 741
1703400 741
1703410 740
1703420 739
1703430 738
1703440 737
1703450 736
1703460 736
1703470 735
1703480 734
1703490 733
1703500 732
1703510 732
1703520 731
1703530 730
1703540 729
1703550 729
1703560 728
1703570 727
1703580 726
1703590 725
1703600 724
1703610 723
1703620 723
1703630 722
1703640 721
1703650 721
1703660 720
1703670 720
1703680 720
1703690 720
1703700 719
1703710 719
1703720 719
1703730 719
1703740 718
1703750 718
1703760 717
1703770 717
1703780 716
1703790 715
1703800 714
1703810 714
1703820 713
1703830 712
1703840 712
1703850 711
1703860 710
1703870 709
1703880 708
1703890 706
1703900 705
1703910 703
1703920 702
1703930 700
1703940 699
1703950 697
1703960 696
1703970 695
1703980 694
1703990 693
1704000 693
1704010 692
1704020 691
1704030 691
1704040 690
1704050 690
1704060 689
1704070 688
1704080 688
1704090 687
1704100 687
1704110 686
1704120 685
1704130 685
1704140 684
1704150 684
1704160 683
1704170 682
1704180 682
1704190 681
1704200 680
1704210 679
1704220 679
1704230 678
1704240 677
1704250 676
1704260 674
1704270 672
1704280 670
1704290 668
1704300 667
1704310 666
1704320 666
1704330 666
1704340 666
1704350 667
1704360 667
1704370 667
1704380 667
1704390 667
1704400 667
1704410 667
1704420 668
1704430 668
1704440 668
1704450 668
1704460 668
1704470 668
1704480 668
1704490 668
1704500 667
1704510 667
1704520 667
1704530 667
1704540 667
1704550 666
1704560 666
1704570 666
1704580 665
1704590 665
1704600 664
1704610 663
1704620 662
1704630 662
1704640 661
1704650 660
1704660 659
1704670 658
1704680 656
1704690 655
1704700 653
1704710 651
1704720 649
1704730 647
1704740 645
1704750 642
1704760 640
1704770 638
1704780 636
1704790 634
1704800 632
1704810 630
1704820 629
1704830 627
1704840 626
1704850 624
1704860 622
1704870 620
1704880 619
1704890 617
1704900 616
1704910 614
1704920 613
1704930 611
1704940 609
1704950 608
1704960 606
1704970 604
1704980 602
1704990 599
1705000 597
1705010 595
1705020 593
1705030 591
1705040 589
1705050 587
1705060 585
1705070 583
1705080 581
1705090 579
1705100 578
1705110 576
1705120 574
1705130 572
1705140 570
1705150 568
1705160 566
1705170 565
1705180 563
1705190 562
1705200 560
1705210 559
1705220 557
1705230 556
1705240 554
1705250 552
1705260 551
1705270 549
1705280 548
1705290 546
1705300 545
1705310 543
1705320 542
1705330 541
1705340 540
1705350 539
1705360 538
1705370 537
1705380 537
1705390 536
1705400 536
1705410 536
1705420 536
1705430 537
1705440 539
1705450 540
1705460 541
1705470 542
1705480 543
1705490 543
1705500 544
1705510 543
1705520 542
1705530 541
1705540 540
1705550 538
1705560 537
1705570 536
1705580 534
1705590 532
1705600 530
1705610 528
1705620 526
1705630 524
1705640 523
1705650 521
1705660 520
1705670 520
1705680 519
1705690 518
1705700 518
1705710 519
1705720 520
1705730 522
1705740 523
1705750 524
1705760 524
1705770 523
1705780 522
1705790 521
1705800 520
1705810 519
1705820 517
1705830 516
1705840 512
1705850 507
1705860 501
1705870 494
1705880 490
1705890 488
1705900 487
1705910 487
1705920 487
1705930 488
1705940 488
1705950 489
1705960 489
1705970 491
1705980 494
1705990 501
1706000 508
1706010 512
1706020 515
1706030 517
1706040 519
1706050 522
1706060 524
1706070 526
1706080 528
1706090 531
1706100 533
1706110 535
1706120 537
1706130 539
1706140 542
1706150 544
1706160 546
1706170 549
1706180 552
1706190 554
1706200 557
1706210 559
1706220 560
1706230 562
1706240 564
1706250 566
1706260 568
1706270 569
1706280 571
1706290 572
1706300 573
1706310 574
1706320 574
1706330 575
1706340 575
1706350 576
1706360 575
1706370 575
1706380 575
1706390 575
1706400 575
1706410 575
1706420 575
1706430 575
1706440 575
1706450 575
1706460 575
1706470 575
1706480 575
1706490 574
1706500 574
1706510 573
1706520 572
1706530 571
1706540 570
1706550 569
1706560 568
1706570 566
1706580 565
1706590 564
1706600 562
1706610 560
1706620 558
1706630 557
1706640 556
1706650 555
1706660 554
1706670 554
1706680 554
1706690 554
1706700 553
1706710 553
1706720 553
1706730 552
1706740 551
1706750 551
1706760 550
1706770 549
1706780 548
1706790 546
1706800 544
1706810 541
1706820 537
1706830 532
1706840 528
1706850 524
1706860 520
1706870 516
1706880 513
1706890 511
1706900 515
1706910 518
1706920 521
1706930 524
1706940 526
1706950 529
1706960 531
1706970 533
1706980 534
1706990 535
1707000 536
1707010 537
1707020 536
1707030 536
1707040 536
1707050 536
1707060 535
1707070 534
1707080 534
1707090 533
1707100 533
1707110 532
1707120 531
1707130 530
1707140 529
1707150 528
1707160 527
1707170 526
1707180 525
1707190 524
1707200 523
1707210 522
1707220 521
1707230 519
1707240 517
1707250 516
1707260 515
1707270 513
1707280 512
1707290 511
1707300 509
1707310 508
1707320 507
1707330 505
1707340 504
1707350 502
1707360 501
1707370 500
1707380 499
1707390 498
1707400 497
1707410 496
1707420 494
1707430 493
1707440 491
1707450 490
1707460 488
1707470 487
1707480 486
1707490 485
1707500 484
1707510 483
1707520 481
1707530 478
1707540 477
1707550 477
1707560 477
1707570 478
1707580 478
1707590 478
1707600 478
1707610 478
1707620 478
1707630 477
1707640 477
1707650 476
1707660 475
1707670 473
1707680 469
1707690 467
1707700 465
1707710 463
1707720 461
1707730 458
1707740 455
1707750 454
1707760 453
1707770 452
1707780 451
1707790 450
1707800 449
1707810 448
1707820 447
1707830 447
1707840 446
1707850 446
1707860 446
1707870 446
1707880 445
1707890 445
1707900 444
1707910 444
1707920 443
1707930 442
1707940 442
1707950 442
1707960 442
1707970 442
1707980 442
1707990 442
1708000 442
1708010 442
1708020 443
1708030 443
1708040 443
1708050 443
1708060 443
1708070 444
1708080 444
1708090 443
1708100 443
1708110 443
1708120 442
1708130 442
1708140 442
1708150 442
1708160 442
1708170 441
1708180 441
1708190 441
1708200 441
1708210 441
1708220 441
1708230 441
1708240 441
1708250 441
1708260 440
1708270 440
1708280 440
1708290 441
1708300 442
1708310 442
1708320 442
1708330 441
1708340 441
1708350 441
1708360 441
1708370 441
1708380 441
1708390 441
1708400 441
1708410 441
1708420 440
1708430 440
1708440 440
1708450 440
1708460 440
1708470 440
1708480 439
1708490 439
1708500 439
1708510 438
1708520 439
1708530 439
1708540 439
1708550 440
1708560 440
1708570 440
1708580 440
1708590 440
1708600 440
1708610 440
1708620 440
1708630 440
1708640 440
1708650 440
1708660 440
1708670 440
1708680 441
1708690 442
1708700 443
1708710 444
1708720 446
1708730 448
1708740 449
1708750 450
1708760 451
1708770 451
1708780 452
1708790 453
1708800 454
1708810 455
1708820 455
1708830 456
1708840 455
1708850 453
1708860 452
1708870 450
1708880 448
1708890 447
1708900 446
1708910 445
1708920 444
1708930 443
1708940 443
1708950 442
1708960 441
1708970 440
1708980 440
1708990 439
1709000 438
1709010 437
1709020 436
1709030 436
1709040 436
1709050 437
1709060 437
1709070 437
1709080 438
1709090 440
1709100 443
1709110 446
1709120 447
1709130 448
1709140 448
1709150 450
1709160 452
1709170 453
1709180 455
1709190 458
1709200 462
1709210 465
1709220 468
1709230 471
1709240 474
1709250 477
1709260 480
1709270 483
1709280 485
1709290 488
1709300 490
1709310 492
1709320 495
1709330 497
1709340 499
1709350 501
1709360 502
1709370 503
1709380 504
1709390 504
1709400 504
1709410 503
1709420 502
1709430 501
1709440 500
1709450 498
1709460 497
1709470 496
1709480 493
1709490 490
1709500 486
1709510 482
1709520 477
1709530 473
1709540 469
1709550 464
1709560 460
1709570 456
1709580 453
1709590 451
1709600 448
1709610 446
1709620 444
1709630 443
1709640 442
1709650 441
1709660 440
1709670 439
1709680 438
1709690 437
1709700 437
1709710 436
1709720 436
1709730 436
1709740 435
1709750 435
1709760 435
1709770 435
1709780 435
1709790 435
1709800 435
1709810 435
1709820 435
1709830 435
1709840 435
1709850 435
1709860 435
1709870 435
1709880 435
1709890 435
1709900 435
1709910 435
1709920 435
1709930 435
1709940 435
1709950 435
1709960 435
1709970 435
1709980 434
1709990 434
1710000 435
1710010 435
1710020 435
1710030 435
1710040 436
1710050 436
1710060 437
1710070 439
1710080 442
1710090 445
1710100 449
1710110 454
1710120 459
1710130 463
1710140 468
1710150 473
1710160 477
1710170 481
1710180 486
1710190 491
1710200 496
1710210 502
1710220 508
1710230 511
1710240 518
1710250 524
1710260 530
1710270 532
1710280 534
1710290 537
1710300 540
1710310 543
1710320 546
1710330 550
1710340 553
1710350 556
1710360 559
1710370 562
1710380 565
1710390 565
1710400 564
1710410 560
1710420 556
1710430 553
1710440 549
1710450 545
1710460 541
1710470 537
1710480 533
1710490 529
1710500 525
1710510 521
1710520 517
1710530 513
1710540 510
1710550 508
1710560 506
1710570 505
1710580 503
1710590 501
1710600 499
1710610 497
1710620 495
1710630 494
1710640 492
1710650 490
1710660 488
1710670 486
1710680 483
1710690 480
1710700 478
1710710 475
1710720 473
1710730 471
1710740 470
1710750 469
1710760 468
1710770 467
1710780 466
1710790 466
1710800 467
1710810 468
1710820 469
1710830 470
1710840 472
1710850 473
1710860 475
1710870 477
1710880 479
1710890 480
1710900 482
1710910 484
1710920 486
1710930 488
1710940 490
1710950 492
1710960 494
1710970 496
1710980 498
1710990 500
1711000 502
1711010 504
1711020 506
1711030 508
1711040 511
1711050 513
1711060 515
1711070 517
1711080 520
1711090 522
1711100 524
1711110 527
1711120 529
1711130 532
1711140 535
1711150 537
1711160 540
1711170 542
1711180 544
1711190 547
1711200 549
1711210 552
1711220 554
1711230 557
1711240 560
1711250 564
1711260 567
1711270 570
1711280 573
1711290 576
1711300 580
1711310 583
1711320 587
1711330 590
1711340 594
1711350 598
1711360 601
1711370 604
1711380 607
1711390 610
1711400 614
1711410 617
1711420 621
1711430 624
1711440 628
1711450 632
1711460 635
1711470 638
1711480 642
1711490 645
1711500 647
1711510 650
1711520 653
1711530 655
1711540 658
1711550 660
1711560 662
1711570 664
1711580 666
1711590 668
1711600 670
1711610 672
1711620 674
1711630 675
1711640 676
1711650 677
1711660 678
1711670 679
1711680 679
1711690 680
1711700 680
1711710 681
1711720 681
1711730 681
1711740 682
1711750 682
1711760 682
1711770 682
1711780 681
1711790 681
1711800 680
1711810 679
1711820 678
1711830 677
1711840 674
1711850 671
1711860 669
1711870 666
1711880 664
1711890 662
1711900 660
1711910 659
1711920 659
1711930 659
1711940 660
1711950 661
1711960 662
1711970 663
1711980 665
1711990 666
1712000 666
1712010 666
1712020 666
1712030 665
1712040 665
1712050 664
1712060 664
1712070 663
1712080 662
1712090 662
1712100 661
1712110 660
1712120 660
1712130 659
1712140 659
1712150 658
1712160 658
1712170 657
1712180 657
1712190 657
1712200 657
1712210 658
1712220 660
1712230 661
1712240 663
1712250 665
1712260 666
1712270 668
1712280 669
1712290 670
1712300 672
1712310 674
1712320 676
1712330 677
1712340 679
1712350 681
1712360 682
1712370 684
1712380 686
1712390 688
1712400 690
1712410 693
1712420 696
1712430 699
1712440 703
1712450 706
1712460 708
1712470 709
1712480 709
1712490 710
1712500 712
1712510 713
1712520 714
1712530 715
1712540 716
1712550 717
1712560 718
1712570 719
1712580 720
1712590 720
1712600 721
1712610 722
1712620 723
1712630 725
1712640 726
1712650 726
1712660 727
1712670 728
1712680 729
1712690 730
1712700 731
1712710 733
1712720 734
1712730 735
1712740 736
1712750 738
1712760 739
1712770 740
1712780 741
1712790 743
1712800 744
1712810 745
1712820 746
1712830 747
1712840 748
1712850 749
1712860 750
1712870 751
1712880 752
1712890 753
1712900 753
1712910 754
1712920 754
1712930 755
1712940 755
1712950 756
1712960 756
1712970 756
1712980 756
1712990 757
1713000 757
1713010 757
1713020 757
1713030 757
1713040 757
1713050 757
1713060 756
1713070 756
1713080 756
1713090 755
1713100 755
1713110 755
1713120 755
1713130 755
1713140 754
1713150 754
1713160 753
1713170 753
1713180 753
1713190 754
1713200 754
1713210 754
1713220 754
1713230 754
1713240 754
1713250 754
1713260 754
1713270 753
1713280 752
1713290 752
1713300 752
1713310 752
1713320 752
1713330 751
1713340 751
1713350 750
1713360 749
1713370 748
1713380 747
1713390 744
1713400 743
1713410 742
1713420 743
1713430 743
1713440 744
1713450 745
1713460 745
1713470 745
1713480 745
1713490 745
1713500 746
1713510 748
1713520 749
1713530 750
1713540 750
1713550 751
1713560 751
1713570 753
1713580 755
1713590 756
1713600 757
1713610 756
1713620 755
1713630 754
1713640 755
1713650 757
1713660 760
1713670 764
1713680 767
1713690 769
1713700 771
1713710 773
1713720 774
1713730 774
1713740 775
1713750 775
1713760 775
1713770 776
1713780 776
1713790 777
1713800 778
1713810 779
1713820 780
1713830 781
1713840 782
1713850 782
1713860 782
1713870 782
1713880 781
1713890 781
1713900 779
1713910 778
1713920 777
1713930 776
1713940 775
1713950 774
1713960 773
1713970 772
1713980 770
1713990 769
1714000 768
1714010 766
1714020 765
1714030 764
1714040 762
1714050 761
1714060 759
1714070 756
1714080 754
1714090 751
1714100 749
1714110 747
1714120 745
1714130 742
1714140 740
1714150 737
1714160 735
1714170 733
1714180 731
1714190 728
1714200 726
1714210 724
1714220 722
1714230 720
1714240 718
1714250 716
1714260 714
1714270 712
1714280 709
1714290 707
1714300 705
1714310 703
1714320 702
1714330 700
1714340 697
1714350 695
1714360 694
1714370 692
1714380 690
1714390 688
1714400 686
1714410 684
1714420 682
1714430 680
1714440 679
1714450 676
1714460 675
1714470 673
1714480 671
1714490 670
1714500 669
1714510 667
1714520 666
1714530 665
1714540 664
1714550 662
1714560 661
1714570 660
1714580 659
1714590 658
1714600 657
1714610 656
1714620 656
1714630 655
1714640 655
1714650 654
1714660 654
1714670 654
1714680 654
1714690 653
1714700 653
1714710 653
1714720 652
1714730 652
1714740 651
1714750 651
1714760 650
1714770 649
1714780 649
1714790 648
1714800 647
1714810 646
1714820 645
1714830 643
1714840 642
1714850 639
1714860 636
1714870 631
1714880 626
1714890 621
1714900 616
1714910 611
1714920 605
1714930 599
1714940 594
1714950 588
1714960 582
1714970 576
1714980 571
1714990 565
1715000 560
1715010 554
1715020 548
1715030 543
1715040 537
1715050 532
1715060 526
1715070 520
1715080 514
1715090 509
1715100 504
1715110 499
1715120 496
1715130 493
1715140 491
1715150 490
1715160 489
1715170 488
1715180 487
1715190 486
1715200 485
1715210 483
1715220 480
1715230 477
1715240 474
1715250 471
1715260 468
1715270 466
1715280 463
1715290 462
1715300 460
1715310 458
1715320 458
1715330 458
1715340 458
1715350 458
1715360 459
1715370 459
1715380 460
1715390 460
1715400 461
1715410 462
1715420 463
1715430 463
1715440 464
1715450 464
1715460 465
1715470 466
1715480 466
1715490 467
1715500 468
1715510 469
1715520 470
1715530 471
1715540 471
1715550 471
1715560 471
1715570 471
1715580 471
1715590 471
1715600 471
1715610 472
1715620 473
1715630 474
1715640 476
1715650 478
1715660 481
1715670 484
1715680 486
1715690 488
1715700 490
1715710 491
1715720 494
1715730 498
1715740 501
1715750 505
1715760 510
1715770 514
1715780 518
1715790 520
1715800 521
1715810 521
1715820 520
1715830 519
1715840 519
1715850 519
1715860 520
1715870 520
1715880 521
1715890 522
1715900 523
1715910 525
1715920 527
1715930 529
1715940 532
1715950 534
1715960 537
1715970 540
1715980 543
1715990 545
1716000 545
1716010 546
1716020 547
1716030 548
1716040 549
1716050 550
1716060 551
1716070 552
1716080 554
1716090 555
1716100 556
1716110 557
1716120 558
1716130 559
1716140 560
1716150 561
1716160 563
1716170 564
1716180 565
1716190 567
1716200 568
1716210 569
1716220 570
1716230 571
1716240 572
1716250 573
1716260 574
1716270 575
1716280 577
1716290 578
1716300 579
1716310 580
1716320 582
1716330 583
1716340 584
1716350 585
1716360 585
1716370 586
1716380 587
1716390 587
1716400 587
1716410 587
1716420 586
1716430 584
1716440 583
1716450 580
1716460 578
1716470 576
1716480 574
1716490 573
1716500 572
1716510 571
1716520 571
1716530 570
1716540 570
1716550 570
1716560 570
1716570 571
1716580 573
1716590 577
1716600 581
1716610 585
1716620 590
1716630 594
1716640 598
1716650 602
1716660 606
1716670 610
1716680 614
1716690 619
1716700 623
1716710 627
1716720 632
1716730 636
1716740 641
1716750 645
1716760 649
1716770 654
1716780 657
1716790 660
1716800 661
1716810 662
1716820 661
1716830 660
1716840 658
1716850 655
1716860 652
1716870 649
1716880 645
1716890 642
1716900 638
1716910 635
1716920 632
1716930 628
1716940 626
1716950 624
1716960 622
1716970 621
1716980 622
1716990 622
1717000 623
1717010 624
1717020 625
1717030 625
1717040 626
1717050 627
1717060 628
1717070 629
1717080 630
1717090 632
1717100 633
1717110 634
1717120 635
1717130 636
1717140 637
1717150 639
1717160 640
1717170 642
1717180 644
1717190 645
1717200 647
1717210 649
1717220 650
1717230 652
1717240 654
1717250 656
1717260 658
1717270 660
1717280 662
1717290 665
1717300 667
1717310 670
1717320 673
1717330 677
1717340 680
1717350 684
1717360 688
1717370 692
1717380 695
1717390 700
1717400 704
1717410 708
1717420 712
1717430 716
1717440 720
1717450 723
1717460 727
1717470 731
1717480 736
1717490 741
1717500 746
1717510 750
1717520 754
1717530 758
1717540 763
1717550 767
1717560 771
1717570 775
1717580 779
1717590 783
1717600 787
1717610 792
1717620 796
1717630 800
1717640 804
1717650 808
1717660 812
1717670 817
1717680 822
1717690 823
1717700 823
1717710 823
1717720 822
1717730 821
1717740 820
1717750 820
1717760 819
1717770 819
1717780 817
1717790 816
1717800 815
1717810 813
1717820 812
1717830 811
1717840 811
1717850 812
1717860 813
1717870 814
1717880 815
1717890 818
1717900 823
1717910 827
1717920 830
1717930 835
1717940 839
1717950 843
1717960 848
1717970 852
1717980 857
1717990 861
1718000 865
1718010 869
1718020 874
1718030 878
1718040 882
1718050 887
1718060 891
1718070 895
1718080 899
1718090 904
1718100 908
1718110 911
1718120 915
1718130 919
1718140 923
1718150 928
1718160 933
1718170 936
1718180 938
1718190 940
1718200 941
1718210 942
1718220 943
1718230 944
1718240 945
1718250 945
1718260 945
1718270 943
1718280 941
1718290 938
1718300 934
1718310 930
1718320 926
1718330 922
1718340 919
1718350 915
1718360 912
1718370 908
1718380 905
1718390 903
1718400 900
1718410 896
1718420 893
1718430 890
1718440 887
1718450 884
1718460 882
1718470 879
1718480 877
1718490 873
1718500 870
1718510 866
1718520 862
1718530 858
1718540 855
1718550 851
1718560 847
1718570 842
1718580 838
1718590 833
1718600 829
1718610 825
1718620 823
1718630 823
1718640 822
1718650 822
1718660 821
1718670 821
1718680 820
1718690 820
1718700 819
1718710 819
1718720 818
1718730 818
1718740 818
1718750 817
1718760 817
1718770 816
1718780 815
1718790 812
1718800 809
1718810 806
1718820 802
1718830 798
1718840 794
1718850 790
1718860 786
1718870 782
1718880 778
1718890 775
1718900 772
1718910 769
1718920 767
1718930 764
1718940 762
1718950 759
1718960 755
1718970 753
1718980 754
1718990 758
1719000 759
1719010 760
1719020 762
1719030 763
1719040 763
1719050 764
1719060 765
1719070 766
1719080 767
1719090 768
1719100 768
1719110 768
1719120 768
1719130 768
1719140 767
1719150 767
1719160 766
1719170 764
1719180 763
1719190 761
1719200 760
1719210 757
1719220 755
1719230 754
1719240 753
1719250 752
1719260 752
1719270 752
1719280 753
1719290 754
1719300 756
1719310 758
1719320 760
1719330 763
1719340 765
1719350 767
1719360 770
1719370 773
1719380 775
1719390 778
1719400 780
1719410 782
1719420 784
1719430 786
1719440 787
1719450 789
1719460 790
1719470 790
1719480 790
1719490 790
1719500 789
1719510 788
1719520 787
1719530 785
1719540 783
1719550 782
1719560 780
1719570 778
1719580 776
1719590 774
1719600 773
1719610 771
1719620 770
1719630 769
1719640 769
1719650 769
1719660 768
1719670 768
1719680 769
1719690 769
1719700 770
1719710 771
1719720 771
1719730 771
1719740 770
1719750 769
1719760 767
1719770 765
1719780 763
1719790 761
1719800 760
1719810 759
1719820 759
1719830 760
1719840 761
1719850 763
1719860 764
1719870 765
1719880 765
1719890 766
1719900 767
1719910 767
1719920 767
1719930 767
1719940 766
1719950 765
1719960 762
1719970 759
1719980 754
1719990 750
