1700000 781
1700010 781
1700020 781
1700030 781
1700040 781
1700050 781
1700060 781
1700070 781
1700080 781
1700090 781
1700100 781
1700110 782
1700120 782
1700130 782
1700140 782
1700150 782
1700160 783
1700170 783
1700180 784
1700190 784
1700200 784
1700210 784
1700220 785
1700230 785
1700240 786
1700250 786
1700260 786
1700270 786
1700280 786
1700290 787
1700300 787
1700310 788
1700320 788
1700330 788
1700340 789
1700350 789
1700360 789
1700370 790
1700380 790
1700390 790
1700400 790
1700410 791
1700420 791
1700430 791
1700440 791
1700450 792
1700460 792
1700470 792
1700480 792
1700490 791
1700500 791
1700510 790
1700520 788
1700530 786
1700540 784
1700550 782
1700560 779
1700570 776
1700580 774
1700590 771
1700600 769
1700610 767
1700620 766
1700630 765
1700640 765
1700650 765
1700660 765
1700670 765
1700680 766
1700690 767
1700700 770
1700710 773
1700720 776
1700730 779
1700740 782
1700750 785
1700760 788
1700770 791
1700780 794
1700790 797
1700800 800
1700810 802
1700820 805
1700830 808
1700840 810
1700850 813
1700860 815
1700870 817
1700880 820
1700890 822
1700900 824
1700910 826
1700920 828
1700930 830
1700940 831
1700950 833
1700960 835
1700970 836
1700980 838
1700990 839
1701000 840
1701010 841
1701020 843
1701030 843
1701040 844
1701050 845
1701060 846
1701070 847
1701080 847
1701090 848
1701100 849
1701110 850
1701120 851
1701130 852
1701140 853
1701150 854
1701160 855
1701170 855
1701180 856
1701190 857
1701200 859
1701210 859
1701220 860
1701230 861
1701240 862
1701250 863
1701260 864
1701270 866
1701280 867
1701290 867
1701300 869
1701310 870
1701320 872
1701330 873
1701340 874
1701350 875
1701360 876
1701370 877
1701380 879
1701390 880
1701400 881
1701410 882
1701420 882
1701430 883
1701440 884
1701450 885
1701460 886
1701470 886
1701480 887
1701490 888
1701500 889
1701510 890
1701520 890
1701530 891
1701540 892
1701550 893
1701560 893
1701570 893
1701580 893
1701590 892
1701600 892
1701610 891
1701620 891
1701630 890
1701640 890
1701650 889
1701660 888
1701670 887
1701680 885
1701690 884
1701700 883
1701710 882
1701720 880
1701730 878
1701740 877
1701750 875
1701760 874
1701770 873
1701780 871
1701790 870
1701800 868
1701810 866
1701820 865
1701830 863
1701840 861
1701850 859
1701860 857
1701870 855
1701880 853
1701890 851
1701900 849
1701910 847
1701920 845
1701930 843
1701940 840
1701950 837
1701960 834
1701970 832
1701980 829
1701990 826
1702000 822
1702010 818
1702020 814
1702030 810
1702040 806
1702050 802
1702060 798
1702070 794
1702080 790
1702090 787
1702100 783
1702110 779
1702120 775
1702130 772
1702140 770
1702150 767
1702160 766
1702170 764
1702180 763
1702190 762
1702200 762
1702210 763
1702220 763
1702230 764
1702240 765
1702250 766
1702260 766
1702270 767
1702280 768
1702290 768
1702300 769
1702310 770
1702320 771
1702330 772
1702340 772
1702350 773
1702360 773
1702370 774
1702380 774
1702390 775
1702400 775
1702410 775
1702420 775
1702430 775
1702440 775
1702450 775
1702460 775
1702470 776
1702480 776
1702490 776
1702500 776
1702510 776
1702520 776
1702530 777
1702540 777
1702550 777
1702560 776
1702570 777
1702580 777
1702590 777
1702600 777
1702610 777
1702620 777
1702630 777
1702640 777
1702650 778
1702660 778
1702670 778
1702680 778
1702690 778
1702700 778
1702710 778
1702720 777
1702730 778
1702740 781
1702750 783
1702760 785
1702770 786
1702780 787
1702790 790
1702800 792
1702810 795
1702820 797
1702830 800
1702840 803
1702850 806
1702860 809
1702870 812
1702880 815
1702890 818
1702900 821
1702910 824
1702920 828
1702930 831
1702940 834
1702950 837
1702960 840
1702970 843
1702980 846
1702990 848
1703000 851
1703010 853
1703020 856
1703030 859
1703040 861
1703050 863
1703060 866
1703070 868
1703080 870
1703090 873
1703100 875
1703110 877
1703120 880
1703130 882
1703140 885
1703150 888
1703160 890
1703170 893
1703180 895
1703190 898
1703200 900
1703210 901
1703220 902
1703230 903
1703240 903
1703250 903
1703260 902
1703270 901
1703280 900
1703290 899
1703300 898
1703310 896
1703320 895
1703330 895
1703340 894
1703350 894
1703360 893
1703370 893
1703380 892
1703390 892
1703400 892
1703410 891
1703420 890
1703430 889
1703440 887
1703450 885
1703460 883
1703470 881
1703480 879
1703490 877
1703500 875
1703510 873
1703520 871
1703530 869
1703540 866
1703550 864
1703560 862
1703570 860
1703580 857
1703590 855
1703600 853
1703610 852
1703620 850
1703630 849
1703640 848
1703650 847
1703660 845
1703670 844
1703680 843
1703690 841
1703700 840
1703710 839
1703720 837
1703730 836
1703740 835
1703750 834
1703760 833
1703770 831
1703780 829
1703790 828
1703800 826
1703810 824
1703820 822
1703830 820
1703840 819
1703850 817
1703860 814
1703870 811
1703880 809
1703890 808
1703900 806
1703910 805
1703920 803
1703930 802
1703940 800
1703950 799
1703960 797
1703970 796
1703980 795
1703990 794
1704000 793
1704010 792
1704020 791
1704030 789
1704040 788
1704050 787
1704060 786
1704070 785
1704080 784
1704090 782
1704100 781
1704110 779
1704120 778
1704130 777
1704140 776
1704150 774
1704160 773
1704170 772
1704180 770
1704190 767
1704200 765
1704210 764
1704220 763
1704230 762
1704240 760
1704250 758
1704260 757
1704270 755
1704280 753
1704290 751
1704300 749
1704310 747
1704320 745
1704330 743
1704340 740
1704350 736
1704360 733
1704370 730
1704380 727
1704390 725
1704400 723
1704410 722
1704420 720
1704430 719
1704440 717
1704450 716
1704460 715
1704470 715
1704480 715
1704490 715
1704500 714
1704510 714
1704520 713
1704530 711
1704540 710
1704550 709
1704560 707
1704570 706
1704580 704
1704590 703
1704600 701
1704610 699
1704620 696
1704630 692
1704640 689
1704650 686
1704660 684
1704670 683
1704680 682
1704690 681
1704700 679
1704710 678
1704720 675
1704730 674
1704740 674
1704750 674
1704760 674
1704770 674
1704780 673
1704790 673
1704800 672
1704810 670
1704820 670
1704830 669
1704840 668
1704850 667
1704860 667
1704870 666
1704880 665
1704890 664
1704900 663
1704910 661
1704920 660
1704930 659
1704940 657
1704950 655
1704960 653
1704970 650
1704980 649
1704990 648
1705000 650
1705010 652
1705020 652
1705030 653
1705040 653
1705050 654
1705060 654
1705070 654
1705080 655
1705090 656
1705100 657
1705110 657
1705120 658
1705130 659
1705140 659
1705150 660
1705160 660
1705170 661
1705180 661
1705190 661
1705200 661
1705210 661
1705220 661
1705230 661
1705240 661
1705250 660
1705260 660
1705270 659
1705280 659
1705290 658
1705300 657
1705310 657
1705320 656
1705330 655
1705340 654
1705350 652
1705360 651
1705370 649
1705380 647
1705390 646
1705400 645
1705410 644
1705420 644
1705430 644
1705440 645
1705450 646
1705460 648
1705470 649
1705480 650
1705490 652
1705500 653
1705510 655
1705520 656
1705530 657
1705540 658
1705550 659
1705560 660
1705570 660
1705580 660
1705590 659
1705600 657
1705610 656
1705620 656
1705630 657
1705640 660
1705650 663
1705660 667
1705670 671
1705680 675
1705690 678
1705700 682
1705710 685
1705720 688
1705730 691
1705740 693
1705750 696
1705760 698
1705770 700
1705780 702
1705790 704
1705800 706
1705810 707
1705820 708
1705830 709
1705840 711
1705850 712
1705860 713
1705870 714
1705880 715
1705890 715
1705900 716
1705910 717
1705920 718
1705930 719
1705940 721
1705950 722
1705960 724
1705970 725
1705980 727
1705990 729
1706000 730
1706010 732
1706020 733
1706030 734
1706040 736
1706050 738
1706060 740
1706070 742
1706080 744
1706090 745
1706100 747
1706110 750
1706120 754
1706130 757
1706140 760
1706150 762
1706160 763
1706170 764
1706180 765
1706190 766
1706200 767
1706210 767
1706220 767
1706230 766
1706240 766
1706250 766
1706260 765
1706270 765
1706280 764
1706290 764
1706300 763
1706310 763
1706320 763
1706330 762
1706340 761
1706350 761
1706360 760
1706370 759
1706380 758
1706390 757
1706400 756
1706410 755
1706420 754
1706430 752
1706440 751
1706450 750
1706460 749
1706470 748
1706480 746
1706490 745
1706500 743
1706510 741
1706520 740
1706530 738
1706540 736
1706550 734
1706560 732
1706570 730
1706580 728
1706590 726
1706600 725
1706610 723
1706620 721
1706630 719
1706640 717
1706650 715
1706660 713
1706670 710
1706680 707
1706690 704
1706700 702
1706710 701
1706720 700
1706730 698
1706740 697
1706750 695
1706760 694
1706770 692
1706780 691
1706790 690
1706800 690
1706810 689
1706820 687
1706830 686
1706840 686
1706850 685
1706860 685
1706870 685
1706880 685
1706890 684
1706900 684
1706910 684
1706920 684
1706930 684
1706940 683
1706950 683
1706960 684
1706970 684
1706980 684
1706990 684
1707000 684
1707010 684
1707020 684
1707030 683
1707040 683
1707050 683
1707060 683
1707070 683
1707080 682
1707090 682
1707100 682
1707110 682
1707120 682
1707130 681
1707140 681
1707150 681
1707160 681
1707170 680
1707180 679
1707190 678
1707200 677
1707210 677
1707220 676
1707230 676
1707240 675
1707250 675
1707260 674
1707270 674
1707280 673
1707290 673
1707300 673
1707310 672
1707320 671
1707330 671
1707340 670
1707350 670
1707360 669
1707370 669
1707380 669
1707390 669
1707400 669
1707410 668
1707420 668
1707430 668
1707440 668
1707450 669
1707460 669
1707470 669
1707480 669
1707490 669
1707500 669
1707510 669
1707520 669
1707530 669
1707540 669
1707550 669
1707560 669
1707570 669
1707580 670
1707590 670
1707600 671
1707610 672
1707620 673
1707630 674
1707640 676
1707650 678
1707660 681
1707670 683
1707680 683
1707690 683
1707700 683
1707710 683
1707720 683
1707730 682
1707740 682
1707750 681
1707760 680
1707770 679
1707780 678
1707790 677
1707800 676
1707810 675
1707820 674
1707830 674
1707840 673
1707850 673
1707860 672
1707870 671
1707880 670
1707890 669
1707900 668
1707910 667
1707920 666
1707930 665
1707940 665
1707950 665
1707960 664
1707970 663
1707980 663
1707990 662
1708000 661
1708010 660
1708020 660
1708030 659
1708040 658
1708050 657
1708060 656
1708070 655
1708080 654
1708090 653
1708100 652
1708110 651
1708120 649
1708130 647
1708140 644
1708150 641
1708160 638
1708170 635
1708180 632
1708190 628
1708200 625
1708210 622
1708220 619
1708230 617
1708240 614
1708250 610
1708260 606
1708270 602
1708280 599
1708290 596
1708300 594
1708310 592
1708320 591
1708330 589
1708340 589
1708350 588
1708360 587
1708370 587
1708380 588
1708390 589
1708400 590
1708410 590
1708420 591
1708430 592
1708440 592
1708450 592
1708460 591
1708470 591
1708480 591
1708490 590
1708500 590
1708510 589
1708520 588
1708530 586
1708540 584
1708550 581
1708560 578
1708570 573
1708580 567
1708590 562
1708600 558
1708610 555
1708620 552
1708630 550
1708640 549
1708650 547
1708660 546
1708670 545
1708680 543
1708690 542
1708700 540
1708710 539
1708720 537
1708730 535
1708740 532
1708750 528
1708760 525
1708770 522
1708780 519
1708790 515
1708800 512
1708810 508
1708820 505
1708830 501
1708840 498
1708850 495
1708860 491
1708870 488
1708880 485
1708890 483
1708900 480
1708910 477
1708920 475
1708930 472
1708940 468
1708950 464
1708960 460
1708970 456
1708980 452
1708990 448
1709000 445
1709010 442
1709020 440
1709030 439
1709040 438
1709050 438
1709060 437
1709070 436
1709080 435
1709090 433
1709100 430
1709110 429
1709120 427
1709130 427
1709140 427
1709150 427
1709160 427
1709170 427
1709180 427
1709190 428
1709200 428
1709210 428
1709220 428
1709230 429
1709240 429
1709250 429
1709260 429
1709270 429
1709280 429
1709290 430
1709300 430
1709310 431
1709320 433
1709330 435
1709340 437
1709350 440
1709360 442
1709370 444
1709380 446
1709390 448
1709400 450
1709410 452
1709420 453
1709430 455
1709440 456
1709450 459
1709460 461
1709470 463
1709480 467
1709490 472
1709500 477
1709510 483
1709520 488
1709530 493
1709540 495
1709550 497
1709560 499
1709570 500
1709580 502
1709590 503
1709600 506
1709610 508
1709620 510
1709630 512
1709640 514
1709650 516
1709660 517
1709670 519
1709680 521
1709690 523
1709700 525
1709710 527
1709720 528
1709730 530
1709740 531
1709750 532
1709760 532
1709770 532
1709780 530
1709790 528
1709800 526
1709810 524
1709820 523
1709830 521
1709840 520
1709850 519
1709860 519
1709870 518
1709880 520
1709890 523
1709900 527
1709910 532
1709920 536
1709930 541
1709940 545
1709950 548
1709960 552
1709970 554
1709980 557
1709990 560
1710000 563
1710010 566
1710020 569
1710030 571
1710040 573
1710050 576
1710060 579
1710070 582
1710080 585
1710090 587
1710100 590
1710110 593
1710120 595
1710130 598
1710140 601
1710150 604
1710160 606
1710170 609
1710180 612
1710190 615
1710200 619
1710210 622
1710220 626
1710230 631
1710240 639
1710250 647
1710260 655
1710270 657
1710280 659
1710290 662
1710300 665
1710310 666
1710320 665
1710330 663
1710340 661
1710350 659
1710360 657
1710370 656
1710380 654
1710390 653
1710400 651
1710410 648
1710420 646
1710430 643
1710440 641
1710450 639
1710460 637
1710470 635
1710480 633
1710490 631
1710500 629
1710510 627
1710520 626
1710530 624
1710540 622
1710550 621
1710560 619
1710570 617
1710580 614
1710590 612
1710600 610
1710610 608
1710620 605
1710630 603
1710640 601
1710650 598
1710660 596
1710670 594
1710680 592
1710690 590
1710700 588
1710710 587
1710720 586
1710730 585
1710740 585
1710750 584
1710760 584
1710770 584
1710780 584
1710790 584
1710800 583
1710810 583
1710820 583
1710830 583
1710840 583
1710850 583
1710860 583
1710870 583
1710880 583
1710890 583
1710900 583
1710910 583
1710920 583
1710930 583
1710940 584
1710950 584
1710960 584
1710970 584
1710980 585
1710990 585
1711000 585
1711010 586
1711020 586
1711030 587
1711040 587
1711050 588
1711060 589
1711070 589
1711080 590
1711090 590
1711100 591
1711110 591
1711120 592
1711130 592
1711140 593
1711150 593
1711160 593
1711170 593
1711180 593
1711190 593
1711200 592
1711210 592
1711220 591
1711230 590
1711240 590
1711250 589
1711260 588
1711270 587
1711280 587
1711290 586
1711300 585
1711310 585
1711320 584
1711330 584
1711340 583
1711350 583
1711360 582
1711370 581
1711380 580
1711390 579
1711400 578
1711410 577
1711420 576
1711430 575
1711440 574
1711450 572
1711460 570
1711470 567
1711480 565
1711490 563
1711500 561
1711510 561
1711520 562
1711530 563
1711540 564
1711550 565
1711560 566
1711570 567
1711580 568
1711590 569
1711600 571
1711610 572
1711620 574
1711630 577
1711640 579
1711650 581
1711660 583
1711670 585
1711680 587
1711690 589
1711700 592
1711710 594
1711720 596
1711730 599
1711740 601
1711750 604
1711760 606
1711770 608
1711780 610
1711790 612
1711800 614
1711810 616
1711820 619
1711830 621
1711840 624
1711850 626
1711860 629
1711870 632
1711880 635
1711890 639
1711900 642
1711910 645
1711920 647
1711930 650
1711940 654
1711950 657
1711960 661
1711970 665
1711980 668
1711990 672
1712000 675
1712010 679
1712020 682
1712030 686
1712040 689
1712050 692
1712060 695
1712070 698
1712080 700
1712090 703
1712100 706
1712110 709
1712120 712
1712130 715
1712140 718
1712150 721
1712160 723
1712170 726
1712180 728
1712190 731
1712200 733
1712210 735
1712220 737
1712230 740
1712240 742
1712250 744
1712260 745
1712270 747
1712280 748
1712290 750
1712300 751
1712310 752
1712320 753
1712330 754
1712340 754
1712350 754
1712360 754
1712370 754
1712380 754
1712390 753
1712400 752
1712410 751
1712420 750
1712430 749
1712440 748
1712450 747
1712460 746
1712470 745
1712480 743
1712490 742
1712500 740
1712510 739
1712520 737
1712530 735
1712540 733
1712550 732
1712560 731
1712570 730
1712580 729
1712590 728
1712600 728
1712610 727
1712620 726
1712630 726
1712640 725
1712650 724
1712660 722
1712670 721
1712680 720
1712690 718
1712700 717
1712710 716
1712720 714
1712730 713
1712740 711
1712750 710
1712760 709
1712770 707
1712780 705
1712790 704
1712800 703
1712810 701
1712820 699
1712830 697
1712840 695
1712850 693
1712860 691
1712870 689
1712880 687
1712890 685
1712900 682
1712910 680
1712920 677
1712930 674
1712940 670
1712950 667
1712960 665
1712970 663
1712980 661
1712990 659
1713000 658
1713010 656
1713020 655
1713030 653
1713040 652
1713050 650
1713060 649
1713070 647
1713080 646
1713090 646
1713100 645
1713110 644
1713120 643
1713130 642
1713140 642
1713150 641
1713160 640
1713170 640
1713180 640
1713190 640
1713200 640
1713210 640
1713220 640
1713230 641
1713240 641
1713250 642
1713260 643
1713270 644
1713280 645
1713290 645
1713300 646
1713310 647
1713320 647
1713330 647
1713340 647
1713350 647
1713360 647
1713370 646
1713380 646
1713390 645
1713400 645
1713410 644
1713420 643
1713430 642
1713440 640
1713450 639
1713460 638
1713470 637
1713480 634
1713490 633
1713500 631
1713510 630
1713520 629
1713530 628
1713540 626
1713550 625
1713560 623
1713570 622
1713580 620
1713590 619
1713600 617
1713610 616
1713620 614
1713630 612
1713640 611
1713650 610
1713660 608
1713670 607
1713680 606
1713690 604
1713700 602
1713710 600
1713720 598
1713730 595
1713740 593
1713750 589
1713760 585
1713770 581
1713780 576
1713790 572
1713800 568
1713810 564
1713820 560
1713830 556
1713840 551
1713850 546
1713860 541
1713870 537
1713880 534
1713890 530
1713900 527
1713910 523
1713920 519
1713930 515
1713940 511
1713950 508
1713960 504
1713970 501
1713980 498
1713990 495
1714000 492
1714010 489
1714020 486
1714030 484
1714040 482
1714050 480
1714060 478
1714070 475
1714080 471
1714090 469
1714100 469
1714110 470
1714120 471
1714130 472
1714140 472
1714150 471
1714160 471
1714170 471
1714180 471
1714190 471
1714200 471
1714210 470
1714220 470
1714230 471
1714240 471
1714250 471
1714260 472
1714270 472
1714280 473
1714290 473
1714300 474
1714310 474
1714320 474
1714330 473
1714340 472
1714350 471
1714360 471
1714370 471
1714380 470
1714390 470
1714400 470
1714410 470
1714420 469
1714430 468
1714440 468
1714450 467
1714460 466
1714470 465
1714480 463
1714490 461
1714500 458
1714510 456
1714520 453
1714530 451
1714540 449
1714550 447
1714560 445
1714570 443
1714580 440
1714590 439
1714600 438
1714610 438
1714620 439
1714630 439
1714640 439
1714650 439
1714660 440
1714670 440
1714680 440
1714690 440
1714700 440
1714710 440
1714720 441
1714730 441
1714740 442
1714750 443
1714760 445
1714770 448
1714780 453
1714790 455
1714800 457
1714810 458
1714820 460
1714830 462
1714840 464
1714850 466
1714860 467
1714870 469
1714880 471
1714890 473
1714900 475
1714910 476
1714920 479
1714930 481
1714940 483
1714950 485
1714960 487
1714970 490
1714980 492
1714990 494
1715000 496
1715010 499
1715020 501
1715030 504
1715040 507
1715050 510
1715060 513
1715070 517
1715080 520
1715090 523
1715100 526
1715110 529
1715120 532
1715130 535
1715140 539
1715150 542
1715160 546
1715170 550
1715180 554
1715190 558
1715200 562
1715210 566
1715220 572
1715230 579
1715240 588
1715250 594
1715260 598
1715270 601
1715280 605
1715290 608
1715300 610
1715310 613
1715320 615
1715330 617
1715340 619
1715350 621
1715360 623
1715370 626
1715380 629
1715390 633
1715400 636
1715410 640
1715420 643
1715430 647
1715440 651
1715450 655
1715460 659
1715470 662
1715480 666
1715490 670
1715500 674
1715510 680
1715520 689
1715530 695
1715540 696
1715550 696
1715560 698
1715570 700
1715580 703
1715590 706
1715600 709
1715610 713
1715620 716
1715630 720
1715640 724
1715650 727
1715660 730
1715670 733
1715680 735
1715690 737
1715700 738
1715710 740
1715720 741
1715730 742
1715740 742
1715750 743
1715760 744
1715770 744
1715780 745
1715790 745
1715800 745
1715810 745
1715820 745
1715830 745
1715840 745
1715850 745
1715860 745
1715870 745
1715880 744
1715890 744
1715900 743
1715910 743
1715920 743
1715930 742
1715940 741
1715950 740
1715960 739
1715970 738
1715980 737
1715990 735
1716000 734
1716010 731
1716020 728
1716030 725
1716040 723
1716050 721
1716060 720
1716070 719
1716080 719
1716090 718
1716100 717
1716110 717
1716120 716
1716130 715
1716140 714
1716150 714
1716160 713
1716170 713
1716180 712
1716190 711
1716200 710
1716210 709
1716220 708
1716230 708
1716240 707
1716250 706
1716260 705
1716270 704
1716280 702
1716290 701
1716300 699
1716310 698
1716320 697
1716330 696
1716340 695
1716350 694
1716360 694
1716370 694
1716380 694
1716390 694
1716400 694
1716410 695
1716420 695
1716430 695
1716440 695
1716450 695
1716460 694
1716470 694
1716480 693
1716490 692
1716500 691
1716510 691
1716520 690
1716530 690
1716540 689
1716550 689
1716560 688
1716570 688
1716580 687
1716590 687
1716600 686
1716610 686
1716620 686
1716630 685
1716640 684
1716650 684
1716660 683
1716670 683
1716680 683
1716690 682
1716700 682
1716710 681
1716720 681
1716730 680
1716740 680
1716750 679
1716760 678
1716770 677
1716780 676
1716790 676
1716800 675
1716810 674
1716820 672
1716830 671
1716840 670
1716850 668
1716860 666
1716870 663
1716880 657
1716890 652
1716900 648
1716910 644
1716920 641
1716930 638
1716940 635
1716950 632
1716960 629
1716970 628
1716980 627
1716990 626
1717000 625
1717010 624
1717020 623
1717030 622
1717040 621
1717050 619
1717060 618
1717070 616
1717080 614
1717090 611
1717100 607
1717110 604
1717120 606
1717130 610
1717140 614
1717150 616
1717160 618
1717170 620
1717180 620
1717190 621
1717200 621
1717210 620
1717220 618
1717230 616
1717240 615
1717250 618
1717260 621
1717270 624
1717280 626
1717290 629
1717300 631
1717310 633
1717320 634
1717330 635
1717340 637
1717350 639
1717360 641
1717370 642
1717380 642
1717390 643
1717400 644
1717410 645
1717420 646
1717430 647
1717440 648
1717450 648
1717460 649
1717470 650
1717480 652
1717490 653
1717500 654
1717510 655
1717520 656
1717530 657
1717540 657
1717550 658
1717560 659
1717570 660
1717580 660
1717590 660
1717600 661
1717610 661
1717620 662
1717630 662
1717640 663
1717650 664
1717660 666
1717670 667
1717680 666
1717690 664
1717700 661
1717710 659
1717720 656
1717730 653
1717740 651
1717750 650
1717760 649
1717770 648
1717780 648
1717790 647
1717800 647
1717810 648
1717820 648
1717830 649
1717840 650
1717850 652
1717860 653
1717870 654
1717880 657
1717890 659
1717900 661
1717910 662
1717920 664
1717930 665
1717940 667
1717950 669
1717960 670
1717970 672
1717980 673
1717990 675
1718000 676
1718010 678
1718020 680
1718030 682
1718040 684
1718050 686
1718060 687
1718070 688
1718080 690
1718090 691
1718100 692
1718110 693
1718120 694
1718130 696
1718140 697
1718150 698
1718160 699
1718170 700
1718180 701
1718190 702
1718200 703
1718210 704
1718220 704
1718230 705
1718240 705
1718250 705
1718260 705
1718270 705
1718280 705
1718290 705
1718300 705
1718310 705
1718320 705
1718330 705
1718340 704
1718350 704
1718360 703
1718370 702
1718380 700
1718390 699
1718400 698
1718410 697
1718420 696
1718430 695
1718440 694
1718450 693
1718460 692
1718470 691
1718480 690
1718490 689
1718500 688
1718510 686
1718520 685
1718530 684
1718540 682
1718550 680
1718560 679
1718570 677
1718580 676
1718590 675
1718600 673
1718610 671
1718620 669
1718630 667
1718640 665
1718650 664
1718660 662
1718670 661
1718680 659
1718690 657
1718700 655
1718710 652
1718720 650
1718730 648
1718740 646
1718750 644
1718760 642
1718770 640
1718780 638
1718790 637
1718800 635
1718810 633
1718820 631
1718830 629
1718840 626
1718850 625
1718860 623
1718870 622
1718880 621
1718890 620
1718900 619
1718910 618
1718920 617
1718930 616
1718940 615
1718950 615
1718960 614
1718970 612
1718980 611
1718990 610
1719000 609
1719010 608
1719020 607
1719030 606
1719040 605
1719050 604
1719060 604
1719070 603
1719080 603
1719090 602
1719100 601
1719110 601
1719120 601
1719130 600
1719140 600
1719150 600
1719160 599
1719170 599
1719180 599
1719190 599
1719200 599
1719210 599
1719220 599
1719230 598
1719240 598
1719250 599
1719260 599
1719270 599
1719280 600
1719290 601
1719300 601
1719310 602
1719320 602
1719330 602
1719340 602
1719350 602
1719360 602
1719370 601
1719380 601
1719390 601
1719400 600
1719410 600
1719420 600
1719430 600
1719440 600
1719450 600
1719460 600
1719470 600
1719480 601
1719490 601
1719500 601
1719510 601
1719520 601
1719530 602
1719540 602
1719550 602
1719560 602
1719570 602
1719580 602
1719590 602
1719600 603
1719610 603
1719620 603
1719630 603
1719640 603
1719650 603
1719660 603
1719670 602
1719680 601
1719690 597
1719700 593
1719710 588
1719720 585
1719730 581
1719740 578
1719750 575
1719760 573
1719770 571
1719780 569
1719790 569
1719800 568
1719810 567
1719820 565
1719830 563
1719840 561
1719850 558
1719860 554
1719870 551
1719880 547
1719890 544
1719900 541
1719910 539
1719920 537
1719930 535
1719940 534
1719950 533
1719960 533
1719970 532
1719980 531
1719990 529
