1700000 837
1700010 838
1700020 839
1700030 840
1700040 841
1700050 842
1700060 843
1700070 844
1700080 845
1700090 846
1700100 847
1700110 847
1700120 847
1700130 848
1700140 849
1700150 850
1700160 850
1700170 851
1700180 852
1700190 852
1700200 853
1700210 853
1700220 854
1700230 855
1700240 856
1700250 857
1700260 857
1700270 858
1700280 858
1700290 859
1700300 859
1700310 860
1700320 860
1700330 861
1700340 862
1700350 863
1700360 863
1700370 864
1700380 864
1700390 864
1700400 865
1700410 865
1700420 866
1700430 866
1700440 867
1700450 868
1700460 868
1700470 869
1700480 869
1700490 870
1700500 870
1700510 871
1700520 871
1700530 872
1700540 873
1700550 873
1700560 874
1700570 874
1700580 874
1700590 875
1700600 875
1700610 875
1700620 876
1700630 876
1700640 876
1700650 876
1700660 875
1700670 874
1700680 872
1700690 869
1700700 867
1700710 865
1700720 864
1700730 863
1700740 864
1700750 865
1700760 865
1700770 866
1700780 866
1700790 866
1700800 866
1700810 866
1700820 866
1700830 866
1700840 867
1700850 868
1700860 869
1700870 870
1700880 871
1700890 873
1700900 874
1700910 875
1700920 877
1700930 878
1700940 879
1700950 880
1700960 882
1700970 884
1700980 885
1700990 887
1701000 889
1701010 891
1701020 892
1701030 894
1701040 896
1701050 898
1701060 899
1701070 901
1701080 903
1701090 904
1701100 906
1701110 908
1701120 910
1701130 911
1701140 913
1701150 914
1701160 915
1701170 916
1701180 918
1701190 919
1701200 920
1701210 921
1701220 922
1701230 923
1701240 924
1701250 924
1701260 925
1701270 926
1701280 926
1701290 925
1701300 925
1701310 925
1701320 925
1701330 925
1701340 925
1701350 925
1701360 925
1701370 925
1701380 924
1701390 924
1701400 923
1701410 922
1701420 921
1701430 920
1701440 919
1701450 918
1701460 918
1701470 917
1701480 916
1701490 916
1701500 915
1701510 914
1701520 913
1701530 912
1701540 911
1701550 910
1701560 909
1701570 908
1701580 907
1701590 906
1701600 905
1701610 904
1701620 903
1701630 902
1701640 901
1701650 900
1701660 899
1701670 898
1701680 898
1701690 897
1701700 895
1701710 894
1701720 893
1701730 892
1701740 890
1701750 889
1701760 888
1701770 886
1701780 883
1701790 881
1701800 879
1701810 876
1701820 873
1701830 871
1701840 868
1701850 866
1701860 863
1701870 861
1701880 858
1701890 855
1701900 853
1701910 850
1701920 848
1701930 845
1701940 843
1701950 841
1701960 839
1701970 836
1701980 834
1701990 833
1702000 832
1702010 831
1702020 829
1702030 828
1702040 826
1702050 825
1702060 824
1702070 823
1702080 822
1702090 821
1702100 820
1702110 818
1702120 817
1702130 816
1702140 815
1702150 814
1702160 812
1702170 810
1702180 809
1702190 808
1702200 806
1702210 805
1702220 803
1702230 802
1702240 800
1702250 799
1702260 797
1702270 795
1702280 792
1702290 788
1702300 784
1702310 781
1702320 777
1702330 772
1702340 768
1702350 764
1702360 759
1702370 755
1702380 751
1702390 747
1702400 743
1702410 739
1702420 735
1702430 731
1702440 727
1702450 723
1702460 719
1702470 715
1702480 711
1702490 707
1702500 703
1702510 699
1702520 695
1702530 692
1702540 689
1702550 687
1702560 684
1702570 682
1702580 681
1702590 680
1702600 679
1702610 678
1702620 679
1702630 681
1702640 684
1702650 687
1702660 690
1702670 693
1702680 696
1702690 699
1702700 702
1702710 705
1702720 709
1702730 712
1702740 715
1702750 719
1702760 722
1702770 726
1702780 729
1702790 733
1702800 737
1702810 740
1702820 744
1702830 748
1702840 751
1702850 755
1702860 758
1702870 762
1702880 765
1702890 768
1702900 771
1702910 775
1702920 777
1702930 780
1702940 783
1702950 785
1702960 787
1702970 789
1702980 791
1702990 791
1703000 792
1703010 792
1703020 792
1703030 792
1703040 792
1703050 792
1703060 791
1703070 791
1703080 791
1703090 791
1703100 791
1703110 790
1703120 790
1703130 793
1703140 796
1703150 800
1703160 804
1703170 807
1703180 811
1703190 815
1703200 819
1703210 823
1703220 827
1703230 831
1703240 835
1703250 839
1703260 843
1703270 846
1703280 850
1703290 853
1703300 857
1703310 860
1703320 863
1703330 866
1703340 869
1703350 871
1703360 874
1703370 876
1703380 878
1703390 880
1703400 882
1703410 883
1703420 884
1703430 885
1703440 886
1703450 886
1703460 887
1703470 887
1703480 888
1703490 888
1703500 888
1703510 888
1703520 888
1703530 888
1703540 887
1703550 886
1703560 885
1703570 884
1703580 883
1703590 882
1703600 881
1703610 880
1703620 879
1703630 877
1703640 876
1703650 875
1703660 874
1703670 873
1703680 872
1703690 870
1703700 869
1703710 868
1703720 866
1703730 865
1703740 864
1703750 862
1703760 861
1703770 860
1703780 859
1703790 858
1703800 856
1703810 855
1703820 855
1703830 853
1703840 852
1703850 851
1703860 850
1703870 850
1703880 849
1703890 848
1703900 847
1703910 846
1703920 845
1703930 844
1703940 844
1703950 843
1703960 842
1703970 841
1703980 840
1703990 839
1704000 839
1704010 838
1704020 838
1704030 837
1704040 837
1704050 836
1704060 835
1704070 834
1704080 833
1704090 832
1704100 830
1704110 829
1704120 828
1704130 826
1704140 825
1704150 823
1704160 822
1704170 821
1704180 820
1704190 819
1704200 817
1704210 816
1704220 815
1704230 813
1704240 812
1704250 810
1704260 809
1704270 808
1704280 807
1704290 806
1704300 805
1704310 804
1704320 803
1704330 802
1704340 801
1704350 800
1704360 800
1704370 799
1704380 798
1704390 797
1704400 796
1704410 795
1704420 794
1704430 793
1704440 793
1704450 792
1704460 791
1704470 790
1704480 789
1704490 788
1704500 788
1704510 787
1704520 786
1704530 785
1704540 784
1704550 782
1704560 780
1704570 777
1704580 776
1704590 775
1704600 774
1704610 773
1704620 771
1704630 770
1704640 769
1704650 768
1704660 768
1704670 768
1704680 767
1704690 767
1704700 766
1704710 765
1704720 764
1704730 763
1704740 762
1704750 760
1704760 758
1704770 754
1704780 751
1704790 748
1704800 745
1704810 741
1704820 737
1704830 733
1704840 730
1704850 727
1704860 726
1704870 725
1704880 726
1704890 729
1704900 731
1704910 733
1704920 735
1704930 736
1704940 737
1704950 739
1704960 740
1704970 740
1704980 741
1704990 741
1705000 741
1705010 742
1705020 743
1705030 743
1705040 744
1705050 744
1705060 745
1705070 746
1705080 746
1705090 746
1705100 746
1705110 746
1705120 746
1705130 746
1705140 746
1705150 746
1705160 746
1705170 745
1705180 745
1705190 745
1705200 745
1705210 744
1705220 742
1705230 739
1705240 736
1705250 733
1705260 731
1705270 730
1705280 731
1705290 733
1705300 735
1705310 737
1705320 739
1705330 740
1705340 742
1705350 743
1705360 745
1705370 746
1705380 748
1705390 749
1705400 750
1705410 752
1705420 753
1705430 754
1705440 755
1705450 756
1705460 757
1705470 758
1705480 760
1705490 761
1705500 762
1705510 763
1705520 763
1705530 764
1705540 765
1705550 765
1705560 766
1705570 767
1705580 768
1705590 769
1705600 770
1705610 770
1705620 771
1705630 772
1705640 772
1705650 773
1705660 773
1705670 774
1705680 775
1705690 775
1705700 776
1705710 777
1705720 778
1705730 780
1705740 782
1705750 783
1705760 784
1705770 784
1705780 785
1705790 785
1705800 785
1705810 785
1705820 785
1705830 785
1705840 785
1705850 785
1705860 785
1705870 785
1705880 785
1705890 785
1705900 785
1705910 785
1705920 785
1705930 785
1705940 785
1705950 785
1705960 785
1705970 786
1705980 786
1705990 787
1706000 787
1706010 788
1706020 789
1706030 790
1706040 791
1706050 792
1706060 793
1706070 794
1706080 795
1706090 795
1706100 796
1706110 797
1706120 797
1706130 798
1706140 798
1706150 798
1706160 798
1706170 798
1706180 798
1706190 798
1706200 798
1706210 798
1706220 798
1706230 798
1706240 798
1706250 797
1706260 797
1706270 797
1706280 798
1706290 798
1706300 798
1706310 799
1706320 799
1706330 800
1706340 801
1706350 801
1706360 801
1706370 800
1706380 799
1706390 798
1706400 797
1706410 795
1706420 794
1706430 793
1706440 791
1706450 789
1706460 787
1706470 785
1706480 783
1706490 781
1706500 780
1706510 778
1706520 776
1706530 773
1706540 771
1706550 768
1706560 765
1706570 762
1706580 760
1706590 757
1706600 755
1706610 753
1706620 751
1706630 749
1706640 747
1706650 744
1706660 742
1706670 740
1706680 737
1706690 734
1706700 731
1706710 728
1706720 726
1706730 724
1706740 723
1706750 721
1706760 719
1706770 717
1706780 715
1706790 713
1706800 711
1706810 709
1706820 706
1706830 704
1706840 703
1706850 701
1706860 699
1706870 698
1706880 696
1706890 693
1706900 691
1706910 689
1706920 688
1706930 687
1706940 685
1706950 684
1706960 683
1706970 682
1706980 681
1706990 680
1707000 679
1707010 678
1707020 678
1707030 677
1707040 676
1707050 675
1707060 674
1707070 673
1707080 672
1707090 671
1707100 670
1707110 669
1707120 668
1707130 667
1707140 666
1707150 665
1707160 664
1707170 663
1707180 662
1707190 662
1707200 661
1707210 660
1707220 660
1707230 659
1707240 659
1707250 658
1707260 657
1707270 656
1707280 655
1707290 654
1707300 654
1707310 653
1707320 652
1707330 651
1707340 650
1707350 649
1707360 649
1707370 648
1707380 648
1707390 648
1707400 648
1707410 647
1707420 647
1707430 646
1707440 646
1707450 646
1707460 646
1707470 646
1707480 646
1707490 647
1707500 647
1707510 647
1707520 646
1707530 646
1707540 647
1707550 647
1707560 647
1707570 648
1707580 648
1707590 648
1707600 649
1707610 650
1707620 650
1707630 650
1707640 651
1707650 650
1707660 650
1707670 650
1707680 650
1707690 650
1707700 651
1707710 652
1707720 652
1707730 653
1707740 653
1707750 654
1707760 654
1707770 653
1707780 653
1707790 653
1707800 653
1707810 653
1707820 652
1707830 652
1707840 652
1707850 652
1707860 652
1707870 652
1707880 652
1707890 653
1707900 653
1707910 653
1707920 654
1707930 655
1707940 656
1707950 657
1707960 658
1707970 658
1707980 659
1707990 659
1708000 659
1708010 660
1708020 660
1708030 661
1708040 663
1708050 664
1708060 665
1708070 665
1708080 666
1708090 666
1708100 667
1708110 667
1708120 667
1708130 667
1708140 667
1708150 667
1708160 667
1708170 666
1708180 666
1708190 666
1708200 666
1708210 666
1708220 666
1708230 667
1708240 667
1708250 668
1708260 668
1708270 668
1708280 668
1708290 668
1708300 669
1708310 669
1708320 669
1708330 670
1708340 670
1708350 671
1708360 671
1708370 672
1708380 673
1708390 673
1708400 672
1708410 667
1708420 662
1708430 657
1708440 652
1708450 647
1708460 643
1708470 638
1708480 634
1708490 631
1708500 627
1708510 623
1708520 620
1708530 616
1708540 613
1708550 609
1708560 605
1708570 602
1708580 599
1708590 595
1708600 592
1708610 589
1708620 586
1708630 582
1708640 578
1708650 574
1708660 570
1708670 567
1708680 564
1708690 561
1708700 557
1708710 554
1708720 551
1708730 548
1708740 545
1708750 541
1708760 537
1708770 533
1708780 530
1708790 526
1708800 522
1708810 518
1708820 514
1708830 510
1708840 507
1708850 503
1708860 499
1708870 495
1708880 491
1708890 488
1708900 484
1708910 481
1708920 478
1708930 475
1708940 473
1708950 469
1708960 465
1708970 462
1708980 458
1708990 455
1709000 452
1709010 449
1709020 446
1709030 442
1709040 440
1709050 437
1709060 435
1709070 433
1709080 431
1709090 429
1709100 427
1709110 426
1709120 425
1709130 424
1709140 425
1709150 425
1709160 426
1709170 426
1709180 427
1709190 428
1709200 428
1709210 429
1709220 430
1709230 434
1709240 441
1709250 446
1709260 451
1709270 456
1709280 462
1709290 467
1709300 472
1709310 476
1709320 480
1709330 484
1709340 488
1709350 491
1709360 494
1709370 496
1709380 498
1709390 500
1709400 503
1709410 505
1709420 507
1709430 509
1709440 510
1709450 511
1709460 512
1709470 513
1709480 514
1709490 516
1709500 517
1709510 519
1709520 520
1709530 523
1709540 526
1709550 529
1709560 532
1709570 535
1709580 539
1709590 542
1709600 545
1709610 549
1709620 552
1709630 555
1709640 558
1709650 561
1709660 565
1709670 568
1709680 572
1709690 575
1709700 578
1709710 581
1709720 584
1709730 586
1709740 589
1709750 591
1709760 594
1709770 596
1709780 599
1709790 601
1709800 604
1709810 606
1709820 609
1709830 612
1709840 614
1709850 616
1709860 619
1709870 621
1709880 623
1709890 624
1709900 626
1709910 628
1709920 629
1709930 630
1709940 632
1709950 632
1709960 633
1709970 634
1709980 635
1709990 636
1710000 637
1710010 638
1710020 639
1710030 640
1710040 641
1710050 642
1710060 644
1710070 645
1710080 646
1710090 647
1710100 649
1710110 650
1710120 651
1710130 652
1710140 654
1710150 656
1710160 657
1710170 659
1710180 661
1710190 663
1710200 665
1710210 668
1710220 670
1710230 674
1710240 679
1710250 686
1710260 690
1710270 692
1710280 694
1710290 695
1710300 697
1710310 698
1710320 700
1710330 703
1710340 706
1710350 709
1710360 713
1710370 716
1710380 717
1710390 718
1710400 717
1710410 716
1710420 714
1710430 713
1710440 711
1710450 710
1710460 708
1710470 706
1710480 705
1710490 703
1710500 701
1710510 699
1710520 697
1710530 695
1710540 693
1710550 691
1710560 689
1710570 687
1710580 685
1710590 683
1710600 680
1710610 678
1710620 676
1710630 674
1710640 671
1710650 669
1710660 666
1710670 663
1710680 660
1710690 657
1710700 654
1710710 651
1710720 648
1710730 646
1710740 644
1710750 642
1710760 640
1710770 639
1710780 637
1710790 635
1710800 632
1710810 630
1710820 628
1710830 626
1710840 623
1710850 621
1710860 619
1710870 617
1710880 615
1710890 614
1710900 613
1710910 612
1710920 610
1710930 609
1710940 608
1710950 607
1710960 605
1710970 604
1710980 603
1710990 601
1711000 601
1711010 600
1711020 599
1711030 599
1711040 598
1711050 597
1711060 597
1711070 595
1711080 594
1711090 593
1711100 591
1711110 590
1711120 589
1711130 588
1711140 587
1711150 587
1711160 586
1711170 585
1711180 584
1711190 584
1711200 584
1711210 584
1711220 585
1711230 586
1711240 588
1711250 590
1711260 592
1711270 595
1711280 597
1711290 598
1711300 599
1711310 599
1711320 598
1711330 598
1711340 597
1711350 596
1711360 595
1711370 594
1711380 593
1711390 592
1711400 591
1711410 590
1711420 589
1711430 588
1711440 587
1711450 586
1711460 585
1711470 583
1711480 581
1711490 579
1711500 577
1711510 576
1711520 575
1711530 575
1711540 574
1711550 574
1711560 574
1711570 574
1711580 574
1711590 575
1711600 575
1711610 575
1711620 576
1711630 576
1711640 577
1711650 578
1711660 579
1711670 580
1711680 581
1711690 582
1711700 583
1711710 584
1711720 585
1711730 586
1711740 587
1711750 588
1711760 589
1711770 591
1711780 592
1711790 594
1711800 595
1711810 597
1711820 599
1711830 601
1711840 603
1711850 605
1711860 607
1711870 609
1711880 611
1711890 613
1711900 615
1711910 618
1711920 620
1711930 622
1711940 625
1711950 628
1711960 631
1711970 634
1711980 637
1711990 640
1712000 643
1712010 647
1712020 651
1712030 655
1712040 659
1712050 662
1712060 666
1712070 669
1712080 673
1712090 676
1712100 680
1712110 683
1712120 687
1712130 690
1712140 694
1712150 697
1712160 701
1712170 704
1712180 707
1712190 711
1712200 714
1712210 717
1712220 720
1712230 723
1712240 726
1712250 729
1712260 732
1712270 734
1712280 737
1712290 739
1712300 741
1712310 743
1712320 745
1712330 747
1712340 749
1712350 750
1712360 751
1712370 752
1712380 753
1712390 754
1712400 754
1712410 754
1712420 754
1712430 754
1712440 754
1712450 754
1712460 753
1712470 752
1712480 752
1712490 751
1712500 750
1712510 750
1712520 749
1712530 748
1712540 748
1712550 747
1712560 746
1712570 745
1712580 745
1712590 744
1712600 743
1712610 742
1712620 741
1712630 740
1712640 739
1712650 737
1712660 736
1712670 734
1712680 733
1712690 732
1712700 731
1712710 730
1712720 729
1712730 728
1712740 726
1712750 725
1712760 724
1712770 722
1712780 721
1712790 720
1712800 718
1712810 717
1712820 715
1712830 714
1712840 712
1712850 710
1712860 709
1712870 707
1712880 706
1712890 705
1712900 703
1712910 702
1712920 701
1712930 699
1712940 698
1712950 696
1712960 695
1712970 694
1712980 692
1712990 690
1713000 689
1713010 687
1713020 685
1713030 683
1713040 681
1713050 679
1713060 676
1713070 674
1713080 671
1713090 668
1713100 665
1713110 661
1713120 657
1713130 652
1713140 648
1713150 644
1713160 640
1713170 636
1713180 633
1713190 629
1713200 624
1713210 620
1713220 617
1713230 613
1713240 609
1713250 606
1713260 602
1713270 599
1713280 596
1713290 592
1713300 589
1713310 586
1713320 584
1713330 582
1713340 580
1713350 578
1713360 577
1713370 577
1713380 578
1713390 580
1713400 582
1713410 583
1713420 585
1713430 587
1713440 589
1713450 590
1713460 592
1713470 593
1713480 595
1713490 596
1713500 598
1713510 599
1713520 599
1713530 600
1713540 600
1713550 600
1713560 600
1713570 599
1713580 598
1713590 597
1713600 596
1713610 595
1713620 594
1713630 593
1713640 592
1713650 591
1713660 590
1713670 589
1713680 587
1713690 586
1713700 584
1713710 583
1713720 582
1713730 581
1713740 579
1713750 578
1713760 577
1713770 575
1713780 574
1713790 573
1713800 571
1713810 570
1713820 568
1713830 567
1713840 565
1713850 563
1713860 561
1713870 560
1713880 558
1713890 555
1713900 552
1713910 549
1713920 545
1713930 540
1713940 536
1713950 533
1713960 529
1713970 526
1713980 523
1713990 520
1714000 517
1714010 514
1714020 511
1714030 508
1714040 504
1714050 500
1714060 496
1714070 492
1714080 489
1714090 486
1714100 485
1714110 484
1714120 482
1714130 480
1714140 479
1714150 477
1714160 475
1714170 472
1714180 468
1714190 464
1714200 461
1714210 458
1714220 453
1714230 449
1714240 446
1714250 445
1714260 445
1714270 444
1714280 444
1714290 443
1714300 443
1714310 442
1714320 442
1714330 442
1714340 442
1714350 443
1714360 444
1714370 446
1714380 446
1714390 445
1714400 442
1714410 440
1714420 439
1714430 438
1714440 437
1714450 437
1714460 436
1714470 436
1714480 436
1714490 435
1714500 435
1714510 435
1714520 434
1714530 434
1714540 434
1714550 434
1714560 434
1714570 435
1714580 435
1714590 437
1714600 439
1714610 442
1714620 444
1714630 445
1714640 447
1714650 448
1714660 450
1714670 452
1714680 454
1714690 456
1714700 458
1714710 460
1714720 462
1714730 464
1714740 467
1714750 469
1714760 471
1714770 474
1714780 476
1714790 478
1714800 481
1714810 483
1714820 486
1714830 489
1714840 491
1714850 494
1714860 498
1714870 501
1714880 504
1714890 508
1714900 511
1714910 515
1714920 519
1714930 523
1714940 527
1714950 531
1714960 535
1714970 539
1714980 543
1714990 547
1715000 551
1715010 555
1715020 559
1715030 563
1715040 567
1715050 571
1715060 575
1715070 580
1715080 585
1715090 590
1715100 597
1715110 606
1715120 615
1715130 618
1715140 621
1715150 624
1715160 627
1715170 631
1715180 636
1715190 640
1715200 644
1715210 649
1715220 652
1715230 657
1715240 661
1715250 665
1715260 669
1715270 674
1715280 680
1715290 688
1715300 696
1715310 701
1715320 706
1715330 710
1715340 714
1715350 718
1715360 720
1715370 719
1715380 719
1715390 719
1715400 720
1715410 721
1715420 723
1715430 726
1715440 728
1715450 730
1715460 732
1715470 735
1715480 738
1715490 742
1715500 746
1715510 751
1715520 756
1715530 762
1715540 767
1715550 772
1715560 778
1715570 783
1715580 786
1715590 787
1715600 788
1715610 788
1715620 788
1715630 788
1715640 788
1715650 788
1715660 788
1715670 787
1715680 785
1715690 783
1715700 781
1715710 780
1715720 779
1715730 779
1715740 779
1715750 779
1715760 779
1715770 780
1715780 780
1715790 780
1715800 780
1715810 780
1715820 780
1715830 781
1715840 781
1715850 781
1715860 780
1715870 780
1715880 780
1715890 779
1715900 779
1715910 779
1715920 778
1715930 778
1715940 777
1715950 776
1715960 775
1715970 774
1715980 772
1715990 771
1716000 770
1716010 769
1716020 768
1716030 768
1716040 767
1716050 767
1716060 767
1716070 767
1716080 766
1716090 766
1716100 766
1716110 765
1716120 765
1716130 765
1716140 764
1716150 764
1716160 764
1716170 763
1716180 763
1716190 763
1716200 762
1716210 761
1716220 761
1716230 760
1716240 760
1716250 759
1716260 758
1716270 757
1716280 756
1716290 755
1716300 754
1716310 753
1716320 752
1716330 751
1716340 750
1716350 748
1716360 747
1716370 746
1716380 745
1716390 744
1716400 743
1716410 742
1716420 741
1716430 740
1716440 739
1716450 739
1716460 738
1716470 738
1716480 737
1716490 736
1716500 735
1716510 734
1716520 733
1716530 732
1716540 731
1716550 731
1716560 730
1716570 730
1716580 729
1716590 729
1716600 728
1716610 728
1716620 727
1716630 726
1716640 725
1716650 724
1716660 724
1716670 723
1716680 722
1716690 721
1716700 720
1716710 718
1716720 717
1716730 716
1716740 715
1716750 713
1716760 712
1716770 711
1716780 710
1716790 709
1716800 708
1716810 707
1716820 707
1716830 706
1716840 705
1716850 703
1716860 702
1716870 701
1716880 700
1716890 699
1716900 698
1716910 697
1716920 695
1716930 694
1716940 692
1716950 691
1716960 690
1716970 689
1716980 687
1716990 686
1717000 686
1717010 685
1717020 684
1717030 683
1717040 682
1717050 681
1717060 680
1717070 679
1717080 678
1717090 677
1717100 676
1717110 675
1717120 675
1717130 674
1717140 673
1717150 672
1717160 672
1717170 672
1717180 672
1717190 672
1717200 673
1717210 673
1717220 672
1717230 672
1717240 671
1717250 670
1717260 669
1717270 668
1717280 667
1717290 667
1717300 666
1717310 665
1717320 664
1717330 663
1717340 663
1717350 662
1717360 661
1717370 661
1717380 661
1717390 660
1717400 660
1717410 659
1717420 659
1717430 659
1717440 659
1717450 659
1717460 659
1717470 659
1717480 659
1717490 659
1717500 658
1717510 658
1717520 658
1717530 658
1717540 657
1717550 657
1717560 656
1717570 656
1717580 655
1717590 655
1717600 654
1717610 654
1717620 653
1717630 653
1717640 653
1717650 652
1717660 652
1717670 651
1717680 650
1717690 650
1717700 649
1717710 649
1717720 649
1717730 649
1717740 650
1717750 651
1717760 652
1717770 652
1717780 651
1717790 650
1717800 648
1717810 646
1717820 643
1717830 642
1717840 642
1717850 643
1717860 646
1717870 647
1717880 649
1717890 650
1717900 651
1717910 651
1717920 651
1717930 651
1717940 651
1717950 652
1717960 652
1717970 651
1717980 651
1717990 652
1718000 652
1718010 652
1718020 652
1718030 653
1718040 653
1718050 653
1718060 653
1718070 654
1718080 654
1718090 655
1718100 655
1718110 655
1718120 656
1718130 656
1718140 656
1718150 657
1718160 657
1718170 658
1718180 658
1718190 658
1718200 658
1718210 659
1718220 659
1718230 660
1718240 660
1718250 660
1718260 661
1718270 661
1718280 661
1718290 662
1718300 662
1718310 662
1718320 662
1718330 662
1718340 663
1718350 663
1718360 663
1718370 663
1718380 662
1718390 662
1718400 662
1718410 661
1718420 661
1718430 661
1718440 660
1718450 660
1718460 659
1718470 658
1718480 657
1718490 656
1718500 655
1718510 653
1718520 651
1718530 649
1718540 647
1718550 644
1718560 639
1718570 635
1718580 632
1718590 630
1718600 629
1718610 630
1718620 632
1718630 635
1718640 637
1718650 639
1718660 641
1718670 643
1718680 645
1718690 647
1718700 648
1718710 650
1718720 652
1718730 653
1718740 655
1718750 656
1718760 658
1718770 659
1718780 660
1718790 661
1718800 662
1718810 663
1718820 664
1718830 664
1718840 665
1718850 666
1718860 667
1718870 668
1718880 669
1718890 669
1718900 669
1718910 670
1718920 670
1718930 670
1718940 670
1718950 670
1718960 670
1718970 670
1718980 670
1718990 670
1719000 669
1719010 670
1719020 670
1719030 670
1719040 670
1719050 670
1719060 671
1719070 671
1719080 672
1719090 672
1719100 672
1719110 673
1719120 673
1719130 673
1719140 673
1719150 673
1719160 673
1719170 673
1719180 673
1719190 672
1719200 672
1719210 672
1719220 672
1719230 671
1719240 671
1719250 671
1719260 670
1719270 670
1719280 669
1719290 669
1719300 668
1719310 668
1719320 667
1719330 667
1719340 667
1719350 667
1719360 667
1719370 667
1719380 667
1719390 668
1719400 668
1719410 668
1719420 669
1719430 669
1719440 670
1719450 671
1719460 671
1719470 672
1719480 672
1719490 673
1719500 673
1719510 674
1719520 674
1719530 674
1719540 674
1719550 673
1719560 673
1719570 672
1719580 671
1719590 668
1719600 665
1719610 661
1719620 659
1719630 656
1719640 654
1719650 653
1719660 651
1719670 650
1719680 647
1719690 644
1719700 640
1719710 637
1719720 634
1719730 632
1719740 628
1719750 624
1719760 619
1719770 616
1719780 613
1719790 610
1719800 607
1719810 605
1719820 603
1719830 601
1719840 600
1719850 598
1719860 596
1719870 594
1719880 592
1719890 590
1719900 588
1719910 586
1719920 584
1719930 582
1719940 580
1719950 578
1719960 576
1719970 575
1719980 573
1719990 571
