1700000 590
1700010 588
1700020 587
1700030 585
1700040 583
1700050 581
1700060 578
1700070 577
1700080 575
1700090 573
1700100 571
1700110 570
1700120 568
1700130 567
1700140 565
1700150 564
1700160 563
1700170 562
1700180 562
1700190 562
1700200 562
1700210 561
1700220 561
1700230 560
1700240 560
1700250 559
1700260 559
1700270 558
1700280 558
1700290 557
1700300 557
1700310 557
1700320 557
1700330 556
1700340 556
1700350 556
1700360 556
1700370 556
1700380 555
1700390 555
1700400 555
1700410 556
1700420 557
1700430 558
1700440 560
1700450 561
1700460 563
1700470 565
1700480 566
1700490 568
1700500 570
1700510 571
1700520 572
1700530 573
1700540 574
1700550 576
1700560 576
1700570 577
1700580 578
1700590 579
1700600 580
1700610 580
1700620 581
1700630 581
1700640 581
1700650 580
1700660 580
1700670 580
1700680 583
1700690 585
1700700 586
1700710 586
1700720 587
1700730 587
1700740 587
1700750 588
1700760 588
1700770 588
1700780 590
1700790 591
1700800 592
1700810 593
1700820 594
1700830 595
1700840 597
1700850 599
1700860 600
1700870 601
1700880 602
1700890 603
1700900 605
1700910 607
1700920 609
1700930 611
1700940 612
1700950 614
1700960 616
1700970 617
1700980 619
1700990 620
1701000 622
1701010 623
1701020 625
1701030 626
1701040 628
1701050 629
1701060 630
1701070 632
1701080 633
1701090 634
1701100 635
1701110 636
1701120 636
1701130 636
1701140 636
1701150 636
1701160 635
1701170 636
1701180 636
1701190 636
1701200 636
1701210 635
1701220 637
1701230 640
1701240 644
1701250 647
1701260 651
1701270 655
1701280 658
1701290 661
1701300 665
1701310 668
1701320 671
1701330 674
1701340 677
1701350 680
1701360 682
1701370 685
1701380 688
1701390 690
1701400 693
1701410 696
1701420 698
1701430 700
1701440 702
1701450 704
1701460 706
1701470 708
1701480 710
1701490 711
1701500 713
1701510 715
1701520 716
1701530 718
1701540 719
1701550 720
1701560 722
1701570 723
1701580 724
1701590 726
1701600 727
1701610 728
1701620 729
1701630 730
1701640 731
1701650 732
1701660 733
1701670 734
1701680 735
1701690 736
1701700 736
1701710 737
1701720 738
1701730 738
1701740 739
1701750 740
1701760 740
1701770 741
1701780 741
1701790 741
1701800 741
1701810 740
1701820 740
1701830 740
1701840 739
1701850 738
1701860 737
1701870 736
1701880 735
1701890 734
1701900 733
1701910 732
1701920 731
1701930 730
1701940 729
1701950 728
1701960 727
1701970 726
1701980 724
1701990 723
1702000 721
1702010 719
1702020 717
1702030 715
1702040 713
1702050 710
1702060 708
1702070 705
1702080 703
1702090 700
1702100 697
1702110 694
1702120 691
1702130 688
1702140 685
1702150 681
1702160 677
1702170 674
1702180 670
1702190 667
1702200 663
1702210 660
1702220 657
1702230 654
1702240 651
1702250 648
1702260 646
1702270 643
1702280 640
1702290 638
1702300 636
1702310 633
1702320 631
1702330 629
1702340 627
1702350 626
1702360 624
1702370 622
1702380 621
1702390 619
1702400 618
1702410 616
1702420 613
1702430 610
1702440 606
1702450 602
1702460 597
1702470 593
1702480 589
1702490 584
1702500 580
1702510 575
1702520 571
1702530 566
1702540 562
1702550 557
1702560 554
1702570 550
1702580 547
1702590 546
1702600 545
1702610 544
1702620 543
1702630 541
1702640 540
1702650 540
1702660 540
1702670 541
1702680 543
1702690 546
1702700 549
1702710 552
1702720 555
1702730 558
1702740 562
1702750 565
1702760 568
1702770 572
1702780 575
1702790 578
1702800 582
1702810 585
1702820 588
1702830 592
1702840 595
1702850 598
1702860 601
1702870 605
1702880 608
1702890 612
1702900 615
1702910 619
1702920 622
1702930 626
1702940 630
1702950 633
1702960 637
1702970 641
1702980 644
1702990 648
1703000 652
1703010 656
1703020 660
1703030 664
1703040 668
1703050 671
1703060 675
1703070 677
1703080 680
1703090 683
1703100 685
1703110 687
1703120 690
1703130 692
1703140 694
1703150 696
1703160 697
1703170 698
1703180 699
1703190 699
1703200 700
1703210 700
1703220 701
1703230 702
1703240 702
1703250 703
1703260 703
1703270 703
1703280 704
1703290 704
1703300 704
1703310 704
1703320 704
1703330 704
1703340 704
1703350 704
1703360 704
1703370 704
1703380 704
1703390 704
1703400 703
1703410 703
1703420 703
1703430 703
1703440 703
1703450 703
1703460 704
1703470 704
1703480 704
1703490 704
1703500 704
1703510 704
1703520 704
1703530 704
1703540 703
1703550 702
1703560 701
1703570 700
1703580 699
1703590 696
1703600 693
1703610 689
1703620 685
1703630 681
1703640 676
1703650 671
1703660 666
1703670 661
1703680 655
1703690 651
1703700 646
1703710 642
1703720 639
1703730 636
1703740 633
1703750 630
1703760 628
1703770 626
1703780 625
1703790 624
1703800 623
1703810 623
1703820 624
1703830 628
1703840 631
1703850 634
1703860 637
1703870 641
1703880 644
1703890 647
1703900 651
1703910 654
1703920 658
1703930 662
1703940 665
1703950 669
1703960 672
1703970 676
1703980 679
1703990 682
1704000 684
1704010 687
1704020 690
1704030 692
1704040 695
1704050 697
1704060 699
1704070 702
1704080 704
1704090 706
1704100 708
1704110 709
1704120 711
1704130 712
1704140 714
1704150 715
1704160 716
1704170 717
1704180 717
1704190 718
1704200 719
1704210 719
1704220 720
1704230 720
1704240 720
1704250 721
1704260 721
1704270 722
1704280 722
1704290 723
1704300 723
1704310 723
1704320 723
1704330 722
1704340 722
1704350 722
1704360 722
1704370 722
1704380 722
1704390 722
1704400 722
1704410 722
1704420 722
1704430 722
1704440 722
1704450 721
1704460 721
1704470 720
1704480 719
1704490 717
1704500 714
1704510 712
1704520 710
1704530 707
1704540 704
1704550 701
1704560 698
1704570 694
1704580 691
1704590 688
1704600 685
1704610 682
1704620 679
1704630 675
1704640 672
1704650 670
1704660 667
1704670 665
1704680 661
1704690 661
1704700 662
1704710 665
1704720 667
1704730 669
1704740 672
1704750 674
1704760 676
1704770 678
1704780 680
1704790 682
1704800 685
1704810 687
1704820 689
1704830 691
1704840 694
1704850 696
1704860 698
1704870 700
1704880 702
1704890 703
1704900 705
1704910 707
1704920 708
1704930 710
1704940 711
1704950 711
1704960 712
1704970 713
1704980 713
1704990 714
1705000 714
1705010 714
1705020 714
1705030 714
1705040 714
1705050 713
1705060 713
1705070 713
1705080 712
1705090 712
1705100 711
1705110 711
1705120 710
1705130 709
1705140 708
1705150 708
1705160 707
1705170 706
1705180 706
1705190 705
1705200 704
1705210 703
1705220 702
1705230 701
1705240 700
1705250 699
1705260 698
1705270 696
1705280 695
1705290 693
1705300 691
1705310 689
1705320 688
1705330 686
1705340 684
1705350 683
1705360 681
1705370 679
1705380 677
1705390 675
1705400 673
1705410 670
1705420 668
1705430 666
1705440 663
1705450 660
1705460 658
1705470 655
1705480 653
1705490 651
1705500 648
1705510 646
1705520 644
1705530 642
1705540 640
1705550 638
1705560 636
1705570 633
1705580 629
1705590 626
1705600 623
1705610 619
1705620 616
1705630 614
1705640 611
1705650 610
1705660 607
1705670 605
1705680 602
1705690 600
1705700 597
1705710 594
1705720 591
1705730 588
1705740 585
1705750 581
1705760 577
1705770 573
1705780 569
1705790 564
1705800 557
1705810 551
1705820 548
1705830 546
1705840 545
1705850 542
1705860 537
1705870 533
1705880 529
1705890 526
1705900 523
1705910 519
1705920 516
1705930 513
1705940 512
1705950 514
1705960 516
1705970 519
1705980 521
1705990 523
1706000 525
1706010 527
1706020 528
1706030 529
1706040 530
1706050 531
1706060 532
1706070 532
1706080 532
1706090 533
1706100 533
1706110 533
1706120 533
1706130 533
1706140 533
1706150 532
1706160 532
1706170 531
1706180 531
1706190 530
1706200 530
1706210 530
1706220 529
1706230 528
1706240 528
1706250 527
1706260 526
1706270 525
1706280 524
1706290 523
1706300 522
1706310 521
1706320 520
1706330 518
1706340 517
1706350 516
1706360 515
1706370 514
1706380 513
1706390 512
1706400 511
1706410 510
1706420 509
1706430 508
1706440 507
1706450 505
1706460 503
1706470 501
1706480 499
1706490 498
1706500 496
1706510 495
1706520 495
1706530 496
1706540 497
1706550 499
1706560 500
1706570 501
1706580 502
1706590 502
1706600 503
1706610 503
1706620 504
1706630 504
1706640 505
1706650 505
1706660 506
1706670 506
1706680 506
1706690 507
1706700 507
1706710 507
1706720 507
1706730 508
1706740 508
1706750 508
1706760 508
1706770 509
1706780 509
1706790 510
1706800 510
1706810 510
1706820 510
1706830 511
1706840 511
1706850 511
1706860 511
1706870 511
1706880 511
1706890 511
1706900 512
1706910 512
1706920 513
1706930 513
1706940 513
1706950 513
1706960 513
1706970 513
1706980 513
1706990 513
1707000 513
1707010 512
1707020 512
1707030 511
1707040 510
1707050 510
1707060 509
1707070 508
1707080 507
1707090 506
1707100 504
1707110 503
1707120 501
1707130 499
1707140 497
1707150 495
1707160 493
1707170 490
1707180 488
1707190 486
1707200 485
1707210 483
1707220 482
1707230 480
1707240 478
1707250 476
1707260 474
1707270 471
1707280 470
1707290 468
1707300 466
1707310 465
1707320 463
1707330 461
1707340 458
1707350 453
1707360 449
1707370 448
1707380 448
1707390 448
1707400 448
1707410 448
1707420 448
1707430 448
1707440 448
1707450 448
1707460 448
1707470 448
1707480 448
1707490 448
1707500 448
1707510 449
1707520 450
1707530 450
1707540 452
1707550 454
1707560 456
1707570 457
1707580 458
1707590 459
1707600 461
1707610 463
1707620 466
1707630 467
1707640 468
1707650 470
1707660 472
1707670 475
1707680 476
1707690 477
1707700 478
1707710 482
1707720 486
1707730 490
1707740 493
1707750 496
1707760 499
1707770 502
1707780 506
1707790 510
1707800 513
1707810 516
1707820 519
1707830 522
1707840 525
1707850 527
1707860 529
1707870 529
1707880 528
1707890 526
1707900 524
1707910 522
1707920 520
1707930 519
1707940 518
1707950 518
1707960 519
1707970 520
1707980 522
1707990 524
1708000 526
1708010 529
1708020 533
1708030 536
1708040 540
1708050 543
1708060 547
1708070 552
1708080 556
1708090 561
1708100 565
1708110 569
1708120 573
1708130 578
1708140 582
1708150 586
1708160 590
1708170 593
1708180 597
1708190 601
1708200 604
1708210 607
1708220 610
1708230 613
1708240 617
1708250 621
1708260 624
1708270 628
1708280 632
1708290 635
1708300 639
1708310 642
1708320 646
1708330 649
1708340 652
1708350 655
1708360 658
1708370 660
1708380 662
1708390 664
1708400 667
1708410 670
1708420 673
1708430 676
1708440 679
1708450 682
1708460 685
1708470 688
1708480 691
1708490 694
1708500 697
1708510 700
1708520 703
1708530 706
1708540 709
1708550 712
1708560 715
1708570 718
1708580 720
1708590 723
1708600 726
1708610 728
1708620 730
1708630 733
1708640 734
1708650 736
1708660 737
1708670 738
1708680 738
1708690 739
1708700 740
1708710 740
1708720 740
1708730 741
1708740 741
1708750 742
1708760 742
1708770 742
1708780 742
1708790 742
1708800 742
1708810 742
1708820 742
1708830 741
1708840 740
1708850 739
1708860 739
1708870 738
1708880 737
1708890 737
1708900 736
1708910 736
1708920 735
1708930 734
1708940 732
1708950 731
1708960 730
1708970 728
1708980 727
1708990 725
1709000 724
1709010 722
1709020 720
1709030 718
1709040 716
1709050 714
1709060 711
1709070 709
1709080 707
1709090 705
1709100 703
1709110 701
1709120 699
1709130 697
1709140 695
1709150 693
1709160 691
1709170 689
1709180 687
1709190 685
1709200 684
1709210 682
1709220 680
1709230 679
1709240 678
1709250 676
1709260 675
1709270 674
1709280 673
1709290 671
1709300 670
1709310 668
1709320 667
1709330 665
1709340 664
1709350 662
1709360 660
1709370 659
1709380 657
1709390 656
1709400 655
1709410 654
1709420 653
1709430 651
1709440 649
1709450 648
1709460 646
1709470 644
1709480 642
1709490 640
1709500 639
1709510 638
1709520 636
1709530 635
1709540 633
1709550 633
1709560 631
1709570 630
1709580 628
1709590 627
1709600 626
1709610 625
1709620 624
1709630 622
1709640 621
1709650 619
1709660 617
1709670 616
1709680 615
1709690 613
1709700 612
1709710 610
1709720 608
1709730 606
1709740 604
1709750 602
1709760 601
1709770 599
1709780 597
1709790 595
1709800 593
1709810 591
1709820 588
1709830 585
1709840 583
1709850 580
1709860 577
1709870 574
1709880 572
1709890 569
1709900 566
1709910 564
1709920 561
1709930 558
1709940 556
1709950 553
1709960 549
1709970 546
1709980 541
1709990 536
1710000 531
1710010 527
1710020 524
1710030 521
1710040 519
1710050 516
1710060 514
1710070 511
1710080 509
1710090 506
1710100 503
1710110 501
1710120 498
1710130 495
1710140 493
1710150 490
1710160 487
1710170 484
1710180 481
1710190 479
1710200 477
1710210 474
1710220 472
1710230 470
1710240 467
1710250 466
1710260 464
1710270 462
1710280 460
1710290 457
1710300 455
1710310 451
1710320 449
1710330 446
1710340 444
1710350 443
1710360 442
1710370 441
1710380 441
1710390 441
1710400 442
1710410 442
1710420 442
1710430 443
1710440 442
1710450 442
1710460 443
1710470 443
1710480 443
1710490 444
1710500 443
1710510 440
1710520 436
1710530 430
1710540 424
1710550 418
1710560 414
1710570 411
1710580 411
1710590 410
1710600 409
1710610 409
1710620 410
1710630 410
1710640 411
1710650 412
1710660 412
1710670 413
1710680 415
1710690 418
1710700 423
1710710 429
1710720 435
1710730 442
1710740 447
1710750 452
1710760 456
1710770 458
1710780 461
1710790 463
1710800 465
1710810 466
1710820 468
1710830 469
1710840 469
1710850 470
1710860 470
1710870 470
1710880 470
1710890 470
1710900 470
1710910 469
1710920 469
1710930 469
1710940 469
1710950 469
1710960 469
1710970 469
1710980 470
1710990 470
1711000 470
1711010 470
1711020 470
1711030 470
1711040 470
1711050 470
1711060 470
1711070 470
1711080 470
1711090 470
1711100 470
1711110 470
1711120 470
1711130 470
1711140 470
1711150 469
1711160 469
1711170 469
1711180 469
1711190 468
1711200 466
1711210 462
1711220 458
1711230 456
1711240 454
1711250 455
1711260 455
1711270 454
1711280 452
1711290 451
1711300 450
1711310 451
1711320 452
1711330 452
1711340 451
1711350 450
1711360 450
1711370 452
1711380 454
1711390 455
1711400 454
1711410 454
1711420 453
1711430 451
1711440 449
1711450 447
1711460 445
1711470 442
1711480 440
1711490 437
1711500 435
1711510 433
1711520 431
1711530 430
1711540 430
1711550 430
1711560 429
1711570 429
1711580 429
1711590 429
1711600 428
1711610 429
1711620 429
1711630 430
1711640 430
1711650 431
1711660 431
1711670 432
1711680 433
1711690 434
1711700 435
1711710 436
1711720 437
1711730 438
1711740 439
1711750 439
1711760 440
1711770 441
1711780 442
1711790 442
1711800 442
1711810 442
1711820 442
1711830 441
1711840 441
1711850 440
1711860 440
1711870 440
1711880 440
1711890 440
1711900 440
1711910 439
1711920 439
1711930 439
1711940 439
1711950 438
1711960 438
1711970 439
1711980 440
1711990 441
1712000 442
1712010 443
1712020 444
1712030 445
1712040 446
1712050 447
1712060 447
1712070 448
1712080 449
1712090 450
1712100 450
1712110 451
1712120 452
1712130 453
1712140 454
1712150 455
1712160 456
1712170 457
1712180 458
1712190 459
1712200 460
1712210 461
1712220 463
1712230 464
1712240 465
1712250 466
1712260 467
1712270 468
1712280 470
1712290 471
1712300 473
1712310 475
1712320 477
1712330 479
1712340 480
1712350 482
1712360 484
1712370 486
1712380 488
1712390 490
1712400 493
1712410 495
1712420 496
1712430 498
1712440 500
1712450 502
1712460 504
1712470 505
1712480 507
1712490 508
1712500 509
1712510 511
1712520 512
1712530 514
1712540 517
1712550 519
1712560 521
1712570 523
1712580 525
1712590 527
1712600 529
1712610 531
1712620 534
1712630 536
1712640 539
1712650 542
1712660 544
1712670 547
1712680 548
1712690 550
1712700 551
1712710 552
1712720 553
1712730 553
1712740 553
1712750 552
1712760 551
1712770 550
1712780 549
1712790 548
1712800 547
1712810 546
1712820 545
1712830 544
1712840 544
1712850 543
1712860 543
1712870 544
1712880 544
1712890 546
1712900 547
1712910 548
1712920 549
1712930 551
1712940 552
1712950 554
1712960 555
1712970 557
1712980 559
1712990 560
1713000 562
1713010 563
1713020 565
1713030 566
1713040 568
1713050 570
1713060 572
1713070 573
1713080 575
1713090 576
1713100 576
1713110 577
1713120 578
1713130 578
1713140 579
1713150 580
1713160 581
1713170 582
1713180 583
1713190 583
1713200 584
1713210 584
1713220 584
1713230 585
1713240 585
1713250 585
1713260 585
1713270 584
1713280 584
1713290 584
1713300 584
1713310 584
1713320 584
1713330 583
1713340 583
1713350 582
1713360 581
1713370 580
1713380 578
1713390 576
1713400 572
1713410 568
1713420 563
1713430 557
1713440 550
1713450 544
1713460 539
1713470 534
1713480 529
1713490 524
1713500 518
1713510 512
1713520 506
1713530 501
1713540 497
1713550 492
1713560 488
1713570 484
1713580 479
1713590 475
1713600 471
1713610 467
1713620 464
1713630 460
1713640 457
1713650 453
1713660 450
1713670 447
1713680 443
1713690 440
1713700 437
1713710 434
1713720 431
1713730 428
1713740 425
1713750 422
1713760 419
1713770 415
1713780 411
1713790 409
1713800 410
1713810 410
1713820 410
1713830 411
1713840 413
1713850 415
1713860 418
1713870 420
1713880 423
1713890 424
1713900 425
1713910 426
1713920 428
1713930 430
1713940 432
1713950 434
1713960 436
1713970 436
1713980 437
1713990 439
1714000 440
1714010 441
1714020 443
1714030 444
1714040 446
1714050 448
1714060 450
1714070 452
1714080 455
1714090 458
1714100 461
1714110 464
1714120 467
1714130 469
1714140 472
1714150 475
1714160 478
1714170 481
1714180 483
1714190 486
1714200 489
1714210 492
1714220 495
1714230 499
1714240 503
1714250 507
1714260 511
1714270 515
1714280 518
1714290 521
1714300 525
1714310 528
1714320 531
1714330 535
1714340 538
1714350 541
1714360 545
1714370 548
1714380 551
1714390 554
1714400 557
1714410 560
1714420 564
1714430 567
1714440 571
1714450 574
1714460 578
1714470 581
1714480 585
1714490 588
1714500 591
1714510 594
1714520 596
1714530 598
1714540 601
1714550 604
1714560 606
1714570 609
1714580 611
1714590 613
1714600 615
1714610 617
1714620 618
1714630 619
1714640 620
1714650 621
1714660 622
1714670 623
1714680 624
1714690 624
1714700 624
1714710 625
1714720 626
1714730 626
1714740 627
1714750 626
1714760 626
1714770 626
1714780 626
1714790 625
1714800 625
1714810 625
1714820 624
1714830 624
1714840 623
1714850 622
1714860 622
1714870 621
1714880 621
1714890 620
1714900 620
1714910 619
1714920 618
1714930 618
1714940 617
1714950 616
1714960 614
1714970 613
1714980 612
1714990 611
1715000 610
1715010 609
1715020 609
1715030 608
1715040 607
1715050 607
1715060 606
1715070 606
1715080 605
1715090 605
1715100 605
1715110 605
1715120 605
1715130 605
1715140 605
1715150 605
1715160 606
1715170 606
1715180 606
1715190 606
1715200 606
1715210 606
1715220 607
1715230 607
1715240 607
1715250 607
1715260 607
1715270 608
1715280 608
1715290 608
1715300 609
1715310 610
1715320 610
1715330 611
1715340 611
1715350 611
1715360 611
1715370 612
1715380 612
1715390 613
1715400 613
1715410 613
1715420 613
1715430 614
1715440 614
1715450 615
1715460 616
1715470 617
1715480 618
1715490 620
1715500 621
1715510 622
1715520 623
1715530 624
1715540 625
1715550 626
1715560 627
1715570 628
1715580 629
1715590 629
1715600 630
1715610 631
1715620 632
1715630 633
1715640 634
1715650 635
1715660 636
1715670 637
1715680 637
1715690 638
1715700 639
1715710 640
1715720 641
1715730 642
1715740 643
1715750 643
1715760 644
1715770 645
1715780 646
1715790 647
1715800 648
1715810 650
1715820 651
1715830 652
1715840 653
1715850 654
1715860 655
1715870 656
1715880 657
1715890 658
1715900 659
1715910 660
1715920 661
1715930 661
1715940 662
1715950 662
1715960 663
1715970 664
1715980 664
1715990 664
1716000 664
1716010 665
1716020 666
1716030 667
1716040 667
1716050 667
1716060 667
1716070 667
1716080 666
1716090 666
1716100 666
1716110 666
1716120 666
1716130 666
1716140 667
1716150 667
1716160 667
1716170 667
1716180 667
1716190 667
1716200 667
1716210 667
1716220 667
1716230 667
1716240 667
1716250 667
1716260 667
1716270 666
1716280 666
1716290 665
1716300 663
1716310 662
1716320 661
1716330 661
1716340 661
1716350 661
1716360 661
1716370 661
1716380 661
1716390 661
1716400 662
1716410 663
1716420 664
1716430 664
1716440 665
1716450 666
1716460 668
1716470 669
1716480 670
1716490 671
1716500 672
1716510 673
1716520 673
1716530 674
1716540 674
1716550 675
1716560 676
1716570 676
1716580 677
1716590 678
1716600 679
1716610 679
1716620 679
1716630 679
1716640 678
1716650 676
1716660 675
1716670 672
1716680 669
1716690 665
1716700 661
1716710 659
1716720 657
1716730 656
1716740 655
1716750 654
1716760 654
1716770 652
1716780 651
1716790 650
1716800 649
1716810 648
1716820 646
1716830 645
1716840 643
1716850 642
1716860 639
1716870 636
1716880 633
1716890 629
1716900 625
1716910 621
1716920 618
1716930 615
1716940 612
1716950 609
1716960 606
1716970 603
1716980 600
1716990 597
1717000 594
1717010 591
1717020 588
1717030 586
1717040 583
1717050 581
1717060 577
1717070 574
1717080 571
1717090 568
1717100 566
1717110 564
1717120 562
1717130 561
1717140 560
1717150 559
1717160 558
1717170 557
1717180 556
1717190 558
1717200 560
1717210 561
1717220 563
1717230 566
1717240 569
1717250 572
1717260 574
1717270 576
1717280 579
1717290 581
1717300 582
1717310 584
1717320 587
1717330 591
1717340 595
1717350 601
1717360 607
1717370 608
1717380 608
1717390 608
1717400 606
1717410 603
1717420 599
1717430 596
1717440 593
1717450 590
1717460 587
1717470 583
1717480 580
1717490 576
1717500 574
1717510 572
1717520 570
1717530 569
1717540 569
1717550 570
1717560 570
1717570 571
1717580 572
1717590 572
1717600 573
1717610 574
1717620 575
1717630 576
1717640 578
1717650 579
1717660 580
1717670 580
1717680 581
1717690 581
1717700 581
1717710 582
1717720 582
1717730 581
1717740 581
1717750 580
1717760 579
1717770 578
1717780 577
1717790 576
1717800 575
1717810 573
1717820 572
1717830 570
1717840 568
1717850 567
1717860 566
1717870 565
1717880 564
1717890 563
1717900 561
1717910 560
1717920 559
1717930 558
1717940 556
1717950 555
1717960 554
1717970 553
1717980 552
1717990 550
1718000 549
1718010 548
1718020 547
1718030 546
1718040 544
1718050 542
1718060 541
1718070 540
1718080 539
1718090 539
1718100 537
1718110 536
1718120 536
1718130 534
1718140 533
1718150 533
1718160 532
1718170 531
1718180 529
1718190 528
1718200 526
1718210 523
1718220 520
1718230 516
1718240 511
1718250 507
1718260 502
1718270 499
1718280 496
1718290 493
1718300 490
1718310 488
1718320 486
1718330 484
1718340 483
1718350 481
1718360 479
1718370 477
1718380 476
1718390 474
1718400 473
1718410 471
1718420 470
1718430 469
1718440 468
1718450 467
1718460 466
1718470 464
1718480 463
1718490 461
1718500 460
1718510 458
1718520 457
1718530 455
1718540 453
1718550 451
1718560 448
1718570 445
1718580 443
1718590 441
1718600 439
1718610 438
1718620 438
1718630 440
1718640 442
1718650 444
1718660 446
1718670 447
1718680 449
1718690 451
1718700 453
1718710 455
1718720 457
1718730 458
1718740 460
1718750 462
1718760 464
1718770 466
1718780 468
1718790 469
1718800 471
1718810 473
1718820 475
1718830 477
1718840 479
1718850 480
1718860 482
1718870 484
1718880 486
1718890 488
1718900 489
1718910 491
1718920 493
1718930 495
1718940 497
1718950 498
1718960 500
1718970 502
1718980 504
1718990 506
1719000 507
1719010 507
1719020 507
1719030 507
1719040 508
1719050 508
1719060 509
1719070 509
1719080 509
1719090 509
1719100 508
1719110 508
1719120 508
1719130 507
1719140 507
1719150 507
1719160 506
1719170 505
1719180 505
1719190 504
1719200 503
1719210 502
1719220 500
1719230 499
1719240 497
1719250 494
1719260 491
1719270 489
1719280 486
1719290 484
1719300 481
1719310 479
1719320 478
1719330 477
1719340 477
1719350 476
1719360 476
1719370 475
1719380 475
1719390 475
1719400 474
1719410 474
1719420 474
1719430 473
1719440 473
1719450 472
1719460 472
1719470 471
1719480 470
1719490 469
1719500 468
1719510 467
1719520 466
1719530 465
1719540 463
1719550 462
1719560 460
1719570 458
1719580 456
1719590 455
1719600 453
1719610 452
1719620 452
1719630 452
1719640 452
1719650 452
1719660 453
1719670 454
1719680 454
1719690 454
1719700 453
1719710 451
1719720 447
1719730 445
1719740 442
1719750 439
1719760 436
1719770 432
1719780 427
1719790 420
1719800 415
1719810 411
1719820 410
1719830 410
1719840 410
1719850 410
1719860 410
1719870 409
1719880 409
1719890 411
1719900 415
1719910 421
1719920 426
1719930 431
1719940 435
1719950 438
1719960 442
1719970 445
1719980 449
1719990 451
