1700000 710
1700010 711
1700020 713
1700030 714
1700040 716
1700050 717
1700060 717
1700070 718
1700080 720
1700090 722
1700100 724
1700110 725
1700120 726
1700130 728
1700140 731
1700150 733
1700160 736
1700170 738
1700180 741
1700190 744
1700200 746
1700210 749
1700220 751
1700230 753
1700240 756
1700250 758
1700260 760
1700270 762
1700280 764
1700290 766
1700300 768
1700310 771
1700320 773
1700330 776
1700340 779
1700350 780
1700360 780
1700370 779
1700380 777
1700390 774
1700400 770
1700410 766
1700420 761
1700430 756
1700440 752
1700450 747
1700460 742
1700470 738
1700480 734
1700490 729
1700500 725
1700510 722
1700520 718
1700530 715
1700540 712
1700550 709
1700560 706
1700570 704
1700580 701
1700590 698
1700600 695
1700610 692
1700620 689
1700630 686
1700640 683
1700650 681
1700660 678
1700670 675
1700680 672
1700690 669
1700700 666
1700710 663
1700720 661
1700730 660
1700740 658
1700750 656
1700760 654
1700770 652
1700780 650
1700790 648
1700800 646
1700810 644
1700820 641
1700830 639
1700840 638
1700850 636
1700860 635
1700870 633
1700880 632
1700890 630
1700900 629
1700910 627
1700920 625
1700930 623
1700940 621
1700950 620
1700960 618
1700970 617
1700980 614
1700990 613
1701000 611
1701010 610
1701020 608
1701030 607
1701040 605
1701050 604
1701060 603
1701070 601
1701080 600
1701090 599
1701100 598
1701110 597
1701120 596
1701130 595
1701140 594
1701150 593
1701160 591
1701170 589
1701180 588
1701190 586
1701200 584
1701210 582
1701220 581
1701230 579
1701240 577
1701250 576
1701260 574
1701270 573
1701280 571
1701290 570
1701300 568
1701310 566
1701320 564
1701330 563
1701340 562
1701350 561
1701360 561
1701370 560
1701380 559
1701390 558
1701400 557
1701410 556
1701420 555
1701430 554
1701440 555
1701450 555
1701460 555
1701470 555
1701480 554
1701490 553
1701500 552
1701510 551
1701520 550
1701530 549
1701540 548
1701550 547
1701560 546
1701570 545
1701580 544
1701590 543
1701600 542
1701610 541
1701620 540
1701630 539
1701640 538
1701650 537
1701660 536
1701670 536
1701680 535
1701690 536
1701700 536
1701710 536
1701720 537
1701730 537
1701740 537
1701750 539
1701760 541
1701770 543
1701780 545
1701790 546
1701800 546
1701810 546
1701820 547
1701830 548
1701840 549
1701850 550
1701860 550
1701870 550
1701880 550
1701890 550
1701900 550
1701910 550
1701920 550
1701930 550
1701940 550
1701950 550
1701960 550
1701970 550
1701980 551
1701990 552
1702000 552
1702010 552
1702020 553
1702030 553
1702040 552
1702050 552
1702060 551
1702070 550
1702080 550
1702090 550
1702100 549
1702110 549
1702120 549
1702130 549
1702140 549
1702150 549
1702160 549
1702170 549
1702180 549
1702190 550
1702200 550
1702210 550
1702220 550
1702230 551
1702240 552
1702250 552
1702260 553
1702270 553
1702280 553
1702290 554
1702300 554
1702310 555
1702320 554
1702330 554
1702340 553
1702350 553
1702360 553
1702370 553
1702380 554
1702390 554
1702400 555
1702410 555
1702420 556
1702430 557
1702440 557
1702450 557
1702460 558
1702470 558
1702480 558
1702490 559
1702500 560
1702510 561
1702520 562
1702530 562
1702540 562
1702550 562
1702560 561
1702570 561
1702580 562
1702590 562
1702600 562
1702610 562
1702620 562
1702630 562
1702640 562
1702650 563
1702660 566
1702670 568
1702680 570
1702690 572
1702700 574
1702710 576
1702720 578
1702730 579
1702740 581
1702750 582
1702760 584
1702770 585
1702780 586
1702790 588
1702800 589
1702810 591
1702820 592
1702830 593
1702840 594
1702850 594
1702860 595
1702870 595
1702880 595
1702890 594
1702900 594
1702910 593
1702920 593
1702930 592
1702940 591
1702950 591
1702960 591
1702970 590
1702980 590
1702990 590
1703000 589
1703010 589
1703020 589
1703030 590
1703040 590
1703050 590
1703060 590
1703070 590
1703080 590
1703090 591
1703100 591
1703110 591
1703120 591
1703130 591
1703140 591
1703150 590
1703160 590
1703170 589
1703180 588
1703190 587
1703200 586
1703210 585
1703220 584
1703230 583
1703240 582
1703250 581
1703260 580
1703270 578
1703280 577
1703290 576
1703300 575
1703310 573
1703320 572
1703330 571
1703340 570
1703350 569
1703360 568
1703370 567
1703380 567
1703390 566
1703400 565
1703410 564
1703420 563
1703430 562
1703440 561
1703450 560
1703460 559
1703470 558
1703480 557
1703490 557
1703500 556
1703510 557
1703520 557
1703530 557
1703540 554
1703550 550
1703560 545
1703570 541
1703580 539
1703590 539
1703600 540
1703610 540
1703620 540
1703630 540
1703640 541
1703650 543
1703660 546
1703670 550
1703680 553
1703690 557
1703700 560
1703710 562
1703720 565
1703730 568
1703740 570
1703750 572
1703760 573
1703770 574
1703780 574
1703790 574
1703800 573
1703810 572
1703820 572
1703830 572
1703840 571
1703850 570
1703860 569
1703870 568
1703880 567
1703890 566
1703900 565
1703910 565
1703920 564
1703930 562
1703940 560
1703950 557
1703960 554
1703970 551
1703980 548
1703990 546
1704000 544
1704010 542
1704020 540
1704030 538
1704040 536
1704050 534
1704060 532
1704070 531
1704080 530
1704090 530
1704100 530
1704110 530
1704120 530
1704130 530
1704140 530
1704150 529
1704160 529
1704170 528
1704180 528
1704190 528
1704200 527
1704210 527
1704220 527
1704230 527
1704240 526
1704250 526
1704260 526
1704270 527
1704280 527
1704290 529
1704300 530
1704310 532
1704320 534
1704330 534
1704340 534
1704350 533
1704360 532
1704370 530
1704380 530
1704390 529
1704400 528
1704410 528
1704420 526
1704430 525
1704440 524
1704450 524
1704460 524
1704470 525
1704480 526
1704490 527
1704500 528
1704510 529
1704520 530
1704530 532
1704540 533
1704550 534
1704560 536
1704570 539
1704580 542
1704590 544
1704600 545
1704610 547
1704620 548
1704630 550
1704640 552
1704650 554
1704660 556
1704670 557
1704680 558
1704690 560
1704700 561
1704710 563
1704720 564
1704730 566
1704740 568
1704750 569
1704760 570
1704770 571
1704780 572
1704790 573
1704800 573
1704810 574
1704820 574
1704830 575
1704840 576
1704850 576
1704860 577
1704870 578
1704880 580
1704890 581
1704900 581
1704910 582
1704920 583
1704930 583
1704940 583
1704950 583
1704960 583
1704970 582
1704980 581
1704990 579
1705000 577
1705010 574
1705020 571
1705030 568
1705040 565
1705050 562
1705060 559
1705070 555
1705080 551
1705090 547
1705100 544
1705110 540
1705120 536
1705130 534
1705140 535
1705150 537
1705160 540
1705170 544
1705180 547
1705190 550
1705200 553
1705210 556
1705220 559
1705230 563
1705240 567
1705250 570
1705260 574
1705270 579
1705280 583
1705290 588
1705300 594
1705310 599
1705320 605
1705330 610
1705340 615
1705350 621
1705360 626
1705370 631
1705380 636
1705390 640
1705400 644
1705410 649
1705420 653
1705430 656
1705440 658
1705450 660
1705460 661
1705470 662
1705480 662
1705490 662
1705500 662
1705510 662
1705520 663
1705530 662
1705540 662
1705550 661
1705560 660
1705570 659
1705580 657
1705590 656
1705600 654
1705610 653
1705620 652
1705630 650
1705640 649
1705650 647
1705660 645
1705670 643
1705680 641
1705690 638
1705700 634
1705710 631
1705720 627
1705730 624
1705740 621
1705750 617
1705760 613
1705770 608
1705780 604
1705790 599
1705800 595
1705810 590
1705820 586
1705830 583
1705840 579
1705850 576
1705860 572
1705870 569
1705880 566
1705890 564
1705900 561
1705910 558
1705920 556
1705930 555
1705940 555
1705950 557
1705960 558
1705970 560
1705980 561
1705990 563
1706000 564
1706010 566
1706020 567
1706030 569
1706040 571
1706050 573
1706060 575
1706070 577
1706080 580
1706090 582
1706100 585
1706110 588
1706120 590
1706130 593
1706140 596
1706150 599
1706160 603
1706170 606
1706180 610
1706190 613
1706200 617
1706210 620
1706220 624
1706230 627
1706240 631
1706250 635
1706260 638
1706270 642
1706280 646
1706290 650
1706300 653
1706310 657
1706320 661
1706330 665
1706340 669
1706350 673
1706360 677
1706370 681
1706380 685
1706390 689
1706400 693
1706410 698
1706420 702
1706430 706
1706440 710
1706450 715
1706460 720
1706470 725
1706480 729
1706490 733
1706500 735
1706510 735
1706520 732
1706530 727
1706540 724
1706550 721
1706560 719
1706570 718
1706580 718
1706590 718
1706600 718
1706610 718
1706620 717
1706630 716
1706640 715
1706650 715
1706660 714
1706670 713
1706680 713
1706690 712
1706700 712
1706710 711
1706720 710
1706730 707
1706740 704
1706750 700
1706760 696
1706770 693
1706780 690
1706790 687
1706800 683
1706810 679
1706820 675
1706830 671
1706840 668
1706850 665
1706860 662
1706870 660
1706880 658
1706890 657
1706900 655
1706910 654
1706920 651
1706930 648
1706940 646
1706950 643
1706960 640
1706970 637
1706980 634
1706990 631
1707000 628
1707010 625
1707020 623
1707030 621
1707040 620
1707050 619
1707060 617
1707070 616
1707080 615
1707090 614
1707100 612
1707110 611
1707120 609
1707130 607
1707140 604
1707150 601
1707160 598
1707170 594
1707180 591
1707190 587
1707200 583
1707210 579
1707220 574
1707230 570
1707240 567
1707250 563
1707260 559
1707270 556
1707280 552
1707290 548
1707300 544
1707310 541
1707320 536
1707330 532
1707340 528
1707350 524
1707360 521
1707370 517
1707380 514
1707390 511
1707400 508
1707410 505
1707420 503
1707430 501
1707440 498
1707450 496
1707460 495
1707470 493
1707480 492
1707490 490
1707500 489
1707510 489
1707520 490
1707530 492
1707540 495
1707550 498
1707560 500
1707570 503
1707580 505
1707590 508
1707600 511
1707610 515
1707620 519
1707630 523
1707640 527
1707650 532
1707660 536
1707670 540
1707680 544
1707690 548
1707700 552
1707710 555
1707720 559
1707730 563
1707740 566
1707750 570
1707760 573
1707770 575
1707780 577
1707790 579
1707800 581
1707810 583
1707820 585
1707830 588
1707840 591
1707850 594
1707860 597
1707870 600
1707880 604
1707890 607
1707900 610
1707910 613
1707920 616
1707930 620
1707940 624
1707950 629
1707960 633
1707970 638
1707980 641
1707990 645
1708000 648
1708010 652
1708020 658
1708030 663
1708040 668
1708050 671
1708060 673
1708070 675
1708080 678
1708090 681
1708100 684
1708110 687
1708120 691
1708130 694
1708140 697
1708150 700
1708160 703
1708170 706
1708180 708
1708190 711
1708200 714
1708210 716
1708220 719
1708230 723
1708240 726
1708250 729
1708260 733
1708270 737
1708280 740
1708290 742
1708300 743
1708310 745
1708320 746
1708330 748
1708340 749
1708350 751
1708360 752
1708370 753
1708380 754
1708390 754
1708400 754
1708410 753
1708420 753
1708430 753
1708440 752
1708450 752
1708460 751
1708470 751
1708480 750
1708490 750
1708500 749
1708510 749
1708520 749
1708530 748
1708540 748
1708550 747
1708560 747
1708570 747
1708580 747
1708590 747
1708600 747
1708610 747
1708620 746
1708630 746
1708640 744
1708650 743
1708660 742
1708670 741
1708680 739
1708690 738
1708700 736
1708710 735
1708720 733
1708730 732
1708740 730
1708750 729
1708760 727
1708770 725
1708780 723
1708790 721
1708800 719
1708810 717
1708820 715
1708830 713
1708840 711
1708850 710
1708860 708
1708870 706
1708880 705
1708890 703
1708900 700
1708910 698
1708920 696
1708930 694
1708940 691
1708950 689
1708960 688
1708970 686
1708980 684
1708990 682
1709000 680
1709010 678
1709020 677
1709030 675
1709040 674
1709050 673
1709060 672
1709070 670
1709080 668
1709090 665
1709100 662
1709110 659
1709120 655
1709130 652
1709140 648
1709150 645
1709160 642
1709170 638
1709180 634
1709190 631
1709200 629
1709210 627
1709220 626
1709230 624
1709240 622
1709250 619
1709260 615
1709270 611
1709280 609
1709290 613
1709300 616
1709310 619
1709320 624
1709330 630
1709340 639
1709350 640
1709360 640
1709370 639
1709380 638
1709390 638
1709400 638
1709410 638
1709420 639
1709430 640
1709440 642
1709450 643
1709460 645
1709470 648
1709480 650
1709490 651
1709500 652
1709510 653
1709520 653
1709530 653
1709540 653
1709550 652
1709560 651
1709570 650
1709580 649
1709590 646
1709600 643
1709610 640
1709620 638
1709630 637
1709640 637
1709650 637
1709660 639
1709670 641
1709680 643
1709690 644
1709700 645
1709710 645
1709720 646
1709730 647
1709740 648
1709750 648
1709760 649
1709770 650
1709780 650
1709790 651
1709800 651
1709810 651
1709820 651
1709830 651
1709840 651
1709850 651
1709860 650
1709870 650
1709880 649
1709890 648
1709900 647
1709910 647
1709920 645
1709930 644
1709940 643
1709950 641
1709960 639
1709970 638
1709980 636
1709990 633
1710000 631
1710010 627
1710020 624
1710030 620
1710040 616
1710050 612
1710060 608
1710070 604
1710080 599
1710090 595
1710100 591
1710110 586
1710120 582
1710130 578
1710140 573
1710150 569
1710160 564
1710170 561
1710180 558
1710190 555
1710200 552
1710210 549
1710220 547
1710230 548
1710240 551
1710250 554
1710260 557
1710270 560
1710280 563
1710290 566
1710300 568
1710310 571
1710320 573
1710330 575
1710340 576
1710350 577
1710360 578
1710370 579
1710380 580
1710390 580
1710400 580
1710410 580
1710420 580
1710430 579
1710440 578
1710450 577
1710460 576
1710470 575
1710480 574
1710490 572
1710500 571
1710510 569
1710520 568
1710530 567
1710540 565
1710550 564
1710560 563
1710570 561
1710580 560
1710590 559
1710600 558
1710610 557
1710620 556
1710630 554
1710640 553
1710650 552
1710660 551
1710670 550
1710680 549
1710690 547
1710700 545
1710710 544
1710720 543
1710730 541
1710740 540
1710750 538
1710760 537
1710770 535
1710780 534
1710790 532
1710800 530
1710810 529
1710820 529
1710830 528
1710840 528
1710850 527
1710860 527
1710870 526
1710880 526
1710890 525
1710900 525
1710910 524
1710920 523
1710930 523
1710940 522
1710950 522
1710960 521
1710970 520
1710980 519
1710990 517
1711000 514
1711010 511
1711020 508
1711030 505
1711040 502
1711050 499
1711060 498
1711070 500
1711080 503
1711090 507
1711100 511
1711110 515
1711120 519
1711130 522
1711140 525
1711150 528
1711160 530
1711170 533
1711180 535
1711190 537
1711200 539
1711210 540
1711220 542
1711230 544
1711240 545
1711250 545
1711260 546
1711270 547
1711280 547
1711290 547
1711300 547
1711310 547
1711320 546
1711330 545
1711340 544
1711350 543
1711360 542
1711370 541
1711380 540
1711390 539
1711400 538
1711410 538
1711420 537
1711430 536
1711440 536
1711450 536
1711460 535
1711470 535
1711480 534
1711490 534
1711500 533
1711510 532
1711520 531
1711530 531
1711540 530
1711550 529
1711560 528
1711570 527
1711580 527
1711590 527
1711600 527
1711610 526
1711620 526
1711630 525
1711640 523
1711650 522
1711660 520
1711670 519
1711680 517
1711690 516
1711700 514
1711710 513
1711720 512
1711730 510
1711740 509
1711750 507
1711760 506
1711770 504
1711780 503
1711790 501
1711800 499
1711810 498
1711820 496
1711830 494
1711840 493
1711850 491
1711860 490
1711870 489
1711880 488
1711890 487
1711900 485
1711910 484
1711920 482
1711930 480
1711940 478
1711950 477
1711960 475
1711970 473
1711980 471
1711990 468
1712000 465
1712010 461
1712020 458
1712030 456
1712040 453
1712050 451
1712060 449
1712070 447
1712080 445
1712090 443
1712100 441
1712110 439
1712120 437
1712130 435
1712140 433
1712150 431
1712160 428
1712170 427
1712180 426
1712190 425
1712200 425
1712210 425
1712220 425
1712230 426
1712240 428
1712250 429
1712260 430
1712270 431
1712280 431
1712290 432
1712300 433
1712310 434
1712320 435
1712330 437
1712340 438
1712350 440
1712360 441
1712370 443
1712380 445
1712390 446
1712400 448
1712410 449
1712420 450
1712430 451
1712440 452
1712450 453
1712460 454
1712470 455
1712480 455
1712490 456
1712500 456
1712510 457
1712520 458
1712530 458
1712540 458
1712550 459
1712560 459
1712570 459
1712580 459
1712590 459
1712600 459
1712610 459
1712620 459
1712630 459
1712640 459
1712650 459
1712660 458
1712670 458
1712680 458
1712690 458
1712700 458
1712710 457
1712720 457
1712730 456
1712740 456
1712750 455
1712760 455
1712770 454
1712780 453
1712790 453
1712800 452
1712810 451
1712820 451
1712830 450
1712840 449
1712850 448
1712860 448
1712870 447
1712880 445
1712890 443
1712900 440
1712910 437
1712920 433
1712930 430
1712940 427
1712950 424
1712960 420
1712970 417
1712980 413
1712990 410
1713000 406
1713010 404
1713020 402
1713030 400
1713040 400
1713050 399
1713060 398
1713070 398
1713080 398
1713090 398
1713100 398
1713110 398
1713120 398
1713130 398
1713140 397
1713150 396
1713160 396
1713170 396
1713180 397
1713190 398
1713200 398
1713210 398
1713220 398
1713230 398
1713240 398
1713250 398
1713260 398
1713270 398
1713280 398
1713290 398
1713300 398
1713310 398
1713320 398
1713330 398
1713340 398
1713350 398
1713360 398
1713370 398
1713380 398
1713390 398
1713400 397
1713410 397
1713420 397
1713430 397
1713440 397
1713450 397
1713460 397
1713470 397
1713480 397
1713490 397
1713500 397
1713510 397
1713520 397
1713530 397
1713540 397
1713550 397
1713560 397
1713570 397
1713580 396
1713590 396
1713600 396
1713610 396
1713620 396
1713630 396
1713640 396
1713650 396
1713660 396
1713670 395
1713680 395
1713690 395
1713700 395
1713710 396
1713720 396
1713730 396
1713740 396
1713750 396
1713760 396
1713770 396
1713780 397
1713790 397
1713800 399
1713810 401
1713820 402
1713830 403
1713840 403
1713850 403
1713860 404
1713870 404
1713880 404
1713890 404
1713900 404
1713910 404
1713920 404
1713930 404
1713940 404
1713950 405
1713960 405
1713970 406
1713980 406
1713990 406
1714000 407
1714010 407
1714020 408
1714030 408
1714040 409
1714050 409
1714060 409
1714070 409
1714080 410
1714090 411
1714100 412
1714110 413
1714120 413
1714130 414
1714140 414
1714150 415
1714160 415
1714170 416
1714180 416
1714190 416
1714200 416
1714210 415
1714220 414
1714230 412
1714240 410
1714250 409
1714260 407
1714270 406
1714280 404
1714290 404
1714300 403
1714310 402
1714320 402
1714330 402
1714340 401
1714350 401
1714360 402
1714370 402
1714380 402
1714390 402
1714400 403
1714410 403
1714420 403
1714430 404
1714440 404
1714450 404
1714460 405
1714470 405
1714480 405
1714490 406
1714500 406
1714510 407
1714520 407
1714530 407
1714540 408
1714550 408
1714560 409
1714570 409
1714580 410
1714590 410
1714600 411
1714610 411
1714620 412
1714630 412
1714640 413
1714650 414
1714660 415
1714670 415
1714680 417
1714690 418
1714700 419
1714710 418
1714720 418
1714730 418
1714740 419
1714750 420
1714760 420
1714770 421
1714780 422
1714790 422
1714800 422
1714810 422
1714820 422
1714830 422
1714840 422
1714850 423
1714860 423
1714870 423
1714880 423
1714890 424
1714900 424
1714910 424
1714920 425
1714930 425
1714940 426
1714950 427
1714960 427
1714970 428
1714980 429
1714990 429
1715000 430
1715010 430
1715020 431
1715030 431
1715040 431
1715050 432
1715060 432
1715070 433
1715080 434
1715090 435
1715100 435
1715110 436
1715120 437
1715130 439
1715140 440
1715150 442
1715160 443
1715170 445
1715180 447
1715190 449
1715200 450
1715210 452
1715220 453
1715230 455
1715240 456
1715250 458
1715260 459
1715270 461
1715280 462
1715290 464
1715300 466
1715310 467
1715320 469
1715330 471
1715340 473
1715350 474
1715360 476
1715370 477
1715380 478
1715390 480
1715400 482
1715410 483
1715420 485
1715430 487
1715440 488
1715450 490
1715460 491
1715470 493
1715480 495
1715490 496
1715500 497
1715510 498
1715520 499
1715530 501
1715540 502
1715550 503
1715560 504
1715570 505
1715580 506
1715590 508
1715600 509
1715610 510
1715620 511
1715630 512
1715640 514
1715650 515
1715660 516
1715670 518
1715680 519
1715690 521
1715700 522
1715710 524
1715720 526
1715730 528
1715740 530
1715750 532
1715760 533
1715770 535
1715780 536
1715790 538
1715800 539
1715810 541
1715820 543
1715830 545
1715840 546
1715850 548
1715860 549
1715870 551
1715880 553
1715890 555
1715900 557
1715910 558
1715920 559
1715930 560
1715940 562
1715950 563
1715960 564
1715970 565
1715980 566
1715990 568
1716000 569
1716010 570
1716020 571
1716030 573
1716040 574
1716050 576
1716060 577
1716070 578
1716080 580
1716090 582
1716100 583
1716110 585
1716120 586
1716130 588
1716140 589
1716150 591
1716160 592
1716170 593
1716180 595
1716190 596
1716200 597
1716210 599
1716220 600
1716230 601
1716240 603
1716250 604
1716260 605
1716270 607
1716280 608
1716290 609
1716300 611
1716310 612
1716320 613
1716330 615
1716340 616
1716350 617
1716360 618
1716370 620
1716380 621
1716390 623
1716400 624
1716410 626
1716420 627
1716430 628
1716440 629
1716450 630
1716460 631
1716470 631
1716480 632
1716490 633
1716500 634
1716510 635
1716520 635
1716530 636
1716540 636
1716550 637
1716560 637
1716570 638
1716580 638
1716590 638
1716600 638
1716610 638
1716620 637
1716630 637
1716640 637
1716650 636
1716660 636
1716670 635
1716680 634
1716690 633
1716700 632
1716710 630
1716720 628
1716730 625
1716740 621
1716750 617
1716760 613
1716770 609
1716780 605
1716790 601
1716800 599
1716810 598
1716820 597
1716830 595
1716840 593
1716850 591
1716860 589
1716870 587
1716880 584
1716890 582
1716900 579
1716910 576
1716920 574
1716930 572
1716940 569
1716950 567
1716960 565
1716970 562
1716980 559
1716990 555
1717000 552
1717010 548
1717020 545
1717030 543
1717040 541
1717050 540
1717060 539
1717070 538
1717080 537
1717090 536
1717100 534
1717110 533
1717120 531
1717130 530
1717140 528
1717150 526
1717160 525
1717170 524
1717180 524
1717190 524
1717200 525
1717210 525
1717220 525
1717230 525
1717240 526
1717250 527
1717260 527
1717270 528
1717280 529
1717290 529
1717300 529
1717310 529
1717320 528
1717330 527
1717340 524
1717350 522
1717360 519
1717370 519
1717380 519
1717390 518
1717400 516
1717410 517
1717420 520
1717430 525
1717440 530
1717450 534
1717460 538
1717470 541
1717480 545
1717490 548
1717500 551
1717510 554
1717520 557
1717530 559
1717540 562
1717550 564
1717560 567
1717570 569
1717580 570
1717590 572
1717600 574
1717610 576
1717620 577
1717630 578
1717640 579
1717650 580
1717660 580
1717670 580
1717680 580
1717690 579
1717700 578
1717710 577
1717720 576
1717730 575
1717740 574
1717750 573
1717760 572
1717770 571
1717780 569
1717790 568
1717800 566
1717810 565
1717820 563
1717830 562
1717840 560
1717850 559
1717860 558
1717870 556
1717880 554
1717890 550
1717900 547
1717910 542
1717920 537
1717930 533
1717940 528
1717950 524
1717960 520
1717970 516
1717980 512
1717990 508
1718000 504
1718010 503
1718020 502
1718030 503
1718040 502
1718050 501
1718060 499
1718070 499
1718080 499
1718090 500
1718100 501
1718110 503
1718120 506
1718130 509
1718140 512
1718150 516
1718160 517
1718170 516
1718180 515
1718190 514
1718200 514
1718210 514
1718220 514
1718230 514
1718240 514
1718250 515
1718260 514
1718270 514
1718280 514
1718290 513
1718300 512
1718310 511
1718320 511
1718330 510
1718340 509
1718350 508
1718360 508
1718370 507
1718380 507
1718390 507
1718400 507
1718410 507
1718420 507
1718430 507
1718440 507
1718450 507
1718460 507
1718470 507
1718480 507
1718490 507
1718500 507
1718510 507
1718520 506
1718530 505
1718540 505
1718550 503
1718560 502
1718570 501
1718580 499
1718590 497
1718600 495
1718610 493
1718620 491
1718630 489
1718640 487
1718650 486
1718660 485
1718670 483
1718680 482
1718690 481
1718700 480
1718710 478
1718720 477
1718730 475
1718740 473
1718750 471
1718760 469
1718770 467
1718780 464
1718790 462
1718800 459
1718810 457
1718820 454
1718830 452
1718840 449
1718850 447
1718860 444
1718870 442
1718880 440
1718890 437
1718900 435
1718910 432
1718920 429
1718930 426
1718940 423
1718950 420
1718960 417
1718970 414
1718980 412
1718990 410
1719000 408
1719010 407
1719020 406
1719030 405
1719040 402
1719050 399
1719060 397
1719070 396
1719080 396
1719090 396
1719100 396
1719110 396
1719120 396
1719130 395
1719140 395
1719150 395
1719160 395
1719170 395
1719180 395
1719190 395
1719200 395
1719210 396
1719220 397
1719230 399
1719240 401
1719250 405
1719260 408
1719270 412
1719280 415
1719290 418
1719300 422
1719310 426
1719320 430
1719330 434
1719340 438
1719350 442
1719360 447
1719370 452
1719380 456
1719390 461
1719400 465
1719410 468
1719420 471
1719430 473
1719440 474
1719450 476
1719460 479
1719470 481
1719480 483
1719490 486
1719500 489
1719510 492
1719520 495
1719530 499
1719540 503
1719550 506
1719560 510
1719570 513
1719580 515
1719590 517
1719600 519
1719610 520
1719620 521
1719630 522
1719640 522
1719650 522
1719660 522
1719670 522
1719680 522
1719690 522
1719700 522
1719710 522
1719720 521
1719730 521
1719740 521
1719750 521
1719760 521
1719770 521
1719780 521
1719790 521
1719800 521
1719810 521
1719820 520
1719830 520
1719840 519
1719850 518
1719860 518
1719870 518
1719880 518
1719890 518
1719900 518
1719910 518
1719920 518
1719930 519
1719940 519
1719950 519
1719960 520
1719970 520
1719980 521
1719990 522
