1700000 783
1700010 782
1700020 780
1700030 778
1700040 776
1700050 774
1700060 772
1700070 770
1700080 768
1700090 766
1700100 764
1700110 761
1700120 759
1700130 757
1700140 755
1700150 752
1700160 749
1700170 747
1700180 744
1700190 742
1700200 739
1700210 737
1700220 734
1700230 732
1700240 730
1700250 728
1700260 726
1700270 724
1700280 723
1700290 721
1700300 720
1700310 718
1700320 717
1700330 715
1700340 712
1700350 710
1700360 708
1700370 706
1700380 705
1700390 705
1700400 704
1700410 703
1700420 703
1700430 702
1700440 701
1700450 700
1700460 699
1700470 698
1700480 697
1700490 696
1700500 695
1700510 694
1700520 692
1700530 691
1700540 690
1700550 689
1700560 688
1700570 687
1700580 686
1700590 686
1700600 686
1700610 685
1700620 685
1700630 685
1700640 685
1700650 685
1700660 684
1700670 684
1700680 683
1700690 682
1700700 681
1700710 680
1700720 679
1700730 678
1700740 677
1700750 676
1700760 674
1700770 673
1700780 671
1700790 670
1700800 668
1700810 665
1700820 663
1700830 661
1700840 659
1700850 656
1700860 653
1700870 650
1700880 647
1700890 644
1700900 640
1700910 636
1700920 632
1700930 629
1700940 627
1700950 625
1700960 623
1700970 621
1700980 618
1700990 616
1701000 613
1701010 611
1701020 609
1701030 606
1701040 603
1701050 599
1701060 596
1701070 594
1701080 592
1701090 589
1701100 587
1701110 585
1701120 584
1701130 583
1701140 583
1701150 583
1701160 583
1701170 584
1701180 585
1701190 586
1701200 587
1701210 589
1701220 591
1701230 593
1701240 594
1701250 595
1701260 595
1701270 596
1701280 596
1701290 597
1701300 598
1701310 599
1701320 599
1701330 600
1701340 600
1701350 601
1701360 601
1701370 601
1701380 600
1701390 597
1701400 593
1701410 589
1701420 585
1701430 581
1701440 578
1701450 576
1701460 573
1701470 571
1701480 571
1701490 572
1701500 575
1701510 578
1701520 582
1701530 586
1701540 591
1701550 595
1701560 599
1701570 602
1701580 604
1701590 605
1701600 606
1701610 606
1701620 606
1701630 606
1701640 607
1701650 607
1701660 608
1701670 609
1701680 610
1701690 611
1701700 613
1701710 614
1701720 615
1701730 616
1701740 617
1701750 617
1701760 617
1701770 617
1701780 617
1701790 616
1701800 616
1701810 615
1701820 615
1701830 615
1701840 615
1701850 615
1701860 616
1701870 616
1701880 616
1701890 617
1701900 617
1701910 618
1701920 619
1701930 620
1701940 622
1701950 623
1701960 625
1701970 627
1701980 629
1701990 631
1702000 634
1702010 637
1702020 640
1702030 643
1702040 646
1702050 647
1702060 649
1702070 651
1702080 653
1702090 656
1702100 658
1702110 660
1702120 663
1702130 667
1702140 670
1702150 673
1702160 676
1702170 679
1702180 681
1702190 684
1702200 686
1702210 688
1702220 690
1702230 692
1702240 694
1702250 695
1702260 696
1702270 697
1702280 698
1702290 699
1702300 700
1702310 700
1702320 700
1702330 700
1702340 700
1702350 700
1702360 701
1702370 702
1702380 702
1702390 703
1702400 703
1702410 703
1702420 703
1702430 704
1702440 704
1702450 706
1702460 707
1702470 708
1702480 709
1702490 711
1702500 712
1702510 714
1702520 715
1702530 716
1702540 718
1702550 720
1702560 723
1702570 725
1702580 726
1702590 727
1702600 726
1702610 725
1702620 724
1702630 725
1702640 726
1702650 728
1702660 727
1702670 726
1702680 725
1702690 726
1702700 728
1702710 729
1702720 731
1702730 733
1702740 735
1702750 737
1702760 740
1702770 744
1702780 747
1702790 751
1702800 755
1702810 759
1702820 764
1702830 768
1702840 772
1702850 776
1702860 779
1702870 783
1702880 786
1702890 788
1702900 791
1702910 792
1702920 793
1702930 793
1702940 791
1702950 789
1702960 786
1702970 783
1702980 780
1702990 776
1703000 773
1703010 770
1703020 766
1703030 762
1703040 758
1703050 754
1703060 750
1703070 746
1703080 741
1703090 737
1703100 732
1703110 727
1703120 722
1703130 718
1703140 713
1703150 709
1703160 705
1703170 702
1703180 698
1703190 695
1703200 693
1703210 691
1703220 690
1703230 689
1703240 687
1703250 686
1703260 684
1703270 682
1703280 680
1703290 678
1703300 676
1703310 674
1703320 670
1703330 668
1703340 665
1703350 662
1703360 659
1703370 656
1703380 653
1703390 651
1703400 649
1703410 647
1703420 645
1703430 643
1703440 642
1703450 641
1703460 641
1703470 641
1703480 643
1703490 645
1703500 647
1703510 649
1703520 651
1703530 652
1703540 654
1703550 654
1703560 655
1703570 655
1703580 656
1703590 658
1703600 660
1703610 662
1703620 664
1703630 667
1703640 669
1703650 672
1703660 675
1703670 677
1703680 678
1703690 680
1703700 680
1703710 681
1703720 681
1703730 680
1703740 680
1703750 680
1703760 680
1703770 679
1703780 679
1703790 678
1703800 677
1703810 676
1703820 676
1703830 675
1703840 674
1703850 674
1703860 673
1703870 673
1703880 673
1703890 672
1703900 671
1703910 670
1703920 669
1703930 667
1703940 665
1703950 664
1703960 663
1703970 662
1703980 662
1703990 661
1704000 659
1704010 658
1704020 656
1704030 654
1704040 651
1704050 648
1704060 644
1704070 640
1704080 638
1704090 637
1704100 636
1704110 636
1704120 637
1704130 638
1704140 641
1704150 643
1704160 647
1704170 650
1704180 653
1704190 656
1704200 659
1704210 662
1704220 665
1704230 669
1704240 672
1704250 675
1704260 678
1704270 680
1704280 683
1704290 686
1704300 690
1704310 693
1704320 697
1704330 702
1704340 707
1704350 711
1704360 715
1704370 719
1704380 721
1704390 725
1704400 729
1704410 731
1704420 733
1704430 736
1704440 740
1704450 744
1704460 749
1704470 752
1704480 753
1704490 755
1704500 757
1704510 759
1704520 761
1704530 762
1704540 763
1704550 764
1704560 766
1704570 767
1704580 768
1704590 770
1704600 771
1704610 772
1704620 772
1704630 771
1704640 770
1704650 769
1704660 768
1704670 766
1704680 765
1704690 763
1704700 761
1704710 758
1704720 756
1704730 753
1704740 749
1704750 746
1704760 742
1704770 739
1704780 736
1704790 733
1704800 730
1704810 726
1704820 722
1704830 718
1704840 714
1704850 711
1704860 707
1704870 705
1704880 703
1704890 702
1704900 701
1704910 700
1704920 699
1704930 697
1704940 694
1704950 692
1704960 689
1704970 687
1704980 685
1704990 682
1705000 679
1705010 676
1705020 673
1705030 670
1705040 666
1705050 663
1705060 659
1705070 656
1705080 652
1705090 649
1705100 646
1705110 645
1705120 646
1705130 647
1705140 649
1705150 651
1705160 653
1705170 657
1705180 660
1705190 664
1705200 668
1705210 672
1705220 675
1705230 679
1705240 682
1705250 685
1705260 688
1705270 691
1705280 693
1705290 695
1705300 697
1705310 699
1705320 701
1705330 702
1705340 704
1705350 705
1705360 707
1705370 709
1705380 711
1705390 714
1705400 716
1705410 719
1705420 721
1705430 724
1705440 727
1705450 729
1705460 731
1705470 734
1705480 736
1705490 737
1705500 739
1705510 739
1705520 738
1705530 736
1705540 733
1705550 730
1705560 727
1705570 723
1705580 720
1705590 716
1705600 711
1705610 707
1705620 702
1705630 698
1705640 693
1705650 688
1705660 684
1705670 680
1705680 675
1705690 671
1705700 667
1705710 663
1705720 659
1705730 655
1705740 651
1705750 647
1705760 643
1705770 640
1705780 639
1705790 638
1705800 638
1705810 640
1705820 642
1705830 645
1705840 647
1705850 650
1705860 654
1705870 657
1705880 660
1705890 663
1705900 665
1705910 666
1705920 667
1705930 667
1705940 666
1705950 665
1705960 663
1705970 661
1705980 659
1705990 657
1706000 657
1706010 657
1706020 659
1706030 661
1706040 664
1706050 668
1706060 673
1706070 679
1706080 685
1706090 689
1706100 693
1706110 697
1706120 701
1706130 705
1706140 709
1706150 713
1706160 716
1706170 718
1706180 720
1706190 722
1706200 723
1706210 724
1706220 724
1706230 725
1706240 727
1706250 729
1706260 732
1706270 735
1706280 738
1706290 740
1706300 743
1706310 746
1706320 749
1706330 752
1706340 755
1706350 758
1706360 761
1706370 764
1706380 766
1706390 769
1706400 772
1706410 775
1706420 778
1706430 781
1706440 783
1706450 786
1706460 788
1706470 790
1706480 792
1706490 793
1706500 795
1706510 796
1706520 796
1706530 795
1706540 791
1706550 788
1706560 784
1706570 779
1706580 774
1706590 769
1706600 764
1706610 759
1706620 755
1706630 750
1706640 745
1706650 740
1706660 736
1706670 732
1706680 728
1706690 724
1706700 720
1706710 716
1706720 713
1706730 709
1706740 705
1706750 701
1706760 698
1706770 694
1706780 690
1706790 687
1706800 684
1706810 680
1706820 677
1706830 674
1706840 672
1706850 670
1706860 667
1706870 666
1706880 664
1706890 662
1706900 661
1706910 659
1706920 658
1706930 658
1706940 657
1706950 656
1706960 654
1706970 652
1706980 648
1706990 644
1707000 640
1707010 636
1707020 633
1707030 630
1707040 626
1707050 624
1707060 621
1707070 618
1707080 616
1707090 613
1707100 611
1707110 609
1707120 608
1707130 608
1707140 608
1707150 608
1707160 608
1707170 606
1707180 604
1707190 602
1707200 599
1707210 596
1707220 593
1707230 590
1707240 587
1707250 584
1707260 581
1707270 579
1707280 576
1707290 573
1707300 571
1707310 569
1707320 566
1707330 564
1707340 562
1707350 560
1707360 558
1707370 557
1707380 556
1707390 555
1707400 555
1707410 555
1707420 553
1707430 551
1707440 549
1707450 545
1707460 541
1707470 537
1707480 533
1707490 530
1707500 526
1707510 522
1707520 520
1707530 518
1707540 517
1707550 517
1707560 516
1707570 513
1707580 512
1707590 514
1707600 518
1707610 522
1707620 525
1707630 528
1707640 530
1707650 533
1707660 535
1707670 537
1707680 540
1707690 543
1707700 545
1707710 548
1707720 551
1707730 554
1707740 557
1707750 560
1707760 563
1707770 566
1707780 570
1707790 573
1707800 577
1707810 581
1707820 584
1707830 588
1707840 592
1707850 596
1707860 600
1707870 604
1707880 607
1707890 611
1707900 615
1707910 618
1707920 622
1707930 625
1707940 628
1707950 631
1707960 634
1707970 637
1707980 639
1707990 642
1708000 645
1708010 647
1708020 650
1708030 653
1708040 655
1708050 657
1708060 660
1708070 663
1708080 665
1708090 668
1708100 671
1708110 674
1708120 677
1708130 679
1708140 682
1708150 685
1708160 688
1708170 692
1708180 695
1708190 698
1708200 700
1708210 703
1708220 706
1708230 708
1708240 711
1708250 713
1708260 716
1708270 719
1708280 721
1708290 723
1708300 725
1708310 728
1708320 730
1708330 732
1708340 733
1708350 735
1708360 737
1708370 738
1708380 740
1708390 740
1708400 741
1708410 740
1708420 740
1708430 739
1708440 738
1708450 738
1708460 737
1708470 737
1708480 736
1708490 736
1708500 735
1708510 735
1708520 735
1708530 735
1708540 734
1708550 734
1708560 734
1708570 734
1708580 733
1708590 733
1708600 733
1708610 733
1708620 733
1708630 732
1708640 732
1708650 732
1708660 732
1708670 732
1708680 732
1708690 732
1708700 732
1708710 732
1708720 732
1708730 732
1708740 732
1708750 732
1708760 732
1708770 732
1708780 731
1708790 731
1708800 730
1708810 729
1708820 729
1708830 728
1708840 728
1708850 727
1708860 726
1708870 726
1708880 725
1708890 724
1708900 724
1708910 723
1708920 722
1708930 721
1708940 720
1708950 720
1708960 719
1708970 718
1708980 717
1708990 716
1709000 716
1709010 715
1709020 714
1709030 713
1709040 713
1709050 712
1709060 711
1709070 710
1709080 710
1709090 709
1709100 708
1709110 707
1709120 706
1709130 705
1709140 703
1709150 702
1709160 699
1709170 697
1709180 694
1709190 692
1709200 694
1709210 695
1709220 697
1709230 699
1709240 700
1709250 701
1709260 702
1709270 703
1709280 705
1709290 706
1709300 707
1709310 709
1709320 710
1709330 712
1709340 714
1709350 715
1709360 717
1709370 718
1709380 720
1709390 721
1709400 722
1709410 723
1709420 724
1709430 724
1709440 724
1709450 724
1709460 723
1709470 721
1709480 719
1709490 718
1709500 716
1709510 714
1709520 713
1709530 712
1709540 711
1709550 709
1709560 708
1709570 706
1709580 704
1709590 703
1709600 702
1709610 702
1709620 701
1709630 701
1709640 701
1709650 701
1709660 701
1709670 701
1709680 700
1709690 699
1709700 697
1709710 696
1709720 694
1709730 693
1709740 692
1709750 690
1709760 689
1709770 687
1709780 686
1709790 685
1709800 684
1709810 683
1709820 681
1709830 680
1709840 679
1709850 677
1709860 676
1709870 674
1709880 672
1709890 670
1709900 668
1709910 666
1709920 664
1709930 661
1709940 658
1709950 654
1709960 650
1709970 647
1709980 644
1709990 641
1710000 638
1710010 635
1710020 633
1710030 631
1710040 629
1710050 627
1710060 625
1710070 623
1710080 622
1710090 620
1710100 618
1710110 617
1710120 615
1710130 613
1710140 612
1710150 611
1710160 609
1710170 608
1710180 606
1710190 605
1710200 605
1710210 604
1710220 602
1710230 601
1710240 600
1710250 599
1710260 598
1710270 597
1710280 597
1710290 596
1710300 595
1710310 594
1710320 593
1710330 593
1710340 592
1710350 591
1710360 590
1710370 590
1710380 590
1710390 590
1710400 591
1710410 591
1710420 591
1710430 591
1710440 591
1710450 591
1710460 590
1710470 590
1710480 590
1710490 589
1710500 589
1710510 588
1710520 586
1710530 585
1710540 584
1710550 583
1710560 582
1710570 580
1710580 578
1710590 576
1710600 574
1710610 572
1710620 570
1710630 571
1710640 572
1710650 573
1710660 573
1710670 574
1710680 575
1710690 576
1710700 577
1710710 577
1710720 578
1710730 579
1710740 580
1710750 580
1710760 581
1710770 581
1710780 582
1710790 583
1710800 583
1710810 584
1710820 584
1710830 583
1710840 583
1710850 583
1710860 582
1710870 581
1710880 579
1710890 579
1710900 578
1710910 577
1710920 576
1710930 575
1710940 574
1710950 574
1710960 573
1710970 572
1710980 571
1710990 570
1711000 569
1711010 568
1711020 568
1711030 567
1711040 566
1711050 565
1711060 564
1711070 563
1711080 562
1711090 561
1711100 559
1711110 558
1711120 557
1711130 556
1711140 555
1711150 554
1711160 552
1711170 551
1711180 549
1711190 548
1711200 546
1711210 544
1711220 543
1711230 540
1711240 538
1711250 535
1711260 532
1711270 529
1711280 526
1711290 523
1711300 521
1711310 518
1711320 516
1711330 514
1711340 511
1711350 509
1711360 507
1711370 505
1711380 504
1711390 502
1711400 500
1711410 499
1711420 498
1711430 496
1711440 495
1711450 493
1711460 492
1711470 491
1711480 489
1711490 488
1711500 486
1711510 485
1711520 483
1711530 482
1711540 481
1711550 480
1711560 479
1711570 477
1711580 476
1711590 475
1711600 473
1711610 472
1711620 471
1711630 469
1711640 467
1711650 466
1711660 466
1711670 465
1711680 464
1711690 462
1711700 461
1711710 459
1711720 458
1711730 458
1711740 458
1711750 458
1711760 458
1711770 459
1711780 459
1711790 460
1711800 462
1711810 463
1711820 465
1711830 466
1711840 468
1711850 470
1711860 472
1711870 474
1711880 477
1711890 479
1711900 482
1711910 485
1711920 487
1711930 489
1711940 492
1711950 494
1711960 496
1711970 498
1711980 499
1711990 500
1712000 502
1712010 504
1712020 506
1712030 507
1712040 508
1712050 509
1712060 510
1712070 511
1712080 512
1712090 514
1712100 515
1712110 516
1712120 517
1712130 518
1712140 519
1712150 520
1712160 521
1712170 522
1712180 523
1712190 523
1712200 524
1712210 525
1712220 526
1712230 526
1712240 526
1712250 526
1712260 527
1712270 527
1712280 527
1712290 527
1712300 527
1712310 528
1712320 528
1712330 528
1712340 529
1712350 529
1712360 530
1712370 530
1712380 530
1712390 529
1712400 528
1712410 527
1712420 526
1712430 524
1712440 523
1712450 521
1712460 520
1712470 518
1712480 517
1712490 516
1712500 514
1712510 513
1712520 512
1712530 510
1712540 509
1712550 508
1712560 507
1712570 506
1712580 505
1712590 504
1712600 504
1712610 503
1712620 502
1712630 501
1712640 500
1712650 500
1712660 499
1712670 497
1712680 496
1712690 495
1712700 494
1712710 493
1712720 492
1712730 491
1712740 491
1712750 490
1712760 490
1712770 489
1712780 488
1712790 486
1712800 485
1712810 483
1712820 481
1712830 479
1712840 477
1712850 476
1712860 475
1712870 473
1712880 471
1712890 470
1712900 468
1712910 466
1712920 464
1712930 462
1712940 460
1712950 459
1712960 457
1712970 456
1712980 455
1712990 454
1713000 453
1713010 452
1713020 451
1713030 451
1713040 450
1713050 450
1713060 450
1713070 450
1713080 450
1713090 450
1713100 450
1713110 451
1713120 451
1713130 451
1713140 451
1713150 451
1713160 451
1713170 451
1713180 452
1713190 452
1713200 452
1713210 452
1713220 452
1713230 452
1713240 452
1713250 452
1713260 452
1713270 452
1713280 451
1713290 451
1713300 450
1713310 450
1713320 450
1713330 449
1713340 449
1713350 449
1713360 448
1713370 448
1713380 447
1713390 447
1713400 446
1713410 445
1713420 445
1713430 445
1713440 444
1713450 444
1713460 444
1713470 443
1713480 443
1713490 442
1713500 442
1713510 442
1713520 441
1713530 441
1713540 440
1713550 440
1713560 439
1713570 439
1713580 439
1713590 439
1713600 438
1713610 438
1713620 438
1713630 438
1713640 438
1713650 438
1713660 438
1713670 437
1713680 437
1713690 437
1713700 437
1713710 436
1713720 436
1713730 435
1713740 435
1713750 435
1713760 435
1713770 434
1713780 434
1713790 434
1713800 433
1713810 433
1713820 432
1713830 432
1713840 432
1713850 431
1713860 431
1713870 431
1713880 431
1713890 430
1713900 430
1713910 430
1713920 430
1713930 429
1713940 429
1713950 429
1713960 428
1713970 428
1713980 427
1713990 427
1714000 426
1714010 425
1714020 423
1714030 421
1714040 418
1714050 415
1714060 412
1714070 410
1714080 408
1714090 407
1714100 406
1714110 406
1714120 405
1714130 404
1714140 403
1714150 402
1714160 401
1714170 399
1714180 396
1714190 394
1714200 393
1714210 392
1714220 392
1714230 391
1714240 392
1714250 392
1714260 392
1714270 392
1714280 392
1714290 392
1714300 391
1714310 390
1714320 389
1714330 388
1714340 388
1714350 388
1714360 388
1714370 389
1714380 390
1714390 390
1714400 390
1714410 390
1714420 390
1714430 391
1714440 391
1714450 391
1714460 391
1714470 392
1714480 394
1714490 398
1714500 402
1714510 407
1714520 413
1714530 418
1714540 423
1714550 428
1714560 432
1714570 435
1714580 439
1714590 442
1714600 447
1714610 451
1714620 457
1714630 462
1714640 468
1714650 473
1714660 479
1714670 485
1714680 491
1714690 497
1714700 504
1714710 508
1714720 511
1714730 514
1714740 516
1714750 518
1714760 520
1714770 521
1714780 523
1714790 524
1714800 525
1714810 526
1714820 526
1714830 526
1714840 527
1714850 527
1714860 528
1714870 528
1714880 528
1714890 529
1714900 529
1714910 530
1714920 531
1714930 532
1714940 533
1714950 534
1714960 536
1714970 538
1714980 539
1714990 540
1715000 541
1715010 543
1715020 544
1715030 545
1715040 545
1715050 544
1715060 544
1715070 544
1715080 545
1715090 547
1715100 549
1715110 550
1715120 551
1715130 553
1715140 554
1715150 556
1715160 557
1715170 559
1715180 560
1715190 562
1715200 563
1715210 564
1715220 565
1715230 566
1715240 567
1715250 569
1715260 571
1715270 573
1715280 574
1715290 573
1715300 573
1715310 573
1715320 573
1715330 574
1715340 575
1715350 576
1715360 577
1715370 578
1715380 579
1715390 580
1715400 580
1715410 581
1715420 581
1715430 582
1715440 582
1715450 584
1715460 585
1715470 586
1715480 587
1715490 587
1715500 589
1715510 590
1715520 592
1715530 593
1715540 594
1715550 595
1715560 596
1715570 597
1715580 599
1715590 601
1715600 602
1715610 603
1715620 604
1715630 606
1715640 607
1715650 609
1715660 611
1715670 612
1715680 613
1715690 614
1715700 614
1715710 614
1715720 615
1715730 616
1715740 617
1715750 618
1715760 618
1715770 619
1715780 620
1715790 621
1715800 622
1715810 623
1715820 623
1715830 624
1715840 624
1715850 624
1715860 624
1715870 624
1715880 625
1715890 626
1715900 628
1715910 629
1715920 630
1715930 631
1715940 631
1715950 633
1715960 634
1715970 636
1715980 637
1715990 637
1716000 637
1716010 637
1716020 636
1716030 635
1716040 634
1716050 632
1716060 629
1716070 627
1716080 625
1716090 625
1716100 625
1716110 625
1716120 625
1716130 623
1716140 621
1716150 619
1716160 618
1716170 616
1716180 615
1716190 613
1716200 612
1716210 612
1716220 612
1716230 611
1716240 608
1716250 605
1716260 604
1716270 603
1716280 603
1716290 602
1716300 601
1716310 598
1716320 597
1716330 595
1716340 594
1716350 593
1716360 593
1716370 593
1716380 591
1716390 590
1716400 590
1716410 590
1716420 591
1716430 591
1716440 589
1716450 586
1716460 584
1716470 583
1716480 581
1716490 579
1716500 577
1716510 575
1716520 574
1716530 573
1716540 573
1716550 572
1716560 572
1716570 571
1716580 570
1716590 570
1716600 569
1716610 568
1716620 568
1716630 567
1716640 566
1716650 565
1716660 564
1716670 563
1716680 561
1716690 560
1716700 559
1716710 558
1716720 557
1716730 556
1716740 555
1716750 553
1716760 552
1716770 551
1716780 550
1716790 548
1716800 547
1716810 545
1716820 544
1716830 542
1716840 541
1716850 540
1716860 540
1716870 540
1716880 539
1716890 539
1716900 538
1716910 537
1716920 535
1716930 533
1716940 531
1716950 529
1716960 527
1716970 526
1716980 524
1716990 523
1717000 522
1717010 521
1717020 519
1717030 516
1717040 512
1717050 507
1717060 502
1717070 498
1717080 494
1717090 490
1717100 486
1717110 483
1717120 479
1717130 476
1717140 474
1717150 471
1717160 469
1717170 466
1717180 464
1717190 462
1717200 461
1717210 460
1717220 458
1717230 456
1717240 453
1717250 453
1717260 454
1717270 457
1717280 459
1717290 460
1717300 461
1717310 461
1717320 462
1717330 463
1717340 464
1717350 465
1717360 467
1717370 468
1717380 470
1717390 472
1717400 474
1717410 476
1717420 478
1717430 480
1717440 482
1717450 484
1717460 485
1717470 487
1717480 488
1717490 489
1717500 490
1717510 491
1717520 493
1717530 494
1717540 495
1717550 496
1717560 498
1717570 499
1717580 500
1717590 502
1717600 503
1717610 505
1717620 507
1717630 510
1717640 513
1717650 516
1717660 519
1717670 522
1717680 525
1717690 528
1717700 531
1717710 534
1717720 536
1717730 537
1717740 536
1717750 534
1717760 532
1717770 528
1717780 525
1717790 522
1717800 519
1717810 517
1717820 514
1717830 512
1717840 510
1717850 507
1717860 505
1717870 503
1717880 501
1717890 499
1717900 498
1717910 497
1717920 496
1717930 494
1717940 493
1717950 492
1717960 491
1717970 489
1717980 488
1717990 486
1718000 485
1718010 483
1718020 481
1718030 480
1718040 477
1718050 475
1718060 473
1718070 470
1718080 468
1718090 465
1718100 463
1718110 461
1718120 458
1718130 457
1718140 457
1718150 456
1718160 455
1718170 454
1718180 451
1718190 448
1718200 446
1718210 443
1718220 440
1718230 438
1718240 436
1718250 434
1718260 432
1718270 431
1718280 429
1718290 428
1718300 427
1718310 426
1718320 425
1718330 423
1718340 422
1718350 421
1718360 420
1718370 419
1718380 418
1718390 416
1718400 415
1718410 414
1718420 412
1718430 411
1718440 409
1718450 408
1718460 407
1718470 407
1718480 407
1718490 409
1718500 410
1718510 411
1718520 412
1718530 412
1718540 414
1718550 415
1718560 415
1718570 416
1718580 416
1718590 416
1718600 415
1718610 415
1718620 414
1718630 414
1718640 413
1718650 412
1718660 411
1718670 410
1718680 408
1718690 406
1718700 402
1718710 398
1718720 395
1718730 393
1718740 392
1718750 391
1718760 391
1718770 391
1718780 391
1718790 391
1718800 391
1718810 391
1718820 391
1718830 391
1718840 391
1718850 391
1718860 391
1718870 391
1718880 391
1718890 390
1718900 390
1718910 390
1718920 391
1718930 391
1718940 391
1718950 391
1718960 391
1718970 391
1718980 391
1718990 391
1719000 391
1719010 391
1719020 390
1719030 389
1719040 389
1719050 389
1719060 390
1719070 390
1719080 392
1719090 394
1719100 399
1719110 404
1719120 409
1719130 414
1719140 418
1719150 422
1719160 424
1719170 427
1719180 430
1719190 433
1719200 436
1719210 439
1719220 442
1719230 445
1719240 449
1719250 452
1719260 456
1719270 459
1719280 462
1719290 465
1719300 468
1719310 472
1719320 475
1719330 479
1719340 482
1719350 486
1719360 489
1719370 492
1719380 496
1719390 499
1719400 503
1719410 507
1719420 512
1719430 519
1719440 525
1719450 530
1719460 533
1719470 537
1719480 541
1719490 542
1719500 545
1719510 547
1719520 550
1719530 553
1719540 555
1719550 558
1719560 561
1719570 563
1719580 565
1719590 565
1719600 566
1719610 566
1719620 566
1719630 565
1719640 565
1719650 564
1719660 563
1719670 563
1719680 562
1719690 560
1719700 558
1719710 556
1719720 554
1719730 551
1719740 549
1719750 547
1719760 546
1719770 547
1719780 549
1719790 551
1719800 554
1719810 556
1719820 557
1719830 559
1719840 560
1719850 562
1719860 563
1719870 564
1719880 566
1719890 567
1719900 568
1719910 569
1719920 570
1719930 571
1719940 572
1719950 572
1719960 573
1719970 574
1719980 574
1719990 575
