1700000 779
1700010 778
1700020 776
1700030 775
1700040 773
1700050 773
1700060 772
1700070 772
1700080 772
1700090 772
1700100 772
1700110 772
1700120 772
1700130 771
1700140 770
1700150 768
1700160 767
1700170 765
1700180 764
1700190 762
1700200 760
1700210 758
1700220 757
1700230 755
1700240 753
1700250 750
1700260 748
1700270 745
1700280 744
1700290 742
1700300 741
1700310 740
1700320 740
1700330 740
1700340 741
1700350 741
1700360 742
1700370 742
1700380 742
1700390 743
1700400 743
1700410 743
1700420 743
1700430 742
1700440 742
1700450 741
1700460 741
1700470 740
1700480 738
1700490 736
1700500 734
1700510 731
1700520 729
1700530 727
1700540 725
1700550 723
1700560 721
1700570 720
1700580 718
1700590 718
1700600 718
1700610 719
1700620 720
1700630 721
1700640 721
1700650 722
1700660 722
1700670 721
1700680 720
1700690 718
1700700 717
1700710 716
1700720 715
1700730 714
1700740 712
1700750 711
1700760 709
1700770 707
1700780 705
1700790 703
1700800 700
1700810 698
1700820 694
1700830 691
1700840 687
1700850 683
1700860 680
1700870 676
1700880 673
1700890 669
1700900 665
1700910 662
1700920 658
1700930 654
1700940 651
1700950 649
1700960 647
1700970 646
1700980 645
1700990 644
1701000 644
1701010 643
1701020 642
1701030 642
1701040 641
1701050 639
1701060 637
1701070 635
1701080 633
1701090 630
1701100 627
1701110 624
1701120 622
1701130 618
1701140 615
1701150 611
1701160 607
1701170 603
1701180 601
1701190 599
1701200 597
1701210 594
1701220 592
1701230 590
1701240 589
1701250 587
1701260 585
1701270 583
1701280 581
1701290 580
1701300 576
1701310 571
1701320 567
1701330 563
1701340 561
1701350 560
1701360 561
1701370 562
1701380 564
1701390 565
1701400 566
1701410 566
1701420 566
1701430 563
1701440 561
1701450 561
1701460 564
1701470 568
1701480 573
1701490 578
1701500 582
1701510 586
1701520 590
1701530 593
1701540 597
1701550 600
1701560 602
1701570 605
1701580 607
1701590 608
1701600 609
1701610 609
1701620 608
1701630 608
1701640 607
1701650 607
1701660 606
1701670 606
1701680 605
1701690 604
1701700 604
1701710 603
1701720 602
1701730 598
1701740 595
1701750 592
1701760 591
1701770 590
1701780 590
1701790 590
1701800 590
1701810 590
1701820 591
1701830 592
1701840 593
1701850 594
1701860 596
1701870 597
1701880 600
1701890 602
1701900 605
1701910 608
1701920 611
1701930 615
1701940 618
1701950 621
1701960 625
1701970 627
1701980 630
1701990 632
1702000 634
1702010 636
1702020 638
1702030 640
1702040 642
1702050 644
1702060 646
1702070 649
1702080 651
1702090 653
1702100 655
1702110 657
1702120 658
1702130 659
1702140 660
1702150 660
1702160 660
1702170 659
1702180 659
1702190 660
1702200 660
1702210 661
1702220 662
1702230 663
1702240 664
1702250 666
1702260 667
1702270 669
1702280 670
1702290 671
1702300 672
1702310 673
1702320 674
1702330 674
1702340 674
1702350 674
1702360 675
1702370 676
1702380 676
1702390 676
1702400 675
1702410 674
1702420 674
1702430 674
1702440 674
1702450 674
1702460 673
1702470 673
1702480 673
1702490 673
1702500 673
1702510 674
1702520 674
1702530 675
1702540 675
1702550 676
1702560 677
1702570 677
1702580 676
1702590 675
1702600 674
1702610 673
1702620 671
1702630 670
1702640 669
1702650 669
1702660 670
1702670 672
1702680 675
1702690 678
1702700 682
1702710 686
1702720 691
1702730 694
1702740 698
1702750 702
1702760 706
1702770 709
1702780 712
1702790 716
1702800 720
1702810 724
1702820 728
1702830 733
1702840 736
1702850 739
1702860 741
1702870 741
1702880 740
1702890 741
1702900 743
1702910 745
1702920 747
1702930 749
1702940 749
1702950 750
1702960 750
1702970 751
1702980 751
1702990 751
1703000 751
1703010 750
1703020 749
1703030 748
1703040 747
1703050 746
1703060 745
1703070 743
1703080 740
1703090 737
1703100 735
1703110 732
1703120 728
1703130 724
1703140 720
1703150 715
1703160 710
1703170 706
1703180 701
1703190 697
1703200 692
1703210 687
1703220 683
1703230 678
1703240 674
1703250 669
1703260 665
1703270 662
1703280 658
1703290 654
1703300 650
1703310 647
1703320 644
1703330 641
1703340 638
1703350 635
1703360 632
1703370 630
1703380 627
1703390 624
1703400 621
1703410 619
1703420 615
1703430 612
1703440 610
1703450 608
1703460 607
1703470 607
1703480 607
1703490 607
1703500 607
1703510 608
1703520 609
1703530 611
1703540 613
1703550 615
1703560 617
1703570 619
1703580 620
1703590 621
1703600 623
1703610 624
1703620 625
1703630 626
1703640 627
1703650 628
1703660 630
1703670 631
1703680 632
1703690 632
1703700 633
1703710 633
1703720 633
1703730 634
1703740 634
1703750 634
1703760 634
1703770 635
1703780 635
1703790 635
1703800 635
1703810 635
1703820 635
1703830 635
1703840 634
1703850 633
1703860 632
1703870 631
1703880 630
1703890 629
1703900 628
1703910 627
1703920 626
1703930 625
1703940 623
1703950 621
1703960 619
1703970 617
1703980 616
1703990 615
1704000 614
1704010 614
1704020 613
1704030 613
1704040 612
1704050 611
1704060 609
1704070 607
1704080 605
1704090 602
1704100 600
1704110 600
1704120 602
1704130 604
1704140 606
1704150 608
1704160 610
1704170 613
1704180 615
1704190 617
1704200 620
1704210 623
1704220 625
1704230 628
1704240 631
1704250 634
1704260 636
1704270 638
1704280 640
1704290 642
1704300 645
1704310 648
1704320 651
1704330 653
1704340 656
1704350 659
1704360 662
1704370 665
1704380 668
1704390 672
1704400 676
1704410 680
1704420 685
1704430 689
1704440 692
1704450 693
1704460 693
1704470 693
1704480 693
1704490 693
1704500 694
1704510 696
1704520 698
1704530 700
1704540 703
1704550 706
1704560 710
1704570 712
1704580 714
1704590 716
1704600 717
1704610 719
1704620 721
1704630 723
1704640 725
1704650 728
1704660 730
1704670 729
1704680 729
1704690 728
1704700 728
1704710 727
1704720 727
1704730 727
1704740 726
1704750 725
1704760 723
1704770 721
1704780 719
1704790 715
1704800 711
1704810 706
1704820 703
1704830 700
1704840 697
1704850 696
1704860 695
1704870 695
1704880 693
1704890 691
1704900 687
1704910 682
1704920 677
1704930 672
1704940 667
1704950 662
1704960 657
1704970 652
1704980 647
1704990 642
1705000 637
1705010 632
1705020 628
1705030 625
1705040 622
1705050 619
1705060 617
1705070 615
1705080 613
1705090 611
1705100 609
1705110 608
1705120 609
1705130 612
1705140 615
1705150 618
1705160 622
1705170 626
1705180 630
1705190 633
1705200 635
1705210 636
1705220 638
1705230 639
1705240 640
1705250 641
1705260 643
1705270 645
1705280 648
1705290 651
1705300 654
1705310 658
1705320 662
1705330 667
1705340 671
1705350 675
1705360 679
1705370 683
1705380 687
1705390 691
1705400 695
1705410 698
1705420 702
1705430 705
1705440 708
1705450 711
1705460 715
1705470 717
1705480 720
1705490 721
1705500 722
1705510 722
1705520 721
1705530 719
1705540 717
1705550 714
1705560 711
1705570 708
1705580 705
1705590 702
1705600 699
1705610 696
1705620 694
1705630 691
1705640 689
1705650 687
1705660 684
1705670 680
1705680 677
1705690 673
1705700 669
1705710 665
1705720 661
1705730 657
1705740 653
1705750 649
1705760 645
1705770 641
1705780 637
1705790 634
1705800 630
1705810 625
1705820 621
1705830 618
1705840 615
1705850 615
1705860 617
1705870 620
1705880 621
1705890 622
1705900 621
1705910 620
1705920 618
1705930 617
1705940 616
1705950 617
1705960 619
1705970 622
1705980 625
1705990 628
1706000 631
1706010 635
1706020 638
1706030 642
1706040 646
1706050 650
1706060 654
1706070 658
1706080 662
1706090 666
1706100 668
1706110 671
1706120 672
1706130 671
1706140 670
1706150 669
1706160 669
1706170 669
1706180 672
1706190 674
1706200 677
1706210 680
1706220 683
1706230 686
1706240 689
1706250 692
1706260 696
1706270 700
1706280 703
1706290 707
1706300 711
1706310 714
1706320 718
1706330 722
1706340 726
1706350 730
1706360 734
1706370 738
1706380 741
1706390 745
1706400 748
1706410 751
1706420 755
1706430 758
1706440 761
1706450 764
1706460 766
1706470 769
1706480 771
1706490 773
1706500 775
1706510 777
1706520 778
1706530 778
1706540 778
1706550 777
1706560 775
1706570 771
1706580 767
1706590 762
1706600 758
1706610 755
1706620 751
1706630 748
1706640 745
1706650 741
1706660 737
1706670 734
1706680 729
1706690 725
1706700 720
1706710 715
1706720 710
1706730 704
1706740 699
1706750 694
1706760 690
1706770 685
1706780 682
1706790 678
1706800 674
1706810 670
1706820 665
1706830 661
1706840 656
1706850 652
1706860 648
1706870 645
1706880 641
1706890 638
1706900 635
1706910 633
1706920 631
1706930 630
1706940 628
1706950 627
1706960 625
1706970 622
1706980 619
1706990 615
1707000 612
1707010 608
1707020 605
1707030 603
1707040 600
1707050 597
1707060 594
1707070 591
1707080 588
1707090 586
1707100 583
1707110 581
1707120 579
1707130 576
1707140 574
1707150 571
1707160 570
1707170 569
1707180 570
1707190 570
1707200 571
1707210 569
1707220 568
1707230 566
1707240 564
1707250 562
1707260 560
1707270 558
1707280 556
1707290 554
1707300 552
1707310 550
1707320 549
1707330 547
1707340 545
1707350 544
1707360 543
1707370 541
1707380 540
1707390 538
1707400 537
1707410 535
1707420 533
1707430 531
1707440 528
1707450 526
1707460 523
1707470 520
1707480 518
1707490 515
1707500 512
1707510 510
1707520 509
1707530 508
1707540 507
1707550 507
1707560 507
1707570 510
1707580 513
1707590 515
1707600 517
1707610 520
1707620 523
1707630 526
1707640 529
1707650 532
1707660 535
1707670 539
1707680 542
1707690 545
1707700 549
1707710 552
1707720 556
1707730 560
1707740 563
1707750 567
1707760 571
1707770 575
1707780 580
1707790 584
1707800 588
1707810 592
1707820 596
1707830 600
1707840 604
1707850 608
1707860 612
1707870 616
1707880 620
1707890 625
1707900 629
1707910 633
1707920 636
1707930 640
1707940 644
1707950 648
1707960 652
1707970 655
1707980 659
1707990 662
1708000 665
1708010 668
1708020 671
1708030 674
1708040 677
1708050 680
1708060 684
1708070 687
1708080 691
1708090 694
1708100 697
1708110 700
1708120 704
1708130 707
1708140 710
1708150 713
1708160 715
1708170 718
1708180 720
1708190 722
1708200 724
1708210 726
1708220 728
1708230 731
1708240 733
1708250 735
1708260 738
1708270 740
1708280 743
1708290 746
1708300 748
1708310 750
1708320 752
1708330 753
1708340 754
1708350 754
1708360 753
1708370 752
1708380 751
1708390 751
1708400 750
1708410 749
1708420 748
1708430 747
1708440 746
1708450 745
1708460 743
1708470 742
1708480 741
1708490 740
1708500 739
1708510 738
1708520 737
1708530 736
1708540 735
1708550 734
1708560 733
1708570 733
1708580 732
1708590 732
1708600 731
1708610 730
1708620 730
1708630 729
1708640 728
1708650 727
1708660 727
1708670 726
1708680 725
1708690 724
1708700 723
1708710 722
1708720 721
1708730 720
1708740 719
1708750 718
1708760 717
1708770 716
1708780 715
1708790 714
1708800 714
1708810 712
1708820 711
1708830 710
1708840 709
1708850 707
1708860 706
1708870 705
1708880 704
1708890 704
1708900 704
1708910 703
1708920 703
1708930 702
1708940 701
1708950 700
1708960 700
1708970 699
1708980 698
1708990 697
1709000 696
1709010 695
1709020 693
1709030 692
1709040 691
1709050 690
1709060 690
1709070 689
1709080 688
1709090 687
1709100 686
1709110 684
1709120 683
1709130 682
1709140 681
1709150 680
1709160 679
1709170 676
1709180 674
1709190 672
1709200 671
1709210 672
1709220 673
1709230 676
1709240 679
1709250 682
1709260 683
1709270 685
1709280 687
1709290 688
1709300 690
1709310 691
1709320 693
1709330 694
1709340 696
1709350 697
1709360 699
1709370 701
1709380 703
1709390 705
1709400 707
1709410 709
1709420 711
1709430 713
1709440 715
1709450 714
1709460 713
1709470 711
1709480 709
1709490 707
1709500 704
1709510 702
1709520 699
1709530 697
1709540 695
1709550 693
1709560 690
1709570 688
1709580 685
1709590 683
1709600 681
1709610 680
1709620 679
1709630 679
1709640 679
1709650 679
1709660 679
1709670 679
1709680 679
1709690 680
1709700 679
1709710 679
1709720 679
1709730 679
1709740 678
1709750 678
1709760 677
1709770 676
1709780 676
1709790 675
1709800 674
1709810 673
1709820 672
1709830 671
1709840 670
1709850 668
1709860 667
1709870 666
1709880 664
1709890 662
1709900 660
1709910 659
1709920 657
1709930 655
1709940 654
1709950 652
1709960 650
1709970 649
1709980 647
1709990 645
1710000 644
1710010 642
1710020 640
1710030 638
1710040 636
1710050 634
1710060 632
1710070 630
1710080 627
1710090 624
1710100 622
1710110 620
1710120 618
1710130 616
1710140 614
1710150 613
1710160 612
1710170 610
1710180 609
1710190 608
1710200 606
1710210 605
1710220 603
1710230 602
1710240 600
1710250 599
1710260 597
1710270 595
1710280 594
1710290 592
1710300 590
1710310 587
1710320 584
1710330 582
1710340 581
1710350 580
1710360 581
1710370 582
1710380 584
1710390 585
1710400 587
1710410 588
1710420 588
1710430 588
1710440 589
1710450 588
1710460 588
1710470 588
1710480 587
1710490 586
1710500 585
1710510 584
1710520 583
1710530 582
1710540 581
1710550 580
1710560 579
1710570 578
1710580 577
1710590 576
1710600 574
1710610 573
1710620 571
1710630 569
1710640 567
1710650 564
1710660 562
1710670 559
1710680 556
1710690 554
1710700 554
1710710 554
1710720 555
1710730 555
1710740 555
1710750 555
1710760 555
1710770 555
1710780 555
1710790 555
1710800 555
1710810 555
1710820 556
1710830 556
1710840 555
1710850 555
1710860 555
1710870 555
1710880 555
1710890 555
1710900 554
1710910 554
1710920 553
1710930 553
1710940 553
1710950 552
1710960 552
1710970 551
1710980 551
1710990 550
1711000 549
1711010 549
1711020 548
1711030 548
1711040 547
1711050 547
1711060 546
1711070 546
1711080 545
1711090 545
1711100 545
1711110 544
1711120 544
1711130 543
1711140 543
1711150 542
1711160 542
1711170 541
1711180 541
1711190 540
1711200 540
1711210 540
1711220 540
1711230 540
1711240 540
1711250 539
1711260 539
1711270 538
1711280 538
1711290 537
1711300 537
1711310 536
1711320 536
1711330 536
1711340 535
1711350 535
1711360 534
1711370 534
1711380 533
1711390 533
1711400 532
1711410 532
1711420 531
1711430 530
1711440 529
1711450 528
1711460 526
1711470 525
1711480 523
1711490 522
1711500 521
1711510 520
1711520 519
1711530 517
1711540 516
1711550 514
1711560 513
1711570 512
1711580 510
1711590 508
1711600 507
1711610 505
1711620 504
1711630 503
1711640 502
1711650 500
1711660 498
1711670 496
1711680 494
1711690 493
1711700 491
1711710 489
1711720 487
1711730 485
1711740 483
1711750 481
1711760 480
1711770 478
1711780 475
1711790 472
1711800 469
1711810 465
1711820 461
1711830 458
1711840 456
1711850 454
1711860 452
1711870 450
1711880 449
1711890 449
1711900 450
1711910 452
1711920 455
1711930 459
1711940 462
1711950 466
1711960 470
1711970 474
1711980 477
1711990 480
1712000 482
1712010 482
1712020 483
1712030 484
1712040 484
1712050 484
1712060 485
1712070 485
1712080 486
1712090 486
1712100 487
1712110 488
1712120 489
1712130 490
1712140 492
1712150 493
1712160 494
1712170 494
1712180 495
1712190 495
1712200 496
1712210 496
1712220 496
1712230 496
1712240 496
1712250 496
1712260 496
1712270 497
1712280 497
1712290 498
1712300 498
1712310 499
1712320 500
1712330 501
1712340 502
1712350 503
1712360 504
1712370 504
1712380 505
1712390 506
1712400 507
1712410 508
1712420 509
1712430 510
1712440 511
1712450 513
1712460 514
1712470 515
1712480 517
1712490 517
1712500 518
1712510 518
1712520 518
1712530 518
1712540 518
1712550 517
1712560 517
1712570 516
1712580 515
1712590 515
1712600 513
1712610 512
1712620 511
1712630 510
1712640 508
1712650 506
1712660 505
1712670 504
1712680 502
1712690 501
1712700 500
1712710 499
1712720 498
1712730 496
1712740 495
1712750 493
1712760 492
1712770 490
1712780 489
1712790 488
1712800 487
1712810 486
1712820 484
1712830 483
1712840 482
1712850 481
1712860 481
1712870 480
1712880 479
1712890 478
1712900 477
1712910 476
1712920 476
1712930 476
1712940 475
1712950 475
1712960 475
1712970 474
1712980 474
1712990 474
1713000 473
1713010 473
1713020 473
1713030 472
1713040 472
1713050 472
1713060 472
1713070 472
1713080 472
1713090 472
1713100 472
1713110 472
1713120 472
1713130 472
1713140 471
1713150 471
1713160 471
1713170 471
1713180 471
1713190 471
1713200 471
1713210 471
1713220 471
1713230 470
1713240 470
1713250 469
1713260 469
1713270 468
1713280 467
1713290 466
1713300 465
1713310 463
1713320 462
1713330 462
1713340 461
1713350 460
1713360 459
1713370 458
1713380 457
1713390 456
1713400 455
1713410 454
1713420 454
1713430 453
1713440 453
1713450 452
1713460 452
1713470 451
1713480 451
1713490 450
1713500 449
1713510 449
1713520 448
1713530 447
1713540 448
1713550 450
1713560 452
1713570 454
1713580 454
1713590 454
1713600 453
1713610 453
1713620 452
1713630 450
1713640 448
1713650 446
1713660 445
1713670 443
1713680 441
1713690 440
1713700 438
1713710 437
1713720 436
1713730 435
1713740 434
1713750 433
1713760 433
1713770 432
1713780 431
1713790 431
1713800 431
1713810 430
1713820 430
1713830 429
1713840 429
1713850 429
1713860 428
1713870 428
1713880 427
1713890 426
1713900 425
1713910 424
1713920 422
1713930 420
1713940 418
1713950 416
1713960 414
1713970 413
1713980 411
1713990 410
1714000 408
1714010 406
1714020 404
1714030 403
1714040 402
1714050 401
1714060 401
1714070 400
1714080 399
1714090 397
1714100 395
1714110 394
1714120 393
1714130 392
1714140 392
1714150 392
1714160 392
1714170 391
1714180 391
1714190 391
1714200 390
1714210 389
1714220 389
1714230 390
1714240 391
1714250 392
1714260 392
1714270 392
1714280 392
1714290 392
1714300 392
1714310 392
1714320 392
1714330 392
1714340 392
1714350 392
1714360 392
1714370 392
1714380 392
1714390 392
1714400 392
1714410 392
1714420 392
1714430 392
1714440 393
1714450 395
1714460 397
1714470 401
1714480 404
1714490 407
1714500 410
1714510 414
1714520 418
1714530 421
1714540 425
1714550 429
1714560 433
1714570 436
1714580 440
1714590 444
1714600 449
1714610 453
1714620 458
1714630 464
1714640 470
1714650 477
1714660 481
1714670 484
1714680 485
1714690 486
1714700 487
1714710 488
1714720 489
1714730 489
1714740 490
1714750 490
1714760 491
1714770 491
1714780 491
1714790 491
1714800 492
1714810 492
1714820 492
1714830 493
1714840 493
1714850 494
1714860 494
1714870 495
1714880 496
1714890 496
1714900 496
1714910 496
1714920 496
1714930 496
1714940 497
1714950 497
1714960 497
1714970 498
1714980 498
1714990 499
1715000 499
1715010 500
1715020 501
1715030 502
1715040 503
1715050 504
1715060 505
1715070 506
1715080 507
1715090 508
1715100 509
1715110 510
1715120 511
1715130 512
1715140 513
1715150 514
1715160 515
1715170 517
1715180 518
1715190 519
1715200 521
1715210 522
1715220 523
1715230 524
1715240 526
1715250 527
1715260 528
1715270 528
1715280 529
1715290 529
1715300 530
1715310 530
1715320 531
1715330 531
1715340 531
1715350 532
1715360 532
1715370 533
1715380 533
1715390 534
1715400 534
1715410 535
1715420 536
1715430 537
1715440 538
1715450 539
1715460 540
1715470 541
1715480 542
1715490 543
1715500 543
1715510 544
1715520 546
1715530 547
1715540 548
1715550 550
1715560 551
1715570 553
1715580 554
1715590 555
1715600 556
1715610 558
1715620 559
1715630 561
1715640 562
1715650 564
1715660 566
1715670 568
1715680 569
1715690 570
1715700 572
1715710 573
1715720 574
1715730 575
1715740 576
1715750 577
1715760 578
1715770 579
1715780 581
1715790 582
1715800 583
1715810 584
1715820 584
1715830 585
1715840 585
1715850 586
1715860 586
1715870 586
1715880 587
1715890 588
1715900 588
1715910 589
1715920 591
1715930 593
1715940 595
1715950 597
1715960 597
1715970 597
1715980 597
1715990 597
1716000 597
1716010 597
1716020 599
1716030 599
1716040 599
1716050 599
1716060 599
1716070 599
1716080 599
1716090 599
1716100 599
1716110 598
1716120 598
1716130 597
1716140 597
1716150 595
1716160 594
1716170 594
1716180 595
1716190 596
1716200 597
1716210 598
1716220 599
1716230 600
1716240 600
1716250 601
1716260 602
1716270 603
1716280 604
1716290 605
1716300 606
1716310 607
1716320 608
1716330 610
1716340 611
1716350 611
1716360 612
1716370 613
1716380 614
1716390 614
1716400 615
1716410 616
1716420 617
1716430 617
1716440 618
1716450 618
1716460 619
1716470 619
1716480 619
1716490 620
1716500 620
1716510 620
1716520 621
1716530 622
1716540 622
1716550 622
1716560 621
1716570 621
1716580 621
1716590 621
1716600 621
1716610 620
1716620 620
1716630 618
1716640 616
1716650 615
1716660 614
1716670 613
1716680 611
1716690 610
1716700 610
1716710 609
1716720 607
1716730 604
1716740 601
1716750 599
1716760 598
1716770 596
1716780 594
1716790 592
1716800 590
1716810 589
1716820 588
1716830 587
1716840 587
1716850 586
1716860 585
1716870 583
1716880 582
1716890 580
1716900 579
1716910 577
1716920 575
1716930 573
1716940 570
1716950 567
1716960 563
1716970 559
1716980 555
1716990 550
1717000 545
1717010 541
1717020 537
1717030 533
1717040 528
1717050 524
1717060 520
1717070 517
1717080 513
1717090 509
1717100 506
1717110 503
1717120 500
1717130 497
1717140 494
1717150 492
1717160 489
1717170 486
1717180 484
1717190 481
1717200 479
1717210 477
1717220 475
1717230 474
1717240 473
1717250 472
1717260 470
1717270 469
1717280 469
1717290 469
1717300 471
1717310 472
1717320 473
1717330 474
1717340 476
1717350 477
1717360 479
1717370 480
1717380 482
1717390 485
1717400 487
1717410 490
1717420 492
1717430 495
1717440 496
1717450 498
1717460 499
1717470 500
1717480 501
1717490 503
1717500 504
1717510 506
1717520 509
1717530 512
1717540 516
1717550 520
1717560 524
1717570 527
1717580 530
1717590 532
1717600 532
1717610 532
1717620 532
1717630 532
1717640 531
1717650 530
1717660 529
1717670 528
1717680 526
1717690 524
1717700 522
1717710 519
1717720 517
1717730 514
1717740 511
1717750 509
1717760 506
1717770 504
1717780 502
1717790 500
1717800 498
1717810 497
1717820 495
1717830 494
1717840 493
1717850 492
1717860 490
1717870 489
1717880 488
1717890 486
1717900 484
1717910 483
1717920 481
1717930 480
1717940 479
1717950 477
1717960 476
1717970 475
1717980 474
1717990 472
1718000 471
1718010 470
1718020 468
1718030 467
1718040 466
1718050 464
1718060 463
1718070 462
1718080 460
1718090 459
1718100 457
1718110 455
1718120 453
1718130 450
1718140 448
1718150 445
1718160 443
1718170 440
1718180 438
1718190 436
1718200 436
1718210 438
1718220 440
1718230 441
1718240 442
1718250 442
1718260 443
1718270 443
1718280 443
1718290 443
1718300 443
1718310 443
1718320 443
1718330 444
1718340 444
1718350 445
1718360 446
1718370 446
1718380 447
1718390 448
1718400 449
1718410 449
1718420 450
1718430 451
1718440 452
1718450 452
1718460 453
1718470 453
1718480 453
1718490 453
1718500 452
1718510 452
1718520 451
1718530 450
1718540 449
1718550 448
1718560 447
1718570 445
1718580 443
1718590 441
1718600 439
1718610 437
1718620 434
1718630 432
1718640 429
1718650 427
1718660 424
1718670 422
1718680 419
1718690 416
1718700 413
1718710 409
1718720 407
1718730 404
1718740 402
1718750 401
1718760 399
1718770 398
1718780 397
1718790 396
1718800 395
1718810 394
1718820 394
1718830 393
1718840 393
1718850 393
1718860 393
1718870 393
1718880 393
1718890 393
1718900 393
1718910 393
1718920 393
1718930 393
1718940 393
1718950 393
1718960 393
1718970 393
1718980 393
1718990 393
1719000 393
1719010 393
1719020 392
1719030 392
1719040 391
1719050 391
1719060 391
1719070 391
1719080 391
1719090 392
1719100 392
1719110 394
1719120 398
1719130 402
1719140 406
1719150 409
1719160 411
1719170 414
1719180 416
1719190 418
1719200 420
1719210 423
1719220 425
1719230 427
1719240 429
1719250 431
1719260 433
1719270 436
1719280 438
1719290 441
1719300 444
1719310 447
1719320 450
1719330 452
1719340 455
1719350 458
1719360 461
1719370 464
1719380 466
1719390 469
1719400 472
1719410 474
1719420 477
1719430 480
1719440 482
1719450 485
1719460 488
1719470 491
1719480 494
1719490 497
1719500 500
1719510 503
1719520 505
1719530 508
1719540 510
1719550 511
1719560 513
1719570 514
1719580 515
1719590 515
1719600 515
1719610 515
1719620 514
1719630 515
1719640 516
1719650 519
1719660 523
1719670 527
1719680 531
1719690 536
1719700 539
1719710 543
1719720 546
1719730 549
1719740 552
1719750 553
1719760 554
1719770 555
1719780 556
1719790 557
1719800 558
1719810 559
1719820 561
1719830 562
1719840 566
1719850 569
1719860 572
1719870 573
1719880 575
1719890 576
1719900 577
1719910 579
1719920 580
1719930 582
1719940 584
1719950 586
1719960 587
1719970 588
1719980 589
1719990 589
