1700000 612
1700010 615
1700020 617
1700030 618
1700040 620
1700050 621
1700060 623
1700070 625
1700080 627
1700090 628
1700100 630
1700110 630
1700120 631
1700130 632
1700140 633
1700150 633
1700160 633
1700170 633
1700180 633
1700190 633
1700200 634
1700210 635
1700220 636
1700230 636
1700240 636
1700250 636
1700260 635
1700270 635
1700280 634
1700290 633
1700300 632
1700310 631
1700320 632
1700330 632
1700340 633
1700350 635
1700360 635
1700370 635
1700380 635
1700390 635
1700400 635
1700410 636
1700420 637
1700430 639
1700440 640
1700450 640
1700460 641
1700470 642
1700480 644
1700490 645
1700500 646
1700510 647
1700520 649
1700530 650
1700540 650
1700550 650
1700560 649
1700570 648
1700580 649
1700590 654
1700600 657
1700610 659
1700620 658
1700630 657
1700640 656
1700650 655
1700660 654
1700670 653
1700680 652
1700690 651
1700700 651
1700710 650
1700720 649
1700730 648
1700740 647
1700750 646
1700760 645
1700770 644
1700780 642
1700790 641
1700800 639
1700810 638
1700820 637
1700830 637
1700840 639
1700850 642
1700860 645
1700870 649
1700880 653
1700890 656
1700900 659
1700910 663
1700920 665
1700930 666
1700940 667
1700950 667
1700960 667
1700970 667
1700980 666
1700990 665
1701000 663
1701010 660
1701020 658
1701030 656
1701040 655
1701050 654
1701060 652
1701070 650
1701080 647
1701090 643
1701100 639
1701110 636
1701120 634
1701130 633
1701140 633
1701150 634
1701160 635
1701170 635
1701180 635
1701190 635
1701200 635
1701210 634
1701220 633
1701230 631
1701240 631
1701250 632
1701260 633
1701270 634
1701280 635
1701290 637
1701300 638
1701310 640
1701320 641
1701330 643
1701340 643
1701350 645
1701360 646
1701370 647
1701380 647
1701390 647
1701400 647
1701410 649
1701420 651
1701430 652
1701440 653
1701450 654
1701460 655
1701470 656
1701480 656
1701490 657
1701500 657
1701510 658
1701520 658
1701530 659
1701540 659
1701550 659
1701560 659
1701570 659
1701580 660
1701590 660
1701600 660
1701610 659
1701620 660
1701630 660
1701640 660
1701650 661
1701660 662
1701670 664
1701680 667
1701690 670
1701700 673
1701710 677
1701720 680
1701730 683
1701740 685
1701750 687
1701760 689
1701770 691
1701780 692
1701790 693
1701800 695
1701810 696
1701820 698
1701830 700
1701840 701
1701850 702
1701860 703
1701870 705
1701880 707
1701890 709
1701900 710
1701910 712
1701920 714
1701930 715
1701940 717
1701950 717
1701960 717
1701970 716
1701980 716
1701990 715
1702000 715
1702010 714
1702020 713
1702030 713
1702040 712
1702050 711
1702060 710
1702070 710
1702080 709
1702090 707
1702100 706
1702110 704
1702120 702
1702130 700
1702140 697
1702150 695
1702160 693
1702170 692
1702180 690
1702190 688
1702200 686
1702210 684
1702220 682
1702230 680
1702240 677
1702250 674
1702260 672
1702270 670
1702280 667
1702290 666
1702300 664
1702310 662
1702320 660
1702330 658
1702340 657
1702350 655
1702360 653
1702370 651
1702380 649
1702390 647
1702400 644
1702410 642
1702420 640
1702430 637
1702440 634
1702450 630
1702460 626
1702470 622
1702480 620
1702490 620
1702500 620
1702510 620
1702520 619
1702530 616
1702540 613
1702550 609
1702560 606
1702570 603
1702580 600
1702590 597
1702600 594
1702610 591
1702620 588
1702630 584
1702640 580
1702650 577
1702660 575
1702670 574
1702680 572
1702690 571
1702700 569
1702710 567
1702720 565
1702730 563
1702740 561
1702750 561
1702760 561
1702770 560
1702780 559
1702790 558
1702800 557
1702810 556
1702820 556
1702830 555
1702840 554
1702850 553
1702860 551
1702870 549
1702880 548
1702890 547
1702900 546
1702910 545
1702920 544
1702930 543
1702940 542
1702950 540
1702960 539
1702970 538
1702980 536
1702990 535
1703000 534
1703010 534
1703020 534
1703030 534
1703040 534
1703050 534
1703060 534
1703070 534
1703080 533
1703090 533
1703100 533
1703110 535
1703120 537
1703130 538
1703140 539
1703150 540
1703160 542
1703170 543
1703180 543
1703190 541
1703200 539
1703210 537
1703220 536
1703230 535
1703240 534
1703250 534
1703260 534
1703270 533
1703280 533
1703290 532
1703300 532
1703310 532
1703320 532
1703330 532
1703340 532
1703350 532
1703360 532
1703370 532
1703380 532
1703390 533
1703400 533
1703410 534
1703420 535
1703430 535
1703440 535
1703450 534
1703460 533
1703470 532
1703480 531
1703490 531
1703500 531
1703510 531
1703520 530
1703530 530
1703540 530
1703550 530
1703560 530
1703570 530
1703580 531
1703590 532
1703600 533
1703610 534
1703620 535
1703630 536
1703640 537
1703650 538
1703660 540
1703670 541
1703680 541
1703690 541
1703700 541
1703710 541
1703720 543
1703730 544
1703740 546
1703750 547
1703760 548
1703770 549
1703780 549
1703790 550
1703800 550
1703810 551
1703820 552
1703830 553
1703840 554
1703850 555
1703860 554
1703870 553
1703880 552
1703890 551
1703900 550
1703910 550
1703920 551
1703930 552
1703940 554
1703950 555
1703960 557
1703970 558
1703980 560
1703990 562
1704000 564
1704010 564
1704020 566
1704030 567
1704040 568
1704050 570
1704060 571
1704070 572
1704080 573
1704090 574
1704100 574
1704110 575
1704120 575
1704130 575
1704140 575
1704150 575
1704160 575
1704170 576
1704180 576
1704190 576
1704200 577
1704210 578
1704220 579
1704230 579
1704240 579
1704250 578
1704260 578
1704270 579
1704280 579
1704290 579
1704300 579
1704310 579
1704320 580
1704330 581
1704340 582
1704350 583
1704360 583
1704370 584
1704380 586
1704390 587
1704400 589
1704410 591
1704420 593
1704430 596
1704440 599
1704450 602
1704460 606
1704470 607
1704480 608
1704490 609
1704500 610
1704510 611
1704520 611
1704530 611
1704540 611
1704550 611
1704560 612
1704570 612
1704580 613
1704590 613
1704600 613
1704610 613
1704620 613
1704630 613
1704640 614
1704650 614
1704660 614
1704670 614
1704680 614
1704690 614
1704700 615
1704710 614
1704720 613
1704730 612
1704740 610
1704750 609
1704760 607
1704770 605
1704780 602
1704790 600
1704800 598
1704810 597
1704820 596
1704830 597
1704840 597
1704850 598
1704860 599
1704870 600
1704880 602
1704890 603
1704900 604
1704910 605
1704920 607
1704930 608
1704940 608
1704950 609
1704960 609
1704970 609
1704980 609
1704990 609
1705000 609
1705010 609
1705020 609
1705030 609
1705040 609
1705050 609
1705060 609
1705070 609
1705080 609
1705090 608
1705100 608
1705110 608
1705120 609
1705130 609
1705140 610
1705150 610
1705160 611
1705170 611
1705180 610
1705190 610
1705200 609
1705210 608
1705220 607
1705230 605
1705240 602
1705250 600
1705260 597
1705270 595
1705280 592
1705290 589
1705300 585
1705310 582
1705320 581
1705330 580
1705340 580
1705350 579
1705360 579
1705370 580
1705380 583
1705390 587
1705400 591
1705410 595
1705420 599
1705430 603
1705440 605
1705450 608
1705460 611
1705470 614
1705480 617
1705490 620
1705500 623
1705510 626
1705520 629
1705530 632
1705540 634
1705550 637
1705560 639
1705570 640
1705580 642
1705590 643
1705600 645
1705610 646
1705620 648
1705630 650
1705640 651
1705650 652
1705660 652
1705670 652
1705680 651
1705690 651
1705700 650
1705710 648
1705720 646
1705730 643
1705740 643
1705750 642
1705760 643
1705770 643
1705780 643
1705790 643
1705800 643
1705810 643
1705820 643
1705830 642
1705840 642
1705850 641
1705860 640
1705870 640
1705880 639
1705890 639
1705900 640
1705910 640
1705920 641
1705930 641
1705940 642
1705950 642
1705960 642
1705970 643
1705980 645
1705990 648
1706000 650
1706010 653
1706020 657
1706030 660
1706040 663
1706050 666
1706060 668
1706070 671
1706080 673
1706090 676
1706100 678
1706110 681
1706120 684
1706130 687
1706140 690
1706150 693
1706160 696
1706170 699
1706180 702
1706190 704
1706200 707
1706210 709
1706220 712
1706230 713
1706240 713
1706250 712
1706260 711
1706270 709
1706280 708
1706290 707
1706300 706
1706310 705
1706320 704
1706330 702
1706340 699
1706350 696
1706360 693
1706370 690
1706380 688
1706390 685
1706400 682
1706410 679
1706420 676
1706430 673
1706440 671
1706450 668
1706460 665
1706470 662
1706480 659
1706490 656
1706500 653
1706510 651
1706520 651
1706530 653
1706540 655
1706550 657
1706560 660
1706570 662
1706580 665
1706590 667
1706600 670
1706610 673
1706620 676
1706630 680
1706640 684
1706650 687
1706660 690
1706670 693
1706680 696
1706690 699
1706700 702
1706710 705
1706720 708
1706730 712
1706740 714
1706750 717
1706760 719
1706770 722
1706780 724
1706790 725
1706800 727
1706810 728
1706820 729
1706830 730
1706840 731
1706850 732
1706860 733
1706870 734
1706880 734
1706890 734
1706900 734
1706910 734
1706920 734
1706930 734
1706940 734
1706950 734
1706960 734
1706970 733
1706980 732
1706990 732
1707000 731
1707010 730
1707020 730
1707030 729
1707040 728
1707050 728
1707060 728
1707070 728
1707080 728
1707090 728
1707100 728
1707110 728
1707120 729
1707130 729
1707140 730
1707150 731
1707160 732
1707170 733
1707180 734
1707190 735
1707200 736
1707210 737
1707220 738
1707230 739
1707240 740
1707250 740
1707260 740
1707270 740
1707280 740
1707290 740
1707300 739
1707310 739
1707320 738
1707330 737
1707340 736
1707350 735
1707360 734
1707370 734
1707380 732
1707390 731
1707400 730
1707410 728
1707420 727
1707430 725
1707440 723
1707450 722
1707460 720
1707470 718
1707480 716
1707490 714
1707500 713
1707510 711
1707520 709
1707530 708
1707540 706
1707550 705
1707560 704
1707570 703
1707580 703
1707590 702
1707600 701
1707610 700
1707620 699
1707630 699
1707640 698
1707650 697
1707660 697
1707670 696
1707680 696
1707690 696
1707700 696
1707710 694
1707720 693
1707730 692
1707740 691
1707750 691
1707760 690
1707770 690
1707780 690
1707790 689
1707800 688
1707810 687
1707820 687
1707830 686
1707840 686
1707850 685
1707860 686
1707870 686
1707880 686
1707890 686
1707900 686
1707910 685
1707920 686
1707930 686
1707940 686
1707950 686
1707960 687
1707970 689
1707980 690
1707990 691
1708000 692
1708010 692
1708020 691
1708030 690
1708040 689
1708050 688
1708060 687
1708070 685
1708080 683
1708090 681
1708100 679
1708110 677
1708120 676
1708130 675
1708140 675
1708150 675
1708160 677
1708170 679
1708180 682
1708190 683
1708200 685
1708210 687
1708220 689
1708230 691
1708240 692
1708250 694
1708260 696
1708270 698
1708280 700
1708290 702
1708300 704
1708310 705
1708320 708
1708330 710
1708340 713
1708350 716
1708360 718
1708370 721
1708380 724
1708390 727
1708400 731
1708410 735
1708420 738
1708430 742
1708440 747
1708450 751
1708460 755
1708470 760
1708480 764
1708490 768
1708500 772
1708510 775
1708520 779
1708530 783
1708540 787
1708550 791
1708560 795
1708570 798
1708580 800
1708590 801
1708600 803
1708610 806
1708620 809
1708630 813
1708640 816
1708650 819
1708660 821
1708670 824
1708680 827
1708690 830
1708700 834
1708710 837
1708720 839
1708730 839
1708740 839
1708750 838
1708760 836
1708770 834
1708780 833
1708790 831
1708800 829
1708810 827
1708820 825
1708830 824
1708840 822
1708850 821
1708860 819
1708870 818
1708880 818
1708890 817
1708900 817
1708910 816
1708920 816
1708930 815
1708940 814
1708950 812
1708960 811
1708970 809
1708980 808
1708990 807
1709000 805
1709010 804
1709020 803
1709030 803
1709040 802
1709050 802
1709060 802
1709070 802
1709080 802
1709090 802
1709100 802
1709110 801
1709120 801
1709130 801
1709140 801
1709150 800
1709160 800
1709170 800
1709180 799
1709190 799
1709200 799
1709210 799
1709220 800
1709230 800
1709240 801
1709250 801
1709260 802
1709270 803
1709280 805
1709290 807
1709300 808
1709310 810
1709320 812
1709330 814
1709340 816
1709350 817
1709360 819
1709370 820
1709380 821
1709390 822
1709400 823
1709410 823
1709420 823
1709430 822
1709440 822
1709450 821
1709460 819
1709470 818
1709480 816
1709490 815
1709500 814
1709510 812
1709520 811
1709530 810
1709540 808
1709550 807
1709560 806
1709570 804
1709580 803
1709590 802
1709600 801
1709610 800
1709620 798
1709630 796
1709640 794
1709650 792
1709660 790
1709670 789
1709680 786
1709690 784
1709700 782
1709710 780
1709720 778
1709730 776
1709740 774
1709750 772
1709760 771
1709770 769
1709780 767
1709790 766
1709800 764
1709810 762
1709820 760
1709830 758
1709840 755
1709850 753
1709860 751
1709870 748
1709880 746
1709890 743
1709900 741
1709910 739
1709920 736
1709930 734
1709940 731
1709950 728
1709960 726
1709970 723
1709980 720
1709990 717
1710000 714
1710010 710
1710020 707
1710030 704
1710040 700
1710050 695
1710060 691
1710070 687
1710080 684
1710090 681
1710100 677
1710110 674
1710120 672
1710130 669
1710140 667
1710150 664
1710160 662
1710170 660
1710180 657
1710190 655
1710200 653
1710210 650
1710220 648
1710230 646
1710240 644
1710250 642
1710260 640
1710270 638
1710280 636
1710290 633
1710300 631
1710310 629
1710320 626
1710330 624
1710340 622
1710350 620
1710360 618
1710370 616
1710380 614
1710390 613
1710400 611
1710410 610
1710420 608
1710430 607
1710440 606
1710450 605
1710460 604
1710470 603
1710480 602
1710490 601
1710500 601
1710510 600
1710520 600
1710530 600
1710540 600
1710550 600
1710560 601
1710570 601
1710580 601
1710590 601
1710600 601
1710610 601
1710620 601
1710630 601
1710640 600
1710650 599
1710660 598
1710670 597
1710680 596
1710690 595
1710700 594
1710710 593
1710720 592
1710730 591
1710740 590
1710750 588
1710760 586
1710770 584
1710780 583
1710790 583
1710800 583
1710810 584
1710820 585
1710830 586
1710840 587
1710850 588
1710860 589
1710870 590
1710880 591
1710890 593
1710900 594
1710910 595
1710920 595
1710930 596
1710940 597
1710950 598
1710960 598
1710970 599
1710980 599
1710990 599
1711000 599
1711010 598
1711020 598
1711030 597
1711040 597
1711050 596
1711060 595
1711070 594
1711080 593
1711090 592
1711100 590
1711110 589
1711120 587
1711130 585
1711140 583
1711150 581
1711160 579
1711170 577
1711180 575
1711190 573
1711200 571
1711210 569
1711220 567
1711230 566
1711240 564
1711250 562
1711260 560
1711270 558
1711280 556
1711290 554
1711300 551
1711310 548
1711320 546
1711330 544
1711340 543
1711350 543
1711360 543
1711370 545
1711380 546
1711390 548
1711400 550
1711410 552
1711420 554
1711430 556
1711440 557
1711450 559
1711460 561
1711470 562
1711480 564
1711490 565
1711500 565
1711510 565
1711520 564
1711530 563
1711540 562
1711550 561
1711560 559
1711570 557
1711580 555
1711590 554
1711600 552
1711610 549
1711620 547
1711630 545
1711640 542
1711650 540
1711660 538
1711670 535
1711680 533
1711690 531
1711700 529
1711710 526
1711720 524
1711730 521
1711740 517
1711750 513
1711760 510
1711770 507
1711780 505
1711790 504
1711800 506
1711810 509
1711820 513
1711830 516
1711840 518
1711850 519
1711860 519
1711870 519
1711880 518
1711890 517
1711900 516
1711910 515
1711920 514
1711930 512
1711940 511
1711950 510
1711960 508
1711970 507
1711980 505
1711990 504
1712000 503
1712010 502
1712020 501
1712030 500
1712040 500
1712050 499
1712060 498
1712070 497
1712080 496
1712090 495
1712100 494
1712110 493
1712120 492
1712130 490
1712140 489
1712150 488
1712160 486
1712170 485
1712180 483
1712190 481
1712200 480
1712210 479
1712220 478
1712230 477
1712240 476
1712250 475
1712260 474
1712270 473
1712280 472
1712290 471
1712300 469
1712310 467
1712320 465
1712330 463
1712340 460
1712350 458
1712360 455
1712370 453
1712380 451
1712390 450
1712400 448
1712410 446
1712420 445
1712430 444
1712440 444
1712450 443
1712460 442
1712470 442
1712480 441
1712490 441
1712500 441
1712510 441
1712520 442
1712530 443
1712540 443
1712550 444
1712560 444
1712570 444
1712580 444
1712590 444
1712600 444
1712610 444
1712620 444
1712630 444
1712640 445
1712650 445
1712660 445
1712670 446
1712680 447
1712690 446
1712700 446
1712710 447
1712720 447
1712730 447
1712740 447
1712750 448
1712760 448
1712770 448
1712780 448
1712790 449
1712800 449
1712810 449
1712820 449
1712830 449
1712840 449
1712850 449
1712860 449
1712870 448
1712880 448
1712890 448
1712900 448
1712910 447
1712920 447
1712930 446
1712940 445
1712950 445
1712960 445
1712970 444
1712980 444
1712990 443
1713000 443
1713010 443
1713020 443
1713030 442
1713040 441
1713050 441
1713060 440
1713070 440
1713080 439
1713090 439
1713100 438
1713110 437
1713120 436
1713130 436
1713140 435
1713150 434
1713160 433
1713170 432
1713180 431
1713190 430
1713200 429
1713210 428
1713220 427
1713230 426
1713240 425
1713250 424
1713260 423
1713270 422
1713280 420
1713290 419
1713300 418
1713310 417
1713320 415
1713330 413
1713340 410
1713350 408
1713360 407
1713370 406
1713380 405
1713390 405
1713400 405
1713410 405
1713420 404
1713430 403
1713440 403
1713450 402
1713460 402
1713470 402
1713480 402
1713490 402
1713500 402
1713510 402
1713520 402
1713530 402
1713540 402
1713550 402
1713560 402
1713570 402
1713580 403
1713590 403
1713600 404
1713610 404
1713620 405
1713630 406
1713640 407
1713650 408
1713660 409
1713670 410
1713680 410
1713690 411
1713700 411
1713710 411
1713720 412
1713730 412
1713740 412
1713750 413
1713760 413
1713770 414
1713780 414
1713790 415
1713800 415
1713810 416
1713820 415
1713830 415
1713840 416
1713850 416
1713860 416
1713870 416
1713880 416
1713890 417
1713900 417
1713910 417
1713920 418
1713930 418
1713940 418
1713950 418
1713960 418
1713970 418
1713980 418
1713990 418
1714000 418
1714010 418
1714020 418
1714030 418
1714040 417
1714050 415
1714060 415
1714070 414
1714080 414
1714090 413
1714100 411
1714110 410
1714120 408
1714130 405
1714140 403
1714150 400
1714160 398
1714170 397
1714180 395
1714190 393
1714200 391
1714210 389
1714220 389
1714230 388
1714240 388
1714250 387
1714260 387
1714270 387
1714280 387
1714290 387
1714300 387
1714310 387
1714320 387
1714330 387
1714340 387
1714350 387
1714360 387
1714370 387
1714380 387
1714390 387
1714400 387
1714410 387
1714420 387
1714430 386
1714440 386
1714450 385
1714460 385
1714470 385
1714480 385
1714490 385
1714500 385
1714510 384
1714520 384
1714530 384
1714540 384
1714550 384
1714560 384
1714570 384
1714580 384
1714590 384
1714600 384
1714610 384
1714620 384
1714630 384
1714640 384
1714650 384
1714660 384
1714670 384
1714680 384
1714690 384
1714700 383
1714710 383
1714720 383
1714730 383
1714740 383
1714750 383
1714760 383
1714770 383
1714780 383
1714790 383
1714800 383
1714810 382
1714820 382
1714830 381
1714840 381
1714850 380
1714860 380
1714870 380
1714880 381
1714890 381
1714900 381
1714910 382
1714920 384
1714930 385
1714940 386
1714950 387
1714960 388
1714970 390
1714980 390
1714990 391
1715000 391
1715010 391
1715020 393
1715030 396
1715040 398
1715050 399
1715060 401
1715070 402
1715080 403
1715090 403
1715100 403
1715110 403
1715120 403
1715130 403
1715140 404
1715150 404
1715160 404
1715170 405
1715180 405
1715190 406
1715200 407
1715210 407
1715220 407
1715230 408
1715240 408
1715250 409
1715260 409
1715270 410
1715280 410
1715290 411
1715300 411
1715310 411
1715320 411
1715330 411
1715340 411
1715350 411
1715360 412
1715370 412
1715380 412
1715390 412
1715400 412
1715410 411
1715420 411
1715430 411
1715440 411
1715450 410
1715460 410
1715470 409
1715480 408
1715490 408
1715500 407
1715510 406
1715520 406
1715530 405
1715540 404
1715550 403
1715560 402
1715570 400
1715580 399
1715590 399
1715600 399
1715610 398
1715620 398
1715630 398
1715640 397
1715650 397
1715660 397
1715670 397
1715680 397
1715690 399
1715700 401
1715710 403
1715720 405
1715730 406
1715740 407
1715750 409
1715760 410
1715770 410
1715780 411
1715790 412
1715800 412
1715810 412
1715820 412
1715830 411
1715840 411
1715850 411
1715860 411
1715870 410
1715880 410
1715890 410
1715900 409
1715910 409
1715920 409
1715930 409
1715940 409
1715950 409
1715960 409
1715970 409
1715980 409
1715990 408
1716000 409
1716010 409
1716020 408
1716030 408
1716040 408
1716050 407
1716060 407
1716070 407
1716080 407
1716090 407
1716100 407
1716110 407
1716120 406
1716130 406
1716140 405
1716150 405
1716160 405
1716170 405
1716180 405
1716190 405
1716200 405
1716210 405
1716220 405
1716230 405
1716240 405
1716250 405
1716260 406
1716270 406
1716280 407
1716290 407
1716300 407
1716310 408
1716320 408
1716330 408
1716340 408
1716350 408
1716360 408
1716370 408
1716380 407
1716390 407
1716400 406
1716410 406
1716420 404
1716430 402
1716440 401
1716450 399
1716460 397
1716470 396
1716480 394
1716490 393
1716500 392
1716510 391
1716520 390
1716530 390
1716540 389
1716550 389
1716560 388
1716570 387
1716580 387
1716590 386
1716600 386
1716610 386
1716620 386
1716630 385
1716640 385
1716650 385
1716660 385
1716670 385
1716680 384
1716690 383
1716700 383
1716710 383
1716720 383
1716730 383
1716740 383
1716750 382
1716760 382
1716770 382
1716780 381
1716790 381
1716800 381
1716810 381
1716820 380
1716830 380
1716840 379
1716850 379
1716860 379
1716870 379
1716880 379
1716890 379
1716900 380
1716910 380
1716920 379
1716930 379
1716940 379
1716950 378
1716960 378
1716970 378
1716980 378
1716990 378
1717000 378
1717010 378
1717020 378
1717030 378
1717040 378
1717050 378
1717060 378
1717070 378
1717080 378
1717090 378
1717100 378
1717110 378
1717120 378
1717130 378
1717140 378
1717150 378
1717160 378
1717170 378
1717180 378
1717190 378
1717200 378
1717210 378
1717220 378
1717230 378
1717240 378
1717250 378
1717260 378
1717270 378
1717280 377
1717290 377
1717300 377
1717310 377
1717320 377
1717330 377
1717340 377
1717350 377
1717360 376
1717370 376
1717380 376
1717390 376
1717400 376
1717410 376
1717420 376
1717430 376
1717440 376
1717450 375
1717460 375
1717470 375
1717480 375
1717490 374
1717500 374
1717510 374
1717520 374
1717530 374
1717540 373
1717550 373
1717560 373
1717570 373
1717580 373
1717590 373
1717600 373
1717610 373
1717620 373
1717630 373
1717640 373
1717650 372
1717660 372
1717670 372
1717680 372
1717690 372
1717700 372
1717710 372
1717720 372
1717730 372
1717740 372
1717750 372
1717760 372
1717770 372
1717780 372
1717790 372
1717800 372
1717810 372
1717820 372
1717830 372
1717840 372
1717850 372
1717860 372
1717870 372
1717880 372
1717890 372
1717900 372
1717910 372
1717920 372
1717930 372
1717940 372
1717950 373
1717960 373
1717970 373
1717980 373
1717990 373
1718000 373
1718010 373
1718020 373
1718030 373
1718040 373
1718050 374
1718060 374
1718070 374
1718080 374
1718090 373
1718100 373
1718110 372
1718120 372
1718130 373
1718140 373
1718150 373
1718160 373
1718170 373
1718180 372
1718190 371
1718200 372
1718210 372
1718220 373
1718230 373
1718240 372
1718250 372
1718260 373
1718270 374
1718280 375
1718290 375
1718300 376
1718310 378
1718320 379
1718330 382
1718340 385
1718350 389
1718360 392
1718370 395
1718380 398
1718390 400
1718400 403
1718410 405
1718420 407
1718430 409
1718440 411
1718450 413
1718460 416
1718470 418
1718480 420
1718490 423
1718500 425
1718510 428
1718520 431
1718530 433
1718540 436
1718550 439
1718560 441
1718570 443
1718580 445
1718590 447
1718600 450
1718610 452
1718620 453
1718630 455
1718640 456
1718650 457
1718660 458
1718670 459
1718680 460
1718690 461
1718700 462
1718710 463
1718720 464
1718730 465
1718740 465
1718750 466
1718760 467
1718770 468
1718780 469
1718790 469
1718800 470
1718810 471
1718820 472
1718830 472
1718840 473
1718850 473
1718860 474
1718870 474
1718880 474
1718890 474
1718900 473
1718910 473
1718920 474
1718930 474
1718940 475
1718950 476
1718960 477
1718970 478
1718980 480
1718990 481
1719000 483
1719010 485
1719020 487
1719030 490
1719040 493
1719050 496
1719060 498
1719070 500
1719080 502
1719090 503
1719100 504
1719110 505
1719120 506
1719130 507
1719140 508
1719150 509
1719160 509
1719170 510
1719180 511
1719190 512
1719200 513
1719210 514
1719220 516
1719230 518
1719240 521
1719250 523
1719260 525
1719270 526
1719280 527
1719290 528
1719300 529
1719310 530
1719320 531
1719330 531
1719340 532
1719350 532
1719360 533
1719370 533
1719380 533
1719390 533
1719400 533
1719410 534
1719420 533
1719430 533
1719440 532
1719450 533
1719460 534
1719470 534
1719480 535
1719490 536
1719500 537
1719510 538
1719520 538
1719530 538
1719540 538
1719550 538
1719560 539
1719570 539
1719580 539
1719590 540
1719600 539
1719610 539
1719620 539
1719630 539
1719640 538
1719650 536
1719660 534
1719670 533
1719680 531
1719690 528
1719700 526
1719710 524
1719720 523
1719730 521
1719740 519
1719750 518
1719760 516
1719770 515
1719780 514
1719790 513
1719800 512
1719810 511
1719820 511
1719830 510
1719840 510
1719850 510
1719860 510
1719870 510
1719880 510
1719890 510
1719900 510
1719910 511
1719920 511
1719930 512
1719940 512
1719950 513
1719960 512
1719970 512
1719980 511
1719990 511
