1700000 507
1700010 508
1700020 509
1700030 510
1700040 510
1700050 511
1700060 512
1700070 513
1700080 514
1700090 515
1700100 515
1700110 516
1700120 516
1700130 517
1700140 518
1700150 519
1700160 519
1700170 520
1700180 520
1700190 521
1700200 521
1700210 521
1700220 521
1700230 522
1700240 522
1700250 522
1700260 523
1700270 524
1700280 525
1700290 525
1700300 525
1700310 525
1700320 525
1700330 526
1700340 527
1700350 527
1700360 527
1700370 527
1700380 527
1700390 527
1700400 528
1700410 528
1700420 528
1700430 528
1700440 529
1700450 530
1700460 531
1700470 532
1700480 533
1700490 534
1700500 535
1700510 536
1700520 537
1700530 538
1700540 539
1700550 542
1700560 543
1700570 545
1700580 546
1700590 547
1700600 548
1700610 549
1700620 551
1700630 553
1700640 555
1700650 556
1700660 556
1700670 556
1700680 557
1700690 557
1700700 558
1700710 558
1700720 559
1700730 560
1700740 562
1700750 563
1700760 565
1700770 566
1700780 568
1700790 569
1700800 570
1700810 571
1700820 573
1700830 574
1700840 576
1700850 578
1700860 578
1700870 579
1700880 579
1700890 578
1700900 577
1700910 575
1700920 573
1700930 572
1700940 570
1700950 569
1700960 567
1700970 564
1700980 562
1700990 559
1701000 556
1701010 554
1701020 552
1701030 550
1701040 548
1701050 546
1701060 545
1701070 544
1701080 543
1701090 543
1701100 542
1701110 541
1701120 539
1701130 538
1701140 537
1701150 537
1701160 536
1701170 535
1701180 534
1701190 533
1701200 533
1701210 532
1701220 531
1701230 530
1701240 529
1701250 529
1701260 529
1701270 528
1701280 526
1701290 525
1701300 525
1701310 525
1701320 524
1701330 523
1701340 522
1701350 522
1701360 523
1701370 523
1701380 522
1701390 521
1701400 521
1701410 521
1701420 521
1701430 521
1701440 521
1701450 520
1701460 519
1701470 519
1701480 520
1701490 520
1701500 520
1701510 520
1701520 520
1701530 520
1701540 521
1701550 521
1701560 521
1701570 521
1701580 520
1701590 520
1701600 519
1701610 519
1701620 519
1701630 518
1701640 518
1701650 518
1701660 518
1701670 518
1701680 519
1701690 519
1701700 519
1701710 519
1701720 519
1701730 519
1701740 519
1701750 518
1701760 517
1701770 516
1701780 515
1701790 514
1701800 513
1701810 512
1701820 512
1701830 512
1701840 512
1701850 513
1701860 513
1701870 513
1701880 513
1701890 513
1701900 513
1701910 512
1701920 512
1701930 513
1701940 513
1701950 511
1701960 510
1701970 509
1701980 509
1701990 508
1702000 509
1702010 509
1702020 508
1702030 508
1702040 508
1702050 508
1702060 508
1702070 508
1702080 508
1702090 508
1702100 507
1702110 508
1702120 508
1702130 508
1702140 508
1702150 509
1702160 509
1702170 509
1702180 510
1702190 510
1702200 510
1702210 509
1702220 508
1702230 507
1702240 505
1702250 505
1702260 505
1702270 505
1702280 506
1702290 506
1702300 505
1702310 505
1702320 504
1702330 504
1702340 503
1702350 503
1702360 505
1702370 506
1702380 507
1702390 508
1702400 508
1702410 509
1702420 510
1702430 510
1702440 511
1702450 511
1702460 510
1702470 510
1702480 510
1702490 509
1702500 509
1702510 508
1702520 507
1702530 507
1702540 506
1702550 506
1702560 506
1702570 505
1702580 504
1702590 504
1702600 504
1702610 503
1702620 503
1702630 502
1702640 502
1702650 502
1702660 502
1702670 503
1702680 503
1702690 502
1702700 502
1702710 502
1702720 502
1702730 501
1702740 501
1702750 500
1702760 500
1702770 500
1702780 499
1702790 499
1702800 498
1702810 498
1702820 498
1702830 497
1702840 497
1702850 497
1702860 496
1702870 496
1702880 495
1702890 495
1702900 494
1702910 494
1702920 495
1702930 495
1702940 495
1702950 495
1702960 494
1702970 494
1702980 494
1702990 493
1703000 493
1703010 493
1703020 493
1703030 494
1703040 494
1703050 494
1703060 494
1703070 494
1703080 494
1703090 493
1703100 493
1703110 493
1703120 493
1703130 493
1703140 492
1703150 492
1703160 491
1703170 491
1703180 490
1703190 490
1703200 489
1703210 488
1703220 487
1703230 486
1703240 484
1703250 483
1703260 481
1703270 480
1703280 478
1703290 476
1703300 475
1703310 473
1703320 472
1703330 470
1703340 467
1703350 465
1703360 462
1703370 461
1703380 459
1703390 458
1703400 457
1703410 456
1703420 455
1703430 454
1703440 453
1703450 452
1703460 451
1703470 451
1703480 450
1703490 450
1703500 450
1703510 449
1703520 449
1703530 448
1703540 448
1703550 449
1703560 450
1703570 452
1703580 452
1703590 453
1703600 454
1703610 454
1703620 454
1703630 454
1703640 455
1703650 455
1703660 456
1703670 456
1703680 456
1703690 456
1703700 457
1703710 457
1703720 457
1703730 457
1703740 457
1703750 458
1703760 458
1703770 459
1703780 459
1703790 460
1703800 461
1703810 463
1703820 464
1703830 465
1703840 466
1703850 467
1703860 468
1703870 468
1703880 469
1703890 470
1703900 471
1703910 472
1703920 473
1703930 473
1703940 474
1703950 474
1703960 474
1703970 474
1703980 473
1703990 473
1704000 472
1704010 472
1704020 473
1704030 473
1704040 473
1704050 473
1704060 474
1704070 475
1704080 477
1704090 477
1704100 478
1704110 477
1704120 477
1704130 478
1704140 479
1704150 482
1704160 483
1704170 484
1704180 486
1704190 487
1704200 488
1704210 488
1704220 489
1704230 490
1704240 490
1704250 490
1704260 490
1704270 491
1704280 490
1704290 490
1704300 489
1704310 489
1704320 489
1704330 488
1704340 488
1704350 487
1704360 486
1704370 485
1704380 484
1704390 483
1704400 483
1704410 484
1704420 484
1704430 484
1704440 484
1704450 485
1704460 485
1704470 485
1704480 484
1704490 484
1704500 483
1704510 484
1704520 485
1704530 485
1704540 486
1704550 486
1704560 487
1704570 487
1704580 487
1704590 487
1704600 488
1704610 488
1704620 489
1704630 489
1704640 488
1704650 488
1704660 488
1704670 488
1704680 488
1704690 488
1704700 487
1704710 487
1704720 486
1704730 486
1704740 486
1704750 487
1704760 487
1704770 487
1704780 486
1704790 486
1704800 486
1704810 486
1704820 486
1704830 486
1704840 487
1704850 487
1704860 488
1704870 488
1704880 489
1704890 488
1704900 488
1704910 488
1704920 487
1704930 486
1704940 485
1704950 485
1704960 484
1704970 483
1704980 483
1704990 482
1705000 481
1705010 480
1705020 479
1705030 478
1705040 477
1705050 476
1705060 474
1705070 473
1705080 472
1705090 471
1705100 470
1705110 469
1705120 470
1705130 471
1705140 472
1705150 472
1705160 473
1705170 473
1705180 474
1705190 474
1705200 475
1705210 475
1705220 475
1705230 476
1705240 476
1705250 477
1705260 477
1705270 478
1705280 479
1705290 479
1705300 480
1705310 480
1705320 480
1705330 481
1705340 481
1705350 481
1705360 481
1705370 481
1705380 481
1705390 481
1705400 481
1705410 481
1705420 481
1705430 481
1705440 482
1705450 482
1705460 483
1705470 483
1705480 483
1705490 483
1705500 484
1705510 484
1705520 484
1705530 484
1705540 484
1705550 483
1705560 482
1705570 481
1705580 480
1705590 480
1705600 480
1705610 481
1705620 482
1705630 483
1705640 483
1705650 483
1705660 484
1705670 483
1705680 483
1705690 483
1705700 483
1705710 484
1705720 485
1705730 486
1705740 487
1705750 487
1705760 488
1705770 489
1705780 490
1705790 491
1705800 492
1705810 493
1705820 493
1705830 494
1705840 495
1705850 495
1705860 496
1705870 497
1705880 498
1705890 499
1705900 501
1705910 503
1705920 505
1705930 506
1705940 507
1705950 508
1705960 509
1705970 510
1705980 511
1705990 512
1706000 514
1706010 515
1706020 516
1706030 518
1706040 519
1706050 520
1706060 521
1706070 522
1706080 523
1706090 523
1706100 524
1706110 525
1706120 525
1706130 525
1706140 525
1706150 525
1706160 525
1706170 524
1706180 525
1706190 525
1706200 526
1706210 526
1706220 526
1706230 527
1706240 528
1706250 529
1706260 529
1706270 530
1706280 529
1706290 529
1706300 528
1706310 528
1706320 528
1706330 528
1706340 528
1706350 529
1706360 530
1706370 531
1706380 532
1706390 532
1706400 533
1706410 534
1706420 534
1706430 535
1706440 535
1706450 535
1706460 535
1706470 535
1706480 535
1706490 535
1706500 535
1706510 535
1706520 535
1706530 535
1706540 535
1706550 534
1706560 534
1706570 534
1706580 533
1706590 533
1706600 533
1706610 532
1706620 530
1706630 528
1706640 528
1706650 528
1706660 530
1706670 531
1706680 531
1706690 531
1706700 532
1706710 532
1706720 533
1706730 534
1706740 534
1706750 533
1706760 533
1706770 532
1706780 531
1706790 531
1706800 531
1706810 531
1706820 531
1706830 531
1706840 531
1706850 531
1706860 531
1706870 531
1706880 531
1706890 531
1706900 532
1706910 532
1706920 533
1706930 533
1706940 533
1706950 533
1706960 534
1706970 534
1706980 535
1706990 535
1707000 536
1707010 538
1707020 539
1707030 540
1707040 542
1707050 543
1707060 544
1707070 545
1707080 545
1707090 545
1707100 545
1707110 546
1707120 546
1707130 547
1707140 548
1707150 549
1707160 549
1707170 549
1707180 549
1707190 550
1707200 550
1707210 550
1707220 551
1707230 551
1707240 552
1707250 553
1707260 553
1707270 554
1707280 554
1707290 555
1707300 556
1707310 557
1707320 558
1707330 558
1707340 559
1707350 559
1707360 560
1707370 560
1707380 561
1707390 561
1707400 562
1707410 563
1707420 564
1707430 565
1707440 566
1707450 567
1707460 568
1707470 568
1707480 570
1707490 571
1707500 573
1707510 573
1707520 574
1707530 575
1707540 576
1707550 579
1707560 582
1707570 585
1707580 589
1707590 593
1707600 597
1707610 601
1707620 605
1707630 608
1707640 611
1707650 614
1707660 617
1707670 620
1707680 624
1707690 627
1707700 630
1707710 634
1707720 637
1707730 640
1707740 643
1707750 646
1707760 649
1707770 652
1707780 654
1707790 656
1707800 658
1707810 660
1707820 661
1707830 662
1707840 662
1707850 663
1707860 662
1707870 662
1707880 661
1707890 660
1707900 658
1707910 657
1707920 655
1707930 653
1707940 650
1707950 648
1707960 645
1707970 643
1707980 641
1707990 639
1708000 638
1708010 636
1708020 634
1708030 633
1708040 631
1708050 629
1708060 627
1708070 625
1708080 623
1708090 622
1708100 620
1708110 618
1708120 616
1708130 614
1708140 611
1708150 608
1708160 605
1708170 600
1708180 596
1708190 592
1708200 589
1708210 587
1708220 585
1708230 582
1708240 580
1708250 578
1708260 578
1708270 579
1708280 580
1708290 581
1708300 582
1708310 583
1708320 584
1708330 585
1708340 587
1708350 589
1708360 591
1708370 593
1708380 595
1708390 597
1708400 599
1708410 601
1708420 603
1708430 605
1708440 607
1708450 608
1708460 609
1708470 610
1708480 609
1708490 607
1708500 604
1708510 600
1708520 596
1708530 592
1708540 588
1708550 583
1708560 579
1708570 574
1708580 570
1708590 567
1708600 565
1708610 564
1708620 563
1708630 565
1708640 567
1708650 569
1708660 571
1708670 573
1708680 576
1708690 580
1708700 581
1708710 581
1708720 580
1708730 580
1708740 579
1708750 579
1708760 579
1708770 578
1708780 578
1708790 578
1708800 577
1708810 576
1708820 576
1708830 575
1708840 573
1708850 570
1708860 567
1708870 564
1708880 562
1708890 560
1708900 559
1708910 559
1708920 560
1708930 562
1708940 563
1708950 565
1708960 567
1708970 569
1708980 573
1708990 576
1709000 579
1709010 582
1709020 586
1709030 589
1709040 592
1709050 595
1709060 598
1709070 601
1709080 604
1709090 607
1709100 611
1709110 615
1709120 621
1709130 626
1709140 631
1709150 635
1709160 639
1709170 643
1709180 645
1709190 648
1709200 651
1709210 654
1709220 657
1709230 660
1709240 663
1709250 666
1709260 668
1709270 671
1709280 675
1709290 678
1709300 682
1709310 685
1709320 689
1709330 691
1709340 694
1709350 696
1709360 699
1709370 701
1709380 703
1709390 705
1709400 707
1709410 709
1709420 710
1709430 712
1709440 713
1709450 714
1709460 715
1709470 716
1709480 717
1709490 719
1709500 721
1709510 725
1709520 729
1709530 733
1709540 738
1709550 742
1709560 746
1709570 749
1709580 752
1709590 755
1709600 758
1709610 760
1709620 763
1709630 764
1709640 766
1709650 766
1709660 766
1709670 765
1709680 765
1709690 764
1709700 763
1709710 762
1709720 761
1709730 760
1709740 759
1709750 758
1709760 756
1709770 755
1709780 754
1709790 752
1709800 751
1709810 749
1709820 747
1709830 746
1709840 744
1709850 742
1709860 739
1709870 737
1709880 734
1709890 730
1709900 727
1709910 723
1709920 720
1709930 717
1709940 714
1709950 712
1709960 709
1709970 707
1709980 705
1709990 703
1710000 700
1710010 698
1710020 695
1710030 692
1710040 690
1710050 687
1710060 685
1710070 682
1710080 679
1710090 677
1710100 674
1710110 672
1710120 669
1710130 667
1710140 665
1710150 662
1710160 659
1710170 656
1710180 652
1710190 648
1710200 643
1710210 638
1710220 634
1710230 629
1710240 626
1710250 622
1710260 619
1710270 616
1710280 613
1710290 610
1710300 608
1710310 607
1710320 607
1710330 607
1710340 607
1710350 607
1710360 606
1710370 606
1710380 605
1710390 604
1710400 602
1710410 601
1710420 599
1710430 597
1710440 596
1710450 594
1710460 592
1710470 590
1710480 588
1710490 585
1710500 582
1710510 580
1710520 577
1710530 575
1710540 572
1710550 569
1710560 566
1710570 564
1710580 563
1710590 564
1710600 564
1710610 564
1710620 564
1710630 563
1710640 563
1710650 562
1710660 561
1710670 559
1710680 558
1710690 557
1710700 556
1710710 555
1710720 555
1710730 554
1710740 554
1710750 553
1710760 553
1710770 552
1710780 551
1710790 550
1710800 549
1710810 548
1710820 547
1710830 546
1710840 545
1710850 544
1710860 543
1710870 543
1710880 542
1710890 541
1710900 541
1710910 540
1710920 540
1710930 538
1710940 536
1710950 534
1710960 533
1710970 532
1710980 531
1710990 531
1711000 530
1711010 529
1711020 528
1711030 527
1711040 526
1711050 524
1711060 522
1711070 520
1711080 517
1711090 515
1711100 513
1711110 511
1711120 510
1711130 509
1711140 509
1711150 510
1711160 510
1711170 512
1711180 514
1711190 516
1711200 518
1711210 520
1711220 522
1711230 524
1711240 526
1711250 528
1711260 530
1711270 532
1711280 534
1711290 535
1711300 537
1711310 539
1711320 541
1711330 543
1711340 545
1711350 547
1711360 548
1711370 550
1711380 552
1711390 554
1711400 556
1711410 557
1711420 559
1711430 561
1711440 563
1711450 564
1711460 566
1711470 567
1711480 568
1711490 570
1711500 571
1711510 571
1711520 572
1711530 573
1711540 574
1711550 576
1711560 577
1711570 578
1711580 579
1711590 579
1711600 580
1711610 581
1711620 582
1711630 583
1711640 584
1711650 584
1711660 585
1711670 586
1711680 587
1711690 588
1711700 589
1711710 591
1711720 592
1711730 593
1711740 594
1711750 596
1711760 597
1711770 599
1711780 600
1711790 601
1711800 603
1711810 604
1711820 605
1711830 607
1711840 608
1711850 610
1711860 611
1711870 612
1711880 611
1711890 610
1711900 610
1711910 609
1711920 609
1711930 608
1711940 608
1711950 607
1711960 606
1711970 605
1711980 605
1711990 604
1712000 602
1712010 599
1712020 595
1712030 591
1712040 586
1712050 581
1712060 576
1712070 571
1712080 566
1712090 561
1712100 557
1712110 552
1712120 548
1712130 544
1712140 540
1712150 536
1712160 532
1712170 528
1712180 524
1712190 521
1712200 518
1712210 515
1712220 511
1712230 508
1712240 505
1712250 502
1712260 499
1712270 498
1712280 498
1712290 500
1712300 503
1712310 507
1712320 511
1712330 515
1712340 519
1712350 524
1712360 528
1712370 533
1712380 539
1712390 543
1712400 546
1712410 550
1712420 553
1712430 556
1712440 559
1712450 561
1712460 563
1712470 565
1712480 566
1712490 566
1712500 566
1712510 566
1712520 565
1712530 564
1712540 563
1712550 562
1712560 561
1712570 560
1712580 559
1712590 558
1712600 556
1712610 555
1712620 553
1712630 552
1712640 551
1712650 550
1712660 549
1712670 549
1712680 548
1712690 547
1712700 547
1712710 546
1712720 546
1712730 545
1712740 545
1712750 545
1712760 544
1712770 544
1712780 544
1712790 543
1712800 543
1712810 543
1712820 543
1712830 542
1712840 541
1712850 541
1712860 540
1712870 540
1712880 540
1712890 540
1712900 540
1712910 540
1712920 540
1712930 540
1712940 539
1712950 539
1712960 538
1712970 538
1712980 537
1712990 537
1713000 536
1713010 535
1713020 534
1713030 532
1713040 531
1713050 529
1713060 527
1713070 525
1713080 521
1713090 518
1713100 515
1713110 512
1713120 509
1713130 505
1713140 501
1713150 496
1713160 490
1713170 484
1713180 479
1713190 474
1713200 469
1713210 465
1713220 461
1713230 458
1713240 455
1713250 452
1713260 449
1713270 447
1713280 445
1713290 443
1713300 443
1713310 443
1713320 444
1713330 447
1713340 450
1713350 455
1713360 460
1713370 466
1713380 472
1713390 478
1713400 483
1713410 488
1713420 493
1713430 498
1713440 502
1713450 502
1713460 502
1713470 501
1713480 500
1713490 499
1713500 498
1713510 497
1713520 496
1713530 495
1713540 494
1713550 493
1713560 493
1713570 492
1713580 491
1713590 490
1713600 489
1713610 489
1713620 489
1713630 490
1713640 491
1713650 493
1713660 494
1713670 495
1713680 496
1713690 498
1713700 499
1713710 500
1713720 502
1713730 503
1713740 504
1713750 506
1713760 507
1713770 508
1713780 509
1713790 510
1713800 511
1713810 512
1713820 513
1713830 514
1713840 515
1713850 516
1713860 517
1713870 517
1713880 518
1713890 518
1713900 519
1713910 519
1713920 519
1713930 519
1713940 519
1713950 519
1713960 518
1713970 518
1713980 517
1713990 517
1714000 516
1714010 515
1714020 514
1714030 513
1714040 512
1714050 511
1714060 510
1714070 509
1714080 507
1714090 506
1714100 505
1714110 504
1714120 503
1714130 502
1714140 502
1714150 501
1714160 500
1714170 500
1714180 499
1714190 498
1714200 497
1714210 496
1714220 494
1714230 491
1714240 489
1714250 486
1714260 485
1714270 484
1714280 482
1714290 481
1714300 481
1714310 480
1714320 480
1714330 479
1714340 478
1714350 476
1714360 474
1714370 473
1714380 471
1714390 469
1714400 467
1714410 465
1714420 464
1714430 462
1714440 461
1714450 459
1714460 457
1714470 453
1714480 452
1714490 451
1714500 451
1714510 452
1714520 452
1714530 452
1714540 452
1714550 452
1714560 451
1714570 451
1714580 450
1714590 450
1714600 449
1714610 449
1714620 449
1714630 449
1714640 449
1714650 449
1714660 449
1714670 449
1714680 449
1714690 449
1714700 447
1714710 446
1714720 445
1714730 443
1714740 442
1714750 440
1714760 438
1714770 436
1714780 434
1714790 432
1714800 430
1714810 427
1714820 425
1714830 423
1714840 421
1714850 419
1714860 416
1714870 413
1714880 410
1714890 408
1714900 407
1714910 405
1714920 404
1714930 402
1714940 400
1714950 398
1714960 396
1714970 394
1714980 393
1714990 391
1715000 389
1715010 388
1715020 387
1715030 385
1715040 384
1715050 383
1715060 382
1715070 381
1715080 381
1715090 381
1715100 380
1715110 380
1715120 380
1715130 380
1715140 380
1715150 380
1715160 380
1715170 380
1715180 380
1715190 380
1715200 380
1715210 380
1715220 380
1715230 380
1715240 380
1715250 380
1715260 381
1715270 381
1715280 381
1715290 380
1715300 380
1715310 380
1715320 380
1715330 380
1715340 380
1715350 380
1715360 380
1715370 380
1715380 380
1715390 380
1715400 380
1715410 380
1715420 380
1715430 380
1715440 380
1715450 380
1715460 380
1715470 380
1715480 380
1715490 380
1715500 380
1715510 380
1715520 380
1715530 380
1715540 380
1715550 380
1715560 379
1715570 378
1715580 376
1715590 376
1715600 377
1715610 378
1715620 379
1715630 379
1715640 379
1715650 379
1715660 379
1715670 378
1715680 378
1715690 378
1715700 378
1715710 378
1715720 378
1715730 378
1715740 378
1715750 378
1715760 378
1715770 378
1715780 378
1715790 378
1715800 378
1715810 377
1715820 377
1715830 376
1715840 375
1715850 375
1715860 375
1715870 375
1715880 375
1715890 375
1715900 376
1715910 377
1715920 377
1715930 377
1715940 377
1715950 377
1715960 377
1715970 377
1715980 377
1715990 377
1716000 376
1716010 376
1716020 376
1716030 376
1716040 376
1716050 376
1716060 376
1716070 376
1716080 376
1716090 376
1716100 376
1716110 376
1716120 376
1716130 376
1716140 376
1716150 376
1716160 376
1716170 376
1716180 376
1716190 376
1716200 376
1716210 375
1716220 375
1716230 375
1716240 376
1716250 376
1716260 376
1716270 377
1716280 377
1716290 378
1716300 380
1716310 381
1716320 381
1716330 382
1716340 383
1716350 384
1716360 385
1716370 386
1716380 387
1716390 388
1716400 389
1716410 390
1716420 391
1716430 393
1716440 393
1716450 391
1716460 390
1716470 388
1716480 386
1716490 384
1716500 384
1716510 383
1716520 383
1716530 384
1716540 384
1716550 384
1716560 384
1716570 384
1716580 384
1716590 384
1716600 384
1716610 385
1716620 385
1716630 385
1716640 385
1716650 386
1716660 387
1716670 388
1716680 389
1716690 390
1716700 392
1716710 393
1716720 394
1716730 395
1716740 396
1716750 397
1716760 399
1716770 402
1716780 405
1716790 409
1716800 411
1716810 414
1716820 415
1716830 416
1716840 417
1716850 417
1716860 418
1716870 418
1716880 417
1716890 417
1716900 417
1716910 416
1716920 416
1716930 415
1716940 415
1716950 414
1716960 414
1716970 413
1716980 413
1716990 412
1717000 412
1717010 411
1717020 410
1717030 410
1717040 410
1717050 409
1717060 408
1717070 408
1717080 407
1717090 406
1717100 405
1717110 405
1717120 404
1717130 404
1717140 403
1717150 402
1717160 401
1717170 401
1717180 400
1717190 399
1717200 399
1717210 398
1717220 397
1717230 396
1717240 395
1717250 395
1717260 394
1717270 393
1717280 393
1717290 392
1717300 392
1717310 391
1717320 390
1717330 390
1717340 389
1717350 388
1717360 388
1717370 387
1717380 387
1717390 386
1717400 386
1717410 385
1717420 385
1717430 384
1717440 384
1717450 384
1717460 383
1717470 383
1717480 383
1717490 383
1717500 382
1717510 382
1717520 382
1717530 382
1717540 382
1717550 382
1717560 382
1717570 381
1717580 380
1717590 380
1717600 380
1717610 379
1717620 379
1717630 379
1717640 378
1717650 378
1717660 378
1717670 378
1717680 377
1717690 377
1717700 377
1717710 377
1717720 377
1717730 377
1717740 376
1717750 375
1717760 375
1717770 375
1717780 375
1717790 374
1717800 374
1717810 373
1717820 372
1717830 372
1717840 372
1717850 372
1717860 371
1717870 371
1717880 371
1717890 371
1717900 371
1717910 371
1717920 370
1717930 370
1717940 370
1717950 370
1717960 370
1717970 369
1717980 367
1717990 366
1718000 365
1718010 366
1718020 367
1718030 367
1718040 367
1718050 367
1718060 367
1718070 367
1718080 367
1718090 367
1718100 367
1718110 367
1718120 366
1718130 366
1718140 366
1718150 366
1718160 366
1718170 367
1718180 367
1718190 367
1718200 367
1718210 366
1718220 366
1718230 366
1718240 366
1718250 366
1718260 366
1718270 366
1718280 366
1718290 366
1718300 366
1718310 366
1718320 366
1718330 366
1718340 367
1718350 367
1718360 366
1718370 366
1718380 366
1718390 367
1718400 367
1718410 367
1718420 367
1718430 367
1718440 367
1718450 366
1718460 366
1718470 366
1718480 366
1718490 366
1718500 366
1718510 366
1718520 366
1718530 366
1718540 366
1718550 366
1718560 366
1718570 366
1718580 366
1718590 365
1718600 365
1718610 366
1718620 366
1718630 366
1718640 365
1718650 365
1718660 365
1718670 365
1718680 365
1718690 365
1718700 365
1718710 365
1718720 365
1718730 365
1718740 365
1718750 365
1718760 365
1718770 365
1718780 365
1718790 366
1718800 366
1718810 367
1718820 368
1718830 369
1718840 370
1718850 372
1718860 374
1718870 375
1718880 377
1718890 380
1718900 383
1718910 385
1718920 388
1718930 390
1718940 392
1718950 394
1718960 395
1718970 396
1718980 398
1718990 399
1719000 401
1719010 402
1719020 404
1719030 406
1719040 407
1719050 409
1719060 411
1719070 413
1719080 415
1719090 417
1719100 419
1719110 421
1719120 422
1719130 423
1719140 425
1719150 426
1719160 427
1719170 428
1719180 428
1719190 429
1719200 430
1719210 431
1719220 432
1719230 432
1719240 433
1719250 433
1719260 433
1719270 434
1719280 434
1719290 434
1719300 435
1719310 435
1719320 436
1719330 436
1719340 437
1719350 437
1719360 437
1719370 438
1719380 438
1719390 438
1719400 438
1719410 438
1719420 438
1719430 438
1719440 438
1719450 438
1719460 438
1719470 437
1719480 437
1719490 436
1719500 436
1719510 435
1719520 434
1719530 433
1719540 431
1719550 429
1719560 427
1719570 423
1719580 420
1719590 416
1719600 413
1719610 410
1719620 408
1719630 406
1719640 405
1719650 403
1719660 401
1719670 398
1719680 396
1719690 393
1719700 391
1719710 389
1719720 389
1719730 389
1719740 390
1719750 391
1719760 392
1719770 393
1719780 393
1719790 394
1719800 395
1719810 396
1719820 397
1719830 398
1719840 399
1719850 400
1719860 402
1719870 403
1719880 404
1719890 405
1719900 407
1719910 408
1719920 410
1719930 411
1719940 413
1719950 415
1719960 416
1719970 418
1719980 419
1719990 421
