1700000 462
1700010 462
1700020 463
1700030 464
1700040 465
1700050 465
1700060 466
1700070 467
1700080 467
1700090 468
1700100 469
1700110 470
1700120 470
1700130 470
1700140 470
1700150 470
1700160 471
1700170 471
1700180 471
1700190 472
1700200 473
1700210 473
1700220 474
1700230 474
1700240 474
1700250 474
1700260 474
1700270 474
1700280 475
1700290 475
1700300 476
1700310 476
1700320 477
1700330 478
1700340 479
1700350 480
1700360 481
1700370 482
1700380 483
1700390 484
1700400 485
1700410 485
1700420 486
1700430 487
1700440 487
1700450 487
1700460 487
1700470 487
1700480 487
1700490 487
1700500 487
1700510 487
1700520 487
1700530 487
1700540 487
1700550 487
1700560 487
1700570 487
1700580 487
1700590 487
1700600 488
1700610 488
1700620 488
1700630 489
1700640 489
1700650 489
1700660 489
1700670 489
1700680 489
1700690 489
1700700 489
1700710 490
1700720 490
1700730 491
1700740 491
1700750 491
1700760 492
1700770 492
1700780 492
1700790 492
1700800 492
1700810 492
1700820 492
1700830 492
1700840 491
1700850 491
1700860 490
1700870 490
1700880 489
1700890 489
1700900 489
1700910 488
1700920 488
1700930 488
1700940 487
1700950 487
1700960 487
1700970 486
1700980 486
1700990 486
1701000 486
1701010 485
1701020 485
1701030 485
1701040 484
1701050 484
1701060 483
1701070 483
1701080 482
1701090 481
1701100 480
1701110 479
1701120 479
1701130 478
1701140 477
1701150 476
1701160 476
1701170 476
1701180 475
1701190 475
1701200 475
1701210 475
1701220 474
1701230 474
1701240 473
1701250 473
1701260 472
1701270 472
1701280 472
1701290 472
1701300 472
1701310 472
1701320 473
1701330 473
1701340 473
1701350 473
1701360 473
1701370 473
1701380 473
1701390 472
1701400 472
1701410 472
1701420 472
1701430 472
1701440 471
1701450 471
1701460 471
1701470 471
1701480 471
1701490 471
1701500 471
1701510 470
1701520 470
1701530 470
1701540 470
1701550 470
1701560 470
1701570 471
1701580 471
1701590 471
1701600 471
1701610 471
1701620 472
1701630 472
1701640 472
1701650 472
1701660 471
1701670 472
1701680 472
1701690 473
1701700 474
1701710 475
1701720 476
1701730 476
1701740 476
1701750 477
1701760 477
1701770 477
1701780 477
1701790 477
1701800 477
1701810 477
1701820 476
1701830 477
1701840 477
1701850 477
1701860 477
1701870 477
1701880 477
1701890 477
1701900 477
1701910 477
1701920 476
1701930 475
1701940 473
1701950 472
1701960 471
1701970 470
1701980 469
1701990 469
1702000 469
1702010 468
1702020 468
1702030 468
1702040 468
1702050 468
1702060 468
1702070 468
1702080 468
1702090 468
1702100 468
1702110 468
1702120 468
1702130 468
1702140 468
1702150 468
1702160 468
1702170 467
1702180 467
1702190 467
1702200 467
1702210 467
1702220 466
1702230 466
1702240 465
1702250 465
1702260 464
1702270 464
1702280 464
1702290 463
1702300 463
1702310 463
1702320 462
1702330 462
1702340 461
1702350 461
1702360 460
1702370 460
1702380 460
1702390 460
1702400 460
1702410 459
1702420 459
1702430 458
1702440 457
1702450 457
1702460 457
1702470 456
1702480 456
1702490 455
1702500 454
1702510 453
1702520 452
1702530 451
1702540 450
1702550 450
1702560 450
1702570 450
1702580 450
1702590 450
1702600 450
1702610 449
1702620 447
1702630 446
1702640 445
1702650 444
1702660 443
1702670 441
1702680 440
1702690 439
1702700 437
1702710 435
1702720 433
1702730 432
1702740 431
1702750 431
1702760 430
1702770 430
1702780 431
1702790 431
1702800 432
1702810 433
1702820 433
1702830 433
1702840 433
1702850 433
1702860 433
1702870 434
1702880 435
1702890 435
1702900 436
1702910 436
1702920 437
1702930 437
1702940 438
1702950 439
1702960 440
1702970 441
1702980 442
1702990 442
1703000 441
1703010 441
1703020 441
1703030 441
1703040 441
1703050 440
1703060 440
1703070 440
1703080 439
1703090 439
1703100 439
1703110 438
1703120 438
1703130 437
1703140 437
1703150 436
1703160 436
1703170 435
1703180 435
1703190 434
1703200 433
1703210 433
1703220 432
1703230 431
1703240 431
1703250 430
1703260 430
1703270 429
1703280 429
1703290 428
1703300 428
1703310 428
1703320 427
1703330 427
1703340 426
1703350 426
1703360 425
1703370 424
1703380 423
1703390 423
1703400 422
1703410 421
1703420 420
1703430 419
1703440 418
1703450 417
1703460 416
1703470 415
1703480 414
1703490 413
1703500 412
1703510 410
1703520 409
1703530 407
1703540 405
1703550 404
1703560 404
1703570 405
1703580 406
1703590 408
1703600 410
1703610 412
1703620 414
1703630 415
1703640 417
1703650 418
1703660 420
1703670 421
1703680 422
1703690 423
1703700 423
1703710 424
1703720 424
1703730 424
1703740 424
1703750 424
1703760 423
1703770 423
1703780 422
1703790 422
1703800 421
1703810 421
1703820 420
1703830 419
1703840 418
1703850 419
1703860 420
1703870 421
1703880 422
1703890 422
1703900 422
1703910 422
1703920 421
1703930 421
1703940 420
1703950 420
1703960 420
1703970 420
1703980 420
1703990 420
1704000 420
1704010 420
1704020 420
1704030 420
1704040 419
1704050 419
1704060 418
1704070 418
1704080 418
1704090 418
1704100 418
1704110 419
1704120 419
1704130 420
1704140 421
1704150 421
1704160 421
1704170 422
1704180 422
1704190 423
1704200 424
1704210 424
1704220 425
1704230 426
1704240 426
1704250 427
1704260 427
1704270 428
1704280 428
1704290 428
1704300 429
1704310 429
1704320 429
1704330 429
1704340 429
1704350 430
1704360 430
1704370 431
1704380 432
1704390 433
1704400 433
1704410 434
1704420 434
1704430 434
1704440 434
1704450 434
1704460 434
1704470 434
1704480 433
1704490 433
1704500 433
1704510 433
1704520 433
1704530 433
1704540 432
1704550 432
1704560 432
1704570 431
1704580 430
1704590 429
1704600 428
1704610 428
1704620 427
1704630 427
1704640 427
1704650 427
1704660 427
1704670 427
1704680 427
1704690 426
1704700 426
1704710 426
1704720 427
1704730 427
1704740 427
1704750 427
1704760 426
1704770 426
1704780 425
1704790 425
1704800 424
1704810 424
1704820 423
1704830 423
1704840 422
1704850 421
1704860 421
1704870 421
1704880 421
1704890 421
1704900 422
1704910 422
1704920 422
1704930 422
1704940 423
1704950 423
1704960 425
1704970 425
1704980 426
1704990 426
1705000 426
1705010 426
1705020 426
1705030 426
1705040 426
1705050 425
1705060 425
1705070 425
1705080 425
1705090 426
1705100 427
1705110 427
1705120 427
1705130 428
1705140 428
1705150 428
1705160 428
1705170 428
1705180 428
1705190 428
1705200 428
1705210 428
1705220 427
1705230 427
1705240 427
1705250 427
1705260 426
1705270 425
1705280 425
1705290 424
1705300 423
1705310 422
1705320 421
1705330 420
1705340 420
1705350 419
1705360 418
1705370 417
1705380 416
1705390 415
1705400 414
1705410 415
1705420 416
1705430 417
1705440 417
1705450 417
1705460 418
1705470 419
1705480 420
1705490 420
1705500 421
1705510 422
1705520 422
1705530 422
1705540 423
1705550 423
1705560 424
1705570 424
1705580 425
1705590 425
1705600 426
1705610 427
1705620 427
1705630 428
1705640 429
1705650 429
1705660 429
1705670 427
1705680 425
1705690 426
1705700 428
1705710 431
1705720 432
1705730 433
1705740 433
1705750 434
1705760 434
1705770 434
1705780 435
1705790 435
1705800 437
1705810 437
1705820 437
1705830 438
1705840 440
1705850 441
1705860 441
1705870 441
1705880 441
1705890 441
1705900 441
1705910 440
1705920 440
1705930 440
1705940 439
1705950 440
1705960 440
1705970 439
1705980 438
1705990 438
1706000 438
1706010 439
1706020 439
1706030 440
1706040 441
1706050 441
1706060 441
1706070 441
1706080 442
1706090 443
1706100 443
1706110 443
1706120 444
1706130 444
1706140 444
1706150 444
1706160 445
1706170 444
1706180 444
1706190 444
1706200 444
1706210 445
1706220 446
1706230 446
1706240 447
1706250 447
1706260 447
1706270 448
1706280 448
1706290 448
1706300 448
1706310 448
1706320 448
1706330 448
1706340 448
1706350 449
1706360 450
1706370 451
1706380 452
1706390 453
1706400 454
1706410 455
1706420 456
1706430 457
1706440 458
1706450 459
1706460 460
1706470 461
1706480 462
1706490 463
1706500 465
1706510 465
1706520 466
1706530 467
1706540 468
1706550 469
1706560 470
1706570 470
1706580 471
1706590 471
1706600 471
1706610 470
1706620 470
1706630 470
1706640 470
1706650 470
1706660 469
1706670 469
1706680 468
1706690 467
1706700 467
1706710 467
1706720 466
1706730 465
1706740 465
1706750 464
1706760 463
1706770 462
1706780 461
1706790 460
1706800 459
1706810 457
1706820 457
1706830 458
1706840 460
1706850 462
1706860 463
1706870 464
1706880 465
1706890 466
1706900 467
1706910 468
1706920 468
1706930 468
1706940 468
1706950 468
1706960 468
1706970 468
1706980 468
1706990 468
1707000 468
1707010 468
1707020 468
1707030 468
1707040 469
1707050 469
1707060 470
1707070 471
1707080 471
1707090 471
1707100 471
1707110 472
1707120 472
1707130 472
1707140 472
1707150 472
1707160 472
1707170 472
1707180 473
1707190 473
1707200 474
1707210 474
1707220 474
1707230 474
1707240 474
1707250 474
1707260 474
1707270 474
1707280 474
1707290 474
1707300 474
1707310 474
1707320 475
1707330 476
1707340 477
1707350 478
1707360 478
1707370 479
1707380 480
1707390 480
1707400 480
1707410 480
1707420 480
1707430 480
1707440 480
1707450 480
1707460 480
1707470 481
1707480 481
1707490 482
1707500 483
1707510 483
1707520 483
1707530 483
1707540 483
1707550 483
1707560 483
1707570 483
1707580 483
1707590 483
1707600 483
1707610 484
1707620 484
1707630 485
1707640 485
1707650 485
1707660 486
1707670 487
1707680 488
1707690 489
1707700 490
1707710 492
1707720 495
1707730 498
1707740 500
1707750 500
1707760 501
1707770 501
1707780 502
1707790 502
1707800 502
1707810 502
1707820 503
1707830 503
1707840 503
1707850 503
1707860 503
1707870 503
1707880 503
1707890 503
1707900 503
1707910 503
1707920 504
1707930 506
1707940 508
1707950 510
1707960 512
1707970 514
1707980 515
1707990 515
1708000 515
1708010 514
1708020 512
1708030 511
1708040 510
1708050 508
1708060 506
1708070 503
1708080 500
1708090 498
1708100 495
1708110 492
1708120 489
1708130 486
1708140 483
1708150 480
1708160 477
1708170 474
1708180 470
1708190 467
1708200 464
1708210 463
1708220 462
1708230 464
1708240 466
1708250 468
1708260 471
1708270 474
1708280 478
1708290 482
1708300 486
1708310 490
1708320 493
1708330 497
1708340 501
1708350 505
1708360 508
1708370 512
1708380 515
1708390 519
1708400 523
1708410 527
1708420 532
1708430 536
1708440 540
1708450 542
1708460 544
1708470 550
1708480 555
1708490 560
1708500 564
1708510 568
1708520 572
1708530 575
1708540 578
1708550 581
1708560 583
1708570 585
1708580 588
1708590 589
1708600 591
1708610 593
1708620 594
1708630 595
1708640 595
1708650 596
1708660 596
1708670 596
1708680 596
1708690 596
1708700 595
1708710 595
1708720 594
1708730 594
1708740 593
1708750 593
1708760 593
1708770 593
1708780 592
1708790 592
1708800 592
1708810 592
1708820 592
1708830 592
1708840 592
1708850 592
1708860 591
1708870 591
1708880 591
1708890 591
1708900 591
1708910 591
1708920 591
1708930 590
1708940 590
1708950 590
1708960 590
1708970 590
1708980 589
1708990 586
1709000 584
1709010 583
1709020 582
1709030 581
1709040 580
1709050 579
1709060 579
1709070 578
1709080 577
1709090 575
1709100 573
1709110 571
1709120 569
1709130 568
1709140 567
1709150 566
1709160 565
1709170 565
1709180 565
1709190 565
1709200 565
1709210 565
1709220 565
1709230 564
1709240 564
1709250 564
1709260 565
1709270 565
1709280 565
1709290 566
1709300 566
1709310 568
1709320 570
1709330 573
1709340 576
1709350 579
1709360 583
1709370 586
1709380 589
1709390 593
1709400 596
1709410 600
1709420 603
1709430 605
1709440 607
1709450 610
1709460 612
1709470 614
1709480 617
1709490 619
1709500 622
1709510 625
1709520 628
1709530 632
1709540 636
1709550 640
1709560 644
1709570 647
1709580 648
1709590 649
1709600 650
1709610 652
1709620 653
1709630 654
1709640 656
1709650 657
1709660 659
1709670 661
1709680 663
1709690 665
1709700 668
1709710 670
1709720 673
1709730 675
1709740 678
1709750 681
1709760 683
1709770 685
1709780 687
1709790 690
1709800 692
1709810 694
1709820 696
1709830 697
1709840 699
1709850 701
1709860 704
1709870 706
1709880 708
1709890 711
1709900 713
1709910 715
1709920 717
1709930 719
1709940 720
1709950 721
1709960 722
1709970 723
1709980 723
1709990 724
1710000 724
1710010 724
1710020 724
1710030 725
1710040 725
1710050 726
1710060 728
1710070 729
1710080 730
1710090 731
1710100 731
1710110 731
1710120 731
1710130 731
1710140 731
1710150 730
1710160 730
1710170 730
1710180 730
1710190 730
1710200 730
1710210 730
1710220 730
1710230 730
1710240 730
1710250 729
1710260 729
1710270 729
1710280 728
1710290 728
1710300 727
1710310 727
1710320 726
1710330 725
1710340 725
1710350 724
1710360 724
1710370 723
1710380 723
1710390 723
1710400 722
1710410 721
1710420 720
1710430 719
1710440 718
1710450 717
1710460 716
1710470 714
1710480 713
1710490 712
1710500 710
1710510 709
1710520 707
1710530 705
1710540 703
1710550 701
1710560 700
1710570 698
1710580 696
1710590 694
1710600 691
1710610 689
1710620 687
1710630 686
1710640 684
1710650 682
1710660 680
1710670 678
1710680 676
1710690 675
1710700 673
1710710 672
1710720 670
1710730 669
1710740 668
1710750 667
1710760 666
1710770 666
1710780 666
1710790 665
1710800 664
1710810 663
1710820 662
1710830 661
1710840 660
1710850 659
1710860 658
1710870 657
1710880 656
1710890 655
1710900 654
1710910 652
1710920 651
1710930 649
1710940 648
1710950 647
1710960 645
1710970 643
1710980 640
1710990 636
1711000 632
1711010 629
1711020 626
1711030 624
1711040 622
1711050 621
1711060 619
1711070 617
1711080 614
1711090 611
1711100 609
1711110 607
1711120 606
1711130 604
1711140 604
1711150 605
1711160 606
1711170 608
1711180 611
1711190 613
1711200 616
1711210 619
1711220 622
1711230 625
1711240 628
1711250 631
1711260 633
1711270 635
1711280 637
1711290 638
1711300 640
1711310 642
1711320 644
1711330 646
1711340 649
1711350 652
1711360 654
1711370 657
1711380 660
1711390 662
1711400 665
1711410 668
1711420 670
1711430 672
1711440 674
1711450 676
1711460 678
1711470 680
1711480 681
1711490 682
1711500 683
1711510 683
1711520 683
1711530 683
1711540 682
1711550 681
1711560 680
1711570 679
1711580 678
1711590 677
1711600 676
1711610 675
1711620 674
1711630 673
1711640 672
1711650 671
1711660 670
1711670 669
1711680 668
1711690 666
1711700 665
1711710 664
1711720 663
1711730 662
1711740 661
1711750 659
1711760 658
1711770 657
1711780 655
1711790 653
1711800 651
1711810 650
1711820 648
1711830 645
1711840 642
1711850 639
1711860 636
1711870 633
1711880 630
1711890 626
1711900 623
1711910 620
1711920 617
1711930 613
1711940 610
1711950 608
1711960 605
1711970 602
1711980 600
1711990 597
1712000 595
1712010 592
1712020 589
1712030 586
1712040 583
1712050 580
1712060 577
1712070 573
1712080 569
1712090 565
1712100 563
1712110 564
1712120 566
1712130 567
1712140 569
1712150 570
1712160 572
1712170 574
1712180 576
1712190 579
1712200 583
1712210 586
1712220 590
1712230 593
1712240 597
1712250 600
1712260 604
1712270 607
1712280 610
1712290 612
1712300 615
1712310 616
1712320 618
1712330 619
1712340 620
1712350 622
1712360 623
1712370 624
1712380 625
1712390 625
1712400 625
1712410 625
1712420 625
1712430 625
1712440 624
1712450 624
1712460 623
1712470 623
1712480 622
1712490 621
1712500 619
1712510 618
1712520 616
1712530 615
1712540 613
1712550 612
1712560 610
1712570 608
1712580 606
1712590 604
1712600 602
1712610 601
1712620 599
1712630 597
1712640 596
1712650 594
1712660 593
1712670 592
1712680 591
1712690 590
1712700 589
1712710 588
1712720 588
1712730 587
1712740 587
1712750 586
1712760 586
1712770 585
1712780 585
1712790 585
1712800 585
1712810 584
1712820 584
1712830 584
1712840 584
1712850 584
1712860 584
1712870 584
1712880 584
1712890 584
1712900 584
1712910 584
1712920 584
1712930 584
1712940 584
1712950 585
1712960 585
1712970 585
1712980 585
1712990 585
1713000 585
1713010 585
1713020 584
1713030 583
1713040 582
1713050 581
1713060 580
1713070 579
1713080 578
1713090 577
1713100 576
1713110 575
1713120 574
1713130 572
1713140 571
1713150 570
1713160 569
1713170 568
1713180 567
1713190 566
1713200 565
1713210 564
1713220 563
1713230 562
1713240 561
1713250 560
1713260 559
1713270 558
1713280 557
1713290 556
1713300 555
1713310 554
1713320 553
1713330 551
1713340 549
1713350 547
1713360 545
1713370 544
1713380 542
1713390 540
1713400 538
1713410 536
1713420 534
1713430 532
1713440 529
1713450 526
1713460 524
1713470 521
1713480 518
1713490 514
1713500 511
1713510 508
1713520 505
1713530 502
1713540 499
1713550 496
1713560 493
1713570 490
1713580 489
1713590 488
1713600 487
1713610 489
1713620 491
1713630 494
1713640 497
1713650 502
1713660 506
1713670 510
1713680 515
1713690 519
1713700 524
1713710 528
1713720 533
1713730 537
1713740 541
1713750 545
1713760 550
1713770 556
1713780 561
1713790 565
1713800 567
1713810 568
1713820 568
1713830 567
1713840 566
1713850 565
1713860 565
1713870 564
1713880 564
1713890 563
1713900 562
1713910 560
1713920 559
1713930 559
1713940 558
1713950 557
1713960 556
1713970 555
1713980 554
1713990 553
1714000 552
1714010 552
1714020 551
1714030 550
1714040 549
1714050 548
1714060 546
1714070 545
1714080 543
1714090 542
1714100 541
1714110 539
1714120 538
1714130 536
1714140 534
1714150 532
1714160 531
1714170 529
1714180 527
1714190 526
1714200 524
1714210 523
1714220 521
1714230 520
1714240 519
1714250 517
1714260 516
1714270 515
1714280 513
1714290 512
1714300 511
1714310 510
1714320 509
1714330 509
1714340 509
1714350 509
1714360 508
1714370 507
1714380 507
1714390 506
1714400 505
1714410 505
1714420 505
1714430 504
1714440 503
1714450 502
1714460 502
1714470 501
1714480 501
1714490 501
1714500 501
1714510 500
1714520 499
1714530 498
1714540 497
1714550 496
1714560 496
1714570 495
1714580 495
1714590 494
1714600 493
1714610 493
1714620 492
1714630 492
1714640 491
1714650 490
1714660 490
1714670 489
1714680 488
1714690 487
1714700 486
1714710 484
1714720 483
1714730 482
1714740 481
1714750 480
1714760 479
1714770 478
1714780 477
1714790 477
1714800 476
1714810 474
1714820 473
1714830 472
1714840 471
1714850 469
1714860 468
1714870 466
1714880 465
1714890 463
1714900 462
1714910 460
1714920 459
1714930 458
1714940 457
1714950 457
1714960 456
1714970 455
1714980 455
1714990 454
1715000 454
1715010 454
1715020 454
1715030 454
1715040 455
1715050 455
1715060 455
1715070 455
1715080 455
1715090 455
1715100 455
1715110 455
1715120 455
1715130 454
1715140 454
1715150 454
1715160 453
1715170 452
1715180 451
1715190 450
1715200 449
1715210 448
1715220 447
1715230 446
1715240 445
1715250 444
1715260 443
1715270 442
1715280 440
1715290 439
1715300 438
1715310 437
1715320 436
1715330 434
1715340 433
1715350 432
1715360 431
1715370 430
1715380 429
1715390 428
1715400 427
1715410 426
1715420 426
1715430 425
1715440 425
1715450 425
1715460 424
1715470 423
1715480 422
1715490 421
1715500 420
1715510 419
1715520 418
1715530 417
1715540 416
1715550 415
1715560 415
1715570 414
1715580 414
1715590 413
1715600 413
1715610 412
1715620 412
1715630 412
1715640 411
1715650 410
1715660 410
1715670 409
1715680 408
1715690 407
1715700 407
1715710 406
1715720 405
1715730 403
1715740 401
1715750 399
1715760 396
1715770 396
1715780 396
1715790 395
1715800 395
1715810 395
1715820 395
1715830 395
1715840 395
1715850 395
1715860 395
1715870 395
1715880 395
1715890 395
1715900 395
1715910 395
1715920 396
1715930 396
1715940 396
1715950 397
1715960 397
1715970 398
1715980 398
1715990 399
1716000 399
1716010 400
1716020 400
1716030 400
1716040 400
1716050 401
1716060 401
1716070 401
1716080 401
1716090 401
1716100 402
1716110 402
1716120 402
1716130 403
1716140 403
1716150 404
1716160 404
1716170 404
1716180 404
1716190 404
1716200 404
1716210 404
1716220 404
1716230 404
1716240 404
1716250 404
1716260 404
1716270 404
1716280 406
1716290 407
1716300 408
1716310 409
1716320 410
1716330 411
1716340 412
1716350 412
1716360 413
1716370 414
1716380 414
1716390 415
1716400 415
1716410 416
1716420 417
1716430 417
1716440 418
1716450 418
1716460 419
1716470 420
1716480 420
1716490 421
1716500 421
1716510 421
1716520 422
1716530 422
1716540 422
1716550 422
1716560 422
1716570 422
1716580 422
1716590 423
1716600 423
1716610 423
1716620 423
1716630 422
1716640 422
1716650 422
1716660 422
1716670 422
1716680 422
1716690 422
1716700 421
1716710 421
1716720 420
1716730 418
1716740 417
1716750 417
1716760 416
1716770 416
1716780 415
1716790 414
1716800 414
1716810 413
1716820 411
1716830 410
1716840 409
1716850 408
1716860 407
1716870 407
1716880 406
1716890 406
1716900 405
1716910 405
1716920 404
1716930 404
1716940 403
1716950 402
1716960 401
1716970 400
1716980 400
1716990 399
1717000 398
1717010 397
1717020 396
1717030 396
1717040 396
1717050 395
1717060 395
1717070 395
1717080 395
1717090 395
1717100 395
1717110 396
1717120 396
1717130 397
1717140 398
1717150 398
1717160 399
1717170 399
1717180 400
1717190 400
1717200 401
1717210 401
1717220 402
1717230 403
1717240 404
1717250 405
1717260 406
1717270 406
1717280 407
1717290 408
1717300 409
1717310 409
1717320 410
1717330 411
1717340 412
1717350 413
1717360 414
1717370 415
1717380 416
1717390 417
1717400 417
1717410 418
1717420 419
1717430 420
1717440 420
1717450 421
1717460 422
1717470 423
1717480 423
1717490 424
1717500 424
1717510 424
1717520 424
1717530 425
1717540 425
1717550 425
1717560 426
1717570 426
1717580 426
1717590 427
1717600 427
1717610 427
1717620 427
1717630 428
1717640 429
1717650 430
1717660 430
1717670 431
1717680 432
1717690 432
1717700 432
1717710 433
1717720 433
1717730 432
1717740 432
1717750 431
1717760 431
1717770 430
1717780 429
1717790 428
1717800 427
1717810 426
1717820 425
1717830 424
1717840 423
1717850 422
1717860 421
1717870 420
1717880 419
1717890 417
1717900 416
1717910 414
1717920 413
1717930 411
1717940 409
1717950 407
1717960 404
1717970 401
1717980 400
1717990 398
1718000 396
1718010 394
1718020 393
1718030 392
1718040 392
1718050 391
1718060 390
1718070 390
1718080 390
1718090 389
1718100 389
1718110 389
1718120 388
1718130 388
1718140 387
1718150 387
1718160 386
1718170 386
1718180 385
1718190 385
1718200 384
1718210 384
1718220 383
1718230 383
1718240 382
1718250 382
1718260 381
1718270 381
1718280 380
1718290 379
1718300 379
1718310 378
1718320 378
1718330 377
1718340 376
1718350 376
1718360 375
1718370 375
1718380 374
1718390 374
1718400 373
1718410 372
1718420 371
1718430 370
1718440 369
1718450 368
1718460 368
1718470 367
1718480 367
1718490 367
1718500 366
1718510 366
1718520 366
1718530 366
1718540 366
1718550 366
1718560 366
1718570 366
1718580 366
1718590 366
1718600 366
1718610 366
1718620 366
1718630 366
1718640 366
1718650 366
1718660 366
1718670 366
1718680 366
1718690 366
1718700 366
1718710 366
1718720 366
1718730 366
1718740 366
1718750 366
1718760 366
1718770 366
1718780 366
1718790 366
1718800 366
1718810 366
1718820 366
1718830 366
1718840 365
1718850 365
1718860 365
1718870 365
1718880 365
1718890 364
1718900 363
1718910 363
1718920 363
1718930 363
1718940 362
1718950 362
1718960 363
1718970 363
1718980 362
1718990 362
1719000 363
1719010 363
1719020 363
1719030 363
1719040 363
1719050 363
1719060 363
1719070 363
1719080 363
1719090 363
1719100 363
1719110 362
1719120 360
1719130 359
1719140 359
1719150 359
1719160 361
1719170 363
1719180 363
1719190 364
1719200 365
1719210 367
1719220 368
1719230 370
1719240 370
1719250 369
1719260 369
1719270 368
1719280 367
1719290 367
1719300 366
1719310 366
1719320 367
1719330 367
1719340 368
1719350 368
1719360 369
1719370 370
1719380 371
1719390 372
1719400 372
1719410 373
1719420 375
1719430 376
1719440 377
1719450 378
1719460 380
1719470 381
1719480 383
1719490 385
1719500 386
1719510 387
1719520 389
1719530 391
1719540 393
1719550 394
1719560 396
1719570 398
1719580 399
1719590 401
1719600 402
1719610 403
1719620 404
1719630 405
1719640 406
1719650 407
1719660 408
1719670 409
1719680 411
1719690 412
1719700 413
1719710 415
1719720 416
1719730 417
1719740 418
1719750 419
1719760 420
1719770 421
1719780 422
1719790 423
1719800 424
1719810 425
1719820 426
1719830 427
1719840 429
1719850 430
1719860 432
1719870 434
1719880 435
1719890 437
1719900 438
1719910 440
1719920 442
1719930 444
1719940 447
1719950 451
1719960 454
1719970 457
1719980 459
1719990 462
