1700000 520
1700010 521
1700020 521
1700030 521
1700040 521
1700050 521
1700060 521
1700070 521
1700080 521
1700090 520
1700100 519
1700110 519
1700120 518
1700130 518
1700140 517
1700150 517
1700160 516
1700170 516
1700180 515
1700190 514
1700200 514
1700210 513
1700220 513
1700230 512
1700240 511
1700250 511
1700260 511
1700270 510
1700280 509
1700290 508
1700300 507
1700310 507
1700320 505
1700330 504
1700340 504
1700350 504
1700360 504
1700370 503
1700380 503
1700390 502
1700400 501
1700410 501
1700420 501
1700430 500
1700440 500
1700450 500
1700460 499
1700470 498
1700480 497
1700490 496
1700500 495
1700510 493
1700520 492
1700530 491
1700540 490
1700550 489
1700560 488
1700570 487
1700580 486
1700590 484
1700600 482
1700610 483
1700620 483
1700630 483
1700640 482
1700650 480
1700660 479
1700670 477
1700680 476
1700690 475
1700700 475
1700710 474
1700720 473
1700730 474
1700740 476
1700750 479
1700760 482
1700770 485
1700780 487
1700790 490
1700800 493
1700810 496
1700820 499
1700830 501
1700840 504
1700850 507
1700860 509
1700870 512
1700880 515
1700890 517
1700900 520
1700910 522
1700920 524
1700930 526
1700940 528
1700950 529
1700960 531
1700970 533
1700980 535
1700990 537
1701000 538
1701010 540
1701020 541
1701030 542
1701040 543
1701050 545
1701060 546
1701070 547
1701080 548
1701090 549
1701100 550
1701110 550
1701120 551
1701130 552
1701140 552
1701150 552
1701160 552
1701170 552
1701180 552
1701190 552
1701200 552
1701210 551
1701220 551
1701230 551
1701240 550
1701250 550
1701260 549
1701270 548
1701280 548
1701290 547
1701300 546
1701310 546
1701320 545
1701330 544
1701340 543
1701350 542
1701360 541
1701370 540
1701380 539
1701390 538
1701400 537
1701410 535
1701420 534
1701430 533
1701440 532
1701450 532
1701460 531
1701470 531
1701480 531
1701490 531
1701500 531
1701510 531
1701520 531
1701530 531
1701540 531
1701550 531
1701560 532
1701570 532
1701580 533
1701590 533
1701600 534
1701610 535
1701620 535
1701630 536
1701640 537
1701650 537
1701660 538
1701670 539
1701680 539
1701690 540
1701700 541
1701710 542
1701720 543
1701730 543
1701740 544
1701750 545
1701760 546
1701770 547
1701780 548
1701790 549
1701800 550
1701810 551
1701820 552
1701830 553
1701840 554
1701850 555
1701860 555
1701870 556
1701880 557
1701890 557
1701900 558
1701910 559
1701920 560
1701930 560
1701940 561
1701950 562
1701960 563
1701970 564
1701980 565
1701990 566
1702000 567
1702010 568
1702020 568
1702030 569
1702040 570
1702050 571
1702060 572
1702070 573
1702080 574
1702090 574
1702100 575
1702110 576
1702120 577
1702130 577
1702140 578
1702150 578
1702160 579
1702170 579
1702180 579
1702190 579
1702200 579
1702210 579
1702220 579
1702230 579
1702240 579
1702250 579
1702260 579
1702270 579
1702280 580
1702290 581
1702300 582
1702310 582
1702320 583
1702330 584
1702340 585
1702350 586
1702360 586
1702370 587
1702380 587
1702390 588
1702400 588
1702410 588
1702420 587
1702430 587
1702440 587
1702450 586
1702460 586
1702470 586
1702480 585
1702490 585
1702500 585
1702510 584
1702520 584
1702530 584
1702540 584
1702550 584
1702560 584
1702570 584
1702580 584
1702590 584
1702600 583
1702610 583
1702620 583
1702630 583
1702640 583
1702650 583
1702660 583
1702670 583
1702680 582
1702690 582
1702700 582
1702710 582
1702720 581
1702730 581
1702740 581
1702750 580
1702760 580
1702770 580
1702780 579
1702790 579
1702800 578
1702810 577
1702820 577
1702830 575
1702840 574
1702850 573
1702860 572
1702870 571
1702880 571
1702890 570
1702900 570
1702910 569
1702920 568
1702930 567
1702940 565
1702950 563
1702960 562
1702970 560
1702980 559
1702990 557
1703000 556
1703010 556
1703020 556
1703030 556
1703040 557
1703050 558
1703060 559
1703070 560
1703080 562
1703090 562
1703100 563
1703110 562
1703120 562
1703130 562
1703140 562
1703150 562
1703160 562
1703170 562
1703180 562
1703190 562
1703200 563
1703210 563
1703220 563
1703230 563
1703240 564
1703250 564
1703260 564
1703270 564
1703280 565
1703290 565
1703300 565
1703310 565
1703320 565
1703330 566
1703340 566
1703350 566
1703360 566
1703370 566
1703380 567
1703390 567
1703400 568
1703410 568
1703420 569
1703430 569
1703440 569
1703450 570
1703460 570
1703470 570
1703480 571
1703490 571
1703500 572
1703510 572
1703520 573
1703530 573
1703540 573
1703550 574
1703560 574
1703570 574
1703580 574
1703590 574
1703600 574
1703610 574
1703620 574
1703630 574
1703640 574
1703650 573
1703660 573
1703670 572
1703680 572
1703690 571
1703700 571
1703710 570
1703720 570
1703730 570
1703740 569
1703750 569
1703760 569
1703770 568
1703780 568
1703790 567
1703800 566
1703810 566
1703820 565
1703830 564
1703840 564
1703850 563
1703860 562
1703870 561
1703880 560
1703890 559
1703900 558
1703910 556
1703920 555
1703930 554
1703940 553
1703950 551
1703960 550
1703970 549
1703980 547
1703990 545
1704000 543
1704010 542
1704020 540
1704030 538
1704040 536
1704050 534
1704060 531
1704070 529
1704080 526
1704090 524
1704100 521
1704110 519
1704120 516
1704130 514
1704140 512
1704150 510
1704160 508
1704170 507
1704180 504
1704190 501
1704200 497
1704210 494
1704220 493
1704230 494
1704240 495
1704250 496
1704260 497
1704270 497
1704280 497
1704290 498
1704300 498
1704310 498
1704320 498
1704330 498
1704340 498
1704350 498
1704360 497
1704370 497
1704380 497
1704390 497
1704400 497
1704410 497
1704420 497
1704430 497
1704440 497
1704450 497
1704460 497
1704470 497
1704480 496
1704490 497
1704500 497
1704510 497
1704520 496
1704530 496
1704540 495
1704550 495
1704560 494
1704570 494
1704580 493
1704590 492
1704600 491
1704610 490
1704620 489
1704630 489
1704640 488
1704650 487
1704660 487
1704670 486
1704680 486
1704690 485
1704700 485
1704710 485
1704720 485
1704730 484
1704740 484
1704750 484
1704760 484
1704770 484
1704780 483
1704790 483
1704800 483
1704810 483
1704820 483
1704830 483
1704840 483
1704850 483
1704860 483
1704870 483
1704880 482
1704890 481
1704900 481
1704910 481
1704920 481
1704930 480
1704940 480
1704950 479
1704960 479
1704970 479
1704980 479
1704990 478
1705000 478
1705010 478
1705020 477
1705030 477
1705040 476
1705050 476
1705060 475
1705070 475
1705080 474
1705090 473
1705100 472
1705110 471
1705120 470
1705130 469
1705140 468
1705150 467
1705160 466
1705170 465
1705180 464
1705190 464
1705200 462
1705210 461
1705220 460
1705230 459
1705240 458
1705250 457
1705260 455
1705270 454
1705280 453
1705290 451
1705300 450
1705310 448
1705320 447
1705330 445
1705340 444
1705350 442
1705360 441
1705370 439
1705380 437
1705390 434
1705400 432
1705410 429
1705420 427
1705430 425
1705440 423
1705450 422
1705460 421
1705470 419
1705480 418
1705490 417
1705500 416
1705510 415
1705520 413
1705530 412
1705540 411
1705550 409
1705560 408
1705570 406
1705580 405
1705590 403
1705600 402
1705610 400
1705620 399
1705630 398
1705640 398
1705650 397
1705660 396
1705670 395
1705680 394
1705690 392
1705700 391
1705710 390
1705720 390
1705730 389
1705740 389
1705750 388
1705760 387
1705770 387
1705780 385
1705790 384
1705800 383
1705810 382
1705820 381
1705830 379
1705840 378
1705850 376
1705860 374
1705870 372
1705880 369
1705890 367
1705900 365
1705910 364
1705920 362
1705930 358
1705940 355
1705950 352
1705960 350
1705970 350
1705980 350
1705990 349
1706000 349
1706010 349
1706020 349
1706030 348
1706040 348
1706050 350
1706060 351
1706070 351
1706080 351
1706090 351
1706100 351
1706110 352
1706120 352
1706130 353
1706140 354
1706150 357
1706160 360
1706170 363
1706180 364
1706190 365
1706200 366
1706210 367
1706220 368
1706230 369
1706240 370
1706250 371
1706260 371
1706270 371
1706280 372
1706290 373
1706300 373
1706310 373
1706320 374
1706330 374
1706340 375
1706350 375
1706360 376
1706370 376
1706380 377
1706390 377
1706400 377
1706410 378
1706420 378
1706430 379
1706440 380
1706450 380
1706460 381
1706470 382
1706480 382
1706490 383
1706500 384
1706510 384
1706520 385
1706530 386
1706540 386
1706550 386
1706560 387
1706570 387
1706580 388
1706590 389
1706600 389
1706610 390
1706620 390
1706630 390
1706640 391
1706650 392
1706660 394
1706670 396
1706680 399
1706690 401
1706700 403
1706710 404
1706720 406
1706730 407
1706740 408
1706750 410
1706760 412
1706770 414
1706780 416
1706790 418
1706800 421
1706810 424
1706820 426
1706830 428
1706840 429
1706850 430
1706860 431
1706870 433
1706880 434
1706890 436
1706900 437
1706910 437
1706920 438
1706930 439
1706940 439
1706950 440
1706960 440
1706970 440
1706980 441
1706990 441
1707000 442
1707010 442
1707020 443
1707030 443
1707040 444
1707050 444
1707060 445
1707070 445
1707080 445
1707090 445
1707100 445
1707110 446
1707120 446
1707130 447
1707140 448
1707150 449
1707160 449
1707170 450
1707180 451
1707190 452
1707200 454
1707210 455
1707220 456
1707230 456
1707240 457
1707250 457
1707260 458
1707270 458
1707280 458
1707290 457
1707300 456
1707310 455
1707320 454
1707330 454
1707340 453
1707350 452
1707360 452
1707370 451
1707380 450
1707390 449
1707400 448
1707410 447
1707420 446
1707430 444
1707440 443
1707450 441
1707460 440
1707470 439
1707480 437
1707490 436
1707500 435
1707510 434
1707520 432
1707530 431
1707540 430
1707550 428
1707560 427
1707570 426
1707580 424
1707590 423
1707600 422
1707610 421
1707620 419
1707630 418
1707640 416
1707650 415
1707660 413
1707670 411
1707680 408
1707690 407
1707700 405
1707710 404
1707720 403
1707730 402
1707740 401
1707750 400
1707760 399
1707770 399
1707780 398
1707790 398
1707800 397
1707810 397
1707820 397
1707830 397
1707840 397
1707850 397
1707860 397
1707870 396
1707880 395
1707890 395
1707900 394
1707910 393
1707920 393
1707930 392
1707940 391
1707950 391
1707960 390
1707970 389
1707980 389
1707990 389
1708000 389
1708010 389
1708020 388
1708030 388
1708040 388
1708050 388
1708060 388
1708070 387
1708080 387
1708090 386
1708100 386
1708110 386
1708120 386
1708130 387
1708140 388
1708150 389
1708160 390
1708170 392
1708180 393
1708190 395
1708200 396
1708210 397
1708220 398
1708230 398
1708240 399
1708250 400
1708260 402
1708270 403
1708280 403
1708290 404
1708300 405
1708310 405
1708320 406
1708330 406
1708340 407
1708350 407
1708360 408
1708370 408
1708380 408
1708390 408
1708400 409
1708410 409
1708420 411
1708430 412
1708440 413
1708450 414
1708460 415
1708470 416
1708480 417
1708490 418
1708500 419
1708510 419
1708520 420
1708530 421
1708540 422
1708550 423
1708560 424
1708570 425
1708580 426
1708590 426
1708600 427
1708610 428
1708620 428
1708630 429
1708640 430
1708650 431
1708660 432
1708670 433
1708680 434
1708690 434
1708700 435
1708710 436
1708720 436
1708730 437
1708740 438
1708750 439
1708760 439
1708770 440
1708780 441
1708790 442
1708800 442
1708810 443
1708820 444
1708830 444
1708840 445
1708850 446
1708860 446
1708870 447
1708880 447
1708890 448
1708900 449
1708910 449
1708920 450
1708930 451
1708940 451
1708950 452
1708960 453
1708970 453
1708980 454
1708990 454
1709000 455
1709010 455
1709020 456
1709030 456
1709040 457
1709050 457
1709060 458
1709070 458
1709080 459
1709090 459
1709100 460
1709110 461
1709120 461
1709130 461
1709140 462
1709150 462
1709160 462
1709170 462
1709180 463
1709190 463
1709200 463
1709210 463
1709220 463
1709230 463
1709240 463
1709250 463
1709260 463
1709270 463
1709280 463
1709290 462
1709300 462
1709310 462
1709320 461
1709330 461
1709340 460
1709350 459
1709360 458
1709370 457
1709380 454
1709390 452
1709400 450
1709410 449
1709420 450
1709430 452
1709440 454
1709450 455
1709460 456
1709470 456
1709480 456
1709490 455
1709500 455
1709510 456
1709520 456
1709530 457
1709540 458
1709550 458
1709560 458
1709570 458
1709580 457
1709590 458
1709600 458
1709610 459
1709620 461
1709630 462
1709640 463
1709650 464
1709660 465
1709670 466
1709680 467
1709690 467
1709700 468
1709710 468
1709720 469
1709730 470
1709740 470
1709750 471
1709760 471
1709770 472
1709780 473
1709790 474
1709800 475
1709810 476
1709820 477
1709830 479
1709840 480
1709850 481
1709860 482
1709870 482
1709880 483
1709890 484
1709900 485
1709910 486
1709920 486
1709930 486
1709940 487
1709950 487
1709960 487
1709970 488
1709980 488
1709990 488
1710000 488
1710010 488
1710020 488
1710030 488
1710040 488
1710050 488
1710060 487
1710070 487
1710080 487
1710090 486
1710100 486
1710110 486
1710120 485
1710130 485
1710140 484
1710150 484
1710160 484
1710170 484
1710180 484
1710190 484
1710200 483
1710210 483
1710220 482
1710230 482
1710240 481
1710250 481
1710260 480
1710270 480
1710280 480
1710290 479
1710300 479
1710310 479
1710320 479
1710330 479
1710340 478
1710350 478
1710360 477
1710370 476
1710380 477
1710390 478
1710400 479
1710410 480
1710420 480
1710430 481
1710440 481
1710450 481
1710460 481
1710470 482
1710480 482
1710490 482
1710500 482
1710510 482
1710520 482
1710530 483
1710540 483
1710550 483
1710560 483
1710570 483
1710580 483
1710590 483
1710600 483
1710610 483
1710620 482
1710630 482
1710640 482
1710650 481
1710660 481
1710670 480
1710680 478
1710690 477
1710700 476
1710710 474
1710720 473
1710730 472
1710740 470
1710750 469
1710760 469
1710770 468
1710780 467
1710790 466
1710800 465
1710810 464
1710820 463
1710830 462
1710840 461
1710850 459
1710860 458
1710870 456
1710880 455
1710890 453
1710900 452
1710910 450
1710920 448
1710930 446
1710940 443
1710950 442
1710960 443
1710970 446
1710980 448
1710990 451
1711000 453
1711010 454
1711020 456
1711030 458
1711040 460
1711050 461
1711060 462
1711070 463
1711080 463
1711090 463
1711100 464
1711110 464
1711120 464
1711130 465
1711140 466
1711150 467
1711160 468
1711170 469
1711180 471
1711190 472
1711200 473
1711210 475
1711220 476
1711230 477
1711240 478
1711250 479
1711260 480
1711270 481
1711280 482
1711290 483
1711300 484
1711310 485
1711320 486
1711330 486
1711340 487
1711350 487
1711360 487
1711370 487
1711380 487
1711390 486
1711400 486
1711410 486
1711420 485
1711430 486
1711440 486
1711450 486
1711460 487
1711470 488
1711480 489
1711490 492
1711500 494
1711510 497
1711520 500
1711530 504
1711540 507
1711550 509
1711560 511
1711570 513
1711580 515
1711590 516
1711600 517
1711610 518
1711620 519
1711630 521
1711640 523
1711650 526
1711660 529
1711670 532
1711680 535
1711690 537
1711700 540
1711710 542
1711720 544
1711730 546
1711740 549
1711750 551
1711760 553
1711770 555
1711780 557
1711790 559
1711800 561
1711810 563
1711820 565
1711830 567
1711840 569
1711850 571
1711860 573
1711870 575
1711880 576
1711890 578
1711900 579
1711910 580
1711920 582
1711930 583
1711940 584
1711950 585
1711960 586
1711970 587
1711980 588
1711990 589
1712000 590
1712010 590
1712020 591
1712030 591
1712040 590
1712050 590
1712060 589
1712070 588
1712080 587
1712090 586
1712100 585
1712110 584
1712120 582
1712130 579
1712140 577
1712150 574
1712160 570
1712170 566
1712180 562
1712190 558
1712200 554
1712210 549
1712220 545
1712230 540
1712240 536
1712250 531
1712260 527
1712270 523
1712280 520
1712290 515
1712300 510
1712310 506
1712320 503
1712330 500
1712340 497
1712350 494
1712360 491
1712370 488
1712380 485
1712390 483
1712400 480
1712410 477
1712420 475
1712430 472
1712440 469
1712450 467
1712460 464
1712470 461
1712480 458
1712490 455
1712500 452
1712510 449
1712520 446
1712530 444
1712540 442
1712550 441
1712560 440
1712570 440
1712580 441
1712590 442
1712600 444
1712610 446
1712620 447
1712630 448
1712640 447
1712650 445
1712660 444
1712670 442
1712680 442
1712690 442
1712700 442
1712710 443
1712720 444
1712730 445
1712740 448
1712750 451
1712760 454
1712770 458
1712780 461
1712790 464
1712800 467
1712810 470
1712820 473
1712830 476
1712840 479
1712850 483
1712860 486
1712870 489
1712880 492
1712890 496
1712900 499
1712910 503
1712920 506
1712930 509
1712940 511
1712950 513
1712960 515
1712970 517
1712980 520
1712990 522
1713000 525
1713010 528
1713020 531
1713030 533
1713040 536
1713050 539
1713060 542
1713070 544
1713080 547
1713090 550
1713100 553
1713110 556
1713120 559
1713130 563
1713140 565
1713150 566
1713160 567
1713170 568
1713180 569
1713190 572
1713200 575
1713210 580
1713220 583
1713230 585
1713240 587
1713250 588
1713260 590
1713270 592
1713280 595
1713290 597
1713300 600
1713310 602
1713320 605
1713330 607
1713340 609
1713350 612
1713360 614
1713370 616
1713380 617
1713390 618
1713400 620
1713410 621
1713420 622
1713430 622
1713440 623
1713450 624
1713460 624
1713470 625
1713480 625
1713490 625
1713500 625
1713510 625
1713520 625
1713530 624
1713540 623
1713550 623
1713560 623
1713570 623
1713580 623
1713590 624
1713600 624
1713610 624
1713620 624
1713630 624
1713640 624
1713650 625
1713660 625
1713670 626
1713680 626
1713690 627
1713700 627
1713710 628
1713720 628
1713730 629
1713740 630
1713750 631
1713760 632
1713770 633
1713780 634
1713790 634
1713800 635
1713810 636
1713820 637
1713830 638
1713840 639
1713850 640
1713860 640
1713870 641
1713880 642
1713890 642
1713900 642
1713910 643
1713920 643
1713930 643
1713940 644
1713950 644
1713960 644
1713970 644
1713980 645
1713990 645
1714000 645
1714010 645
1714020 644
1714030 644
1714040 643
1714050 643
1714060 641
1714070 639
1714080 637
1714090 634
1714100 631
1714110 628
1714120 626
1714130 623
1714140 620
1714150 618
1714160 615
1714170 613
1714180 609
1714190 606
1714200 603
1714210 600
1714220 598
1714230 596
1714240 595
1714250 595
1714260 595
1714270 595
1714280 595
1714290 596
1714300 596
1714310 597
1714320 597
1714330 597
1714340 596
1714350 596
1714360 596
1714370 598
1714380 599
1714390 601
1714400 603
1714410 604
1714420 606
1714430 608
1714440 610
1714450 611
1714460 613
1714470 614
1714480 616
1714490 617
1714500 619
1714510 621
1714520 622
1714530 624
1714540 625
1714550 626
1714560 628
1714570 629
1714580 631
1714590 632
1714600 633
1714610 634
1714620 634
1714630 635
1714640 635
1714650 635
1714660 634
1714670 634
1714680 634
1714690 633
1714700 632
1714710 631
1714720 630
1714730 629
1714740 628
1714750 627
1714760 626
1714770 625
1714780 624
1714790 622
1714800 622
1714810 621
1714820 620
1714830 619
1714840 619
1714850 618
1714860 617
1714870 617
1714880 616
1714890 616
1714900 616
1714910 615
1714920 615
1714930 615
1714940 614
1714950 614
1714960 614
1714970 614
1714980 614
1714990 615
1715000 615
1715010 615
1715020 615
1715030 615
1715040 615
1715050 614
1715060 614
1715070 613
1715080 613
1715090 612
1715100 611
1715110 610
1715120 609
1715130 608
1715140 607
1715150 606
1715160 606
1715170 606
1715180 607
1715190 608
1715200 609
1715210 611
1715220 612
1715230 614
1715240 616
1715250 618
1715260 620
1715270 623
1715280 625
1715290 628
1715300 630
1715310 632
1715320 634
1715330 637
1715340 639
1715350 642
1715360 644
1715370 647
1715380 650
1715390 652
1715400 655
1715410 657
1715420 660
1715430 662
1715440 665
1715450 667
1715460 670
1715470 672
1715480 674
1715490 676
1715500 678
1715510 680
1715520 682
1715530 684
1715540 685
1715550 687
1715560 688
1715570 689
1715580 689
1715590 690
1715600 690
1715610 691
1715620 692
1715630 692
1715640 693
1715650 693
1715660 693
1715670 693
1715680 694
1715690 694
1715700 694
1715710 694
1715720 693
1715730 693
1715740 693
1715750 693
1715760 692
1715770 692
1715780 692
1715790 691
1715800 691
1715810 690
1715820 689
1715830 688
1715840 687
1715850 686
1715860 685
1715870 683
1715880 682
1715890 680
1715900 678
1715910 675
1715920 672
1715930 670
1715940 667
1715950 664
1715960 661
1715970 658
1715980 656
1715990 653
1716000 651
1716010 648
1716020 644
1716030 640
1716040 635
1716050 631
1716060 626
1716070 622
1716080 618
1716090 615
1716100 611
1716110 608
1716120 604
1716130 601
1716140 597
1716150 594
1716160 590
1716170 586
1716180 583
1716190 579
1716200 575
1716210 572
1716220 568
1716230 565
1716240 562
1716250 559
1716260 555
1716270 552
1716280 549
1716290 546
1716300 542
1716310 539
1716320 536
1716330 533
1716340 531
1716350 529
1716360 528
1716370 528
1716380 528
1716390 528
1716400 529
1716410 530
1716420 531
1716430 532
1716440 533
1716450 534
1716460 535
1716470 536
1716480 537
1716490 539
1716500 540
1716510 541
1716520 542
1716530 543
1716540 544
1716550 545
1716560 546
1716570 547
1716580 548
1716590 549
1716600 550
1716610 551
1716620 552
1716630 552
1716640 552
1716650 553
1716660 553
1716670 554
1716680 554
1716690 555
1716700 555
1716710 555
1716720 556
1716730 556
1716740 557
1716750 558
1716760 558
1716770 558
1716780 558
1716790 559
1716800 559
1716810 559
1716820 559
1716830 559
1716840 559
1716850 558
1716860 556
1716870 553
1716880 550
1716890 546
1716900 542
1716910 538
1716920 534
1716930 530
1716940 526
1716950 522
1716960 518
1716970 514
1716980 511
1716990 508
1717000 506
1717010 505
1717020 504
1717030 506
1717040 508
1717050 510
1717060 513
1717070 517
1717080 520
1717090 523
1717100 526
1717110 529
1717120 533
1717130 536
1717140 539
1717150 542
1717160 545
1717170 548
1717180 552
1717190 555
1717200 559
1717210 562
1717220 565
1717230 568
1717240 571
1717250 574
1717260 577
1717270 580
1717280 583
1717290 585
1717300 587
1717310 589
1717320 591
1717330 592
1717340 594
1717350 595
1717360 596
1717370 597
1717380 597
1717390 597
1717400 596
1717410 596
1717420 595
1717430 595
1717440 594
1717450 593
1717460 592
1717470 591
1717480 590
1717490 589
1717500 588
1717510 587
1717520 586
1717530 585
1717540 584
1717550 583
1717560 582
1717570 581
1717580 581
1717590 580
1717600 579
1717610 578
1717620 577
1717630 576
1717640 575
1717650 574
1717660 572
1717670 571
1717680 570
1717690 569
1717700 568
1717710 567
1717720 566
1717730 565
1717740 563
1717750 562
1717760 561
1717770 559
1717780 558
1717790 556
1717800 555
1717810 553
1717820 551
1717830 549
1717840 547
1717850 544
1717860 541
1717870 538
1717880 534
1717890 531
1717900 528
1717910 526
1717920 523
1717930 520
1717940 516
1717950 513
1717960 510
1717970 508
1717980 506
1717990 503
1718000 501
1718010 499
1718020 498
1718030 496
1718040 495
1718050 493
1718060 492
1718070 491
1718080 490
1718090 489
1718100 487
1718110 485
1718120 484
1718130 483
1718140 481
1718150 480
1718160 479
1718170 478
1718180 476
1718190 475
1718200 473
1718210 472
1718220 470
1718230 469
1718240 468
1718250 466
1718260 465
1718270 464
1718280 463
1718290 462
1718300 461
1718310 460
1718320 459
1718330 457
1718340 456
1718350 454
1718360 453
1718370 451
1718380 449
1718390 448
1718400 446
1718410 444
1718420 442
1718430 440
1718440 437
1718450 435
1718460 433
1718470 430
1718480 428
1718490 427
1718500 425
1718510 424
1718520 423
1718530 422
1718540 421
1718550 420
1718560 419
1718570 418
1718580 417
1718590 416
1718600 415
1718610 414
1718620 413
1718630 412
1718640 411
1718650 410
1718660 408
1718670 407
1718680 405
1718690 404
1718700 403
1718710 402
1718720 400
1718730 399
1718740 398
1718750 397
1718760 397
1718770 396
1718780 395
1718790 395
1718800 394
1718810 393
1718820 393
1718830 392
1718840 392
1718850 391
1718860 391
1718870 390
1718880 390
1718890 390
1718900 389
1718910 389
1718920 389
1718930 389
1718940 389
1718950 389
1718960 389
1718970 390
1718980 390
1718990 391
1719000 391
1719010 391
1719020 392
1719030 392
1719040 392
1719050 393
1719060 393
1719070 393
1719080 393
1719090 393
1719100 393
1719110 393
1719120 393
1719130 393
1719140 393
1719150 392
1719160 392
1719170 392
1719180 392
1719190 392
1719200 392
1719210 393
1719220 393
1719230 394
1719240 395
1719250 395
1719260 395
1719270 395
1719280 395
1719290 395
1719300 395
1719310 395
1719320 394
1719330 394
1719340 393
1719350 392
1719360 391
1719370 390
1719380 389
1719390 388
1719400 388
1719410 389
1719420 389
1719430 389
1719440 389
1719450 389
1719460 389
1719470 389
1719480 389
1719490 388
1719500 388
1719510 388
1719520 388
1719530 388
1719540 389
1719550 389
1719560 389
1719570 389
1719580 389
1719590 389
1719600 388
1719610 388
1719620 387
1719630 387
1719640 386
1719650 385
1719660 384
1719670 383
1719680 382
1719690 382
1719700 381
1719710 380
1719720 380
1719730 379
1719740 379
1719750 379
1719760 378
1719770 378
1719780 377
1719790 377
1719800 376
1719810 376
1719820 375
1719830 375
1719840 375
1719850 374
1719860 374
1719870 374
1719880 373
1719890 373
1719900 372
1719910 372
1719920 371
1719930 368
1719940 364
1719950 360
1719960 357
1719970 355
1719980 353
1719990 351
