1700000 347
1700010 346
1700020 346
1700030 345
1700040 345
1700050 344
1700060 344
1700070 343
1700080 342
1700090 342
1700100 341
1700110 341
1700120 341
1700130 341
1700140 340
1700150 340
1700160 340
1700170 340
1700180 340
1700190 340
1700200 340
1700210 340
1700220 340
1700230 340
1700240 340
1700250 340
1700260 340
1700270 340
1700280 339
1700290 339
1700300 339
1700310 339
1700320 338
1700330 338
1700340 338
1700350 338
1700360 337
1700370 337
1700380 337
1700390 337
1700400 337
1700410 337
1700420 337
1700430 337
1700440 337
1700450 336
1700460 336
1700470 336
1700480 336
1700490 336
1700500 336
1700510 336
1700520 336
1700530 336
1700540 337
1700550 336
1700560 336
1700570 336
1700580 336
1700590 337
1700600 337
1700610 337
1700620 337
1700630 337
1700640 338
1700650 338
1700660 338
1700670 338
1700680 339
1700690 339
1700700 339
1700710 339
1700720 340
1700730 340
1700740 340
1700750 340
1700760 341
1700770 341
1700780 341
1700790 342
1700800 342
1700810 342
1700820 342
1700830 342
1700840 342
1700850 342
1700860 342
1700870 342
1700880 342
1700890 342
1700900 342
1700910 342
1700920 342
1700930 342
1700940 342
1700950 342
1700960 342
1700970 342
1700980 342
1700990 342
1701000 342
1701010 342
1701020 342
1701030 342
1701040 342
1701050 342
1701060 342
1701070 342
1701080 342
1701090 342
1701100 341
1701110 341
1701120 341
1701130 341
1701140 342
1701150 342
1701160 343
1701170 343
1701180 344
1701190 344
1701200 344
1701210 344
1701220 344
1701230 344
1701240 344
1701250 345
1701260 345
1701270 345
1701280 345
1701290 345
1701300 345
1701310 345
1701320 345
1701330 346
1701340 346
1701350 346
1701360 346
1701370 346
1701380 346
1701390 346
1701400 346
1701410 346
1701420 346
1701430 346
1701440 346
1701450 345
1701460 345
1701470 345
1701480 345
1701490 344
1701500 344
1701510 344
1701520 344
1701530 345
1701540 345
1701550 345
1701560 345
1701570 346
1701580 346
1701590 346
1701600 346
1701610 346
1701620 346
1701630 345
1701640 345
1701650 345
1701660 345
1701670 345
1701680 346
1701690 346
1701700 347
1701710 347
1701720 347
1701730 348
1701740 348
1701750 348
1701760 348
1701770 349
1701780 349
1701790 349
1701800 349
1701810 349
1701820 350
1701830 350
1701840 350
1701850 350
1701860 350
1701870 350
1701880 350
1701890 350
1701900 350
1701910 350
1701920 349
1701930 349
1701940 349
1701950 349
1701960 349
1701970 349
1701980 349
1701990 348
1702000 348
1702010 348
1702020 348
1702030 347
1702040 347
1702050 347
1702060 346
1702070 346
1702080 346
1702090 345
1702100 345
1702110 344
1702120 344
1702130 343
1702140 342
1702150 341
1702160 340
1702170 340
1702180 340
1702190 340
1702200 341
1702210 341
1702220 341
1702230 341
1702240 341
1702250 341
1702260 341
1702270 341
1702280 341
1702290 341
1702300 341
1702310 341
1702320 341
1702330 341
1702340 341
1702350 341
1702360 340
1702370 341
1702380 341
1702390 341
1702400 342
1702410 343
1702420 343
1702430 344
1702440 344
1702450 343
1702460 343
1702470 343
1702480 342
1702490 342
1702500 342
1702510 342
1702520 343
1702530 343
1702540 343
1702550 343
1702560 343
1702570 343
1702580 344
1702590 344
1702600 344
1702610 344
1702620 344
1702630 344
1702640 344
1702650 344
1702660 345
1702670 346
1702680 346
1702690 346
1702700 347
1702710 347
1702720 347
1702730 348
1702740 349
1702750 349
1702760 350
1702770 351
1702780 352
1702790 352
1702800 352
1702810 353
1702820 353
1702830 353
1702840 354
1702850 354
1702860 354
1702870 354
1702880 354
1702890 354
1702900 354
1702910 353
1702920 353
1702930 353
1702940 353
1702950 353
1702960 353
1702970 353
1702980 353
1702990 354
1703000 354
1703010 354
1703020 354
1703030 354
1703040 354
1703050 355
1703060 355
1703070 356
1703080 356
1703090 357
1703100 357
1703110 358
1703120 359
1703130 359
1703140 360
1703150 361
1703160 362
1703170 363
1703180 363
1703190 364
1703200 365
1703210 366
1703220 366
1703230 367
1703240 367
1703250 367
1703260 368
1703270 368
1703280 369
1703290 369
1703300 369
1703310 370
1703320 370
1703330 370
1703340 370
1703350 370
1703360 370
1703370 370
1703380 370
1703390 370
1703400 370
1703410 370
1703420 370
1703430 370
1703440 371
1703450 371
1703460 371
1703470 371
1703480 371
1703490 372
1703500 372
1703510 372
1703520 372
1703530 372
1703540 372
1703550 371
1703560 370
1703570 370
1703580 370
1703590 370
1703600 369
1703610 369
1703620 369
1703630 369
1703640 369
1703650 369
1703660 368
1703670 367
1703680 366
1703690 364
1703700 364
1703710 364
1703720 365
1703730 367
1703740 368
1703750 369
1703760 369
1703770 370
1703780 370
1703790 371
1703800 372
1703810 373
1703820 374
1703830 375
1703840 376
1703850 377
1703860 377
1703870 377
1703880 378
1703890 378
1703900 379
1703910 379
1703920 380
1703930 380
1703940 381
1703950 381
1703960 381
1703970 381
1703980 381
1703990 381
1704000 381
1704010 380
1704020 380
1704030 380
1704040 381
1704050 381
1704060 381
1704070 382
1704080 382
1704090 381
1704100 381
1704110 383
1704120 383
1704130 384
1704140 384
1704150 384
1704160 384
1704170 384
1704180 384
1704190 384
1704200 384
1704210 384
1704220 384
1704230 384
1704240 384
1704250 385
1704260 385
1704270 385
1704280 386
1704290 386
1704300 386
1704310 386
1704320 386
1704330 386
1704340 386
1704350 386
1704360 386
1704370 386
1704380 386
1704390 385
1704400 385
1704410 385
1704420 386
1704430 386
1704440 386
1704450 386
1704460 386
1704470 387
1704480 387
1704490 388
1704500 388
1704510 389
1704520 389
1704530 388
1704540 389
1704550 389
1704560 389
1704570 389
1704580 389
1704590 389
1704600 390
1704610 390
1704620 390
1704630 390
1704640 391
1704650 391
1704660 391
1704670 391
1704680 391
1704690 391
1704700 391
1704710 391
1704720 391
1704730 391
1704740 391
1704750 390
1704760 390
1704770 389
1704780 389
1704790 389
1704800 389
1704810 389
1704820 388
1704830 387
1704840 387
1704850 386
1704860 385
1704870 383
1704880 382
1704890 381
1704900 380
1704910 379
1704920 378
1704930 376
1704940 375
1704950 374
1704960 373
1704970 372
1704980 372
1704990 371
1705000 370
1705010 369
1705020 368
1705030 368
1705040 367
1705050 366
1705060 366
1705070 365
1705080 365
1705090 364
1705100 363
1705110 362
1705120 361
1705130 360
1705140 359
1705150 358
1705160 357
1705170 356
1705180 355
1705190 354
1705200 353
1705210 352
1705220 351
1705230 349
1705240 348
1705250 347
1705260 346
1705270 346
1705280 345
1705290 344
1705300 344
1705310 343
1705320 342
1705330 341
1705340 340
1705350 339
1705360 338
1705370 335
1705380 332
1705390 331
1705400 331
1705410 333
1705420 335
1705430 336
1705440 337
1705450 337
1705460 337
1705470 338
1705480 338
1705490 337
1705500 337
1705510 337
1705520 337
1705530 338
1705540 338
1705550 339
1705560 340
1705570 341
1705580 342
1705590 343
1705600 344
1705610 346
1705620 347
1705630 349
1705640 351
1705650 353
1705660 354
1705670 356
1705680 356
1705690 357
1705700 358
1705710 359
1705720 360
1705730 361
1705740 362
1705750 363
1705760 364
1705770 365
1705780 365
1705790 366
1705800 367
1705810 368
1705820 370
1705830 371
1705840 372
1705850 373
1705860 374
1705870 375
1705880 376
1705890 377
1705900 378
1705910 380
1705920 381
1705930 382
1705940 383
1705950 384
1705960 385
1705970 387
1705980 388
1705990 389
1706000 391
1706010 392
1706020 393
1706030 395
1706040 396
1706050 397
1706060 400
1706070 402
1706080 404
1706090 407
1706100 409
1706110 411
1706120 413
1706130 416
1706140 418
1706150 419
1706160 420
1706170 420
1706180 421
1706190 421
1706200 423
1706210 426
1706220 428
1706230 429
1706240 431
1706250 432
1706260 433
1706270 434
1706280 436
1706290 438
1706300 439
1706310 441
1706320 442
1706330 442
1706340 443
1706350 443
1706360 444
1706370 444
1706380 445
1706390 445
1706400 446
1706410 447
1706420 448
1706430 448
1706440 449
1706450 450
1706460 451
1706470 451
1706480 452
1706490 453
1706500 454
1706510 455
1706520 456
1706530 456
1706540 457
1706550 458
1706560 458
1706570 459
1706580 460
1706590 460
1706600 460
1706610 461
1706620 461
1706630 461
1706640 462
1706650 462
1706660 463
1706670 463
1706680 464
1706690 465
1706700 466
1706710 467
1706720 469
1706730 470
1706740 472
1706750 473
1706760 475
1706770 477
1706780 478
1706790 480
1706800 481
1706810 482
1706820 483
1706830 484
1706840 486
1706850 486
1706860 487
1706870 487
1706880 488
1706890 489
1706900 489
1706910 490
1706920 490
1706930 490
1706940 490
1706950 490
1706960 491
1706970 492
1706980 493
1706990 494
1707000 495
1707010 496
1707020 497
1707030 498
1707040 499
1707050 499
1707060 500
1707070 501
1707080 502
1707090 503
1707100 504
1707110 505
1707120 506
1707130 508
1707140 509
1707150 510
1707160 511
1707170 512
1707180 513
1707190 514
1707200 515
1707210 515
1707220 516
1707230 516
1707240 516
1707250 515
1707260 515
1707270 514
1707280 514
1707290 515
1707300 516
1707310 517
1707320 517
1707330 517
1707340 517
1707350 518
1707360 518
1707370 518
1707380 518
1707390 519
1707400 519
1707410 520
1707420 520
1707430 520
1707440 520
1707450 520
1707460 521
1707470 521
1707480 522
1707490 522
1707500 523
1707510 523
1707520 523
1707530 523
1707540 524
1707550 524
1707560 525
1707570 525
1707580 526
1707590 526
1707600 527
1707610 527
1707620 528
1707630 528
1707640 528
1707650 528
1707660 528
1707670 529
1707680 529
1707690 530
1707700 530
1707710 530
1707720 531
1707730 531
1707740 531
1707750 532
1707760 532
1707770 531
1707780 531
1707790 530
1707800 529
1707810 529
1707820 529
1707830 529
1707840 529
1707850 529
1707860 529
1707870 529
1707880 530
1707890 530
1707900 529
1707910 529
1707920 529
1707930 530
1707940 531
1707950 531
1707960 531
1707970 532
1707980 532
1707990 533
1708000 533
1708010 533
1708020 533
1708030 533
1708040 534
1708050 534
1708060 534
1708070 534
1708080 535
1708090 536
1708100 537
1708110 537
1708120 538
1708130 538
1708140 539
1708150 539
1708160 540
1708170 541
1708180 542
1708190 543
1708200 544
1708210 546
1708220 547
1708230 548
1708240 548
1708250 549
1708260 549
1708270 549
1708280 549
1708290 548
1708300 547
1708310 547
1708320 546
1708330 545
1708340 544
1708350 543
1708360 541
1708370 540
1708380 539
1708390 538
1708400 537
1708410 536
1708420 534
1708430 532
1708440 531
1708450 529
1708460 528
1708470 526
1708480 525
1708490 524
1708500 522
1708510 521
1708520 520
1708530 520
1708540 519
1708550 519
1708560 518
1708570 517
1708580 515
1708590 515
1708600 514
1708610 514
1708620 514
1708630 513
1708640 513
1708650 513
1708660 513
1708670 513
1708680 512
1708690 512
1708700 512
1708710 511
1708720 511
1708730 511
1708740 511
1708750 511
1708760 510
1708770 510
1708780 509
1708790 509
1708800 508
1708810 509
1708820 509
1708830 509
1708840 510
1708850 510
1708860 510
1708870 510
1708880 510
1708890 510
1708900 510
1708910 510
1708920 510
1708930 510
1708940 510
1708950 510
1708960 510
1708970 511
1708980 511
1708990 511
1709000 512
1709010 512
1709020 513
1709030 514
1709040 514
1709050 515
1709060 515
1709070 516
1709080 517
1709090 518
1709100 518
1709110 519
1709120 520
1709130 521
1709140 521
1709150 522
1709160 522
1709170 522
1709180 522
1709190 522
1709200 522
1709210 522
1709220 521
1709230 521
1709240 520
1709250 520
1709260 519
1709270 518
1709280 518
1709290 517
1709300 517
1709310 517
1709320 517
1709330 517
1709340 517
1709350 517
1709360 517
1709370 516
1709380 516
1709390 517
1709400 517
1709410 518
1709420 518
1709430 519
1709440 520
1709450 520
1709460 521
1709470 521
1709480 521
1709490 522
1709500 522
1709510 522
1709520 522
1709530 523
1709540 523
1709550 523
1709560 523
1709570 524
1709580 524
1709590 525
1709600 525
1709610 526
1709620 527
1709630 527
1709640 528
1709650 529
1709660 530
1709670 531
1709680 532
1709690 533
1709700 533
1709710 534
1709720 535
1709730 536
1709740 537
1709750 537
1709760 538
1709770 539
1709780 539
1709790 540
1709800 540
1709810 540
1709820 541
1709830 541
1709840 541
1709850 541
1709860 541
1709870 541
1709880 541
1709890 540
1709900 540
1709910 540
1709920 540
1709930 540
1709940 540
1709950 540
1709960 540
1709970 540
1709980 539
1709990 539
1710000 539
1710010 539
1710020 539
1710030 539
1710040 539
1710050 539
1710060 539
1710070 539
1710080 539
1710090 540
1710100 540
1710110 541
1710120 541
1710130 542
1710140 542
1710150 542
1710160 543
1710170 543
1710180 543
1710190 543
1710200 544
1710210 544
1710220 544
1710230 544
1710240 544
1710250 544
1710260 544
1710270 544
1710280 544
1710290 543
1710300 543
1710310 543
1710320 543
1710330 542
1710340 542
1710350 540
1710360 539
1710370 538
1710380 536
1710390 535
1710400 534
1710410 533
1710420 533
1710430 533
1710440 532
1710450 531
1710460 530
1710470 529
1710480 528
1710490 528
1710500 527
1710510 527
1710520 527
1710530 527
1710540 527
1710550 527
1710560 527
1710570 526
1710580 527
1710590 527
1710600 528
1710610 528
1710620 528
1710630 529
1710640 529
1710650 529
1710660 529
1710670 529
1710680 529
1710690 529
1710700 529
1710710 529
1710720 528
1710730 528
1710740 528
1710750 527
1710760 528
1710770 528
1710780 528
1710790 528
1710800 528
1710810 529
1710820 530
1710830 531
1710840 532
1710850 533
1710860 533
1710870 533
1710880 533
1710890 533
1710900 533
1710910 533
1710920 533
1710930 533
1710940 534
1710950 534
1710960 535
1710970 535
1710980 536
1710990 536
1711000 537
1711010 537
1711020 536
1711030 536
1711040 535
1711050 535
1711060 534
1711070 534
1711080 534
1711090 533
1711100 533
1711110 533
1711120 533
1711130 533
1711140 532
1711150 532
1711160 532
1711170 531
1711180 530
1711190 530
1711200 529
1711210 527
1711220 526
1711230 525
1711240 524
1711250 523
1711260 522
1711270 521
1711280 519
1711290 518
1711300 517
1711310 516
1711320 515
1711330 514
1711340 512
1711350 511
1711360 509
1711370 508
1711380 506
1711390 505
1711400 503
1711410 502
1711420 500
1711430 499
1711440 497
1711450 495
1711460 493
1711470 491
1711480 489
1711490 486
1711500 484
1711510 482
1711520 480
1711530 479
1711540 477
1711550 476
1711560 475
1711570 474
1711580 472
1711590 470
1711600 468
1711610 467
1711620 466
1711630 466
1711640 465
1711650 464
1711660 463
1711670 463
1711680 461
1711690 460
1711700 459
1711710 458
1711720 457
1711730 456
1711740 455
1711750 453
1711760 452
1711770 450
1711780 448
1711790 446
1711800 443
1711810 440
1711820 437
1711830 435
1711840 433
1711850 431
1711860 429
1711870 426
1711880 423
1711890 419
1711900 415
1711910 412
1711920 409
1711930 407
1711940 404
1711950 400
1711960 396
1711970 390
1711980 386
1711990 382
1712000 380
1712010 381
1712020 381
1712030 382
1712040 382
1712050 382
1712060 382
1712070 383
1712080 383
1712090 384
1712100 385
1712110 387
1712120 389
1712130 392
1712140 396
1712150 400
1712160 404
1712170 407
1712180 411
1712190 414
1712200 418
1712210 421
1712220 425
1712230 429
1712240 433
1712250 437
1712260 441
1712270 445
1712280 449
1712290 452
1712300 456
1712310 458
1712320 461
1712330 464
1712340 468
1712350 471
1712360 473
1712370 476
1712380 478
1712390 479
1712400 480
1712410 481
1712420 481
1712430 482
1712440 482
1712450 482
1712460 482
1712470 482
1712480 482
1712490 482
1712500 482
1712510 482
1712520 481
1712530 480
1712540 479
1712550 478
1712560 478
1712570 477
1712580 476
1712590 475
1712600 474
1712610 474
1712620 473
1712630 472
1712640 471
1712650 471
1712660 470
1712670 469
1712680 468
1712690 467
1712700 467
1712710 466
1712720 465
1712730 465
1712740 463
1712750 461
1712760 458
1712770 456
1712780 454
1712790 452
1712800 451
1712810 449
1712820 448
1712830 446
1712840 445
1712850 445
1712860 447
1712870 450
1712880 453
1712890 457
1712900 461
1712910 465
1712920 467
1712930 469
1712940 472
1712950 474
1712960 476
1712970 478
1712980 480
1712990 482
1713000 484
1713010 487
1713020 490
1713030 494
1713040 497
1713050 500
1713060 504
1713070 507
1713080 510
1713090 513
1713100 516
1713110 519
1713120 522
1713130 525
1713140 528
1713150 532
1713160 535
1713170 538
1713180 541
1713190 544
1713200 547
1713210 549
1713220 551
1713230 553
1713240 555
1713250 557
1713260 558
1713270 558
1713280 559
1713290 559
1713300 559
1713310 560
1713320 560
1713330 560
1713340 560
1713350 560
1713360 559
1713370 559
1713380 559
1713390 559
1713400 558
1713410 558
1713420 558
1713430 558
1713440 557
1713450 557
1713460 557
1713470 557
1713480 556
1713490 556
1713500 556
1713510 557
1713520 557
1713530 557
1713540 557
1713550 557
1713560 557
1713570 557
1713580 557
1713590 557
1713600 557
1713610 557
1713620 557
1713630 556
1713640 556
1713650 556
1713660 555
1713670 555
1713680 554
1713690 554
1713700 553
1713710 552
1713720 551
1713730 550
1713740 550
1713750 549
1713760 548
1713770 547
1713780 546
1713790 546
1713800 545
1713810 545
1713820 544
1713830 544
1713840 543
1713850 541
1713860 540
1713870 539
1713880 539
1713890 539
1713900 538
1713910 536
1713920 535
1713930 536
1713940 536
1713950 536
1713960 535
1713970 534
1713980 534
1713990 533
1714000 533
1714010 533
1714020 533
1714030 533
1714040 534
1714050 534
1714060 535
1714070 536
1714080 536
1714090 537
1714100 538
1714110 538
1714120 539
1714130 539
1714140 539
1714150 539
1714160 539
1714170 539
1714180 539
1714190 539
1714200 539
1714210 538
1714220 537
1714230 537
1714240 536
1714250 536
1714260 535
1714270 535
1714280 534
1714290 534
1714300 534
1714310 533
1714320 533
1714330 533
1714340 532
1714350 532
1714360 532
1714370 531
1714380 531
1714390 529
1714400 527
1714410 525
1714420 522
1714430 518
1714440 515
1714450 513
1714460 515
1714470 518
1714480 520
1714490 523
1714500 526
1714510 528
1714520 530
1714530 532
1714540 534
1714550 535
1714560 536
1714570 537
1714580 538
1714590 539
1714600 540
1714610 541
1714620 542
1714630 542
1714640 543
1714650 544
1714660 545
1714670 545
1714680 546
1714690 547
1714700 548
1714710 548
1714720 549
1714730 550
1714740 551
1714750 551
1714760 552
1714770 552
1714780 553
1714790 553
1714800 554
1714810 554
1714820 555
1714830 555
1714840 555
1714850 555
1714860 555
1714870 555
1714880 555
1714890 556
1714900 556
1714910 556
1714920 556
1714930 556
1714940 557
1714950 558
1714960 560
1714970 561
1714980 562
1714990 562
1715000 562
1715010 563
1715020 563
1715030 563
1715040 563
1715050 563
1715060 563
1715070 563
1715080 562
1715090 562
1715100 561
1715110 561
1715120 560
1715130 560
1715140 559
1715150 559
1715160 558
1715170 558
1715180 557
1715190 557
1715200 556
1715210 555
1715220 554
1715230 553
1715240 552
1715250 551
1715260 550
1715270 549
1715280 548
1715290 547
1715300 546
1715310 545
1715320 543
1715330 542
1715340 541
1715350 540
1715360 538
1715370 537
1715380 537
1715390 535
1715400 534
1715410 533
1715420 532
1715430 530
1715440 527
1715450 526
1715460 524
1715470 523
1715480 521
1715490 520
1715500 518
1715510 516
1715520 514
1715530 512
1715540 510
1715550 508
1715560 506
1715570 504
1715580 501
1715590 499
1715600 497
1715610 495
1715620 494
1715630 492
1715640 490
1715650 489
1715660 487
1715670 487
1715680 486
1715690 486
1715700 485
1715710 484
1715720 483
1715730 482
1715740 481
1715750 481
1715760 481
1715770 480
1715780 479
1715790 478
1715800 478
1715810 477
1715820 476
1715830 475
1715840 475
1715850 475
1715860 475
1715870 474
1715880 474
1715890 473
1715900 471
1715910 470
1715920 470
1715930 469
1715940 469
1715950 468
1715960 469
1715970 468
1715980 467
1715990 466
1716000 466
1716010 465
1716020 465
1716030 465
1716040 464
1716050 464
1716060 464
1716070 464
1716080 463
1716090 463
1716100 462
1716110 461
1716120 461
1716130 460
1716140 460
1716150 460
1716160 459
1716170 459
1716180 459
1716190 458
1716200 458
1716210 459
1716220 460
1716230 460
1716240 460
1716250 459
1716260 458
1716270 457
1716280 458
1716290 458
1716300 458
1716310 458
1716320 458
1716330 459
1716340 459
1716350 460
1716360 461
1716370 462
1716380 464
1716390 465
1716400 466
1716410 467
1716420 467
1716430 468
1716440 469
1716450 470
1716460 470
1716470 471
1716480 472
1716490 473
1716500 474
1716510 475
1716520 476
1716530 477
1716540 478
1716550 479
1716560 480
1716570 481
1716580 482
1716590 483
1716600 484
1716610 484
1716620 485
1716630 484
1716640 482
1716650 480
1716660 477
1716670 474
1716680 472
1716690 470
1716700 469
1716710 468
1716720 467
1716730 466
1716740 465
1716750 464
1716760 463
1716770 461
1716780 460
1716790 459
1716800 457
1716810 456
1716820 454
1716830 453
1716840 451
1716850 450
1716860 449
1716870 448
1716880 447
1716890 446
1716900 445
1716910 444
1716920 444
1716930 443
1716940 441
1716950 440
1716960 438
1716970 437
1716980 437
1716990 436
1717000 435
1717010 434
1717020 433
1717030 432
1717040 431
1717050 431
1717060 431
1717070 430
1717080 430
1717090 430
1717100 429
1717110 429
1717120 428
1717130 428
1717140 427
1717150 426
1717160 426
1717170 426
1717180 425
1717190 425
1717200 425
1717210 424
1717220 424
1717230 424
1717240 424
1717250 424
1717260 424
1717270 423
1717280 423
1717290 423
1717300 422
1717310 422
1717320 422
1717330 422
1717340 422
1717350 421
1717360 421
1717370 421
1717380 420
1717390 420
1717400 420
1717410 420
1717420 419
1717430 419
1717440 419
1717450 419
1717460 419
1717470 419
1717480 419
1717490 419
1717500 418
1717510 418
1717520 418
1717530 417
1717540 417
1717550 417
1717560 417
1717570 417
1717580 417
1717590 417
1717600 417
1717610 417
1717620 417
1717630 416
1717640 416
1717650 416
1717660 416
1717670 416
1717680 416
1717690 416
1717700 416
1717710 416
1717720 416
1717730 416
1717740 416
1717750 417
1717760 417
1717770 418
1717780 418
1717790 417
1717800 417
1717810 418
1717820 418
1717830 419
1717840 419
1717850 419
1717860 419
1717870 419
1717880 419
1717890 420
1717900 420
1717910 420
1717920 420
1717930 420
1717940 421
1717950 421
1717960 421
1717970 421
1717980 422
1717990 422
1718000 423
1718010 424
1718020 424
1718030 425
1718040 425
1718050 426
1718060 426
1718070 427
1718080 428
1718090 428
1718100 429
1718110 429
1718120 430
1718130 430
1718140 430
1718150 430
1718160 429
1718170 428
1718180 427
1718190 426
1718200 425
1718210 424
1718220 423
1718230 423
1718240 422
1718250 421
1718260 421
1718270 420
1718280 419
1718290 419
1718300 419
1718310 418
1718320 419
1718330 419
1718340 419
1718350 420
1718360 420
1718370 420
1718380 422
1718390 423
1718400 424
1718410 425
1718420 427
1718430 428
1718440 429
1718450 430
1718460 430
1718470 431
1718480 432
1718490 433
1718500 434
1718510 434
1718520 435
1718530 436
1718540 437
1718550 438
1718560 438
1718570 439
1718580 440
1718590 440
1718600 441
1718610 442
1718620 442
1718630 443
1718640 443
1718650 444
1718660 445
1718670 445
1718680 446
1718690 446
1718700 447
1718710 448
1718720 448
1718730 449
1718740 450
1718750 450
1718760 451
1718770 452
1718780 452
1718790 453
1718800 454
1718810 454
1718820 454
1718830 454
1718840 454
1718850 454
1718860 454
1718870 454
1718880 454
1718890 454
1718900 453
1718910 453
1718920 452
1718930 452
1718940 451
1718950 451
1718960 450
1718970 449
1718980 449
1718990 448
1719000 447
1719010 447
1719020 446
1719030 446
1719040 445
1719050 445
1719060 444
1719070 444
1719080 443
1719090 443
1719100 442
1719110 442
1719120 441
1719130 440
1719140 440
1719150 439
1719160 438
1719170 437
1719180 436
1719190 435
1719200 435
1719210 434
1719220 433
1719230 432
1719240 431
1719250 430
1719260 429
1719270 427
1719280 426
1719290 426
1719300 426
1719310 427
1719320 426
1719330 426
1719340 425
1719350 425
1719360 425
1719370 424
1719380 424
1719390 423
1719400 423
1719410 422
1719420 421
1719430 421
1719440 421
1719450 420
1719460 420
1719470 420
1719480 420
1719490 420
1719500 419
1719510 419
1719520 419
1719530 419
1719540 419
1719550 418
1719560 418
1719570 418
1719580 418
1719590 418
1719600 417
1719610 417
1719620 417
1719630 416
1719640 416
1719650 416
1719660 415
1719670 415
1719680 415
1719690 414
1719700 414
1719710 414
1719720 414
1719730 413
1719740 413
1719750 413
1719760 412
1719770 412
1719780 412
1719790 412
1719800 412
1719810 411
1719820 411
1719830 411
1719840 411
1719850 410
1719860 410
1719870 409
1719880 409
1719890 408
1719900 408
1719910 407
1719920 407
1719930 407
1719940 407
1719950 407
1719960 407
1719970 406
1719980 406
1719990 406
