1700000 365
1700010 365
1700020 365
1700030 365
1700040 365
1700050 365
1700060 365
1700070 365
1700080 365
1700090 365
1700100 365
1700110 365
1700120 365
1700130 365
1700140 365
1700150 365
1700160 364
1700170 364
1700180 364
1700190 364
1700200 364
1700210 364
1700220 363
1700230 363
1700240 363
1700250 363
1700260 363
1700270 363
1700280 363
1700290 362
1700300 362
1700310 362
1700320 362
1700330 362
1700340 362
1700350 361
1700360 361
1700370 361
1700380 360
1700390 360
1700400 360
1700410 359
1700420 359
1700430 359
1700440 359
1700450 358
1700460 358
1700470 358
1700480 357
1700490 357
1700500 356
1700510 356
1700520 356
1700530 355
1700540 355
1700550 355
1700560 354
1700570 354
1700580 354
1700590 354
1700600 354
1700610 353
1700620 353
1700630 352
1700640 352
1700650 352
1700660 351
1700670 351
1700680 351
1700690 350
1700700 350
1700710 350
1700720 349
1700730 349
1700740 348
1700750 348
1700760 348
1700770 347
1700780 347
1700790 346
1700800 346
1700810 345
1700820 345
1700830 344
1700840 343
1700850 342
1700860 341
1700870 340
1700880 340
1700890 339
1700900 338
1700910 337
1700920 336
1700930 335
1700940 334
1700950 334
1700960 333
1700970 332
1700980 332
1700990 332
1701000 331
1701010 331
1701020 331
1701030 331
1701040 331
1701050 331
1701060 331
1701070 331
1701080 331
1701090 331
1701100 331
1701110 331
1701120 331
1701130 331
1701140 331
1701150 331
1701160 330
1701170 330
1701180 330
1701190 330
1701200 330
1701210 329
1701220 329
1701230 330
1701240 330
1701250 329
1701260 329
1701270 329
1701280 329
1701290 330
1701300 330
1701310 329
1701320 329
1701330 328
1701340 328
1701350 328
1701360 328
1701370 328
1701380 328
1701390 328
1701400 328
1701410 328
1701420 329
1701430 328
1701440 328
1701450 328
1701460 328
1701470 327
1701480 327
1701490 328
1701500 329
1701510 329
1701520 329
1701530 329
1701540 329
1701550 328
1701560 328
1701570 328
1701580 328
1701590 328
1701600 328
1701610 328
1701620 328
1701630 328
1701640 328
1701650 328
1701660 328
1701670 328
1701680 328
1701690 328
1701700 328
1701710 328
1701720 328
1701730 328
1701740 328
1701750 327
1701760 327
1701770 327
1701780 327
1701790 327
1701800 327
1701810 326
1701820 326
1701830 326
1701840 326
1701850 326
1701860 326
1701870 326
1701880 327
1701890 326
1701900 326
1701910 326
1701920 326
1701930 326
1701940 326
1701950 325
1701960 325
1701970 325
1701980 325
1701990 325
1702000 325
1702010 325
1702020 325
1702030 325
1702040 326
1702050 326
1702060 326
1702070 326
1702080 326
1702090 326
1702100 326
1702110 327
1702120 327
1702130 326
1702140 326
1702150 325
1702160 325
1702170 326
1702180 326
1702190 327
1702200 327
1702210 327
1702220 327
1702230 327
1702240 327
1702250 327
1702260 327
1702270 327
1702280 327
1702290 327
1702300 327
1702310 327
1702320 327
1702330 328
1702340 328
1702350 328
1702360 328
1702370 328
1702380 328
1702390 328
1702400 328
1702410 328
1702420 327
1702430 327
1702440 327
1702450 327
1702460 327
1702470 327
1702480 327
1702490 328
1702500 328
1702510 328
1702520 328
1702530 328
1702540 328
1702550 328
1702560 328
1702570 328
1702580 328
1702590 329
1702600 329
1702610 329
1702620 329
1702630 330
1702640 330
1702650 330
1702660 331
1702670 331
1702680 332
1702690 332
1702700 332
1702710 333
1702720 333
1702730 333
1702740 333
1702750 333
1702760 334
1702770 334
1702780 334
1702790 334
1702800 334
1702810 334
1702820 334
1702830 334
1702840 335
1702850 335
1702860 335
1702870 335
1702880 335
1702890 335
1702900 334
1702910 334
1702920 334
1702930 334
1702940 334
1702950 333
1702960 333
1702970 333
1702980 332
1702990 332
1703000 331
1703010 331
1703020 331
1703030 331
1703040 331
1703050 331
1703060 330
1703070 330
1703080 330
1703090 330
1703100 330
1703110 330
1703120 330
1703130 330
1703140 330
1703150 329
1703160 329
1703170 329
1703180 329
1703190 329
1703200 329
1703210 330
1703220 330
1703230 331
1703240 333
1703250 334
1703260 335
1703270 336
1703280 337
1703290 339
1703300 340
1703310 341
1703320 342
1703330 343
1703340 344
1703350 345
1703360 346
1703370 347
1703380 348
1703390 349
1703400 349
1703410 350
1703420 351
1703430 351
1703440 352
1703450 352
1703460 352
1703470 352
1703480 353
1703490 353
1703500 353
1703510 353
1703520 353
1703530 353
1703540 353
1703550 353
1703560 353
1703570 353
1703580 353
1703590 353
1703600 353
1703610 354
1703620 354
1703630 354
1703640 354
1703650 354
1703660 354
1703670 354
1703680 354
1703690 354
1703700 354
1703710 354
1703720 354
1703730 355
1703740 355
1703750 355
1703760 355
1703770 355
1703780 355
1703790 355
1703800 355
1703810 355
1703820 355
1703830 355
1703840 355
1703850 355
1703860 355
1703870 355
1703880 355
1703890 355
1703900 355
1703910 354
1703920 354
1703930 354
1703940 354
1703950 353
1703960 353
1703970 353
1703980 352
1703990 352
1704000 351
1704010 351
1704020 350
1704030 350
1704040 351
1704050 351
1704060 352
1704070 353
1704080 354
1704090 354
1704100 355
1704110 355
1704120 356
1704130 357
1704140 358
1704150 358
1704160 359
1704170 360
1704180 361
1704190 362
1704200 363
1704210 364
1704220 364
1704230 365
1704240 366
1704250 366
1704260 367
1704270 367
1704280 368
1704290 368
1704300 368
1704310 369
1704320 369
1704330 369
1704340 370
1704350 370
1704360 370
1704370 370
1704380 370
1704390 369
1704400 369
1704410 369
1704420 369
1704430 369
1704440 369
1704450 369
1704460 369
1704470 369
1704480 369
1704490 369
1704500 369
1704510 368
1704520 368
1704530 368
1704540 368
1704550 367
1704560 367
1704570 367
1704580 367
1704590 366
1704600 366
1704610 366
1704620 365
1704630 364
1704640 363
1704650 362
1704660 362
1704670 362
1704680 362
1704690 362
1704700 361
1704710 360
1704720 359
1704730 358
1704740 357
1704750 357
1704760 357
1704770 357
1704780 357
1704790 357
1704800 356
1704810 356
1704820 356
1704830 356
1704840 356
1704850 356
1704860 356
1704870 356
1704880 355
1704890 355
1704900 355
1704910 355
1704920 355
1704930 354
1704940 354
1704950 354
1704960 354
1704970 353
1704980 353
1704990 353
1705000 352
1705010 352
1705020 352
1705030 351
1705040 350
1705050 350
1705060 349
1705070 349
1705080 348
1705090 347
1705100 346
1705110 345
1705120 344
1705130 343
1705140 342
1705150 340
1705160 339
1705170 337
1705180 337
1705190 336
1705200 336
1705210 335
1705220 335
1705230 335
1705240 335
1705250 335
1705260 335
1705270 335
1705280 335
1705290 335
1705300 335
1705310 335
1705320 335
1705330 335
1705340 335
1705350 335
1705360 335
1705370 335
1705380 335
1705390 335
1705400 335
1705410 335
1705420 335
1705430 334
1705440 334
1705450 334
1705460 333
1705470 333
1705480 333
1705490 333
1705500 333
1705510 333
1705520 332
1705530 331
1705540 331
1705550 330
1705560 331
1705570 330
1705580 330
1705590 328
1705600 328
1705610 329
1705620 331
1705630 331
1705640 332
1705650 332
1705660 332
1705670 332
1705680 332
1705690 333
1705700 334
1705710 336
1705720 338
1705730 339
1705740 341
1705750 341
1705760 342
1705770 343
1705780 343
1705790 344
1705800 344
1705810 345
1705820 346
1705830 346
1705840 347
1705850 348
1705860 350
1705870 351
1705880 352
1705890 353
1705900 353
1705910 354
1705920 354
1705930 354
1705940 355
1705950 356
1705960 357
1705970 357
1705980 358
1705990 359
1706000 359
1706010 360
1706020 361
1706030 362
1706040 362
1706050 363
1706060 363
1706070 364
1706080 364
1706090 365
1706100 366
1706110 366
1706120 367
1706130 367
1706140 368
1706150 369
1706160 369
1706170 370
1706180 370
1706190 371
1706200 371
1706210 371
1706220 372
1706230 372
1706240 373
1706250 373
1706260 374
1706270 374
1706280 375
1706290 375
1706300 376
1706310 376
1706320 376
1706330 377
1706340 377
1706350 378
1706360 379
1706370 380
1706380 380
1706390 381
1706400 381
1706410 381
1706420 381
1706430 382
1706440 383
1706450 384
1706460 385
1706470 386
1706480 387
1706490 387
1706500 387
1706510 388
1706520 389
1706530 390
1706540 391
1706550 392
1706560 393
1706570 394
1706580 395
1706590 397
1706600 399
1706610 400
1706620 401
1706630 402
1706640 403
1706650 404
1706660 405
1706670 406
1706680 407
1706690 407
1706700 408
1706710 409
1706720 409
1706730 410
1706740 410
1706750 411
1706760 411
1706770 412
1706780 412
1706790 412
1706800 412
1706810 412
1706820 413
1706830 413
1706840 415
1706850 416
1706860 417
1706870 417
1706880 418
1706890 418
1706900 419
1706910 420
1706920 422
1706930 423
1706940 424
1706950 425
1706960 426
1706970 426
1706980 426
1706990 426
1707000 426
1707010 426
1707020 426
1707030 426
1707040 426
1707050 425
1707060 425
1707070 424
1707080 423
1707090 422
1707100 421
1707110 418
1707120 417
1707130 416
1707140 419
1707150 420
1707160 421
1707170 421
1707180 421
1707190 421
1707200 422
1707210 423
1707220 423
1707230 424
1707240 424
1707250 425
1707260 424
1707270 423
1707280 421
1707290 420
1707300 420
1707310 420
1707320 420
1707330 421
1707340 421
1707350 422
1707360 423
1707370 424
1707380 425
1707390 424
1707400 424
1707410 422
1707420 423
1707430 425
1707440 425
1707450 425
1707460 425
1707470 424
1707480 423
1707490 423
1707500 424
1707510 425
1707520 426
1707530 426
1707540 426
1707550 426
1707560 426
1707570 427
1707580 427
1707590 427
1707600 426
1707610 426
1707620 425
1707630 423
1707640 422
1707650 420
1707660 421
1707670 423
1707680 425
1707690 427
1707700 429
1707710 431
1707720 434
1707730 436
1707740 438
1707750 441
1707760 443
1707770 445
1707780 447
1707790 448
1707800 450
1707810 452
1707820 454
1707830 455
1707840 457
1707850 458
1707860 459
1707870 461
1707880 462
1707890 463
1707900 465
1707910 467
1707920 468
1707930 470
1707940 472
1707950 473
1707960 475
1707970 477
1707980 478
1707990 480
1708000 482
1708010 483
1708020 485
1708030 487
1708040 489
1708050 490
1708060 492
1708070 494
1708080 496
1708090 498
1708100 500
1708110 502
1708120 503
1708130 504
1708140 506
1708150 507
1708160 507
1708170 508
1708180 509
1708190 509
1708200 509
1708210 509
1708220 510
1708230 509
1708240 509
1708250 509
1708260 509
1708270 508
1708280 508
1708290 507
1708300 507
1708310 506
1708320 506
1708330 505
1708340 504
1708350 503
1708360 502
1708370 501
1708380 499
1708390 498
1708400 496
1708410 494
1708420 493
1708430 492
1708440 489
1708450 486
1708460 483
1708470 481
1708480 478
1708490 476
1708500 473
1708510 470
1708520 468
1708530 466
1708540 464
1708550 462
1708560 460
1708570 458
1708580 456
1708590 454
1708600 452
1708610 450
1708620 447
1708630 444
1708640 441
1708650 440
1708660 439
1708670 437
1708680 435
1708690 433
1708700 431
1708710 430
1708720 428
1708730 427
1708740 426
1708750 425
1708760 424
1708770 422
1708780 421
1708790 421
1708800 420
1708810 420
1708820 421
1708830 421
1708840 422
1708850 422
1708860 423
1708870 423
1708880 424
1708890 423
1708900 424
1708910 424
1708920 424
1708930 424
1708940 425
1708950 425
1708960 424
1708970 423
1708980 423
1708990 424
1709000 424
1709010 424
1709020 423
1709030 423
1709040 423
1709050 424
1709060 424
1709070 425
1709080 426
1709090 426
1709100 426
1709110 426
1709120 427
1709130 427
1709140 427
1709150 427
1709160 426
1709170 426
1709180 425
1709190 425
1709200 424
1709210 424
1709220 423
1709230 421
1709240 419
1709250 417
1709260 417
1709270 419
1709280 420
1709290 422
1709300 423
1709310 425
1709320 427
1709330 429
1709340 430
1709350 432
1709360 433
1709370 434
1709380 436
1709390 437
1709400 438
1709410 439
1709420 441
1709430 442
1709440 443
1709450 444
1709460 445
1709470 446
1709480 447
1709490 448
1709500 449
1709510 449
1709520 450
1709530 451
1709540 452
1709550 453
1709560 453
1709570 454
1709580 454
1709590 455
1709600 455
1709610 455
1709620 456
1709630 456
1709640 457
1709650 457
1709660 457
1709670 457
1709680 457
1709690 457
1709700 458
1709710 458
1709720 458
1709730 458
1709740 458
1709750 457
1709760 457
1709770 457
1709780 457
1709790 456
1709800 456
1709810 455
1709820 455
1709830 454
1709840 453
1709850 453
1709860 452
1709870 451
1709880 451
1709890 450
1709900 449
1709910 447
1709920 447
1709930 445
1709940 444
1709950 442
1709960 440
1709970 438
1709980 437
1709990 435
1710000 432
1710010 432
1710020 431
1710030 431
1710040 428
1710050 426
1710060 426
1710070 430
1710080 434
1710090 439
1710100 442
1710110 444
1710120 445
1710130 447
1710140 448
1710150 449
1710160 450
1710170 450
1710180 451
1710190 452
1710200 453
1710210 455
1710220 456
1710230 457
1710240 458
1710250 459
1710260 460
1710270 461
1710280 462
1710290 462
1710300 462
1710310 461
1710320 462
1710330 463
1710340 466
1710350 469
1710360 472
1710370 474
1710380 475
1710390 477
1710400 478
1710410 480
1710420 481
1710430 483
1710440 484
1710450 485
1710460 487
1710470 488
1710480 490
1710490 492
1710500 494
1710510 496
1710520 498
1710530 500
1710540 502
1710550 504
1710560 506
1710570 508
1710580 511
1710590 512
1710600 514
1710610 515
1710620 517
1710630 519
1710640 520
1710650 522
1710660 523
1710670 525
1710680 526
1710690 528
1710700 529
1710710 531
1710720 532
1710730 534
1710740 535
1710750 536
1710760 538
1710770 538
1710780 539
1710790 540
1710800 541
1710810 542
1710820 542
1710830 543
1710840 544
1710850 544
1710860 545
1710870 545
1710880 546
1710890 546
1710900 547
1710910 547
1710920 547
1710930 547
1710940 547
1710950 547
1710960 547
1710970 547
1710980 546
1710990 546
1711000 546
1711010 546
1711020 545
1711030 545
1711040 544
1711050 544
1711060 543
1711070 542
1711080 542
1711090 541
1711100 540
1711110 539
1711120 539
1711130 538
1711140 536
1711150 534
1711160 532
1711170 531
1711180 529
1711190 527
1711200 525
1711210 523
1711220 522
1711230 520
1711240 518
1711250 516
1711260 515
1711270 514
1711280 513
1711290 511
1711300 509
1711310 508
1711320 507
1711330 506
1711340 504
1711350 503
1711360 502
1711370 501
1711380 499
1711390 497
1711400 495
1711410 494
1711420 492
1711430 490
1711440 488
1711450 486
1711460 484
1711470 482
1711480 481
1711490 479
1711500 477
1711510 475
1711520 472
1711530 470
1711540 467
1711550 464
1711560 462
1711570 459
1711580 456
1711590 454
1711600 451
1711610 449
1711620 447
1711630 445
1711640 443
1711650 440
1711660 437
1711670 435
1711680 433
1711690 430
1711700 428
1711710 426
1711720 424
1711730 422
1711740 420
1711750 417
1711760 415
1711770 413
1711780 411
1711790 409
1711800 407
1711810 406
1711820 404
1711830 402
1711840 400
1711850 398
1711860 397
1711870 395
1711880 394
1711890 393
1711900 391
1711910 389
1711920 388
1711930 386
1711940 384
1711950 383
1711960 383
1711970 382
1711980 381
1711990 381
1712000 380
1712010 379
1712020 379
1712030 378
1712040 377
1712050 377
1712060 376
1712070 375
1712080 374
1712090 374
1712100 373
1712110 372
1712120 373
1712130 373
1712140 373
1712150 374
1712160 377
1712170 381
1712180 386
1712190 390
1712200 394
1712210 397
1712220 400
1712230 402
1712240 405
1712250 408
1712260 411
1712270 414
1712280 417
1712290 421
1712300 424
1712310 426
1712320 429
1712330 430
1712340 432
1712350 435
1712360 437
1712370 440
1712380 442
1712390 445
1712400 447
1712410 450
1712420 453
1712430 456
1712440 459
1712450 462
1712460 465
1712470 469
1712480 472
1712490 475
1712500 479
1712510 482
1712520 486
1712530 489
1712540 492
1712550 496
1712560 500
1712570 503
1712580 507
1712590 510
1712600 514
1712610 517
1712620 521
1712630 524
1712640 527
1712650 530
1712660 533
1712670 536
1712680 538
1712690 541
1712700 544
1712710 546
1712720 548
1712730 549
1712740 551
1712750 552
1712760 553
1712770 555
1712780 555
1712790 556
1712800 556
1712810 556
1712820 556
1712830 556
1712840 555
1712850 555
1712860 555
1712870 554
1712880 554
1712890 555
1712900 555
1712910 555
1712920 556
1712930 556
1712940 556
1712950 557
1712960 557
1712970 557
1712980 557
1712990 557
1713000 558
1713010 558
1713020 558
1713030 558
1713040 559
1713050 559
1713060 559
1713070 560
1713080 560
1713090 560
1713100 561
1713110 561
1713120 561
1713130 561
1713140 561
1713150 561
1713160 561
1713170 561
1713180 561
1713190 561
1713200 561
1713210 561
1713220 561
1713230 561
1713240 561
1713250 561
1713260 562
1713270 563
1713280 564
1713290 564
1713300 565
1713310 566
1713320 567
1713330 567
1713340 567
1713350 568
1713360 568
1713370 568
1713380 568
1713390 569
1713400 569
1713410 569
1713420 568
1713430 568
1713440 568
1713450 568
1713460 568
1713470 568
1713480 568
1713490 567
1713500 567
1713510 566
1713520 566
1713530 565
1713540 565
1713550 565
1713560 565
1713570 566
1713580 566
1713590 567
1713600 567
1713610 567
1713620 568
1713630 568
1713640 569
1713650 569
1713660 570
1713670 570
1713680 571
1713690 571
1713700 572
1713710 572
1713720 573
1713730 573
1713740 574
1713750 574
1713760 574
1713770 575
1713780 576
1713790 576
1713800 577
1713810 578
1713820 579
1713830 581
1713840 583
1713850 584
1713860 586
1713870 587
1713880 589
1713890 590
1713900 592
1713910 593
1713920 594
1713930 595
1713940 596
1713950 597
1713960 598
1713970 600
1713980 601
1713990 602
1714000 603
1714010 605
1714020 606
1714030 607
1714040 608
1714050 610
1714060 610
1714070 611
1714080 611
1714090 612
1714100 612
1714110 613
1714120 613
1714130 614
1714140 614
1714150 614
1714160 614
1714170 614
1714180 614
1714190 613
1714200 613
1714210 613
1714220 612
1714230 611
1714240 611
1714250 610
1714260 610
1714270 609
1714280 609
1714290 608
1714300 607
1714310 606
1714320 605
1714330 605
1714340 604
1714350 604
1714360 603
1714370 603
1714380 602
1714390 602
1714400 602
1714410 601
1714420 601
1714430 602
1714440 602
1714450 602
1714460 603
1714470 603
1714480 603
1714490 604
1714500 604
1714510 605
1714520 606
1714530 606
1714540 607
1714550 607
1714560 608
1714570 608
1714580 609
1714590 609
1714600 609
1714610 609
1714620 609
1714630 609
1714640 609
1714650 609
1714660 609
1714670 609
1714680 608
1714690 608
1714700 607
1714710 606
1714720 606
1714730 605
1714740 604
1714750 603
1714760 602
1714770 602
1714780 601
1714790 600
1714800 599
1714810 598
1714820 597
1714830 596
1714840 595
1714850 594
1714860 593
1714870 591
1714880 590
1714890 589
1714900 588
1714910 587
1714920 586
1714930 585
1714940 583
1714950 582
1714960 580
1714970 580
1714980 580
1714990 581
1715000 580
1715010 580
1715020 579
1715030 578
1715040 577
1715050 575
1715060 575
1715070 574
1715080 573
1715090 572
1715100 571
1715110 570
1715120 569
1715130 568
1715140 567
1715150 566
1715160 565
1715170 565
1715180 564
1715190 564
1715200 564
1715210 564
1715220 564
1715230 564
1715240 564
1715250 563
1715260 563
1715270 563
1715280 564
1715290 564
1715300 565
1715310 565
1715320 565
1715330 566
1715340 566
1715350 567
1715360 567
1715370 568
1715380 568
1715390 569
1715400 569
1715410 570
1715420 571
1715430 571
1715440 572
1715450 572
1715460 572
1715470 573
1715480 573
1715490 573
1715500 573
1715510 573
1715520 573
1715530 573
1715540 572
1715550 572
1715560 572
1715570 571
1715580 571
1715590 571
1715600 570
1715610 570
1715620 569
1715630 569
1715640 569
1715650 568
1715660 568
1715670 567
1715680 567
1715690 566
1715700 565
1715710 565
1715720 564
1715730 563
1715740 562
1715750 562
1715760 561
1715770 561
1715780 561
1715790 560
1715800 559
1715810 559
1715820 558
1715830 557
1715840 557
1715850 556
1715860 555
1715870 554
1715880 554
1715890 553
1715900 552
1715910 551
1715920 551
1715930 550
1715940 549
1715950 549
1715960 548
1715970 547
1715980 546
1715990 545
1716000 544
1716010 544
1716020 543
1716030 542
1716040 541
1716050 540
1716060 539
1716070 538
1716080 537
1716090 537
1716100 536
1716110 535
1716120 534
1716130 534
1716140 532
1716150 531
1716160 530
1716170 529
1716180 527
1716190 526
1716200 524
1716210 523
1716220 521
1716230 519
1716240 518
1716250 517
1716260 516
1716270 515
1716280 514
1716290 512
1716300 510
1716310 508
1716320 507
1716330 506
1716340 505
1716350 504
1716360 504
1716370 503
1716380 502
1716390 502
1716400 501
1716410 501
1716420 500
1716430 499
1716440 499
1716450 498
1716460 498
1716470 498
1716480 498
1716490 498
1716500 498
1716510 497
1716520 497
1716530 497
1716540 497
1716550 497
1716560 498
1716570 498
1716580 498
1716590 498
1716600 498
1716610 498
1716620 498
1716630 497
1716640 497
1716650 497
1716660 496
1716670 496
1716680 496
1716690 495
1716700 494
1716710 494
1716720 493
1716730 492
1716740 491
1716750 490
1716760 489
1716770 488
1716780 487
1716790 486
1716800 485
1716810 484
1716820 483
1716830 481
1716840 480
1716850 479
1716860 477
1716870 475
1716880 473
1716890 470
1716900 467
1716910 464
1716920 462
1716930 460
1716940 457
1716950 454
1716960 454
1716970 455
1716980 458
1716990 459
1717000 461
1717010 463
1717020 465
1717030 468
1717040 470
1717050 471
1717060 472
1717070 473
1717080 474
1717090 475
1717100 475
1717110 476
1717120 476
1717130 476
1717140 477
1717150 477
1717160 478
1717170 478
1717180 478
1717190 479
1717200 479
1717210 480
1717220 480
1717230 480
1717240 481
1717250 481
1717260 481
1717270 482
1717280 482
1717290 482
1717300 481
1717310 481
1717320 481
1717330 480
1717340 480
1717350 480
1717360 480
1717370 480
1717380 479
1717390 479
1717400 479
1717410 478
1717420 478
1717430 477
1717440 476
1717450 476
1717460 475
1717470 474
1717480 474
1717490 473
1717500 472
1717510 472
1717520 471
1717530 470
1717540 468
1717550 466
1717560 465
1717570 464
1717580 462
1717590 461
1717600 460
1717610 459
1717620 458
1717630 456
1717640 453
1717650 448
1717660 448
1717670 448
1717680 450
1717690 452
1717700 454
1717710 456
1717720 457
1717730 458
1717740 460
1717750 461
1717760 461
1717770 462
1717780 463
1717790 464
1717800 465
1717810 466
1717820 467
1717830 467
1717840 468
1717850 469
1717860 471
1717870 472
1717880 473
1717890 474
1717900 474
1717910 475
1717920 476
1717930 477
1717940 478
1717950 479
1717960 479
1717970 480
1717980 481
1717990 482
1718000 483
1718010 484
1718020 484
1718030 485
1718040 485
1718050 486
1718060 486
1718070 487
1718080 487
1718090 488
1718100 488
1718110 489
1718120 489
1718130 489
1718140 490
1718150 490
1718160 491
1718170 491
1718180 491
1718190 491
1718200 492
1718210 492
1718220 492
1718230 492
1718240 493
1718250 493
1718260 493
1718270 493
1718280 493
1718290 493
1718300 493
1718310 493
1718320 493
1718330 493
1718340 494
1718350 494
1718360 494
1718370 494
1718380 494
1718390 494
1718400 493
1718410 493
1718420 493
1718430 493
1718440 493
1718450 493
1718460 492
1718470 492
1718480 492
1718490 491
1718500 491
1718510 491
1718520 490
1718530 490
1718540 490
1718550 489
1718560 489
1718570 489
1718580 488
1718590 487
1718600 487
1718610 486
1718620 485
1718630 484
1718640 483
1718650 482
1718660 481
1718670 480
1718680 479
1718690 478
1718700 477
1718710 475
1718720 474
1718730 472
1718740 471
1718750 470
1718760 468
1718770 467
1718780 465
1718790 464
1718800 462
1718810 460
1718820 458
1718830 456
1718840 455
1718850 453
1718860 451
1718870 450
1718880 448
1718890 447
1718900 445
1718910 444
1718920 442
1718930 440
1718940 438
1718950 436
1718960 435
1718970 434
1718980 433
1718990 432
1719000 431
1719010 429
1719020 428
1719030 426
1719040 424
1719050 422
1719060 421
1719070 420
1719080 419
1719090 418
1719100 416
1719110 416
1719120 416
1719130 417
1719140 417
1719150 417
1719160 416
1719170 416
1719180 416
1719190 417
1719200 417
1719210 417
1719220 417
1719230 417
1719240 416
1719250 416
1719260 416
1719270 416
1719280 416
1719290 415
1719300 415
1719310 415
1719320 415
1719330 415
1719340 416
1719350 416
1719360 417
1719370 418
1719380 419
1719390 419
1719400 419
1719410 419
1719420 419
1719430 419
1719440 419
1719450 419
1719460 420
1719470 420
1719480 420
1719490 421
1719500 421
1719510 422
1719520 422
1719530 423
1719540 423
1719550 423
1719560 424
1719570 424
1719580 424
1719590 425
1719600 425
1719610 426
1719620 426
1719630 427
1719640 427
1719650 428
1719660 428
1719670 429
1719680 430
1719690 430
1719700 431
1719710 431
1719720 432
1719730 432
1719740 432
1719750 433
1719760 433
1719770 432
1719780 432
1719790 432
1719800 432
1719810 432
1719820 433
1719830 434
1719840 435
1719850 435
1719860 434
1719870 433
1719880 432
1719890 431
1719900 430
1719910 429
1719920 429
1719930 428
1719940 428
1719950 428
1719960 428
1719970 428
1719980 428
1719990 428
