1700000 345
1700010 346
1700020 346
1700030 347
1700040 348
1700050 349
1700060 349
1700070 349
1700080 349
1700090 349
1700100 349
1700110 348
1700120 348
1700130 348
1700140 347
1700150 347
1700160 347
1700170 347
1700180 347
1700190 347
1700200 347
1700210 348
1700220 349
1700230 351
1700240 352
1700250 354
1700260 355
1700270 357
1700280 357
1700290 358
1700300 358
1700310 359
1700320 359
1700330 359
1700340 360
1700350 360
1700360 360
1700370 360
1700380 360
1700390 361
1700400 361
1700410 361
1700420 362
1700430 362
1700440 363
1700450 363
1700460 363
1700470 364
1700480 364
1700490 365
1700500 365
1700510 365
1700520 366
1700530 366
1700540 367
1700550 367
1700560 368
1700570 368
1700580 368
1700590 369
1700600 369
1700610 370
1700620 370
1700630 370
1700640 371
1700650 371
1700660 371
1700670 372
1700680 372
1700690 373
1700700 373
1700710 373
1700720 374
1700730 374
1700740 374
1700750 375
1700760 375
1700770 375
1700780 375
1700790 375
1700800 375
1700810 375
1700820 375
1700830 375
1700840 375
1700850 375
1700860 374
1700870 374
1700880 374
1700890 374
1700900 374
1700910 373
1700920 373
1700930 373
1700940 373
1700950 372
1700960 372
1700970 372
1700980 371
1700990 371
1701000 371
1701010 371
1701020 370
1701030 370
1701040 370
1701050 369
1701060 369
1701070 368
1701080 367
1701090 367
1701100 366
1701110 365
1701120 365
1701130 364
1701140 364
1701150 363
1701160 363
1701170 362
1701180 362
1701190 362
1701200 361
1701210 361
1701220 361
1701230 361
1701240 360
1701250 360
1701260 360
1701270 360
1701280 359
1701290 359
1701300 358
1701310 357
1701320 356
1701330 356
1701340 356
1701350 356
1701360 356
1701370 356
1701380 355
1701390 355
1701400 355
1701410 355
1701420 356
1701430 356
1701440 356
1701450 356
1701460 356
1701470 356
1701480 356
1701490 356
1701500 355
1701510 355
1701520 355
1701530 355
1701540 355
1701550 355
1701560 355
1701570 355
1701580 355
1701590 355
1701600 355
1701610 355
1701620 354
1701630 354
1701640 354
1701650 354
1701660 354
1701670 353
1701680 353
1701690 353
1701700 352
1701710 352
1701720 352
1701730 352
1701740 352
1701750 352
1701760 352
1701770 351
1701780 351
1701790 351
1701800 351
1701810 351
1701820 351
1701830 351
1701840 351
1701850 350
1701860 350
1701870 350
1701880 350
1701890 350
1701900 350
1701910 350
1701920 349
1701930 349
1701940 349
1701950 349
1701960 349
1701970 349
1701980 349
1701990 349
1702000 349
1702010 349
1702020 348
1702030 348
1702040 348
1702050 348
1702060 348
1702070 348
1702080 347
1702090 347
1702100 347
1702110 347
1702120 347
1702130 346
1702140 346
1702150 346
1702160 346
1702170 346
1702180 346
1702190 345
1702200 345
1702210 345
1702220 345
1702230 345
1702240 345
1702250 345
1702260 344
1702270 344
1702280 344
1702290 344
1702300 344
1702310 344
1702320 344
1702330 344
1702340 344
1702350 344
1702360 343
1702370 343
1702380 343
1702390 343
1702400 342
1702410 342
1702420 342
1702430 342
1702440 341
1702450 341
1702460 341
1702470 341
1702480 340
1702490 340
1702500 340
1702510 339
1702520 339
1702530 339
1702540 338
1702550 338
1702560 338
1702570 337
1702580 337
1702590 337
1702600 337
1702610 336
1702620 336
1702630 336
1702640 335
1702650 335
1702660 334
1702670 334
1702680 334
1702690 333
1702700 333
1702710 332
1702720 332
1702730 331
1702740 331
1702750 330
1702760 330
1702770 329
1702780 328
1702790 328
1702800 327
1702810 326
1702820 326
1702830 325
1702840 325
1702850 324
1702860 324
1702870 323
1702880 323
1702890 322
1702900 322
1702910 322
1702920 321
1702930 320
1702940 320
1702950 319
1702960 319
1702970 319
1702980 318
1702990 318
1703000 317
1703010 317
1703020 317
1703030 317
1703040 317
1703050 318
1703060 319
1703070 320
1703080 320
1703090 320
1703100 321
1703110 321
1703120 321
1703130 321
1703140 321
1703150 321
1703160 321
1703170 321
1703180 321
1703190 321
1703200 321
1703210 321
1703220 321
1703230 321
1703240 321
1703250 320
1703260 320
1703270 320
1703280 320
1703290 319
1703300 319
1703310 318
1703320 318
1703330 318
1703340 317
1703350 317
1703360 316
1703370 316
1703380 315
1703390 315
1703400 315
1703410 314
1703420 314
1703430 314
1703440 314
1703450 314
1703460 313
1703470 313
1703480 313
1703490 313
1703500 312
1703510 312
1703520 312
1703530 312
1703540 313
1703550 313
1703560 313
1703570 313
1703580 313
1703590 313
1703600 313
1703610 313
1703620 313
1703630 313
1703640 313
1703650 313
1703660 313
1703670 313
1703680 313
1703690 313
1703700 313
1703710 314
1703720 314
1703730 314
1703740 313
1703750 313
1703760 314
1703770 315
1703780 317
1703790 319
1703800 320
1703810 321
1703820 322
1703830 323
1703840 324
1703850 325
1703860 325
1703870 326
1703880 327
1703890 328
1703900 328
1703910 329
1703920 330
1703930 330
1703940 331
1703950 331
1703960 331
1703970 332
1703980 332
1703990 333
1704000 333
1704010 333
1704020 334
1704030 334
1704040 334
1704050 335
1704060 335
1704070 335
1704080 335
1704090 335
1704100 335
1704110 335
1704120 335
1704130 335
1704140 335
1704150 335
1704160 335
1704170 335
1704180 335
1704190 335
1704200 335
1704210 335
1704220 334
1704230 334
1704240 334
1704250 334
1704260 334
1704270 333
1704280 333
1704290 333
1704300 333
1704310 333
1704320 332
1704330 332
1704340 332
1704350 332
1704360 331
1704370 331
1704380 331
1704390 330
1704400 330
1704410 330
1704420 330
1704430 329
1704440 329
1704450 329
1704460 329
1704470 328
1704480 328
1704490 328
1704500 328
1704510 327
1704520 327
1704530 327
1704540 326
1704550 326
1704560 326
1704570 326
1704580 325
1704590 325
1704600 324
1704610 324
1704620 324
1704630 323
1704640 323
1704650 323
1704660 323
1704670 323
1704680 323
1704690 322
1704700 322
1704710 322
1704720 322
1704730 322
1704740 322
1704750 322
1704760 322
1704770 322
1704780 322
1704790 322
1704800 322
1704810 322
1704820 322
1704830 322
1704840 322
1704850 322
1704860 322
1704870 322
1704880 323
1704890 323
1704900 323
1704910 323
1704920 323
1704930 323
1704940 323
1704950 323
1704960 323
1704970 323
1704980 323
1704990 323
1705000 323
1705010 323
1705020 323
1705030 323
1705040 323
1705050 323
1705060 322
1705070 322
1705080 322
1705090 322
1705100 322
1705110 321
1705120 321
1705130 321
1705140 321
1705150 321
1705160 321
1705170 321
1705180 320
1705190 319
1705200 317
1705210 316
1705220 316
1705230 317
1705240 319
1705250 320
1705260 321
1705270 321
1705280 321
1705290 321
1705300 322
1705310 322
1705320 323
1705330 323
1705340 324
1705350 325
1705360 325
1705370 326
1705380 326
1705390 326
1705400 327
1705410 328
1705420 328
1705430 329
1705440 330
1705450 331
1705460 332
1705470 333
1705480 334
1705490 334
1705500 335
1705510 335
1705520 335
1705530 336
1705540 336
1705550 336
1705560 337
1705570 337
1705580 338
1705590 338
1705600 339
1705610 339
1705620 339
1705630 340
1705640 340
1705650 341
1705660 341
1705670 342
1705680 342
1705690 342
1705700 343
1705710 343
1705720 344
1705730 344
1705740 345
1705750 345
1705760 346
1705770 346
1705780 346
1705790 347
1705800 347
1705810 348
1705820 348
1705830 348
1705840 349
1705850 350
1705860 350
1705870 351
1705880 351
1705890 351
1705900 350
1705910 350
1705920 351
1705930 353
1705940 355
1705950 356
1705960 356
1705970 357
1705980 358
1705990 359
1706000 360
1706010 361
1706020 362
1706030 363
1706040 365
1706050 366
1706060 367
1706070 368
1706080 370
1706090 371
1706100 372
1706110 373
1706120 374
1706130 376
1706140 377
1706150 378
1706160 380
1706170 381
1706180 382
1706190 382
1706200 383
1706210 383
1706220 384
1706230 384
1706240 385
1706250 385
1706260 385
1706270 386
1706280 386
1706290 386
1706300 387
1706310 387
1706320 387
1706330 388
1706340 388
1706350 389
1706360 390
1706370 390
1706380 391
1706390 392
1706400 392
1706410 393
1706420 393
1706430 394
1706440 394
1706450 395
1706460 395
1706470 395
1706480 395
1706490 395
1706500 394
1706510 394
1706520 394
1706530 394
1706540 393
1706550 393
1706560 393
1706570 393
1706580 393
1706590 393
1706600 393
1706610 393
1706620 393
1706630 393
1706640 393
1706650 393
1706660 393
1706670 393
1706680 393
1706690 393
1706700 393
1706710 393
1706720 393
1706730 393
1706740 393
1706750 393
1706760 393
1706770 393
1706780 394
1706790 394
1706800 394
1706810 395
1706820 395
1706830 395
1706840 395
1706850 395
1706860 396
1706870 396
1706880 396
1706890 396
1706900 396
1706910 396
1706920 396
1706930 395
1706940 395
1706950 395
1706960 394
1706970 394
1706980 394
1706990 394
1707000 393
1707010 393
1707020 392
1707030 391
1707040 390
1707050 389
1707060 388
1707070 387
1707080 385
1707090 383
1707100 381
1707110 379
1707120 377
1707130 374
1707140 372
1707150 371
1707160 369
1707170 368
1707180 368
1707190 368
1707200 369
1707210 370
1707220 370
1707230 372
1707240 373
1707250 374
1707260 376
1707270 378
1707280 379
1707290 381
1707300 382
1707310 383
1707320 384
1707330 384
1707340 384
1707350 384
1707360 384
1707370 385
1707380 385
1707390 385
1707400 386
1707410 386
1707420 386
1707430 386
1707440 386
1707450 385
1707460 384
1707470 384
1707480 384
1707490 384
1707500 383
1707510 383
1707520 383
1707530 383
1707540 382
1707550 382
1707560 382
1707570 381
1707580 381
1707590 380
1707600 379
1707610 378
1707620 378
1707630 377
1707640 376
1707650 375
1707660 375
1707670 374
1707680 373
1707690 373
1707700 373
1707710 372
1707720 372
1707730 371
1707740 371
1707750 371
1707760 370
1707770 370
1707780 370
1707790 370
1707800 370
1707810 371
1707820 370
1707830 370
1707840 369
1707850 368
1707860 368
1707870 367
1707880 367
1707890 367
1707900 367
1707910 367
1707920 366
1707930 366
1707940 366
1707950 366
1707960 366
1707970 366
1707980 366
1707990 366
1708000 366
1708010 365
1708020 365
1708030 365
1708040 365
1708050 365
1708060 365
1708070 365
1708080 365
1708090 365
1708100 365
1708110 365
1708120 365
1708130 365
1708140 364
1708150 364
1708160 364
1708170 364
1708180 364
1708190 363
1708200 363
1708210 363
1708220 363
1708230 363
1708240 363
1708250 363
1708260 363
1708270 363
1708280 363
1708290 362
1708300 362
1708310 361
1708320 361
1708330 360
1708340 360
1708350 360
1708360 359
1708370 359
1708380 359
1708390 359
1708400 359
1708410 358
1708420 358
1708430 358
1708440 358
1708450 358
1708460 358
1708470 358
1708480 358
1708490 358
1708500 358
1708510 358
1708520 358
1708530 358
1708540 357
1708550 357
1708560 357
1708570 357
1708580 357
1708590 356
1708600 356
1708610 356
1708620 356
1708630 356
1708640 356
1708650 356
1708660 356
1708670 357
1708680 358
1708690 358
1708700 358
1708710 357
1708720 357
1708730 357
1708740 358
1708750 358
1708760 358
1708770 358
1708780 358
1708790 358
1708800 358
1708810 358
1708820 358
1708830 357
1708840 358
1708850 358
1708860 358
1708870 358
1708880 358
1708890 358
1708900 358
1708910 358
1708920 358
1708930 358
1708940 358
1708950 358
1708960 358
1708970 358
1708980 358
1708990 358
1709000 358
1709010 358
1709020 358
1709030 358
1709040 358
1709050 358
1709060 358
1709070 358
1709080 358
1709090 358
1709100 358
1709110 358
1709120 358
1709130 357
1709140 357
1709150 357
1709160 357
1709170 357
1709180 357
1709190 357
1709200 357
1709210 357
1709220 357
1709230 356
1709240 356
1709250 356
1709260 356
1709270 356
1709280 355
1709290 355
1709300 355
1709310 355
1709320 354
1709330 354
1709340 354
1709350 354
1709360 353
1709370 353
1709380 352
1709390 352
1709400 351
1709410 351
1709420 350
1709430 350
1709440 349
1709450 349
1709460 349
1709470 348
1709480 348
1709490 347
1709500 347
1709510 347
1709520 346
1709530 346
1709540 346
1709550 346
1709560 345
1709570 345
1709580 344
1709590 344
1709600 344
1709610 344
1709620 344
1709630 344
1709640 344
1709650 344
1709660 344
1709670 344
1709680 344
1709690 344
1709700 344
1709710 344
1709720 344
1709730 344
1709740 344
1709750 344
1709760 344
1709770 344
1709780 344
1709790 345
1709800 345
1709810 345
1709820 345
1709830 345
1709840 346
1709850 346
1709860 346
1709870 346
1709880 346
1709890 347
1709900 347
1709910 347
1709920 347
1709930 348
1709940 348
1709950 348
1709960 349
1709970 349
1709980 350
1709990 350
1710000 351
1710010 352
1710020 352
1710030 353
1710040 353
1710050 354
1710060 354
1710070 355
1710080 355
1710090 356
1710100 356
1710110 357
1710120 357
1710130 357
1710140 357
1710150 358
1710160 358
1710170 358
1710180 358
1710190 359
1710200 359
1710210 359
1710220 359
1710230 359
1710240 359
1710250 359
1710260 359
1710270 359
1710280 359
1710290 360
1710300 360
1710310 360
1710320 361
1710330 361
1710340 361
1710350 362
1710360 362
1710370 362
1710380 363
1710390 363
1710400 363
1710410 363
1710420 363
1710430 364
1710440 364
1710450 364
1710460 364
1710470 365
1710480 365
1710490 365
1710500 366
1710510 366
1710520 366
1710530 367
1710540 367
1710550 367
1710560 367
1710570 368
1710580 368
1710590 368
1710600 368
1710610 369
1710620 369
1710630 369
1710640 369
1710650 369
1710660 369
1710670 369
1710680 369
1710690 368
1710700 368
1710710 368
1710720 368
1710730 367
1710740 367
1710750 367
1710760 367
1710770 366
1710780 366
1710790 366
1710800 365
1710810 365
1710820 365
1710830 364
1710840 364
1710850 363
1710860 363
1710870 362
1710880 362
1710890 362
1710900 361
1710910 361
1710920 360
1710930 360
1710940 360
1710950 359
1710960 359
1710970 359
1710980 358
1710990 358
1711000 358
1711010 357
1711020 357
1711030 357
1711040 357
1711050 356
1711060 356
1711070 356
1711080 355
1711090 355
1711100 355
1711110 355
1711120 355
1711130 355
1711140 354
1711150 354
1711160 354
1711170 353
1711180 352
1711190 351
1711200 350
1711210 349
1711220 349
1711230 349
1711240 348
1711250 348
1711260 349
1711270 349
1711280 349
1711290 349
1711300 349
1711310 349
1711320 349
1711330 349
1711340 349
1711350 349
1711360 349
1711370 349
1711380 348
1711390 348
1711400 348
1711410 347
1711420 347
1711430 347
1711440 346
1711450 346
1711460 346
1711470 345
1711480 345
1711490 344
1711500 344
1711510 345
1711520 345
1711530 345
1711540 345
1711550 345
1711560 345
1711570 345
1711580 346
1711590 346
1711600 347
1711610 347
1711620 348
1711630 349
1711640 350
1711650 350
1711660 351
1711670 351
1711680 352
1711690 352
1711700 353
1711710 353
1711720 354
1711730 354
1711740 356
1711750 358
1711760 359
1711770 359
1711780 359
1711790 359
1711800 360
1711810 360
1711820 361
1711830 362
1711840 362
1711850 363
1711860 364
1711870 364
1711880 365
1711890 365
1711900 366
1711910 366
1711920 366
1711930 366
1711940 366
1711950 366
1711960 366
1711970 366
1711980 365
1711990 364
1712000 363
1712010 361
1712020 359
1712030 358
1712040 357
1712050 356
1712060 355
1712070 354
1712080 353
1712090 352
1712100 351
1712110 351
1712120 350
1712130 349
1712140 349
1712150 348
1712160 348
1712170 348
1712180 348
1712190 348
1712200 348
1712210 348
1712220 346
1712230 345
1712240 345
1712250 346
1712260 347
1712270 348
1712280 350
1712290 351
1712300 352
1712310 353
1712320 353
1712330 354
1712340 354
1712350 354
1712360 355
1712370 357
1712380 359
1712390 361
1712400 362
1712410 363
1712420 364
1712430 365
1712440 366
1712450 366
1712460 367
1712470 367
1712480 368
1712490 368
1712500 369
1712510 369
1712520 370
1712530 370
1712540 371
1712550 371
1712560 372
1712570 372
1712580 373
1712590 374
1712600 374
1712610 375
1712620 375
1712630 375
1712640 376
1712650 376
1712660 377
1712670 377
1712680 377
1712690 377
1712700 377
1712710 377
1712720 377
1712730 377
1712740 377
1712750 377
1712760 378
1712770 378
1712780 378
1712790 378
1712800 378
1712810 378
1712820 378
1712830 378
1712840 379
1712850 379
1712860 379
1712870 380
1712880 379
1712890 379
1712900 379
1712910 379
1712920 379
1712930 380
1712940 380
1712950 380
1712960 380
1712970 380
1712980 380
1712990 380
1713000 380
1713010 380
1713020 380
1713030 381
1713040 381
1713050 381
1713060 382
1713070 381
1713080 381
1713090 381
1713100 381
1713110 381
1713120 381
1713130 382
1713140 382
1713150 382
1713160 382
1713170 382
1713180 382
1713190 382
1713200 382
1713210 381
1713220 381
1713230 382
1713240 382
1713250 382
1713260 382
1713270 383
1713280 383
1713290 383
1713300 383
1713310 383
1713320 383
1713330 384
1713340 385
1713350 385
1713360 385
1713370 386
1713380 386
1713390 386
1713400 386
1713410 386
1713420 387
1713430 387
1713440 388
1713450 388
1713460 389
1713470 390
1713480 391
1713490 391
1713500 392
1713510 393
1713520 394
1713530 395
1713540 396
1713550 397
1713560 398
1713570 398
1713580 399
1713590 400
1713600 400
1713610 401
1713620 401
1713630 402
1713640 403
1713650 403
1713660 404
1713670 405
1713680 405
1713690 406
1713700 406
1713710 407
1713720 407
1713730 408
1713740 409
1713750 409
1713760 410
1713770 410
1713780 410
1713790 411
1713800 411
1713810 412
1713820 412
1713830 413
1713840 413
1713850 414
1713860 414
1713870 415
1713880 415
1713890 416
1713900 416
1713910 416
1713920 416
1713930 416
1713940 416
1713950 416
1713960 417
1713970 417
1713980 417
1713990 417
1714000 417
1714010 417
1714020 417
1714030 417
1714040 417
1714050 417
1714060 417
1714070 418
1714080 418
1714090 418
1714100 418
1714110 418
1714120 418
1714130 418
1714140 418
1714150 418
1714160 418
1714170 418
1714180 418
1714190 418
1714200 419
1714210 419
1714220 419
1714230 419
1714240 419
1714250 419
1714260 420
1714270 420
1714280 420
1714290 420
1714300 421
1714310 421
1714320 421
1714330 422
1714340 422
1714350 422
1714360 422
1714370 423
1714380 423
1714390 422
1714400 423
1714410 423
1714420 424
1714430 424
1714440 424
1714450 425
1714460 425
1714470 425
1714480 426
1714490 426
1714500 426
1714510 426
1714520 427
1714530 427
1714540 427
1714550 427
1714560 428
1714570 428
1714580 428
1714590 428
1714600 428
1714610 428
1714620 428
1714630 428
1714640 428
1714650 429
1714660 429
1714670 428
1714680 428
1714690 428
1714700 428
1714710 428
1714720 428
1714730 428
1714740 427
1714750 427
1714760 427
1714770 426
1714780 426
1714790 426
1714800 425
1714810 425
1714820 424
1714830 423
1714840 423
1714850 422
1714860 421
1714870 421
1714880 420
1714890 419
1714900 417
1714910 416
1714920 414
1714930 412
1714940 410
1714950 409
1714960 408
1714970 406
1714980 405
1714990 403
1715000 402
1715010 400
1715020 399
1715030 398
1715040 397
1715050 396
1715060 395
1715070 393
1715080 392
1715090 391
1715100 391
1715110 390
1715120 389
1715130 389
1715140 388
1715150 388
1715160 387
1715170 386
1715180 384
1715190 382
1715200 381
1715210 383
1715220 385
1715230 387
1715240 389
1715250 391
1715260 393
1715270 394
1715280 396
1715290 398
1715300 400
1715310 402
1715320 403
1715330 405
1715340 407
1715350 408
1715360 409
1715370 411
1715380 412
1715390 414
1715400 415
1715410 416
1715420 418
1715430 419
1715440 421
1715450 422
1715460 423
1715470 424
1715480 425
1715490 427
1715500 428
1715510 429
1715520 430
1715530 432
1715540 433
1715550 434
1715560 434
1715570 435
1715580 436
1715590 437
1715600 437
1715610 438
1715620 439
1715630 439
1715640 440
1715650 440
1715660 440
1715670 440
1715680 441
1715690 440
1715700 440
1715710 440
1715720 440
1715730 440
1715740 440
1715750 440
1715760 440
1715770 440
1715780 439
1715790 439
1715800 439
1715810 438
1715820 437
1715830 436
1715840 435
1715850 434
1715860 433
1715870 433
1715880 432
1715890 432
1715900 432
1715910 431
1715920 431
1715930 430
1715940 428
1715950 427
1715960 426
1715970 424
1715980 423
1715990 423
1716000 424
1716010 426
1716020 429
1716030 430
1716040 431
1716050 432
1716060 432
1716070 433
1716080 434
1716090 435
1716100 436
1716110 437
1716120 438
1716130 439
1716140 440
1716150 441
1716160 442
1716170 443
1716180 444
1716190 445
1716200 447
1716210 447
1716220 448
1716230 449
1716240 450
1716250 451
1716260 452
1716270 452
1716280 453
1716290 454
1716300 455
1716310 456
1716320 456
1716330 457
1716340 457
1716350 458
1716360 458
1716370 459
1716380 459
1716390 460
1716400 460
1716410 460
1716420 460
1716430 461
1716440 461
1716450 461
1716460 461
1716470 461
1716480 462
1716490 462
1716500 462
1716510 463
1716520 463
1716530 464
1716540 464
1716550 464
1716560 465
1716570 465
1716580 465
1716590 465
1716600 465
1716610 465
1716620 465
1716630 466
1716640 466
1716650 467
1716660 467
1716670 468
1716680 468
1716690 468
1716700 469
1716710 469
1716720 470
1716730 470
1716740 470
1716750 470
1716760 471
1716770 471
1716780 471
1716790 471
1716800 471
1716810 471
1716820 471
1716830 471
1716840 470
1716850 470
1716860 470
1716870 470
1716880 470
1716890 470
1716900 470
1716910 469
1716920 469
1716930 469
1716940 469
1716950 469
1716960 469
1716970 468
1716980 467
1716990 466
1717000 466
1717010 465
1717020 465
1717030 465
1717040 466
1717050 466
1717060 467
1717070 468
1717080 468
1717090 468
1717100 468
1717110 468
1717120 468
1717130 469
1717140 470
1717150 471
1717160 471
1717170 472
1717180 472
1717190 473
1717200 474
1717210 474
1717220 475
1717230 476
1717240 476
1717250 477
1717260 477
1717270 478
1717280 479
1717290 479
1717300 480
1717310 481
1717320 481
1717330 481
1717340 482
1717350 482
1717360 482
1717370 483
1717380 483
1717390 483
1717400 483
1717410 483
1717420 483
1717430 483
1717440 483
1717450 482
1717460 482
1717470 482
1717480 482
1717490 481
1717500 481
1717510 481
1717520 480
1717530 480
1717540 479
1717550 479
1717560 478
1717570 478
1717580 476
1717590 474
1717600 473
1717610 472
1717620 471
1717630 470
1717640 470
1717650 469
1717660 468
1717670 468
1717680 467
1717690 467
1717700 466
1717710 466
1717720 466
1717730 465
1717740 464
1717750 464
1717760 464
1717770 463
1717780 463
1717790 462
1717800 461
1717810 460
1717820 459
1717830 459
1717840 461
1717850 464
1717860 466
1717870 468
1717880 470
1717890 471
1717900 473
1717910 474
1717920 475
1717930 477
1717940 478
1717950 480
1717960 481
1717970 483
1717980 484
1717990 486
1718000 487
1718010 488
1718020 490
1718030 491
1718040 492
1718050 493
1718060 495
1718070 496
1718080 497
1718090 498
1718100 499
1718110 500
1718120 501
1718130 502
1718140 503
1718150 504
1718160 504
1718170 505
1718180 506
1718190 507
1718200 508
1718210 509
1718220 509
1718230 510
1718240 511
1718250 512
1718260 512
1718270 513
1718280 513
1718290 513
1718300 514
1718310 515
1718320 515
1718330 516
1718340 516
1718350 517
1718360 518
1718370 518
1718380 519
1718390 520
1718400 520
1718410 521
1718420 521
1718430 522
1718440 522
1718450 523
1718460 523
1718470 524
1718480 524
1718490 525
1718500 525
1718510 526
1718520 526
1718530 527
1718540 527
1718550 528
1718560 528
1718570 529
1718580 529
1718590 530
1718600 530
1718610 531
1718620 532
1718630 532
1718640 533
1718650 534
1718660 534
1718670 535
1718680 535
1718690 536
1718700 536
1718710 537
1718720 538
1718730 538
1718740 539
1718750 539
1718760 540
1718770 540
1718780 541
1718790 541
1718800 542
1718810 542
1718820 542
1718830 543
1718840 543
1718850 543
1718860 544
1718870 544
1718880 544
1718890 545
1718900 545
1718910 545
1718920 545
1718930 545
1718940 545
1718950 545
1718960 545
1718970 545
1718980 545
1718990 545
1719000 546
1719010 546
1719020 546
1719030 546
1719040 546
1719050 546
1719060 546
1719070 546
1719080 547
1719090 547
1719100 547
1719110 547
1719120 547
1719130 547
1719140 548
1719150 548
1719160 548
1719170 548
1719180 549
1719190 549
1719200 549
1719210 549
1719220 549
1719230 549
1719240 549
1719250 549
1719260 549
1719270 549
1719280 549
1719290 549
1719300 549
1719310 549
1719320 549
1719330 549
1719340 549
1719350 548
1719360 548
1719370 548
1719380 548
1719390 548
1719400 548
1719410 547
1719420 547
1719430 547
1719440 547
1719450 546
1719460 546
1719470 545
1719480 545
1719490 545
1719500 544
1719510 544
1719520 543
1719530 543
1719540 542
1719550 542
1719560 541
1719570 541
1719580 540
1719590 539
1719600 539
1719610 538
1719620 537
1719630 536
1719640 536
1719650 535
1719660 534
1719670 533
1719680 532
1719690 532
1719700 531
1719710 530
1719720 529
1719730 529
1719740 528
1719750 527
1719760 526
1719770 525
1719780 524
1719790 523
1719800 522
1719810 521
1719820 520
1719830 520
1719840 519
1719850 519
1719860 518
1719870 518
1719880 517
1719890 517
1719900 517
1719910 518
1719920 518
1719930 518
1719940 518
1719950 519
1719960 519
1719970 519
1719980 520
1719990 520
