1700000 321
1700010 321
1700020 321
1700030 321
1700040 322
1700050 322
1700060 322
1700070 322
1700080 323
1700090 323
1700100 324
1700110 324
1700120 325
1700130 325
1700140 326
1700150 326
1700160 327
1700170 327
1700180 328
1700190 328
1700200 329
1700210 329
1700220 330
1700230 330
1700240 330
1700250 331
1700260 331
1700270 331
1700280 332
1700290 332
1700300 332
1700310 333
1700320 333
1700330 334
1700340 334
1700350 335
1700360 335
1700370 335
1700380 336
1700390 336
1700400 337
1700410 337
1700420 338
1700430 339
1700440 340
1700450 340
1700460 340
1700470 341
1700480 341
1700490 342
1700500 342
1700510 343
1700520 344
1700530 344
1700540 345
1700550 345
1700560 346
1700570 346
1700580 347
1700590 347
1700600 348
1700610 348
1700620 349
1700630 349
1700640 349
1700650 349
1700660 350
1700670 350
1700680 350
1700690 350
1700700 349
1700710 349
1700720 349
1700730 350
1700740 350
1700750 350
1700760 350
1700770 350
1700780 350
1700790 350
1700800 350
1700810 350
1700820 349
1700830 349
1700840 349
1700850 349
1700860 349
1700870 349
1700880 348
1700890 348
1700900 348
1700910 348
1700920 348
1700930 348
1700940 347
1700950 347
1700960 347
1700970 346
1700980 346
1700990 346
1701000 345
1701010 345
1701020 344
1701030 344
1701040 343
1701050 342
1701060 342
1701070 341
1701080 341
1701090 340
1701100 340
1701110 339
1701120 339
1701130 338
1701140 338
1701150 337
1701160 337
1701170 336
1701180 336
1701190 335
1701200 335
1701210 334
1701220 334
1701230 333
1701240 333
1701250 332
1701260 332
1701270 331
1701280 331
1701290 330
1701300 330
1701310 330
1701320 330
1701330 329
1701340 329
1701350 329
1701360 329
1701370 329
1701380 329
1701390 329
1701400 329
1701410 329
1701420 329
1701430 329
1701440 328
1701450 328
1701460 328
1701470 328
1701480 327
1701490 327
1701500 327
1701510 327
1701520 327
1701530 327
1701540 327
1701550 327
1701560 327
1701570 327
1701580 328
1701590 328
1701600 328
1701610 329
1701620 330
1701630 330
1701640 330
1701650 330
1701660 330
1701670 330
1701680 330
1701690 330
1701700 330
1701710 330
1701720 330
1701730 331
1701740 331
1701750 331
1701760 331
1701770 331
1701780 331
1701790 331
1701800 331
1701810 331
1701820 332
1701830 332
1701840 332
1701850 332
1701860 333
1701870 333
1701880 333
1701890 334
1701900 334
1701910 334
1701920 335
1701930 335
1701940 336
1701950 336
1701960 336
1701970 337
1701980 337
1701990 337
1702000 338
1702010 338
1702020 338
1702030 338
1702040 338
1702050 338
1702060 338
1702070 338
1702080 338
1702090 338
1702100 338
1702110 338
1702120 337
1702130 337
1702140 336
1702150 336
1702160 335
1702170 334
1702180 334
1702190 333
1702200 332
1702210 332
1702220 331
1702230 330
1702240 329
1702250 329
1702260 328
1702270 328
1702280 327
1702290 327
1702300 326
1702310 326
1702320 325
1702330 325
1702340 324
1702350 324
1702360 323
1702370 323
1702380 323
1702390 322
1702400 322
1702410 322
1702420 321
1702430 321
1702440 321
1702450 320
1702460 318
1702470 317
1702480 317
1702490 317
1702500 317
1702510 317
1702520 317
1702530 318
1702540 318
1702550 319
1702560 319
1702570 320
1702580 320
1702590 320
1702600 321
1702610 321
1702620 321
1702630 321
1702640 321
1702650 321
1702660 321
1702670 321
1702680 321
1702690 321
1702700 321
1702710 321
1702720 321
1702730 320
1702740 320
1702750 320
1702760 319
1702770 319
1702780 319
1702790 319
1702800 318
1702810 318
1702820 318
1702830 318
1702840 317
1702850 317
1702860 317
1702870 317
1702880 317
1702890 316
1702900 316
1702910 316
1702920 315
1702930 315
1702940 315
1702950 315
1702960 314
1702970 314
1702980 313
1702990 313
1703000 313
1703010 313
1703020 312
1703030 312
1703040 312
1703050 312
1703060 312
1703070 312
1703080 311
1703090 311
1703100 311
1703110 311
1703120 310
1703130 310
1703140 310
1703150 310
1703160 310
1703170 310
1703180 310
1703190 310
1703200 310
1703210 310
1703220 310
1703230 310
1703240 310
1703250 310
1703260 309
1703270 309
1703280 309
1703290 309
1703300 309
1703310 309
1703320 309
1703330 309
1703340 310
1703350 310
1703360 310
1703370 310
1703380 310
1703390 310
1703400 309
1703410 309
1703420 310
1703430 310
1703440 310
1703450 310
1703460 310
1703470 310
1703480 310
1703490 310
1703500 310
1703510 310
1703520 310
1703530 310
1703540 310
1703550 310
1703560 311
1703570 312
1703580 312
1703590 313
1703600 314
1703610 315
1703620 316
1703630 316
1703640 317
1703650 318
1703660 319
1703670 319
1703680 320
1703690 321
1703700 322
1703710 323
1703720 324
1703730 324
1703740 325
1703750 326
1703760 327
1703770 328
1703780 328
1703790 329
1703800 330
1703810 330
1703820 330
1703830 331
1703840 331
1703850 331
1703860 331
1703870 331
1703880 331
1703890 331
1703900 331
1703910 331
1703920 331
1703930 331
1703940 331
1703950 331
1703960 331
1703970 331
1703980 331
1703990 331
1704000 331
1704010 330
1704020 330
1704030 330
1704040 330
1704050 329
1704060 329
1704070 329
1704080 329
1704090 328
1704100 328
1704110 328
1704120 328
1704130 327
1704140 327
1704150 327
1704160 327
1704170 327
1704180 326
1704190 326
1704200 326
1704210 326
1704220 326
1704230 325
1704240 325
1704250 325
1704260 325
1704270 325
1704280 324
1704290 324
1704300 324
1704310 324
1704320 324
1704330 323
1704340 323
1704350 323
1704360 323
1704370 322
1704380 322
1704390 322
1704400 321
1704410 321
1704420 321
1704430 320
1704440 320
1704450 320
1704460 320
1704470 320
1704480 319
1704490 319
1704500 319
1704510 319
1704520 319
1704530 318
1704540 318
1704550 318
1704560 318
1704570 318
1704580 318
1704590 318
1704600 317
1704610 317
1704620 317
1704630 317
1704640 317
1704650 317
1704660 317
1704670 317
1704680 317
1704690 318
1704700 318
1704710 318
1704720 318
1704730 318
1704740 318
1704750 317
1704760 317
1704770 317
1704780 317
1704790 317
1704800 317
1704810 317
1704820 317
1704830 316
1704840 316
1704850 316
1704860 315
1704870 315
1704880 315
1704890 315
1704900 315
1704910 315
1704920 315
1704930 315
1704940 315
1704950 315
1704960 314
1704970 313
1704980 313
1704990 314
1705000 314
1705010 315
1705020 316
1705030 316
1705040 316
1705050 317
1705060 317
1705070 317
1705080 317
1705090 317
1705100 317
1705110 318
1705120 318
1705130 318
1705140 319
1705150 319
1705160 319
1705170 319
1705180 319
1705190 319
1705200 319
1705210 319
1705220 319
1705230 319
1705240 319
1705250 319
1705260 319
1705270 319
1705280 319
1705290 319
1705300 319
1705310 319
1705320 319
1705330 319
1705340 319
1705350 319
1705360 319
1705370 319
1705380 320
1705390 320
1705400 320
1705410 321
1705420 321
1705430 322
1705440 323
1705450 324
1705460 324
1705470 325
1705480 325
1705490 325
1705500 326
1705510 326
1705520 326
1705530 327
1705540 327
1705550 327
1705560 327
1705570 328
1705580 328
1705590 329
1705600 330
1705610 330
1705620 331
1705630 332
1705640 333
1705650 334
1705660 335
1705670 336
1705680 336
1705690 337
1705700 338
1705710 338
1705720 339
1705730 340
1705740 340
1705750 341
1705760 341
1705770 342
1705780 342
1705790 343
1705800 343
1705810 344
1705820 344
1705830 345
1705840 345
1705850 345
1705860 346
1705870 346
1705880 346
1705890 346
1705900 347
1705910 347
1705920 347
1705930 347
1705940 348
1705950 348
1705960 348
1705970 348
1705980 348
1705990 347
1706000 347
1706010 347
1706020 346
1706030 346
1706040 346
1706050 345
1706060 345
1706070 344
1706080 344
1706090 343
1706100 343
1706110 342
1706120 342
1706130 341
1706140 341
1706150 340
1706160 339
1706170 339
1706180 339
1706190 338
1706200 338
1706210 337
1706220 337
1706230 336
1706240 335
1706250 335
1706260 334
1706270 333
1706280 333
1706290 333
1706300 333
1706310 334
1706320 334
1706330 335
1706340 335
1706350 336
1706360 337
1706370 337
1706380 338
1706390 338
1706400 339
1706410 339
1706420 340
1706430 341
1706440 341
1706450 342
1706460 342
1706470 343
1706480 343
1706490 344
1706500 344
1706510 345
1706520 345
1706530 346
1706540 346
1706550 346
1706560 346
1706570 346
1706580 346
1706590 346
1706600 346
1706610 345
1706620 344
1706630 344
1706640 344
1706650 343
1706660 343
1706670 342
1706680 342
1706690 341
1706700 340
1706710 339
1706720 339
1706730 338
1706740 337
1706750 337
1706760 335
1706770 333
1706780 330
1706790 328
1706800 328
1706810 328
1706820 328
1706830 329
1706840 329
1706850 329
1706860 330
1706870 331
1706880 332
1706890 333
1706900 334
1706910 335
1706920 336
1706930 337
1706940 338
1706950 339
1706960 341
1706970 342
1706980 343
1706990 344
1707000 345
1707010 346
1707020 346
1707030 347
1707040 348
1707050 349
1707060 350
1707070 351
1707080 351
1707090 352
1707100 352
1707110 352
1707120 352
1707130 352
1707140 352
1707150 352
1707160 353
1707170 353
1707180 353
1707190 353
1707200 354
1707210 354
1707220 354
1707230 354
1707240 354
1707250 355
1707260 355
1707270 355
1707280 355
1707290 355
1707300 355
1707310 355
1707320 355
1707330 355
1707340 355
1707350 355
1707360 355
1707370 355
1707380 355
1707390 355
1707400 355
1707410 355
1707420 355
1707430 356
1707440 356
1707450 356
1707460 356
1707470 356
1707480 356
1707490 356
1707500 356
1707510 357
1707520 357
1707530 357
1707540 357
1707550 357
1707560 357
1707570 357
1707580 357
1707590 357
1707600 358
1707610 358
1707620 358
1707630 358
1707640 358
1707650 358
1707660 358
1707670 359
1707680 359
1707690 359
1707700 360
1707710 361
1707720 361
1707730 362
1707740 363
1707750 364
1707760 364
1707770 365
1707780 366
1707790 367
1707800 368
1707810 369
1707820 369
1707830 370
1707840 371
1707850 372
1707860 373
1707870 374
1707880 375
1707890 376
1707900 377
1707910 378
1707920 379
1707930 379
1707940 380
1707950 381
1707960 382
1707970 383
1707980 384
1707990 384
1708000 385
1708010 385
1708020 386
1708030 386
1708040 387
1708050 387
1708060 388
1708070 388
1708080 388
1708090 389
1708100 389
1708110 389
1708120 389
1708130 389
1708140 389
1708150 389
1708160 389
1708170 389
1708180 389
1708190 389
1708200 389
1708210 389
1708220 389
1708230 389
1708240 389
1708250 389
1708260 389
1708270 389
1708280 389
1708290 389
1708300 388
1708310 388
1708320 388
1708330 388
1708340 388
1708350 388
1708360 388
1708370 388
1708380 387
1708390 387
1708400 387
1708410 387
1708420 387
1708430 387
1708440 387
1708450 387
1708460 386
1708470 386
1708480 386
1708490 386
1708500 386
1708510 385
1708520 385
1708530 384
1708540 383
1708550 382
1708560 382
1708570 381
1708580 380
1708590 379
1708600 378
1708610 377
1708620 376
1708630 375
1708640 374
1708650 373
1708660 373
1708670 372
1708680 372
1708690 373
1708700 373
1708710 375
1708720 376
1708730 377
1708740 379
1708750 380
1708760 380
1708770 381
1708780 381
1708790 381
1708800 381
1708810 381
1708820 381
1708830 381
1708840 380
1708850 380
1708860 380
1708870 380
1708880 379
1708890 379
1708900 378
1708910 378
1708920 377
1708930 376
1708940 376
1708950 375
1708960 374
1708970 373
1708980 372
1708990 372
1709000 371
1709010 369
1709020 368
1709030 367
1709040 366
1709050 365
1709060 364
1709070 362
1709080 361
1709090 361
1709100 360
1709110 360
1709120 360
1709130 360
1709140 360
1709150 360
1709160 359
1709170 359
1709180 359
1709190 359
1709200 360
1709210 360
1709220 360
1709230 360
1709240 361
1709250 361
1709260 361
1709270 361
1709280 361
1709290 361
1709300 361
1709310 361
1709320 361
1709330 361
1709340 361
1709350 361
1709360 360
1709370 360
1709380 360
1709390 360
1709400 360
1709410 360
1709420 360
1709430 360
1709440 359
1709450 359
1709460 359
1709470 359
1709480 359
1709490 359
1709500 358
1709510 358
1709520 357
1709530 357
1709540 356
1709550 356
1709560 355
1709570 355
1709580 355
1709590 354
1709600 354
1709610 353
1709620 353
1709630 352
1709640 351
1709650 351
1709660 350
1709670 350
1709680 350
1709690 349
1709700 349
1709710 349
1709720 349
1709730 348
1709740 348
1709750 347
1709760 347
1709770 347
1709780 347
1709790 346
1709800 346
1709810 345
1709820 344
1709830 344
1709840 343
1709850 342
1709860 342
1709870 341
1709880 340
1709890 340
1709900 340
1709910 340
1709920 340
1709930 340
1709940 340
1709950 339
1709960 339
1709970 339
1709980 339
1709990 339
1710000 339
1710010 338
1710020 338
1710030 338
1710040 338
1710050 338
1710060 338
1710070 338
1710080 337
1710090 337
1710100 337
1710110 337
1710120 337
1710130 336
1710140 336
1710150 336
1710160 335
1710170 334
1710180 334
1710190 334
1710200 334
1710210 334
1710220 334
1710230 334
1710240 334
1710250 334
1710260 334
1710270 334
1710280 335
1710290 335
1710300 336
1710310 336
1710320 337
1710330 337
1710340 338
1710350 338
1710360 338
1710370 338
1710380 338
1710390 338
1710400 338
1710410 336
1710420 334
1710430 331
1710440 329
1710450 329
1710460 328
1710470 328
1710480 327
1710490 327
1710500 326
1710510 325
1710520 325
1710530 326
1710540 327
1710550 328
1710560 328
1710570 328
1710580 329
1710590 329
1710600 329
1710610 329
1710620 329
1710630 329
1710640 330
1710650 330
1710660 330
1710670 330
1710680 330
1710690 330
1710700 330
1710710 330
1710720 330
1710730 330
1710740 330
1710750 330
1710760 331
1710770 331
1710780 331
1710790 331
1710800 331
1710810 331
1710820 331
1710830 331
1710840 331
1710850 331
1710860 331
1710870 332
1710880 332
1710890 332
1710900 332
1710910 332
1710920 332
1710930 332
1710940 332
1710950 332
1710960 333
1710970 333
1710980 333
1710990 333
1711000 333
1711010 333
1711020 333
1711030 333
1711040 334
1711050 334
1711060 334
1711070 334
1711080 334
1711090 334
1711100 334
1711110 335
1711120 335
1711130 335
1711140 335
1711150 335
1711160 335
1711170 335
1711180 335
1711190 335
1711200 335
1711210 336
1711220 336
1711230 336
1711240 336
1711250 336
1711260 336
1711270 336
1711280 336
1711290 336
1711300 336
1711310 336
1711320 336
1711330 336
1711340 336
1711350 337
1711360 337
1711370 337
1711380 337
1711390 337
1711400 337
1711410 337
1711420 337
1711430 337
1711440 337
1711450 337
1711460 337
1711470 337
1711480 338
1711490 338
1711500 338
1711510 338
1711520 338
1711530 338
1711540 338
1711550 338
1711560 338
1711570 338
1711580 339
1711590 339
1711600 339
1711610 339
1711620 339
1711630 339
1711640 339
1711650 339
1711660 339
1711670 339
1711680 340
1711690 340
1711700 340
1711710 340
1711720 340
1711730 340
1711740 340
1711750 340
1711760 340
1711770 340
1711780 340
1711790 340
1711800 340
1711810 341
1711820 341
1711830 341
1711840 341
1711850 341
1711860 341
1711870 341
1711880 341
1711890 341
1711900 341
1711910 341
1711920 341
1711930 341
1711940 341
1711950 341
1711960 342
1711970 342
1711980 342
1711990 342
1712000 342
1712010 342
1712020 342
1712030 342
1712040 342
1712050 342
1712060 342
1712070 342
1712080 342
1712090 342
1712100 343
1712110 343
1712120 343
1712130 343
1712140 343
1712150 344
1712160 344
1712170 345
1712180 345
1712190 346
1712200 346
1712210 346
1712220 347
1712230 348
1712240 348
1712250 349
1712260 349
1712270 349
1712280 350
1712290 350
1712300 350
1712310 350
1712320 350
1712330 351
1712340 351
1712350 351
1712360 351
1712370 352
1712380 352
1712390 352
1712400 352
1712410 352
1712420 353
1712430 353
1712440 353
1712450 353
1712460 353
1712470 354
1712480 354
1712490 354
1712500 354
1712510 354
1712520 355
1712530 355
1712540 355
1712550 356
1712560 356
1712570 356
1712580 357
1712590 357
1712600 357
1712610 357
1712620 357
1712630 357
1712640 358
1712650 358
1712660 358
1712670 358
1712680 358
1712690 359
1712700 359
1712710 359
1712720 360
1712730 360
1712740 360
1712750 361
1712760 361
1712770 361
1712780 362
1712790 362
1712800 362
1712810 363
1712820 363
1712830 363
1712840 363
1712850 363
1712860 363
1712870 363
1712880 363
1712890 363
1712900 364
1712910 365
1712920 366
1712930 366
1712940 367
1712950 367
1712960 368
1712970 368
1712980 369
1712990 369
1713000 370
1713010 370
1713020 370
1713030 371
1713040 371
1713050 372
1713060 372
1713070 372
1713080 373
1713090 373
1713100 374
1713110 374
1713120 374
1713130 375
1713140 375
1713150 376
1713160 377
1713170 377
1713180 377
1713190 377
1713200 378
1713210 379
1713220 380
1713230 380
1713240 381
1713250 381
1713260 382
1713270 382
1713280 383
1713290 383
1713300 384
1713310 384
1713320 385
1713330 385
1713340 386
1713350 386
1713360 387
1713370 389
1713380 390
1713390 391
1713400 391
1713410 391
1713420 391
1713430 391
1713440 391
1713450 391
1713460 391
1713470 391
1713480 392
1713490 393
1713500 394
1713510 394
1713520 395
1713530 396
1713540 396
1713550 397
1713560 397
1713570 398
1713580 398
1713590 399
1713600 399
1713610 399
1713620 400
1713630 400
1713640 400
1713650 401
1713660 401
1713670 402
1713680 402
1713690 403
1713700 403
1713710 404
1713720 404
1713730 404
1713740 405
1713750 405
1713760 405
1713770 406
1713780 406
1713790 407
1713800 407
1713810 407
1713820 407
1713830 407
1713840 406
1713850 406
1713860 406
1713870 406
1713880 407
1713890 407
1713900 407
1713910 408
1713920 408
1713930 408
1713940 409
1713950 409
1713960 409
1713970 409
1713980 410
1713990 410
1714000 410
1714010 410
1714020 410
1714030 410
1714040 410
1714050 410
1714060 409
1714070 408
1714080 408
1714090 407
1714100 406
1714110 405
1714120 404
1714130 404
1714140 403
1714150 402
1714160 400
1714170 399
1714180 398
1714190 397
1714200 397
1714210 396
1714220 396
1714230 396
1714240 396
1714250 395
1714260 395
1714270 395
1714280 394
1714290 394
1714300 394
1714310 394
1714320 394
1714330 393
1714340 393
1714350 392
1714360 392
1714370 391
1714380 391
1714390 390
1714400 390
1714410 389
1714420 388
1714430 388
1714440 387
1714450 387
1714460 386
1714470 385
1714480 384
1714490 383
1714500 382
1714510 381
1714520 380
1714530 380
1714540 379
1714550 378
1714560 378
1714570 377
1714580 376
1714590 375
1714600 374
1714610 373
1714620 371
1714630 369
1714640 368
1714650 366
1714660 363
1714670 361
1714680 360
1714690 358
1714700 357
1714710 355
1714720 354
1714730 353
1714740 352
1714750 351
1714760 349
1714770 347
1714780 346
1714790 346
1714800 345
1714810 345
1714820 344
1714830 344
1714840 345
1714850 346
1714860 348
1714870 350
1714880 352
1714890 354
1714900 356
1714910 358
1714920 360
1714930 362
1714940 364
1714950 365
1714960 367
1714970 369
1714980 371
1714990 372
1715000 374
1715010 375
1715020 376
1715030 377
1715040 378
1715050 380
1715060 381
1715070 383
1715080 384
1715090 385
1715100 386
1715110 387
1715120 388
1715130 389
1715140 390
1715150 391
1715160 391
1715170 392
1715180 392
1715190 392
1715200 392
1715210 392
1715220 392
1715230 392
1715240 391
1715250 391
1715260 391
1715270 391
1715280 390
1715290 390
1715300 389
1715310 388
1715320 388
1715330 388
1715340 387
1715350 387
1715360 386
1715370 386
1715380 385
1715390 385
1715400 385
1715410 384
1715420 384
1715430 383
1715440 383
1715450 383
1715460 383
1715470 382
1715480 382
1715490 382
1715500 381
1715510 381
1715520 380
1715530 380
1715540 380
1715550 379
1715560 379
1715570 378
1715580 377
1715590 376
1715600 376
1715610 376
1715620 376
1715630 376
1715640 376
1715650 376
1715660 376
1715670 376
1715680 376
1715690 376
1715700 376
1715710 375
1715720 376
1715730 376
1715740 376
1715750 375
1715760 374
1715770 373
1715780 373
1715790 372
1715800 372
1715810 372
1715820 371
1715830 371
1715840 370
1715850 370
1715860 369
1715870 369
1715880 368
1715890 368
1715900 367
1715910 367
1715920 366
1715930 365
1715940 364
1715950 363
1715960 362
1715970 361
1715980 359
1715990 358
1716000 356
1716010 353
1716020 352
1716030 351
1716040 352
1716050 353
1716060 353
1716070 354
1716080 354
1716090 354
1716100 354
1716110 355
1716120 355
1716130 354
1716140 354
1716150 355
1716160 355
1716170 355
1716180 356
1716190 356
1716200 356
1716210 356
1716220 356
1716230 356
1716240 356
1716250 357
1716260 357
1716270 357
1716280 358
1716290 358
1716300 358
1716310 358
1716320 358
1716330 358
1716340 358
1716350 358
1716360 358
1716370 358
1716380 358
1716390 358
1716400 358
1716410 358
1716420 358
1716430 357
1716440 357
1716450 356
1716460 355
1716470 355
1716480 355
1716490 355
1716500 356
1716510 356
1716520 356
1716530 357
1716540 358
1716550 358
1716560 359
1716570 360
1716580 361
1716590 362
1716600 363
1716610 364
1716620 365
1716630 365
1716640 365
1716650 365
1716660 365
1716670 365
1716680 365
1716690 365
1716700 365
1716710 365
1716720 365
1716730 365
1716740 366
1716750 366
1716760 365
1716770 365
1716780 365
1716790 365
1716800 365
1716810 365
1716820 366
1716830 367
1716840 368
1716850 368
1716860 369
1716870 369
1716880 369
1716890 369
1716900 370
1716910 370
1716920 371
1716930 371
1716940 371
1716950 371
1716960 371
1716970 370
1716980 370
1716990 369
1717000 369
1717010 369
1717020 369
1717030 369
1717040 369
1717050 369
1717060 369
1717070 369
1717080 369
1717090 370
1717100 371
1717110 372
1717120 373
1717130 373
1717140 374
1717150 374
1717160 374
1717170 375
1717180 375
1717190 375
1717200 375
1717210 376
1717220 376
1717230 376
1717240 376
1717250 377
1717260 377
1717270 377
1717280 377
1717290 377
1717300 377
1717310 377
1717320 376
1717330 376
1717340 378
1717350 379
1717360 379
1717370 380
1717380 380
1717390 380
1717400 381
1717410 381
1717420 382
1717430 382
1717440 383
1717450 384
1717460 384
1717470 385
1717480 385
1717490 386
1717500 387
1717510 388
1717520 388
1717530 389
1717540 390
1717550 391
1717560 391
1717570 392
1717580 392
1717590 393
1717600 394
1717610 394
1717620 395
1717630 395
1717640 396
1717650 396
1717660 397
1717670 397
1717680 398
1717690 398
1717700 399
1717710 399
1717720 400
1717730 401
1717740 401
1717750 402
1717760 402
1717770 403
1717780 403
1717790 404
1717800 405
1717810 405
1717820 406
1717830 406
1717840 407
1717850 407
1717860 408
1717870 409
1717880 409
1717890 410
1717900 410
1717910 411
1717920 411
1717930 411
1717940 412
1717950 412
1717960 412
1717970 413
1717980 413
1717990 414
1718000 414
1718010 414
1718020 415
1718030 415
1718040 415
1718050 416
1718060 416
1718070 417
1718080 417
1718090 418
1718100 418
1718110 418
1718120 419
1718130 419
1718140 420
1718150 420
1718160 420
1718170 420
1718180 420
1718190 420
1718200 419
1718210 419
1718220 419
1718230 418
1718240 418
1718250 419
1718260 419
1718270 419
1718280 421
1718290 422
1718300 423
1718310 423
1718320 423
1718330 423
1718340 423
1718350 423
1718360 424
1718370 424
1718380 424
1718390 423
1718400 424
1718410 425
1718420 425
1718430 426
1718440 426
1718450 426
1718460 426
1718470 426
1718480 426
1718490 426
1718500 426
1718510 427
1718520 427
1718530 427
1718540 427
1718550 427
1718560 427
1718570 427
1718580 427
1718590 427
1718600 428
1718610 428
1718620 428
1718630 428
1718640 428
1718650 428
1718660 428
1718670 428
1718680 428
1718690 428
1718700 428
1718710 428
1718720 428
1718730 429
1718740 429
1718750 429
1718760 429
1718770 429
1718780 429
1718790 429
1718800 429
1718810 429
1718820 429
1718830 429
1718840 430
1718850 430
1718860 430
1718870 430
1718880 429
1718890 429
1718900 429
1718910 430
1718920 429
1718930 429
1718940 429
1718950 429
1718960 429
1718970 429
1718980 429
1718990 429
1719000 429
1719010 429
1719020 429
1719030 429
1719040 429
1719050 429
1719060 429
1719070 429
1719080 429
1719090 429
1719100 428
1719110 428
1719120 429
1719130 429
1719140 428
1719150 428
1719160 428
1719170 428
1719180 428
1719190 428
1719200 428
1719210 428
1719220 428
1719230 427
1719240 427
1719250 427
1719260 427
1719270 427
1719280 427
1719290 427
1719300 427
1719310 427
1719320 427
1719330 427
1719340 426
1719350 426
1719360 426
1719370 425
1719380 425
1719390 425
1719400 425
1719410 425
1719420 425
1719430 425
1719440 425
1719450 424
1719460 424
1719470 424
1719480 424
1719490 425
1719500 425
1719510 425
1719520 425
1719530 425
1719540 425
1719550 425
1719560 425
1719570 425
1719580 423
1719590 423
1719600 424
1719610 425
1719620 425
1719630 425
1719640 425
1719650 426
1719660 426
1719670 426
1719680 426
1719690 426
1719700 426
1719710 425
1719720 424
1719730 426
1719740 427
1719750 427
1719760 428
1719770 428
1719780 428
1719790 429
1719800 429
1719810 430
1719820 430
1719830 430
1719840 431
1719850 431
1719860 432
1719870 432
1719880 432
1719890 433
1719900 433
1719910 434
1719920 434
1719930 435
1719940 435
1719950 435
1719960 436
1719970 436
1719980 436
1719990 437
