1700000 269
1700010 270
1700020 271
1700030 272
1700040 273
1700050 273
1700060 274
1700070 275
1700080 275
1700090 276
1700100 277
1700110 277
1700120 277
1700130 278
1700140 278
1700150 279
1700160 279
1700170 279
1700180 279
1700190 279
1700200 279
1700210 278
1700220 278
1700230 277
1700240 277
1700250 276
1700260 275
1700270 275
1700280 274
1700290 273
1700300 272
1700310 271
1700320 270
1700330 269
1700340 268
1700350 267
1700360 266
1700370 266
1700380 265
1700390 265
1700400 265
1700410 265
1700420 265
1700430 265
1700440 265
1700450 265
1700460 265
1700470 266
1700480 266
1700490 266
1700500 267
1700510 267
1700520 267
1700530 267
1700540 268
1700550 268
1700560 268
1700570 268
1700580 269
1700590 269
1700600 269
1700610 269
1700620 269
1700630 269
1700640 269
1700650 269
1700660 268
1700670 268
1700680 268
1700690 268
1700700 268
1700710 267
1700720 267
1700730 267
1700740 267
1700750 266
1700760 266
1700770 266
1700780 265
1700790 265
1700800 265
1700810 264
1700820 264
1700830 264
1700840 263
1700850 263
1700860 263
1700870 263
1700880 262
1700890 262
1700900 261
1700910 261
1700920 261
1700930 260
1700940 260
1700950 260
1700960 259
1700970 259
1700980 259
1700990 258
1701000 258
1701010 258
1701020 258
1701030 258
1701040 258
1701050 259
1701060 259
1701070 260
1701080 260
1701090 262
1701100 263
1701110 264
1701120 265
1701130 267
1701140 268
1701150 270
1701160 271
1701170 273
1701180 274
1701190 275
1701200 276
1701210 277
1701220 277
1701230 278
1701240 278
1701250 278
1701260 279
1701270 279
1701280 279
1701290 279
1701300 279
1701310 279
1701320 279
1701330 279
1701340 279
1701350 279
1701360 279
1701370 279
1701380 278
1701390 278
1701400 278
1701410 278
1701420 278
1701430 277
1701440 277
1701450 277
1701460 276
1701470 276
1701480 276
1701490 276
1701500 276
1701510 275
1701520 275
1701530 274
1701540 273
1701550 273
1701560 273
1701570 272
1701580 272
1701590 272
1701600 272
1701610 273
1701620 273
1701630 273
1701640 273
1701650 273
1701660 273
1701670 273
1701680 273
1701690 272
1701700 272
1701710 272
1701720 272
1701730 272
1701740 271
1701750 271
1701760 271
1701770 271
1701780 271
1701790 271
1701800 271
1701810 270
1701820 269
1701830 268
1701840 267
1701850 267
1701860 266
1701870 266
1701880 266
1701890 266
1701900 265
1701910 266
1701920 266
1701930 266
1701940 267
1701950 267
1701960 268
1701970 269
1701980 270
1701990 271
1702000 272
1702010 273
1702020 274
1702030 275
1702040 277
1702050 278
1702060 279
1702070 280
1702080 282
1702090 283
1702100 284
1702110 286
1702120 287
1702130 288
1702140 289
1702150 290
1702160 291
1702170 292
1702180 293
1702190 294
1702200 295
1702210 296
1702220 297
1702230 298
1702240 299
1702250 300
1702260 301
1702270 302
1702280 303
1702290 303
1702300 304
1702310 305
1702320 306
1702330 306
1702340 307
1702350 307
1702360 308
1702370 309
1702380 310
1702390 310
1702400 311
1702410 311
1702420 312
1702430 313
1702440 313
1702450 314
1702460 314
1702470 315
1702480 315
1702490 316
1702500 316
1702510 316
1702520 317
1702530 317
1702540 318
1702550 318
1702560 319
1702570 319
1702580 320
1702590 320
1702600 321
1702610 321
1702620 321
1702630 322
1702640 322
1702650 323
1702660 323
1702670 323
1702680 324
1702690 324
1702700 324
1702710 325
1702720 325
1702730 325
1702740 325
1702750 325
1702760 326
1702770 326
1702780 326
1702790 326
1702800 326
1702810 326
1702820 326
1702830 326
1702840 326
1702850 326
1702860 325
1702870 325
1702880 325
1702890 324
1702900 324
1702910 323
1702920 323
1702930 322
1702940 321
1702950 320
1702960 319
1702970 318
1702980 316
1702990 315
1703000 314
1703010 313
1703020 312
1703030 311
1703040 309
1703050 308
1703060 308
1703070 308
1703080 309
1703090 310
1703100 311
1703110 312
1703120 314
1703130 315
1703140 317
1703150 319
1703160 320
1703170 322
1703180 323
1703190 324
1703200 324
1703210 325
1703220 325
1703230 325
1703240 325
1703250 326
1703260 326
1703270 326
1703280 326
1703290 326
1703300 326
1703310 326
1703320 326
1703330 326
1703340 326
1703350 326
1703360 326
1703370 326
1703380 326
1703390 326
1703400 326
1703410 325
1703420 325
1703430 325
1703440 325
1703450 325
1703460 325
1703470 325
1703480 325
1703490 324
1703500 324
1703510 323
1703520 323
1703530 323
1703540 322
1703550 322
1703560 321
1703570 322
1703580 323
1703590 323
1703600 323
1703610 323
1703620 323
1703630 323
1703640 323
1703650 322
1703660 322
1703670 322
1703680 322
1703690 321
1703700 321
1703710 321
1703720 321
1703730 320
1703740 320
1703750 320
1703760 320
1703770 319
1703780 319
1703790 318
1703800 317
1703810 317
1703820 316
1703830 316
1703840 315
1703850 315
1703860 314
1703870 314
1703880 313
1703890 313
1703900 312
1703910 312
1703920 312
1703930 311
1703940 311
1703950 311
1703960 310
1703970 310
1703980 309
1703990 309
1704000 309
1704010 308
1704020 308
1704030 307
1704040 307
1704050 307
1704060 307
1704070 306
1704080 306
1704090 306
1704100 306
1704110 306
1704120 305
1704130 305
1704140 305
1704150 305
1704160 305
1704170 305
1704180 305
1704190 304
1704200 304
1704210 304
1704220 304
1704230 303
1704240 303
1704250 303
1704260 302
1704270 302
1704280 302
1704290 302
1704300 301
1704310 301
1704320 301
1704330 301
1704340 301
1704350 300
1704360 300
1704370 300
1704380 299
1704390 299
1704400 299
1704410 298
1704420 298
1704430 298
1704440 298
1704450 297
1704460 297
1704470 297
1704480 297
1704490 296
1704500 296
1704510 296
1704520 295
1704530 295
1704540 295
1704550 295
1704560 295
1704570 295
1704580 295
1704590 295
1704600 295
1704610 295
1704620 293
1704630 294
1704640 294
1704650 294
1704660 294
1704670 294
1704680 294
1704690 294
1704700 294
1704710 294
1704720 294
1704730 294
1704740 294
1704750 294
1704760 294
1704770 294
1704780 294
1704790 294
1704800 294
1704810 294
1704820 295
1704830 295
1704840 295
1704850 296
1704860 296
1704870 296
1704880 297
1704890 297
1704900 298
1704910 298
1704920 298
1704930 299
1704940 299
1704950 299
1704960 300
1704970 300
1704980 300
1704990 300
1705000 301
1705010 301
1705020 301
1705030 301
1705040 301
1705050 301
1705060 301
1705070 301
1705080 301
1705090 301
1705100 300
1705110 300
1705120 299
1705130 299
1705140 298
1705150 297
1705160 297
1705170 296
1705180 296
1705190 296
1705200 296
1705210 296
1705220 296
1705230 296
1705240 296
1705250 296
1705260 296
1705270 296
1705280 296
1705290 296
1705300 296
1705310 296
1705320 296
1705330 296
1705340 296
1705350 296
1705360 296
1705370 296
1705380 296
1705390 296
1705400 296
1705410 296
1705420 296
1705430 296
1705440 296
1705450 296
1705460 296
1705470 296
1705480 296
1705490 296
1705500 296
1705510 296
1705520 296
1705530 296
1705540 296
1705550 296
1705560 296
1705570 296
1705580 296
1705590 296
1705600 296
1705610 296
1705620 296
1705630 296
1705640 296
1705650 296
1705660 296
1705670 295
1705680 295
1705690 295
1705700 295
1705710 294
1705720 293
1705730 293
1705740 293
1705750 293
1705760 293
1705770 292
1705780 291
1705790 291
1705800 291
1705810 291
1705820 290
1705830 290
1705840 290
1705850 291
1705860 292
1705870 293
1705880 293
1705890 293
1705900 294
1705910 294
1705920 294
1705930 294
1705940 294
1705950 294
1705960 294
1705970 294
1705980 294
1705990 294
1706000 294
1706010 294
1706020 294
1706030 295
1706040 295
1706050 295
1706060 295
1706070 295
1706080 295
1706090 295
1706100 295
1706110 295
1706120 295
1706130 295
1706140 295
1706150 294
1706160 294
1706170 294
1706180 294
1706190 294
1706200 295
1706210 295
1706220 295
1706230 295
1706240 295
1706250 295
1706260 295
1706270 295
1706280 295
1706290 295
1706300 296
1706310 296
1706320 296
1706330 297
1706340 298
1706350 298
1706360 299
1706370 299
1706380 299
1706390 299
1706400 299
1706410 299
1706420 298
1706430 298
1706440 298
1706450 298
1706460 298
1706470 298
1706480 298
1706490 298
1706500 298
1706510 298
1706520 298
1706530 299
1706540 299
1706550 300
1706560 300
1706570 301
1706580 302
1706590 302
1706600 303
1706610 305
1706620 306
1706630 307
1706640 309
1706650 310
1706660 311
1706670 312
1706680 313
1706690 314
1706700 315
1706710 316
1706720 317
1706730 317
1706740 318
1706750 319
1706760 319
1706770 320
1706780 321
1706790 321
1706800 322
1706810 322
1706820 323
1706830 323
1706840 324
1706850 324
1706860 324
1706870 325
1706880 325
1706890 326
1706900 326
1706910 327
1706920 327
1706930 327
1706940 328
1706950 328
1706960 328
1706970 329
1706980 329
1706990 329
1707000 329
1707010 329
1707020 330
1707030 330
1707040 330
1707050 330
1707060 330
1707070 330
1707080 330
1707090 330
1707100 331
1707110 331
1707120 331
1707130 331
1707140 331
1707150 331
1707160 331
1707170 330
1707180 330
1707190 330
1707200 330
1707210 330
1707220 330
1707230 330
1707240 330
1707250 329
1707260 329
1707270 329
1707280 329
1707290 328
1707300 328
1707310 328
1707320 327
1707330 327
1707340 326
1707350 326
1707360 325
1707370 325
1707380 324
1707390 324
1707400 323
1707410 323
1707420 322
1707430 322
1707440 321
1707450 320
1707460 320
1707470 319
1707480 318
1707490 317
1707500 317
1707510 316
1707520 315
1707530 315
1707540 314
1707550 313
1707560 313
1707570 312
1707580 312
1707590 312
1707600 312
1707610 311
1707620 311
1707630 311
1707640 311
1707650 311
1707660 311
1707670 311
1707680 311
1707690 310
1707700 311
1707710 311
1707720 311
1707730 311
1707740 312
1707750 312
1707760 312
1707770 312
1707780 311
1707790 311
1707800 312
1707810 312
1707820 312
1707830 312
1707840 312
1707850 312
1707860 312
1707870 312
1707880 312
1707890 312
1707900 312
1707910 313
1707920 312
1707930 311
1707940 310
1707950 310
1707960 309
1707970 309
1707980 309
1707990 309
1708000 308
1708010 308
1708020 308
1708030 307
1708040 307
1708050 307
1708060 307
1708070 307
1708080 307
1708090 307
1708100 307
1708110 307
1708120 307
1708130 306
1708140 306
1708150 306
1708160 306
1708170 305
1708180 305
1708190 305
1708200 304
1708210 304
1708220 304
1708230 304
1708240 304
1708250 304
1708260 304
1708270 304
1708280 304
1708290 303
1708300 303
1708310 302
1708320 302
1708330 302
1708340 301
1708350 301
1708360 300
1708370 300
1708380 300
1708390 300
1708400 299
1708410 299
1708420 299
1708430 299
1708440 299
1708450 299
1708460 298
1708470 298
1708480 298
1708490 298
1708500 297
1708510 297
1708520 297
1708530 297
1708540 297
1708550 297
1708560 297
1708570 297
1708580 297
1708590 296
1708600 296
1708610 295
1708620 295
1708630 297
1708640 297
1708650 297
1708660 297
1708670 297
1708680 297
1708690 297
1708700 297
1708710 297
1708720 297
1708730 297
1708740 297
1708750 297
1708760 297
1708770 297
1708780 297
1708790 297
1708800 297
1708810 297
1708820 297
1708830 297
1708840 297
1708850 297
1708860 297
1708870 297
1708880 297
1708890 298
1708900 298
1708910 298
1708920 298
1708930 298
1708940 298
1708950 298
1708960 298
1708970 298
1708980 298
1708990 299
1709000 299
1709010 299
1709020 300
1709030 300
1709040 301
1709050 302
1709060 304
1709070 305
1709080 306
1709090 307
1709100 308
1709110 308
1709120 309
1709130 310
1709140 310
1709150 311
1709160 311
1709170 312
1709180 312
1709190 312
1709200 312
1709210 313
1709220 313
1709230 313
1709240 314
1709250 314
1709260 314
1709270 315
1709280 315
1709290 315
1709300 316
1709310 316
1709320 316
1709330 316
1709340 317
1709350 317
1709360 317
1709370 317
1709380 318
1709390 318
1709400 318
1709410 318
1709420 318
1709430 318
1709440 319
1709450 319
1709460 319
1709470 319
1709480 319
1709490 319
1709500 319
1709510 319
1709520 319
1709530 319
1709540 318
1709550 318
1709560 317
1709570 317
1709580 316
1709590 316
1709600 316
1709610 315
1709620 315
1709630 315
1709640 315
1709650 314
1709660 314
1709670 314
1709680 313
1709690 313
1709700 313
1709710 312
1709720 312
1709730 312
1709740 311
1709750 311
1709760 311
1709770 311
1709780 310
1709790 310
1709800 310
1709810 310
1709820 310
1709830 309
1709840 309
1709850 309
1709860 309
1709870 308
1709880 308
1709890 308
1709900 307
1709910 307
1709920 307
1709930 307
1709940 306
1709950 306
1709960 306
1709970 305
1709980 305
1709990 305
1710000 304
1710010 304
1710020 304
1710030 303
1710040 303
1710050 302
1710060 302
1710070 302
1710080 301
1710090 301
1710100 300
1710110 300
1710120 300
1710130 299
1710140 299
1710150 299
1710160 299
1710170 299
1710180 299
1710190 299
1710200 299
1710210 299
1710220 299
1710230 298
1710240 298
1710250 298
1710260 298
1710270 299
1710280 299
1710290 299
1710300 299
1710310 299
1710320 299
1710330 299
1710340 300
1710350 300
1710360 300
1710370 300
1710380 300
1710390 300
1710400 300
1710410 300
1710420 301
1710430 301
1710440 301
1710450 301
1710460 301
1710470 301
1710480 301
1710490 300
1710500 300
1710510 300
1710520 300
1710530 300
1710540 300
1710550 300
1710560 300
1710570 300
1710580 299
1710590 299
1710600 299
1710610 299
1710620 299
1710630 299
1710640 298
1710650 298
1710660 298
1710670 298
1710680 298
1710690 298
1710700 297
1710710 297
1710720 297
1710730 297
1710740 297
1710750 298
1710760 298
1710770 298
1710780 298
1710790 297
1710800 297
1710810 297
1710820 297
1710830 297
1710840 297
1710850 297
1710860 297
1710870 297
1710880 297
1710890 297
1710900 298
1710910 298
1710920 298
1710930 298
1710940 299
1710950 299
1710960 299
1710970 299
1710980 299
1710990 299
1711000 300
1711010 300
1711020 300
1711030 300
1711040 300
1711050 300
1711060 301
1711070 301
1711080 301
1711090 301
1711100 301
1711110 301
1711120 302
1711130 302
1711140 302
1711150 302
1711160 302
1711170 302
1711180 302
1711190 302
1711200 302
1711210 302
1711220 302
1711230 302
1711240 302
1711250 302
1711260 302
1711270 302
1711280 302
1711290 303
1711300 303
1711310 303
1711320 303
1711330 303
1711340 303
1711350 303
1711360 303
1711370 303
1711380 303
1711390 302
1711400 302
1711410 302
1711420 302
1711430 302
1711440 302
1711450 302
1711460 302
1711470 302
1711480 302
1711490 302
1711500 302
1711510 302
1711520 302
1711530 302
1711540 301
1711550 301
1711560 301
1711570 301
1711580 301
1711590 301
1711600 301
1711610 301
1711620 301
1711630 301
1711640 301
1711650 301
1711660 301
1711670 301
1711680 301
1711690 301
1711700 302
1711710 302
1711720 301
1711730 301
1711740 302
1711750 302
1711760 303
1711770 303
1711780 303
1711790 303
1711800 303
1711810 304
1711820 304
1711830 304
1711840 305
1711850 305
1711860 307
1711870 307
1711880 308
1711890 308
1711900 309
1711910 309
1711920 309
1711930 309
1711940 309
1711950 309
1711960 309
1711970 309
1711980 309
1711990 309
1712000 309
1712010 309
1712020 309
1712030 309
1712040 309
1712050 309
1712060 309
1712070 309
1712080 308
1712090 308
1712100 308
1712110 308
1712120 308
1712130 308
1712140 308
1712150 308
1712160 308
1712170 308
1712180 309
1712190 309
1712200 309
1712210 309
1712220 309
1712230 309
1712240 309
1712250 310
1712260 310
1712270 309
1712280 309
1712290 309
1712300 309
1712310 309
1712320 309
1712330 310
1712340 310
1712350 310
1712360 310
1712370 310
1712380 311
1712390 311
1712400 311
1712410 311
1712420 311
1712430 311
1712440 311
1712450 311
1712460 311
1712470 312
1712480 312
1712490 312
1712500 312
1712510 313
1712520 313
1712530 313
1712540 313
1712550 313
1712560 314
1712570 314
1712580 314
1712590 314
1712600 315
1712610 315
1712620 315
1712630 315
1712640 315
1712650 315
1712660 316
1712670 316
1712680 316
1712690 316
1712700 316
1712710 317
1712720 317
1712730 317
1712740 317
1712750 317
1712760 318
1712770 318
1712780 318
1712790 318
1712800 318
1712810 318
1712820 318
1712830 319
1712840 319
1712850 319
1712860 319
1712870 319
1712880 320
1712890 320
1712900 320
1712910 320
1712920 320
1712930 320
1712940 320
1712950 320
1712960 320
1712970 320
1712980 320
1712990 320
1713000 319
1713010 319
1713020 319
1713030 319
1713040 319
1713050 319
1713060 318
1713070 318
1713080 318
1713090 318
1713100 317
1713110 317
1713120 317
1713130 317
1713140 316
1713150 316
1713160 316
1713170 316
1713180 316
1713190 315
1713200 315
1713210 315
1713220 314
1713230 314
1713240 314
1713250 314
1713260 314
1713270 314
1713280 313
1713290 313
1713300 313
1713310 313
1713320 313
1713330 313
1713340 312
1713350 312
1713360 312
1713370 311
1713380 311
1713390 310
1713400 310
1713410 310
1713420 309
1713430 309
1713440 309
1713450 309
1713460 309
1713470 309
1713480 310
1713490 310
1713500 311
1713510 311
1713520 312
1713530 312
1713540 312
1713550 312
1713560 312
1713570 312
1713580 313
1713590 313
1713600 313
1713610 313
1713620 313
1713630 313
1713640 313
1713650 313
1713660 313
1713670 313
1713680 313
1713690 314
1713700 314
1713710 314
1713720 314
1713730 314
1713740 314
1713750 314
1713760 315
1713770 315
1713780 315
1713790 315
1713800 315
1713810 316
1713820 316
1713830 316
1713840 316
1713850 316
1713860 316
1713870 316
1713880 316
1713890 316
1713900 315
1713910 315
1713920 315
1713930 315
1713940 315
1713950 315
1713960 314
1713970 314
1713980 314
1713990 314
1714000 313
1714010 313
1714020 313
1714030 313
1714040 312
1714050 312
1714060 312
1714070 311
1714080 311
1714090 311
1714100 310
1714110 310
1714120 310
1714130 310
1714140 310
1714150 309
1714160 309
1714170 309
1714180 308
1714190 308
1714200 308
1714210 307
1714220 307
1714230 307
1714240 307
1714250 306
1714260 306
1714270 306
1714280 306
1714290 306
1714300 305
1714310 305
1714320 305
1714330 305
1714340 305
1714350 304
1714360 304
1714370 304
1714380 304
1714390 304
1714400 304
1714410 303
1714420 303
1714430 303
1714440 303
1714450 303
1714460 303
1714470 302
1714480 302
1714490 302
1714500 302
1714510 302
1714520 302
1714530 302
1714540 301
1714550 301
1714560 301
1714570 301
1714580 301
1714590 301
1714600 301
1714610 300
1714620 300
1714630 300
1714640 300
1714650 300
1714660 300
1714670 300
1714680 299
1714690 299
1714700 299
1714710 299
1714720 299
1714730 299
1714740 298
1714750 298
1714760 298
1714770 298
1714780 297
1714790 297
1714800 297
1714810 297
1714820 296
1714830 296
1714840 296
1714850 296
1714860 295
1714870 295
1714880 295
1714890 295
1714900 294
1714910 294
1714920 294
1714930 294
1714940 293
1714950 293
1714960 293
1714970 292
1714980 292
1714990 292
1715000 291
1715010 291
1715020 291
1715030 290
1715040 290
1715050 291
1715060 292
1715070 292
1715080 292
1715090 291
1715100 291
1715110 292
1715120 292
1715130 293
1715140 294
1715150 294
1715160 295
1715170 296
1715180 297
1715190 298
1715200 298
1715210 298
1715220 298
1715230 298
1715240 299
1715250 299
1715260 299
1715270 299
1715280 299
1715290 299
1715300 299
1715310 299
1715320 299
1715330 299
1715340 299
1715350 299
1715360 299
1715370 299
1715380 299
1715390 299
1715400 298
1715410 298
1715420 298
1715430 298
1715440 298
1715450 297
1715460 297
1715470 296
1715480 296
1715490 296
1715500 295
1715510 295
1715520 295
1715530 294
1715540 294
1715550 294
1715560 294
1715570 294
1715580 294
1715590 294
1715600 294
1715610 294
1715620 294
1715630 293
1715640 293
1715650 292
1715660 292
1715670 292
1715680 292
1715690 292
1715700 292
1715710 292
1715720 291
1715730 291
1715740 291
1715750 291
1715760 291
1715770 291
1715780 291
1715790 291
1715800 290
1715810 290
1715820 290
1715830 290
1715840 291
1715850 290
1715860 290
1715870 291
1715880 291
1715890 291
1715900 291
1715910 291
1715920 291
1715930 290
1715940 290
1715950 290
1715960 290
1715970 291
1715980 291
1715990 291
1716000 291
1716010 291
1716020 291
1716030 291
1716040 291
1716050 292
1716060 292
1716070 293
1716080 294
1716090 295
1716100 295
1716110 296
1716120 296
1716130 296
1716140 296
1716150 296
1716160 297
1716170 297
1716180 298
1716190 298
1716200 298
1716210 299
1716220 299
1716230 299
1716240 300
1716250 300
1716260 301
1716270 301
1716280 301
1716290 302
1716300 302
1716310 302
1716320 302
1716330 303
1716340 303
1716350 303
1716360 303
1716370 304
1716380 304
1716390 304
1716400 304
1716410 304
1716420 304
1716430 304
1716440 304
1716450 304
1716460 304
1716470 305
1716480 305
1716490 306
1716500 307
1716510 307
1716520 308
1716530 308
1716540 308
1716550 309
1716560 309
1716570 309
1716580 310
1716590 310
1716600 310
1716610 310
1716620 310
1716630 310
1716640 310
1716650 310
1716660 310
1716670 310
1716680 309
1716690 308
1716700 307
1716710 306
1716720 305
1716730 304
1716740 304
1716750 306
1716760 307
1716770 308
1716780 309
1716790 311
1716800 312
1716810 314
1716820 315
1716830 317
1716840 319
1716850 321
1716860 322
1716870 323
1716880 324
1716890 324
1716900 325
1716910 325
1716920 325
1716930 326
1716940 326
1716950 326
1716960 326
1716970 326
1716980 326
1716990 326
1717000 326
1717010 326
1717020 326
1717030 326
1717040 326
1717050 325
1717060 325
1717070 324
1717080 324
1717090 324
1717100 323
1717110 322
1717120 322
1717130 321
1717140 321
1717150 320
1717160 320
1717170 319
1717180 319
1717190 318
1717200 318
1717210 317
1717220 317
1717230 316
1717240 316
1717250 315
1717260 315
1717270 315
1717280 314
1717290 314
1717300 314
1717310 313
1717320 313
1717330 313
1717340 313
1717350 313
1717360 313
1717370 313
1717380 314
1717390 314
1717400 314
1717410 314
1717420 314
1717430 314
1717440 314
1717450 313
1717460 313
1717470 313
1717480 313
1717490 313
1717500 313
1717510 312
1717520 312
1717530 312
1717540 312
1717550 312
1717560 312
1717570 312
1717580 312
1717590 312
1717600 312
1717610 313
1717620 313
1717630 314
1717640 314
1717650 314
1717660 314
1717670 314
1717680 314
1717690 314
1717700 314
1717710 313
1717720 313
1717730 313
1717740 313
1717750 313
1717760 314
1717770 314
1717780 315
1717790 315
1717800 315
1717810 316
1717820 316
1717830 317
1717840 317
1717850 318
1717860 318
1717870 319
1717880 319
1717890 320
1717900 320
1717910 321
1717920 321
1717930 322
1717940 322
1717950 323
1717960 323
1717970 323
1717980 324
1717990 324
1718000 325
1718010 325
1718020 325
1718030 326
1718040 326
1718050 326
1718060 327
1718070 327
1718080 328
1718090 328
1718100 329
1718110 329
1718120 330
1718130 330
1718140 331
1718150 331
1718160 331
1718170 332
1718180 332
1718190 333
1718200 333
1718210 334
1718220 335
1718230 335
1718240 336
1718250 336
1718260 337
1718270 337
1718280 337
1718290 338
1718300 338
1718310 339
1718320 339
1718330 340
1718340 340
1718350 341
1718360 341
1718370 342
1718380 342
1718390 343
1718400 344
1718410 344
1718420 345
1718430 346
1718440 346
1718450 347
1718460 347
1718470 347
1718480 347
1718490 347
1718500 347
1718510 347
1718520 347
1718530 347
1718540 347
1718550 347
1718560 347
1718570 347
1718580 347
1718590 346
1718600 346
1718610 346
1718620 346
1718630 346
1718640 346
1718650 346
1718660 346
1718670 346
1718680 345
1718690 345
1718700 346
1718710 345
1718720 346
1718730 346
1718740 346
1718750 346
1718760 346
1718770 346
1718780 347
1718790 347
1718800 347
1718810 347
1718820 347
1718830 346
1718840 346
1718850 346
1718860 347
1718870 347
1718880 348
1718890 349
1718900 349
1718910 350
1718920 350
1718930 350
1718940 349
1718950 349
1718960 348
1718970 348
1718980 348
1718990 349
1719000 349
1719010 348
1719020 348
1719030 348
1719040 348
1719050 349
1719060 349
1719070 350
1719080 350
1719090 350
1719100 351
1719110 351
1719120 352
1719130 352
1719140 352
1719150 353
1719160 353
1719170 353
1719180 354
1719190 354
1719200 354
1719210 354
1719220 354
1719230 355
1719240 355
1719250 355
1719260 355
1719270 355
1719280 355
1719290 356
1719300 356
1719310 356
1719320 356
1719330 356
1719340 357
1719350 357
1719360 357
1719370 357
1719380 357
1719390 358
1719400 358
1719410 358
1719420 358
1719430 358
1719440 359
1719450 359
1719460 359
1719470 360
1719480 360
1719490 360
1719500 361
1719510 362
1719520 363
1719530 363
1719540 363
1719550 364
1719560 363
1719570 364
1719580 364
1719590 364
1719600 364
1719610 364
1719620 365
1719630 365
1719640 366
1719650 367
1719660 367
1719670 368
1719680 368
1719690 368
1719700 368
1719710 369
1719720 369
1719730 369
1719740 369
1719750 370
1719760 371
1719770 371
1719780 371
1719790 371
1719800 371
1719810 371
1719820 371
1719830 371
1719840 372
1719850 372
1719860 373
1719870 374
1719880 374
1719890 374
1719900 374
1719910 374
1719920 375
1719930 375
1719940 375
1719950 376
1719960 378
1719970 379
1719980 380
1719990 380
