1700000 253
1700010 252
1700020 252
1700030 251
1700040 251
1700050 251
1700060 251
1700070 251
1700080 251
1700090 251
1700100 251
1700110 251
1700120 251
1700130 251
1700140 250
1700150 250
1700160 249
1700170 248
1700180 249
1700190 250
1700200 250
1700210 250
1700220 250
1700230 250
1700240 250
1700250 250
1700260 250
1700270 250
1700280 250
1700290 250
1700300 250
1700310 250
1700320 250
1700330 250
1700340 250
1700350 250
1700360 250
1700370 250
1700380 250
1700390 250
1700400 250
1700410 250
1700420 250
1700430 250
1700440 250
1700450 250
1700460 250
1700470 250
1700480 250
1700490 250
1700500 250
1700510 250
1700520 250
1700530 250
1700540 250
1700550 250
1700560 250
1700570 250
1700580 250
1700590 250
1700600 250
1700610 250
1700620 250
1700630 250
1700640 250
1700650 251
1700660 251
1700670 251
1700680 251
1700690 250
1700700 251
1700710 251
1700720 251
1700730 251
1700740 250
1700750 250
1700760 250
1700770 250
1700780 250
1700790 251
1700800 251
1700810 251
1700820 251
1700830 251
1700840 251
1700850 251
1700860 251
1700870 251
1700880 252
1700890 252
1700900 253
1700910 253
1700920 254
1700930 255
1700940 255
1700950 256
1700960 256
1700970 256
1700980 257
1700990 257
1701000 257
1701010 258
1701020 258
1701030 258
1701040 259
1701050 259
1701060 260
1701070 260
1701080 260
1701090 261
1701100 261
1701110 262
1701120 262
1701130 263
1701140 263
1701150 264
1701160 265
1701170 265
1701180 266
1701190 267
1701200 267
1701210 268
1701220 269
1701230 270
1701240 271
1701250 272
1701260 274
1701270 275
1701280 276
1701290 277
1701300 278
1701310 278
1701320 279
1701330 280
1701340 281
1701350 282
1701360 283
1701370 283
1701380 284
1701390 285
1701400 286
1701410 286
1701420 287
1701430 287
1701440 288
1701450 288
1701460 289
1701470 289
1701480 289
1701490 290
1701500 290
1701510 290
1701520 291
1701530 291
1701540 291
1701550 291
1701560 291
1701570 291
1701580 291
1701590 291
1701600 291
1701610 291
1701620 291
1701630 290
1701640 290
1701650 289
1701660 288
1701670 287
1701680 286
1701690 285
1701700 284
1701710 282
1701720 281
1701730 280
1701740 279
1701750 278
1701760 278
1701770 278
1701780 277
1701790 278
1701800 279
1701810 280
1701820 282
1701830 283
1701840 285
1701850 285
1701860 285
1701870 285
1701880 284
1701890 283
1701900 282
1701910 281
1701920 280
1701930 279
1701940 278
1701950 278
1701960 277
1701970 276
1701980 275
1701990 275
1702000 276
1702010 277
1702020 278
1702030 279
1702040 281
1702050 282
1702060 284
1702070 285
1702080 287
1702090 288
1702100 289
1702110 289
1702120 290
1702130 290
1702140 289
1702150 289
1702160 288
1702170 288
1702180 286
1702190 285
1702200 285
1702210 284
1702220 284
1702230 283
1702240 283
1702250 283
1702260 282
1702270 281
1702280 279
1702290 277
1702300 279
1702310 281
1702320 283
1702330 285
1702340 287
1702350 290
1702360 292
1702370 294
1702380 296
1702390 298
1702400 299
1702410 300
1702420 300
1702430 301
1702440 301
1702450 301
1702460 301
1702470 301
1702480 301
1702490 301
1702500 302
1702510 302
1702520 302
1702530 303
1702540 303
1702550 303
1702560 304
1702570 304
1702580 305
1702590 305
1702600 306
1702610 307
1702620 309
1702630 310
1702640 312
1702650 313
1702660 314
1702670 315
1702680 316
1702690 317
1702700 318
1702710 318
1702720 319
1702730 320
1702740 321
1702750 321
1702760 322
1702770 322
1702780 323
1702790 323
1702800 323
1702810 323
1702820 324
1702830 324
1702840 324
1702850 324
1702860 324
1702870 324
1702880 324
1702890 324
1702900 324
1702910 324
1702920 324
1702930 323
1702940 323
1702950 323
1702960 323
1702970 323
1702980 323
1702990 323
1703000 323
1703010 323
1703020 323
1703030 323
1703040 323
1703050 323
1703060 323
1703070 323
1703080 324
1703090 324
1703100 324
1703110 324
1703120 325
1703130 325
1703140 326
1703150 326
1703160 326
1703170 326
1703180 326
1703190 326
1703200 327
1703210 327
1703220 327
1703230 327
1703240 328
1703250 328
1703260 329
1703270 329
1703280 330
1703290 330
1703300 331
1703310 331
1703320 332
1703330 333
1703340 333
1703350 334
1703360 334
1703370 335
1703380 335
1703390 336
1703400 336
1703410 337
1703420 337
1703430 338
1703440 338
1703450 339
1703460 339
1703470 339
1703480 339
1703490 339
1703500 339
1703510 339
1703520 340
1703530 340
1703540 340
1703550 340
1703560 340
1703570 340
1703580 340
1703590 340
1703600 340
1703610 340
1703620 340
1703630 340
1703640 340
1703650 340
1703660 340
1703670 340
1703680 340
1703690 340
1703700 340
1703710 340
1703720 339
1703730 339
1703740 339
1703750 338
1703760 338
1703770 338
1703780 338
1703790 338
1703800 338
1703810 338
1703820 338
1703830 338
1703840 338
1703850 338
1703860 338
1703870 338
1703880 338
1703890 338
1703900 337
1703910 337
1703920 337
1703930 337
1703940 337
1703950 337
1703960 337
1703970 336
1703980 336
1703990 336
1704000 336
1704010 336
1704020 335
1704030 335
1704040 335
1704050 335
1704060 335
1704070 335
1704080 334
1704090 334
1704100 334
1704110 334
1704120 333
1704130 333
1704140 333
1704150 332
1704160 332
1704170 332
1704180 331
1704190 331
1704200 331
1704210 330
1704220 330
1704230 330
1704240 329
1704250 329
1704260 329
1704270 328
1704280 328
1704290 328
1704300 327
1704310 327
1704320 327
1704330 326
1704340 326
1704350 325
1704360 325
1704370 325
1704380 324
1704390 324
1704400 324
1704410 323
1704420 323
1704430 322
1704440 322
1704450 321
1704460 321
1704470 320
1704480 320
1704490 319
1704500 319
1704510 318
1704520 318
1704530 317
1704540 317
1704550 316
1704560 316
1704570 315
1704580 315
1704590 314
1704600 313
1704610 313
1704620 312
1704630 311
1704640 311
1704650 310
1704660 309
1704670 309
1704680 308
1704690 308
1704700 307
1704710 307
1704720 306
1704730 305
1704740 304
1704750 304
1704760 303
1704770 302
1704780 302
1704790 301
1704800 301
1704810 300
1704820 300
1704830 300
1704840 299
1704850 298
1704860 298
1704870 298
1704880 297
1704890 297
1704900 297
1704910 297
1704920 297
1704930 297
1704940 297
1704950 297
1704960 297
1704970 297
1704980 296
1704990 296
1705000 296
1705010 296
1705020 296
1705030 295
1705040 295
1705050 295
1705060 295
1705070 295
1705080 295
1705090 294
1705100 294
1705110 293
1705120 293
1705130 293
1705140 292
1705150 292
1705160 292
1705170 292
1705180 291
1705190 291
1705200 291
1705210 291
1705220 291
1705230 290
1705240 290
1705250 290
1705260 290
1705270 290
1705280 290
1705290 290
1705300 290
1705310 289
1705320 289
1705330 289
1705340 289
1705350 289
1705360 289
1705370 289
1705380 289
1705390 289
1705400 289
1705410 289
1705420 289
1705430 289
1705440 289
1705450 289
1705460 289
1705470 289
1705480 289
1705490 289
1705500 289
1705510 289
1705520 289
1705530 289
1705540 288
1705550 288
1705560 288
1705570 288
1705580 288
1705590 288
1705600 288
1705610 288
1705620 289
1705630 289
1705640 289
1705650 289
1705660 289
1705670 289
1705680 289
1705690 289
1705700 289
1705710 289
1705720 289
1705730 289
1705740 289
1705750 289
1705760 289
1705770 289
1705780 289
1705790 289
1705800 289
1705810 289
1705820 289
1705830 289
1705840 289
1705850 289
1705860 289
1705870 289
1705880 289
1705890 289
1705900 289
1705910 289
1705920 289
1705930 289
1705940 289
1705950 289
1705960 289
1705970 289
1705980 289
1705990 289
1706000 289
1706010 289
1706020 289
1706030 289
1706040 289
1706050 289
1706060 289
1706070 289
1706080 289
1706090 289
1706100 289
1706110 289
1706120 288
1706130 288
1706140 288
1706150 288
1706160 288
1706170 288
1706180 288
1706190 286
1706200 285
1706210 286
1706220 286
1706230 287
1706240 287
1706250 287
1706260 287
1706270 287
1706280 287
1706290 287
1706300 288
1706310 288
1706320 288
1706330 288
1706340 288
1706350 288
1706360 288
1706370 288
1706380 288
1706390 288
1706400 288
1706410 289
1706420 289
1706430 288
1706440 288
1706450 288
1706460 288
1706470 288
1706480 288
1706490 288
1706500 288
1706510 288
1706520 288
1706530 288
1706540 288
1706550 288
1706560 288
1706570 288
1706580 288
1706590 288
1706600 288
1706610 288
1706620 288
1706630 288
1706640 288
1706650 288
1706660 288
1706670 288
1706680 288
1706690 288
1706700 288
1706710 288
1706720 288
1706730 288
1706740 288
1706750 288
1706760 288
1706770 288
1706780 288
1706790 288
1706800 288
1706810 288
1706820 288
1706830 288
1706840 288
1706850 288
1706860 288
1706870 288
1706880 287
1706890 287
1706900 287
1706910 287
1706920 287
1706930 287
1706940 287
1706950 288
1706960 288
1706970 288
1706980 288
1706990 287
1707000 287
1707010 287
1707020 287
1707030 287
1707040 287
1707050 287
1707060 287
1707070 287
1707080 287
1707090 287
1707100 287
1707110 287
1707120 287
1707130 287
1707140 287
1707150 287
1707160 286
1707170 286
1707180 286
1707190 286
1707200 286
1707210 286
1707220 286
1707230 286
1707240 286
1707250 287
1707260 287
1707270 288
1707280 287
1707290 287
1707300 287
1707310 287
1707320 287
1707330 287
1707340 287
1707350 288
1707360 288
1707370 288
1707380 289
1707390 289
1707400 290
1707410 290
1707420 291
1707430 291
1707440 291
1707450 291
1707460 291
1707470 291
1707480 291
1707490 291
1707500 291
1707510 291
1707520 291
1707530 291
1707540 291
1707550 291
1707560 291
1707570 291
1707580 291
1707590 291
1707600 291
1707610 291
1707620 291
1707630 291
1707640 291
1707650 291
1707660 291
1707670 291
1707680 292
1707690 292
1707700 292
1707710 292
1707720 293
1707730 293
1707740 293
1707750 293
1707760 294
1707770 294
1707780 294
1707790 294
1707800 294
1707810 294
1707820 294
1707830 294
1707840 294
1707850 294
1707860 294
1707870 295
1707880 295
1707890 295
1707900 296
1707910 296
1707920 296
1707930 296
1707940 296
1707950 296
1707960 296
1707970 296
1707980 295
1707990 295
1708000 295
1708010 295
1708020 295
1708030 295
1708040 295
1708050 296
1708060 296
1708070 296
1708080 296
1708090 296
1708100 296
1708110 296
1708120 296
1708130 296
1708140 296
1708150 296
1708160 296
1708170 296
1708180 296
1708190 296
1708200 296
1708210 296
1708220 296
1708230 296
1708240 296
1708250 296
1708260 296
1708270 296
1708280 296
1708290 296
1708300 296
1708310 296
1708320 296
1708330 296
1708340 296
1708350 295
1708360 295
1708370 295
1708380 296
1708390 296
1708400 296
1708410 295
1708420 293
1708430 293
1708440 292
1708450 292
1708460 291
1708470 289
1708480 290
1708490 290
1708500 290
1708510 290
1708520 290
1708530 290
1708540 290
1708550 290
1708560 290
1708570 290
1708580 290
1708590 290
1708600 290
1708610 290
1708620 290
1708630 289
1708640 290
1708650 290
1708660 290
1708670 290
1708680 290
1708690 290
1708700 290
1708710 290
1708720 290
1708730 290
1708740 290
1708750 290
1708760 290
1708770 290
1708780 290
1708790 290
1708800 290
1708810 290
1708820 290
1708830 290
1708840 290
1708850 289
1708860 289
1708870 289
1708880 289
1708890 289
1708900 289
1708910 289
1708920 289
1708930 289
1708940 289
1708950 289
1708960 289
1708970 289
1708980 289
1708990 289
1709000 289
1709010 289
1709020 290
1709030 290
1709040 290
1709050 290
1709060 290
1709070 290
1709080 290
1709090 290
1709100 290
1709110 290
1709120 290
1709130 290
1709140 290
1709150 290
1709160 290
1709170 290
1709180 292
1709190 293
1709200 294
1709210 296
1709220 297
1709230 299
1709240 301
1709250 303
1709260 304
1709270 305
1709280 306
1709290 306
1709300 306
1709310 307
1709320 307
1709330 307
1709340 307
1709350 307
1709360 307
1709370 307
1709380 307
1709390 307
1709400 307
1709410 307
1709420 307
1709430 307
1709440 306
1709450 306
1709460 306
1709470 305
1709480 305
1709490 304
1709500 304
1709510 304
1709520 303
1709530 303
1709540 303
1709550 302
1709560 302
1709570 302
1709580 301
1709590 301
1709600 301
1709610 301
1709620 301
1709630 301
1709640 301
1709650 301
1709660 301
1709670 302
1709680 303
1709690 303
1709700 304
1709710 305
1709720 306
1709730 306
1709740 307
1709750 308
1709760 309
1709770 310
1709780 310
1709790 311
1709800 311
1709810 312
1709820 312
1709830 313
1709840 313
1709850 314
1709860 314
1709870 314
1709880 315
1709890 315
1709900 315
1709910 316
1709920 316
1709930 316
1709940 316
1709950 317
1709960 317
1709970 317
1709980 318
1709990 318
1710000 319
1710010 319
1710020 320
1710030 320
1710040 321
1710050 321
1710060 322
1710070 322
1710080 323
1710090 323
1710100 324
1710110 324
1710120 325
1710130 325
1710140 325
1710150 326
1710160 326
1710170 327
1710180 327
1710190 328
1710200 328
1710210 328
1710220 328
1710230 328
1710240 328
1710250 328
1710260 327
1710270 327
1710280 326
1710290 326
1710300 325
1710310 324
1710320 323
1710330 322
1710340 321
1710350 320
1710360 319
1710370 318
1710380 317
1710390 317
1710400 316
1710410 316
1710420 316
1710430 315
1710440 315
1710450 315
1710460 315
1710470 315
1710480 315
1710490 315
1710500 314
1710510 314
1710520 314
1710530 315
1710540 315
1710550 315
1710560 315
1710570 315
1710580 315
1710590 315
1710600 315
1710610 316
1710620 316
1710630 316
1710640 317
1710650 317
1710660 317
1710670 317
1710680 317
1710690 317
1710700 318
1710710 317
1710720 317
1710730 317
1710740 316
1710750 316
1710760 315
1710770 315
1710780 314
1710790 314
1710800 314
1710810 313
1710820 313
1710830 313
1710840 312
1710850 312
1710860 312
1710870 311
1710880 311
1710890 311
1710900 310
1710910 310
1710920 310
1710930 311
1710940 312
1710950 313
1710960 313
1710970 314
1710980 314
1710990 315
1711000 315
1711010 316
1711020 316
1711030 317
1711040 317
1711050 318
1711060 318
1711070 319
1711080 320
1711090 320
1711100 321
1711110 321
1711120 322
1711130 322
1711140 323
1711150 323
1711160 324
1711170 324
1711180 325
1711190 326
1711200 326
1711210 327
1711220 327
1711230 328
1711240 328
1711250 329
1711260 329
1711270 330
1711280 330
1711290 331
1711300 331
1711310 333
1711320 333
1711330 333
1711340 333
1711350 334
1711360 334
1711370 334
1711380 335
1711390 335
1711400 335
1711410 335
1711420 335
1711430 335
1711440 335
1711450 336
1711460 336
1711470 336
1711480 336
1711490 336
1711500 336
1711510 336
1711520 336
1711530 335
1711540 335
1711550 335
1711560 335
1711570 335
1711580 335
1711590 335
1711600 335
1711610 335
1711620 335
1711630 335
1711640 335
1711650 335
1711660 335
1711670 335
1711680 335
1711690 335
1711700 335
1711710 335
1711720 335
1711730 335
1711740 335
1711750 335
1711760 335
1711770 335
1711780 335
1711790 335
1711800 334
1711810 334
1711820 334
1711830 334
1711840 334
1711850 333
1711860 333
1711870 333
1711880 332
1711890 332
1711900 331
1711910 331
1711920 330
1711930 330
1711940 329
1711950 328
1711960 327
1711970 326
1711980 325
1711990 325
1712000 324
1712010 323
1712020 322
1712030 322
1712040 321
1712050 320
1712060 320
1712070 320
1712080 319
1712090 319
1712100 318
1712110 318
1712120 317
1712130 317
1712140 317
1712150 317
1712160 316
1712170 317
1712180 317
1712190 317
1712200 318
1712210 319
1712220 319
1712230 320
1712240 320
1712250 321
1712260 322
1712270 322
1712280 323
1712290 323
1712300 323
1712310 324
1712320 324
1712330 324
1712340 325
1712350 325
1712360 325
1712370 326
1712380 326
1712390 326
1712400 326
1712410 326
1712420 327
1712430 327
1712440 327
1712450 327
1712460 327
1712470 327
1712480 327
1712490 327
1712500 326
1712510 326
1712520 326
1712530 326
1712540 326
1712550 326
1712560 326
1712570 326
1712580 326
1712590 326
1712600 326
1712610 326
1712620 326
1712630 326
1712640 326
1712650 326
1712660 326
1712670 326
1712680 326
1712690 326
1712700 326
1712710 326
1712720 326
1712730 326
1712740 325
1712750 325
1712760 324
1712770 324
1712780 324
1712790 324
1712800 323
1712810 323
1712820 322
1712830 322
1712840 322
1712850 321
1712860 321
1712870 320
1712880 320
1712890 319
1712900 319
1712910 319
1712920 319
1712930 319
1712940 318
1712950 318
1712960 318
1712970 317
1712980 317
1712990 316
1713000 316
1713010 316
1713020 316
1713030 316
1713040 315
1713050 315
1713060 315
1713070 315
1713080 315
1713090 314
1713100 314
1713110 314
1713120 314
1713130 314
1713140 313
1713150 313
1713160 313
1713170 313
1713180 313
1713190 312
1713200 312
1713210 312
1713220 312
1713230 312
1713240 312
1713250 312
1713260 312
1713270 312
1713280 312
1713290 311
1713300 311
1713310 311
1713320 311
1713330 311
1713340 310
1713350 310
1713360 310
1713370 310
1713380 310
1713390 310
1713400 310
1713410 310
1713420 309
1713430 309
1713440 309
1713450 309
1713460 309
1713470 309
1713480 309
1713490 309
1713500 309
1713510 309
1713520 308
1713530 308
1713540 308
1713550 308
1713560 308
1713570 308
1713580 308
1713590 308
1713600 308
1713610 307
1713620 307
1713630 307
1713640 307
1713650 307
1713660 307
1713670 307
1713680 307
1713690 307
1713700 307
1713710 306
1713720 306
1713730 306
1713740 306
1713750 306
1713760 306
1713770 306
1713780 306
1713790 305
1713800 305
1713810 305
1713820 305
1713830 305
1713840 305
1713850 305
1713860 305
1713870 305
1713880 305
1713890 305
1713900 304
1713910 304
1713920 304
1713930 304
1713940 304
1713950 304
1713960 304
1713970 305
1713980 305
1713990 305
1714000 305
1714010 305
1714020 305
1714030 305
1714040 305
1714050 305
1714060 304
1714070 304
1714080 304
1714090 304
1714100 304
1714110 304
1714120 303
1714130 303
1714140 303
1714150 302
1714160 302
1714170 302
1714180 302
1714190 301
1714200 301
1714210 301
1714220 300
1714230 300
1714240 299
1714250 299
1714260 299
1714270 298
1714280 298
1714290 297
1714300 296
1714310 296
1714320 295
1714330 295
1714340 294
1714350 294
1714360 294
1714370 294
1714380 294
1714390 295
1714400 295
1714410 295
1714420 296
1714430 296
1714440 297
1714450 297
1714460 298
1714470 298
1714480 299
1714490 300
1714500 301
1714510 302
1714520 304
1714530 305
1714540 306
1714550 307
1714560 308
1714570 309
1714580 309
1714590 310
1714600 310
1714610 310
1714620 311
1714630 311
1714640 311
1714650 311
1714660 311
1714670 311
1714680 312
1714690 312
1714700 312
1714710 312
1714720 312
1714730 312
1714740 312
1714750 312
1714760 312
1714770 312
1714780 312
1714790 311
1714800 311
1714810 311
1714820 311
1714830 311
1714840 312
1714850 312
1714860 311
1714870 311
1714880 311
1714890 311
1714900 311
1714910 311
1714920 311
1714930 311
1714940 311
1714950 311
1714960 311
1714970 311
1714980 311
1714990 311
1715000 311
1715010 310
1715020 310
1715030 310
1715040 310
1715050 310
1715060 309
1715070 309
1715080 309
1715090 309
1715100 309
1715110 309
1715120 308
1715130 308
1715140 308
1715150 308
1715160 308
1715170 308
1715180 308
1715190 308
1715200 308
1715210 308
1715220 308
1715230 308
1715240 308
1715250 308
1715260 308
1715270 308
1715280 308
1715290 307
1715300 307
1715310 307
1715320 308
1715330 308
1715340 307
1715350 307
1715360 307
1715370 307
1715380 307
1715390 307
1715400 307
1715410 306
1715420 306
1715430 306
1715440 306
1715450 306
1715460 306
1715470 306
1715480 306
1715490 306
1715500 306
1715510 306
1715520 306
1715530 306
1715540 306
1715550 305
1715560 305
1715570 305
1715580 305
1715590 305
1715600 304
1715610 304
1715620 304
1715630 304
1715640 303
1715650 303
1715660 303
1715670 302
1715680 302
1715690 302
1715700 301
1715710 301
1715720 300
1715730 300
1715740 299
1715750 299
1715760 298
1715770 297
1715780 297
1715790 296
1715800 296
1715810 295
1715820 295
1715830 294
1715840 294
1715850 294
1715860 293
1715870 293
1715880 293
1715890 293
1715900 293
1715910 293
1715920 293
1715930 292
1715940 292
1715950 292
1715960 292
1715970 292
1715980 292
1715990 292
1716000 292
1716010 291
1716020 291
1716030 291
1716040 290
1716050 290
1716060 290
1716070 289
1716080 289
1716090 289
1716100 288
1716110 288
1716120 288
1716130 287
1716140 287
1716150 287
1716160 286
1716170 286
1716180 286
1716190 285
1716200 285
1716210 285
1716220 284
1716230 284
1716240 283
1716250 283
1716260 283
1716270 283
1716280 283
1716290 282
1716300 282
1716310 282
1716320 282
1716330 282
1716340 282
1716350 281
1716360 281
1716370 281
1716380 281
1716390 281
1716400 281
1716410 281
1716420 281
1716430 281
1716440 280
1716450 280
1716460 281
1716470 281
1716480 281
1716490 281
1716500 281
1716510 280
1716520 280
1716530 280
1716540 280
1716550 280
1716560 280
1716570 280
1716580 280
1716590 280
1716600 280
1716610 280
1716620 280
1716630 280
1716640 280
1716650 280
1716660 281
1716670 281
1716680 280
1716690 280
1716700 280
1716710 280
1716720 280
1716730 280
1716740 279
1716750 279
1716760 279
1716770 280
1716780 280
1716790 280
1716800 280
1716810 280
1716820 280
1716830 280
1716840 279
1716850 279
1716860 279
1716870 279
1716880 279
1716890 279
1716900 279
1716910 279
1716920 279
1716930 279
1716940 279
1716950 280
1716960 280
1716970 280
1716980 280
1716990 280
1717000 280
1717010 281
1717020 281
1717030 281
1717040 281
1717050 281
1717060 281
1717070 280
1717080 280
1717090 280
1717100 280
1717110 280
1717120 280
1717130 280
1717140 280
1717150 280
1717160 280
1717170 280
1717180 280
1717190 280
1717200 280
1717210 280
1717220 280
1717230 279
1717240 279
1717250 279
1717260 279
1717270 279
1717280 279
1717290 279
1717300 279
1717310 279
1717320 279
1717330 278
1717340 278
1717350 278
1717360 278
1717370 278
1717380 278
1717390 278
1717400 279
1717410 278
1717420 278
1717430 278
1717440 278
1717450 278
1717460 278
1717470 278
1717480 278
1717490 278
1717500 278
1717510 278
1717520 278
1717530 277
1717540 277
1717550 277
1717560 277
1717570 277
1717580 277
1717590 277
1717600 277
1717610 277
1717620 277
1717630 277
1717640 277
1717650 277
1717660 277
1717670 277
1717680 276
1717690 276
1717700 276
1717710 276
1717720 276
1717730 276
1717740 276
1717750 276
1717760 276
1717770 277
1717780 277
1717790 277
1717800 277
1717810 277
1717820 277
1717830 277
1717840 276
1717850 276
1717860 276
1717870 276
1717880 277
1717890 277
1717900 277
1717910 277
1717920 276
1717930 276
1717940 276
1717950 276
1717960 276
1717970 276
1717980 275
1717990 275
1718000 275
1718010 275
1718020 275
1718030 275
1718040 275
1718050 275
1718060 276
1718070 276
1718080 276
1718090 276
1718100 276
1718110 277
1718120 277
1718130 277
1718140 277
1718150 277
1718160 277
1718170 277
1718180 277
1718190 277
1718200 278
1718210 278
1718220 278
1718230 279
1718240 279
1718250 280
1718260 280
1718270 280
1718280 280
1718290 280
1718300 281
1718310 281
1718320 281
1718330 281
1718340 281
1718350 281
1718360 281
1718370 281
1718380 282
1718390 282
1718400 282
1718410 282
1718420 282
1718430 283
1718440 283
1718450 283
1718460 283
1718470 284
1718480 284
1718490 284
1718500 285
1718510 285
1718520 285
1718530 285
1718540 286
1718550 286
1718560 286
1718570 287
1718580 287
1718590 287
1718600 288
1718610 288
1718620 289
1718630 289
1718640 290
1718650 290
1718660 290
1718670 290
1718680 291
1718690 291
1718700 291
1718710 291
1718720 290
1718730 290
1718740 290
1718750 290
1718760 290
1718770 290
1718780 290
1718790 290
1718800 289
1718810 289
1718820 289
1718830 289
1718840 289
1718850 288
1718860 288
1718870 288
1718880 288
1718890 287
1718900 287
1718910 287
1718920 286
1718930 286
1718940 286
1718950 285
1718960 285
1718970 284
1718980 284
1718990 283
1719000 283
1719010 282
1719020 281
1719030 281
1719040 280
1719050 280
1719060 280
1719070 280
1719080 280
1719090 280
1719100 280
1719110 281
1719120 281
1719130 280
1719140 281
1719150 282
1719160 283
1719170 284
1719180 284
1719190 285
1719200 285
1719210 286
1719220 286
1719230 287
1719240 287
1719250 288
1719260 288
1719270 289
1719280 290
1719290 290
1719300 291
1719310 292
1719320 292
1719330 293
1719340 293
1719350 293
1719360 294
1719370 294
1719380 294
1719390 295
1719400 295
1719410 295
1719420 296
1719430 296
1719440 296
1719450 297
1719460 297
1719470 297
1719480 297
1719490 298
1719500 298
1719510 298
1719520 298
1719530 299
1719540 299
1719550 299
1719560 299
1719570 300
1719580 300
1719590 300
1719600 300
1719610 300
1719620 300
1719630 300
1719640 299
1719650 299
1719660 299
1719670 299
1719680 299
1719690 298
1719700 298
1719710 297
1719720 297
1719730 296
1719740 296
1719750 295
1719760 295
1719770 294
1719780 293
1719790 292
1719800 290
1719810 289
1719820 288
1719830 288
1719840 287
1719850 287
1719860 287
1719870 287
1719880 287
1719890 288
1719900 289
1719910 289
1719920 290
1719930 291
1719940 292
1719950 293
1719960 294
1719970 295
1719980 296
1719990 297
