1700000 254
1700010 254
1700020 253
1700030 253
1700040 252
1700050 252
1700060 252
1700070 252
1700080 251
1700090 251
1700100 251
1700110 251
1700120 251
1700130 250
1700140 250
1700150 249
1700160 249
1700170 248
1700180 248
1700190 248
1700200 248
1700210 248
1700220 248
1700230 247
1700240 247
1700250 247
1700260 247
1700270 247
1700280 247
1700290 247
1700300 248
1700310 247
1700320 247
1700330 247
1700340 247
1700350 247
1700360 247
1700370 247
1700380 246
1700390 245
1700400 245
1700410 246
1700420 247
1700430 247
1700440 247
1700450 247
1700460 247
1700470 247
1700480 247
1700490 247
1700500 247
1700510 247
1700520 247
1700530 247
1700540 246
1700550 246
1700560 246
1700570 246
1700580 246
1700590 246
1700600 246
1700610 246
1700620 246
1700630 246
1700640 246
1700650 246
1700660 247
1700670 247
1700680 247
1700690 247
1700700 247
1700710 247
1700720 248
1700730 248
1700740 248
1700750 248
1700760 247
1700770 247
1700780 247
1700790 247
1700800 247
1700810 247
1700820 247
1700830 247
1700840 247
1700850 247
1700860 247
1700870 247
1700880 247
1700890 247
1700900 247
1700910 247
1700920 247
1700930 247
1700940 247
1700950 247
1700960 247
1700970 247
1700980 248
1700990 248
1701000 248
1701010 248
1701020 248
1701030 249
1701040 249
1701050 249
1701060 250
1701070 250
1701080 251
1701090 252
1701100 252
1701110 252
1701120 252
1701130 252
1701140 253
1701150 253
1701160 253
1701170 253
1701180 253
1701190 254
1701200 254
1701210 254
1701220 255
1701230 255
1701240 255
1701250 256
1701260 256
1701270 257
1701280 257
1701290 258
1701300 258
1701310 259
1701320 259
1701330 259
1701340 260
1701350 261
1701360 261
1701370 262
1701380 263
1701390 264
1701400 264
1701410 265
1701420 265
1701430 265
1701440 266
1701450 266
1701460 266
1701470 267
1701480 267
1701490 268
1701500 268
1701510 268
1701520 269
1701530 269
1701540 269
1701550 270
1701560 270
1701570 271
1701580 272
1701590 272
1701600 273
1701610 274
1701620 276
1701630 277
1701640 278
1701650 279
1701660 280
1701670 281
1701680 282
1701690 283
1701700 284
1701710 285
1701720 286
1701730 287
1701740 288
1701750 289
1701760 290
1701770 291
1701780 293
1701790 294
1701800 295
1701810 296
1701820 297
1701830 298
1701840 299
1701850 300
1701860 301
1701870 302
1701880 303
1701890 304
1701900 306
1701910 307
1701920 308
1701930 309
1701940 309
1701950 310
1701960 311
1701970 312
1701980 312
1701990 313
1702000 313
1702010 314
1702020 314
1702030 314
1702040 314
1702050 315
1702060 315
1702070 315
1702080 315
1702090 315
1702100 315
1702110 314
1702120 314
1702130 314
1702140 313
1702150 313
1702160 313
1702170 313
1702180 312
1702190 312
1702200 311
1702210 311
1702220 310
1702230 310
1702240 309
1702250 309
1702260 308
1702270 307
1702280 307
1702290 306
1702300 305
1702310 305
1702320 304
1702330 303
1702340 302
1702350 301
1702360 300
1702370 299
1702380 298
1702390 297
1702400 296
1702410 295
1702420 294
1702430 293
1702440 292
1702450 291
1702460 290
1702470 289
1702480 289
1702490 288
1702500 288
1702510 287
1702520 286
1702530 286
1702540 285
1702550 285
1702560 285
1702570 285
1702580 286
1702590 286
1702600 286
1702610 287
1702620 287
1702630 287
1702640 287
1702650 287
1702660 287
1702670 287
1702680 287
1702690 287
1702700 287
1702710 287
1702720 287
1702730 287
1702740 287
1702750 287
1702760 286
1702770 285
1702780 284
1702790 284
1702800 284
1702810 283
1702820 282
1702830 282
1702840 282
1702850 282
1702860 282
1702870 282
1702880 282
1702890 282
1702900 281
1702910 280
1702920 279
1702930 279
1702940 278
1702950 277
1702960 277
1702970 277
1702980 278
1702990 281
1703000 284
1703010 287
1703020 290
1703030 292
1703040 295
1703050 297
1703060 298
1703070 299
1703080 299
1703090 299
1703100 299
1703110 299
1703120 299
1703130 299
1703140 299
1703150 299
1703160 299
1703170 300
1703180 300
1703190 300
1703200 301
1703210 301
1703220 301
1703230 302
1703240 302
1703250 303
1703260 304
1703270 304
1703280 305
1703290 306
1703300 306
1703310 307
1703320 307
1703330 308
1703340 308
1703350 309
1703360 309
1703370 310
1703380 310
1703390 311
1703400 311
1703410 312
1703420 312
1703430 313
1703440 313
1703450 313
1703460 313
1703470 313
1703480 313
1703490 313
1703500 313
1703510 313
1703520 314
1703530 314
1703540 314
1703550 314
1703560 315
1703570 315
1703580 315
1703590 316
1703600 316
1703610 316
1703620 316
1703630 316
1703640 316
1703650 316
1703660 315
1703670 315
1703680 315
1703690 314
1703700 313
1703710 313
1703720 312
1703730 311
1703740 310
1703750 310
1703760 309
1703770 308
1703780 308
1703790 306
1703800 305
1703810 303
1703820 302
1703830 304
1703840 306
1703850 308
1703860 310
1703870 312
1703880 313
1703890 315
1703900 316
1703910 318
1703920 319
1703930 320
1703940 321
1703950 322
1703960 323
1703970 324
1703980 325
1703990 326
1704000 327
1704010 328
1704020 329
1704030 330
1704040 330
1704050 331
1704060 332
1704070 332
1704080 332
1704090 333
1704100 333
1704110 333
1704120 333
1704130 333
1704140 333
1704150 333
1704160 333
1704170 333
1704180 333
1704190 333
1704200 333
1704210 333
1704220 333
1704230 333
1704240 333
1704250 333
1704260 332
1704270 332
1704280 332
1704290 331
1704300 331
1704310 331
1704320 330
1704330 329
1704340 329
1704350 328
1704360 328
1704370 327
1704380 326
1704390 325
1704400 324
1704410 324
1704420 323
1704430 322
1704440 322
1704450 321
1704460 320
1704470 320
1704480 319
1704490 319
1704500 318
1704510 317
1704520 317
1704530 316
1704540 316
1704550 316
1704560 316
1704570 316
1704580 316
1704590 316
1704600 316
1704610 316
1704620 317
1704630 317
1704640 317
1704650 317
1704660 317
1704670 318
1704680 318
1704690 318
1704700 318
1704710 319
1704720 319
1704730 319
1704740 320
1704750 320
1704760 320
1704770 320
1704780 320
1704790 321
1704800 321
1704810 321
1704820 321
1704830 321
1704840 321
1704850 321
1704860 321
1704870 321
1704880 321
1704890 321
1704900 321
1704910 321
1704920 321
1704930 320
1704940 320
1704950 320
1704960 320
1704970 320
1704980 320
1704990 320
1705000 320
1705010 320
1705020 320
1705030 320
1705040 320
1705050 319
1705060 319
1705070 319
1705080 319
1705090 319
1705100 319
1705110 319
1705120 319
1705130 319
1705140 319
1705150 318
1705160 318
1705170 318
1705180 318
1705190 318
1705200 318
1705210 318
1705220 318
1705230 319
1705240 319
1705250 319
1705260 319
1705270 319
1705280 319
1705290 319
1705300 319
1705310 319
1705320 318
1705330 318
1705340 318
1705350 318
1705360 318
1705370 318
1705380 318
1705390 317
1705400 317
1705410 317
1705420 317
1705430 316
1705440 316
1705450 315
1705460 314
1705470 313
1705480 312
1705490 310
1705500 309
1705510 307
1705520 306
1705530 305
1705540 304
1705550 303
1705560 302
1705570 302
1705580 303
1705590 303
1705600 305
1705610 306
1705620 307
1705630 309
1705640 311
1705650 312
1705660 314
1705670 315
1705680 317
1705690 318
1705700 319
1705710 319
1705720 320
1705730 320
1705740 321
1705750 321
1705760 322
1705770 322
1705780 322
1705790 322
1705800 323
1705810 323
1705820 323
1705830 323
1705840 323
1705850 323
1705860 323
1705870 322
1705880 322
1705890 322
1705900 321
1705910 321
1705920 320
1705930 320
1705940 319
1705950 319
1705960 318
1705970 318
1705980 317
1705990 316
1706000 316
1706010 315
1706020 314
1706030 314
1706040 313
1706050 312
1706060 311
1706070 310
1706080 309
1706090 308
1706100 307
1706110 306
1706120 305
1706130 304
1706140 303
1706150 302
1706160 302
1706170 301
1706180 300
1706190 299
1706200 298
1706210 297
1706220 296
1706230 294
1706240 293
1706250 292
1706260 291
1706270 290
1706280 289
1706290 289
1706300 288
1706310 288
1706320 287
1706330 286
1706340 286
1706350 285
1706360 285
1706370 284
1706380 284
1706390 284
1706400 284
1706410 284
1706420 284
1706430 284
1706440 284
1706450 283
1706460 283
1706470 283
1706480 283
1706490 283
1706500 282
1706510 282
1706520 282
1706530 282
1706540 282
1706550 282
1706560 282
1706570 282
1706580 282
1706590 282
1706600 282
1706610 282
1706620 282
1706630 282
1706640 282
1706650 282
1706660 282
1706670 282
1706680 282
1706690 282
1706700 282
1706710 281
1706720 281
1706730 281
1706740 281
1706750 281
1706760 281
1706770 281
1706780 281
1706790 281
1706800 281
1706810 280
1706820 279
1706830 279
1706840 279
1706850 280
1706860 281
1706870 281
1706880 281
1706890 281
1706900 281
1706910 281
1706920 281
1706930 281
1706940 281
1706950 281
1706960 281
1706970 281
1706980 281
1706990 281
1707000 281
1707010 281
1707020 281
1707030 281
1707040 281
1707050 281
1707060 281
1707070 281
1707080 281
1707090 281
1707100 281
1707110 281
1707120 281
1707130 281
1707140 281
1707150 281
1707160 281
1707170 281
1707180 281
1707190 281
1707200 281
1707210 281
1707220 281
1707230 281
1707240 281
1707250 281
1707260 281
1707270 281
1707280 281
1707290 281
1707300 281
1707310 281
1707320 281
1707330 281
1707340 281
1707350 281
1707360 281
1707370 281
1707380 281
1707390 280
1707400 280
1707410 280
1707420 280
1707430 280
1707440 280
1707450 280
1707460 280
1707470 280
1707480 280
1707490 280
1707500 280
1707510 280
1707520 280
1707530 280
1707540 280
1707550 280
1707560 280
1707570 280
1707580 280
1707590 280
1707600 280
1707610 280
1707620 280
1707630 280
1707640 280
1707650 280
1707660 280
1707670 280
1707680 280
1707690 280
1707700 280
1707710 280
1707720 280
1707730 280
1707740 280
1707750 280
1707760 280
1707770 280
1707780 280
1707790 280
1707800 280
1707810 280
1707820 280
1707830 280
1707840 280
1707850 280
1707860 281
1707870 281
1707880 281
1707890 281
1707900 281
1707910 281
1707920 281
1707930 281
1707940 281
1707950 281
1707960 281
1707970 281
1707980 281
1707990 281
1708000 281
1708010 281
1708020 281
1708030 281
1708040 281
1708050 281
1708060 281
1708070 281
1708080 282
1708090 282
1708100 282
1708110 282
1708120 282
1708130 282
1708140 282
1708150 281
1708160 281
1708170 282
1708180 282
1708190 282
1708200 282
1708210 282
1708220 282
1708230 282
1708240 282
1708250 282
1708260 282
1708270 282
1708280 282
1708290 282
1708300 282
1708310 282
1708320 282
1708330 282
1708340 282
1708350 282
1708360 282
1708370 283
1708380 283
1708390 283
1708400 283
1708410 283
1708420 283
1708430 283
1708440 283
1708450 283
1708460 283
1708470 283
1708480 283
1708490 283
1708500 283
1708510 283
1708520 283
1708530 283
1708540 283
1708550 283
1708560 283
1708570 283
1708580 283
1708590 283
1708600 283
1708610 283
1708620 283
1708630 283
1708640 283
1708650 283
1708660 283
1708670 283
1708680 283
1708690 283
1708700 283
1708710 283
1708720 283
1708730 283
1708740 284
1708750 284
1708760 284
1708770 284
1708780 285
1708790 285
1708800 285
1708810 285
1708820 285
1708830 285
1708840 286
1708850 286
1708860 286
1708870 287
1708880 287
1708890 288
1708900 288
1708910 289
1708920 291
1708930 292
1708940 293
1708950 295
1708960 296
1708970 298
1708980 298
1708990 299
1709000 300
1709010 300
1709020 301
1709030 301
1709040 302
1709050 302
1709060 303
1709070 303
1709080 303
1709090 303
1709100 304
1709110 304
1709120 304
1709130 305
1709140 305
1709150 305
1709160 305
1709170 306
1709180 306
1709190 306
1709200 306
1709210 307
1709220 307
1709230 307
1709240 307
1709250 307
1709260 307
1709270 307
1709280 307
1709290 306
1709300 306
1709310 306
1709320 305
1709330 305
1709340 305
1709350 304
1709360 303
1709370 303
1709380 302
1709390 302
1709400 301
1709410 300
1709420 300
1709430 299
1709440 299
1709450 298
1709460 298
1709470 297
1709480 297
1709490 297
1709500 296
1709510 296
1709520 296
1709530 296
1709540 296
1709550 296
1709560 296
1709570 296
1709580 296
1709590 296
1709600 296
1709610 296
1709620 296
1709630 296
1709640 296
1709650 296
1709660 296
1709670 296
1709680 296
1709690 296
1709700 296
1709710 297
1709720 297
1709730 297
1709740 297
1709750 298
1709760 298
1709770 299
1709780 299
1709790 300
1709800 300
1709810 301
1709820 301
1709830 302
1709840 303
1709850 303
1709860 304
1709870 304
1709880 305
1709890 306
1709900 306
1709910 307
1709920 307
1709930 307
1709940 308
1709950 308
1709960 308
1709970 309
1709980 309
1709990 309
1710000 309
1710010 310
1710020 310
1710030 310
1710040 310
1710050 310
1710060 310
1710070 310
1710080 310
1710090 310
1710100 310
1710110 310
1710120 310
1710130 310
1710140 309
1710150 309
1710160 309
1710170 308
1710180 308
1710190 308
1710200 308
1710210 307
1710220 307
1710230 307
1710240 306
1710250 306
1710260 305
1710270 305
1710280 304
1710290 304
1710300 303
1710310 303
1710320 302
1710330 302
1710340 301
1710350 301
1710360 301
1710370 300
1710380 300
1710390 299
1710400 299
1710410 298
1710420 298
1710430 298
1710440 297
1710450 297
1710460 297
1710470 296
1710480 296
1710490 296
1710500 295
1710510 295
1710520 295
1710530 295
1710540 294
1710550 294
1710560 294
1710570 294
1710580 293
1710590 293
1710600 293
1710610 293
1710620 294
1710630 294
1710640 295
1710650 295
1710660 296
1710670 296
1710680 297
1710690 297
1710700 298
1710710 298
1710720 298
1710730 298
1710740 299
1710750 299
1710760 299
1710770 299
1710780 299
1710790 299
1710800 299
1710810 299
1710820 299
1710830 300
1710840 300
1710850 300
1710860 300
1710870 300
1710880 300
1710890 299
1710900 299
1710910 299
1710920 299
1710930 299
1710940 298
1710950 298
1710960 298
1710970 298
1710980 298
1710990 298
1711000 298
1711010 297
1711020 297
1711030 297
1711040 297
1711050 297
1711060 297
1711070 297
1711080 297
1711090 296
1711100 296
1711110 296
1711120 296
1711130 296
1711140 296
1711150 296
1711160 296
1711170 296
1711180 296
1711190 296
1711200 296
1711210 296
1711220 296
1711230 295
1711240 295
1711250 295
1711260 295
1711270 296
1711280 296
1711290 296
1711300 296
1711310 296
1711320 296
1711330 296
1711340 296
1711350 296
1711360 296
1711370 296
1711380 296
1711390 296
1711400 296
1711410 296
1711420 296
1711430 296
1711440 296
1711450 296
1711460 296
1711470 296
1711480 296
1711490 297
1711500 297
1711510 297
1711520 298
1711530 297
1711540 297
1711550 297
1711560 296
1711570 297
1711580 297
1711590 297
1711600 297
1711610 297
1711620 297
1711630 297
1711640 297
1711650 297
1711660 297
1711670 297
1711680 297
1711690 298
1711700 298
1711710 298
1711720 298
1711730 298
1711740 298
1711750 298
1711760 298
1711770 299
1711780 299
1711790 300
1711800 301
1711810 301
1711820 302
1711830 302
1711840 302
1711850 302
1711860 301
1711870 301
1711880 301
1711890 301
1711900 301
1711910 301
1711920 301
1711930 301
1711940 301
1711950 301
1711960 301
1711970 301
1711980 302
1711990 302
1712000 302
1712010 302
1712020 302
1712030 302
1712040 303
1712050 303
1712060 303
1712070 302
1712080 302
1712090 301
1712100 301
1712110 300
1712120 300
1712130 300
1712140 300
1712150 300
1712160 300
1712170 300
1712180 300
1712190 300
1712200 300
1712210 301
1712220 301
1712230 301
1712240 301
1712250 301
1712260 301
1712270 301
1712280 301
1712290 302
1712300 302
1712310 302
1712320 302
1712330 302
1712340 302
1712350 303
1712360 303
1712370 304
1712380 304
1712390 304
1712400 304
1712410 304
1712420 304
1712430 305
1712440 305
1712450 305
1712460 305
1712470 306
1712480 306
1712490 306
1712500 307
1712510 307
1712520 307
1712530 308
1712540 308
1712550 308
1712560 309
1712570 309
1712580 309
1712590 310
1712600 310
1712610 310
1712620 310
1712630 311
1712640 311
1712650 311
1712660 311
1712670 312
1712680 312
1712690 312
1712700 313
1712710 313
1712720 314
1712730 315
1712740 315
1712750 315
1712760 316
1712770 316
1712780 317
1712790 317
1712800 317
1712810 318
1712820 318
1712830 319
1712840 319
1712850 319
1712860 319
1712870 319
1712880 320
1712890 320
1712900 320
1712910 320
1712920 320
1712930 320
1712940 320
1712950 321
1712960 321
1712970 321
1712980 321
1712990 322
1713000 322
1713010 322
1713020 323
1713030 323
1713040 324
1713050 324
1713060 324
1713070 325
1713080 325
1713090 326
1713100 326
1713110 326
1713120 326
1713130 327
1713140 327
1713150 327
1713160 327
1713170 328
1713180 328
1713190 328
1713200 328
1713210 329
1713220 329
1713230 329
1713240 329
1713250 329
1713260 330
1713270 330
1713280 330
1713290 330
1713300 330
1713310 330
1713320 330
1713330 330
1713340 330
1713350 330
1713360 330
1713370 330
1713380 330
1713390 330
1713400 330
1713410 329
1713420 327
1713430 327
1713440 328
1713450 329
1713460 329
1713470 329
1713480 329
1713490 329
1713500 329
1713510 329
1713520 329
1713530 328
1713540 328
1713550 328
1713560 328
1713570 328
1713580 328
1713590 327
1713600 327
1713610 327
1713620 327
1713630 327
1713640 326
1713650 326
1713660 326
1713670 326
1713680 325
1713690 325
1713700 325
1713710 325
1713720 324
1713730 324
1713740 324
1713750 323
1713760 323
1713770 323
1713780 323
1713790 322
1713800 322
1713810 322
1713820 322
1713830 321
1713840 321
1713850 321
1713860 320
1713870 320
1713880 320
1713890 320
1713900 319
1713910 319
1713920 319
1713930 319
1713940 318
1713950 318
1713960 318
1713970 317
1713980 317
1713990 317
1714000 317
1714010 316
1714020 316
1714030 316
1714040 315
1714050 315
1714060 315
1714070 315
1714080 314
1714090 314
1714100 314
1714110 313
1714120 313
1714130 313
1714140 313
1714150 312
1714160 312
1714170 312
1714180 311
1714190 311
1714200 311
1714210 310
1714220 310
1714230 310
1714240 310
1714250 310
1714260 310
1714270 309
1714280 309
1714290 309
1714300 308
1714310 308
1714320 307
1714330 307
1714340 306
1714350 306
1714360 306
1714370 305
1714380 305
1714390 305
1714400 304
1714410 304
1714420 304
1714430 303
1714440 303
1714450 302
1714460 302
1714470 302
1714480 302
1714490 301
1714500 301
1714510 301
1714520 301
1714530 301
1714540 301
1714550 301
1714560 301
1714570 301
1714580 301
1714590 301
1714600 302
1714610 302
1714620 302
1714630 302
1714640 302
1714650 302
1714660 302
1714670 302
1714680 303
1714690 303
1714700 303
1714710 303
1714720 303
1714730 303
1714740 303
1714750 303
1714760 303
1714770 303
1714780 303
1714790 303
1714800 303
1714810 303
1714820 303
1714830 303
1714840 303
1714850 303
1714860 303
1714870 303
1714880 303
1714890 302
1714900 302
1714910 302
1714920 302
1714930 302
1714940 302
1714950 302
1714960 302
1714970 302
1714980 302
1714990 303
1715000 303
1715010 303
1715020 303
1715030 304
1715040 304
1715050 305
1715060 305
1715070 306
1715080 306
1715090 307
1715100 307
1715110 307
1715120 308
1715130 308
1715140 308
1715150 308
1715160 308
1715170 308
1715180 308
1715190 308
1715200 308
1715210 308
1715220 309
1715230 309
1715240 309
1715250 309
1715260 309
1715270 309
1715280 309
1715290 309
1715300 309
1715310 309
1715320 309
1715330 309
1715340 309
1715350 309
1715360 309
1715370 309
1715380 309
1715390 309
1715400 309
1715410 308
1715420 308
1715430 308
1715440 308
1715450 308
1715460 307
1715470 307
1715480 307
1715490 307
1715500 307
1715510 307
1715520 307
1715530 307
1715540 306
1715550 306
1715560 306
1715570 306
1715580 306
1715590 306
1715600 305
1715610 305
1715620 305
1715630 305
1715640 305
1715650 304
1715660 304
1715670 304
1715680 304
1715690 304
1715700 304
1715710 303
1715720 303
1715730 303
1715740 303
1715750 303
1715760 303
1715770 303
1715780 302
1715790 302
1715800 301
1715810 301
1715820 300
1715830 299
1715840 298
1715850 297
1715860 296
1715870 295
1715880 295
1715890 296
1715900 296
1715910 297
1715920 298
1715930 299
1715940 299
1715950 299
1715960 299
1715970 299
1715980 298
1715990 298
1716000 298
1716010 297
1716020 297
1716030 296
1716040 296
1716050 295
1716060 295
1716070 294
1716080 294
1716090 293
1716100 293
1716110 292
1716120 292
1716130 292
1716140 291
1716150 291
1716160 290
1716170 290
1716180 290
1716190 290
1716200 289
1716210 289
1716220 289
1716230 289
1716240 289
1716250 289
1716260 289
1716270 289
1716280 289
1716290 288
1716300 288
1716310 288
1716320 288
1716330 287
1716340 287
1716350 287
1716360 287
1716370 287
1716380 286
1716390 286
1716400 286
1716410 286
1716420 286
1716430 285
1716440 285
1716450 285
1716460 285
1716470 285
1716480 285
1716490 284
1716500 284
1716510 284
1716520 284
1716530 284
1716540 284
1716550 284
1716560 284
1716570 284
1716580 284
1716590 284
1716600 284
1716610 283
1716620 283
1716630 283
1716640 283
1716650 283
1716660 283
1716670 283
1716680 283
1716690 283
1716700 283
1716710 283
1716720 283
1716730 283
1716740 283
1716750 283
1716760 284
1716770 284
1716780 284
1716790 284
1716800 284
1716810 285
1716820 285
1716830 285
1716840 285
1716850 285
1716860 284
1716870 284
1716880 284
1716890 284
1716900 284
1716910 284
1716920 285
1716930 285
1716940 285
1716950 285
1716960 285
1716970 285
1716980 285
1716990 285
1717000 285
1717010 285
1717020 285
1717030 285
1717040 285
1717050 285
1717060 285
1717070 285
1717080 285
1717090 285
1717100 285
1717110 285
1717120 285
1717130 286
1717140 286
1717150 286
1717160 286
1717170 286
1717180 286
1717190 286
1717200 286
1717210 286
1717220 286
1717230 286
1717240 286
1717250 286
1717260 286
1717270 286
1717280 286
1717290 286
1717300 286
1717310 286
1717320 286
1717330 286
1717340 286
1717350 286
1717360 286
1717370 286
1717380 286
1717390 286
1717400 286
1717410 286
1717420 286
1717430 286
1717440 286
1717450 286
1717460 286
1717470 286
1717480 286
1717490 285
1717500 284
1717510 283
1717520 283
1717530 282
1717540 282
1717550 282
1717560 281
1717570 281
1717580 281
1717590 281
1717600 281
1717610 281
1717620 281
1717630 281
1717640 281
1717650 281
1717660 281
1717670 280
1717680 280
1717690 280
1717700 280
1717710 280
1717720 279
1717730 279
1717740 279
1717750 278
1717760 278
1717770 278
1717780 277
1717790 277
1717800 277
1717810 276
1717820 276
1717830 276
1717840 276
1717850 275
1717860 275
1717870 275
1717880 275
1717890 275
1717900 275
1717910 275
1717920 275
1717930 275
1717940 275
1717950 275
1717960 275
1717970 275
1717980 275
1717990 275
1718000 275
1718010 275
1718020 275
1718030 276
1718040 276
1718050 276
1718060 277
1718070 277
1718080 277
1718090 277
1718100 278
1718110 278
1718120 278
1718130 278
1718140 279
1718150 279
1718160 279
1718170 279
1718180 280
1718190 279
1718200 279
1718210 279
1718220 279
1718230 280
1718240 280
1718250 280
1718260 280
1718270 280
1718280 279
1718290 279
1718300 279
1718310 280
1718320 280
1718330 280
1718340 280
1718350 280
1718360 280
1718370 280
1718380 280
1718390 280
1718400 280
1718410 280
1718420 280
1718430 280
1718440 280
1718450 280
1718460 281
1718470 281
1718480 281
1718490 281
1718500 281
1718510 282
1718520 282
1718530 282
1718540 282
1718550 282
1718560 282
1718570 282
1718580 282
1718590 282
1718600 282
1718610 282
1718620 282
1718630 282
1718640 282
1718650 282
1718660 282
1718670 282
1718680 282
1718690 282
1718700 282
1718710 282
1718720 282
1718730 282
1718740 282
1718750 282
1718760 282
1718770 282
1718780 282
1718790 282
1718800 282
1718810 282
1718820 282
1718830 282
1718840 282
1718850 282
1718860 282
1718870 282
1718880 282
1718890 282
1718900 282
1718910 282
1718920 283
1718930 283
1718940 283
1718950 283
1718960 283
1718970 283
1718980 283
1718990 283
1719000 283
1719010 283
1719020 283
1719030 283
1719040 283
1719050 283
1719060 282
1719070 282
1719080 282
1719090 282
1719100 282
1719110 282
1719120 282
1719130 282
1719140 282
1719150 282
1719160 282
1719170 282
1719180 282
1719190 282
1719200 282
1719210 282
1719220 282
1719230 282
1719240 282
1719250 282
1719260 281
1719270 281
1719280 281
1719290 281
1719300 281
1719310 280
1719320 280
1719330 280
1719340 279
1719350 279
1719360 279
1719370 278
1719380 278
1719390 278
1719400 278
1719410 278
1719420 278
1719430 277
1719440 277
1719450 277
1719460 277
1719470 277
1719480 276
1719490 276
1719500 276
1719510 276
1719520 276
1719530 275
1719540 275
1719550 275
1719560 275
1719570 275
1719580 275
1719590 275
1719600 275
1719610 275
1719620 276
1719630 276
1719640 276
1719650 276
1719660 276
1719670 276
1719680 276
1719690 276
1719700 276
1719710 276
1719720 276
1719730 276
1719740 276
1719750 276
1719760 275
1719770 275
1719780 275
1719790 274
1719800 274
1719810 274
1719820 273
1719830 273
1719840 272
1719850 273
1719860 273
1719870 274
1719880 274
1719890 275
1719900 275
1719910 276
1719920 277
1719930 278
1719940 279
1719950 279
1719960 280
1719970 281
1719980 282
1719990 283
