1700000 257
1700010 257
1700020 256
1700030 256
1700040 255
1700050 255
1700060 254
1700070 253
1700080 253
1700090 252
1700100 252
1700110 252
1700120 252
1700130 252
1700140 252
1700150 252
1700160 251
1700170 251
1700180 250
1700190 250
1700200 249
1700210 249
1700220 249
1700230 248
1700240 248
1700250 248
1700260 247
1700270 247
1700280 247
1700290 247
1700300 247
1700310 247
1700320 247
1700330 246
1700340 246
1700350 246
1700360 246
1700370 246
1700380 245
1700390 245
1700400 245
1700410 245
1700420 245
1700430 245
1700440 245
1700450 245
1700460 245
1700470 245
1700480 245
1700490 245
1700500 245
1700510 245
1700520 245
1700530 245
1700540 245
1700550 245
1700560 245
1700570 245
1700580 245
1700590 246
1700600 246
1700610 246
1700620 246
1700630 246
1700640 245
1700650 245
1700660 245
1700670 246
1700680 246
1700690 246
1700700 245
1700710 245
1700720 245
1700730 245
1700740 245
1700750 245
1700760 244
1700770 244
1700780 244
1700790 243
1700800 242
1700810 242
1700820 242
1700830 243
1700840 244
1700850 244
1700860 245
1700870 245
1700880 245
1700890 245
1700900 245
1700910 245
1700920 245
1700930 245
1700940 245
1700950 246
1700960 246
1700970 246
1700980 246
1700990 246
1701000 246
1701010 245
1701020 245
1701030 246
1701040 246
1701050 246
1701060 246
1701070 247
1701080 248
1701090 250
1701100 251
1701110 252
1701120 253
1701130 254
1701140 254
1701150 255
1701160 255
1701170 255
1701180 256
1701190 257
1701200 259
1701210 259
1701220 260
1701230 261
1701240 262
1701250 262
1701260 262
1701270 262
1701280 262
1701290 262
1701300 262
1701310 262
1701320 262
1701330 263
1701340 263
1701350 264
1701360 264
1701370 265
1701380 265
1701390 264
1701400 264
1701410 264
1701420 264
1701430 264
1701440 264
1701450 264
1701460 265
1701470 265
1701480 265
1701490 265
1701500 265
1701510 265
1701520 265
1701530 265
1701540 265
1701550 265
1701560 265
1701570 264
1701580 264
1701590 263
1701600 264
1701610 264
1701620 265
1701630 265
1701640 266
1701650 267
1701660 267
1701670 268
1701680 269
1701690 270
1701700 271
1701710 272
1701720 273
1701730 275
1701740 276
1701750 277
1701760 279
1701770 281
1701780 283
1701790 284
1701800 286
1701810 287
1701820 288
1701830 289
1701840 289
1701850 288
1701860 287
1701870 286
1701880 287
1701890 288
1701900 289
1701910 289
1701920 290
1701930 290
1701940 290
1701950 290
1701960 289
1701970 289
1701980 289
1701990 289
1702000 288
1702010 288
1702020 288
1702030 288
1702040 287
1702050 287
1702060 287
1702070 287
1702080 287
1702090 286
1702100 286
1702110 286
1702120 286
1702130 286
1702140 285
1702150 285
1702160 284
1702170 284
1702180 284
1702190 283
1702200 283
1702210 283
1702220 282
1702230 282
1702240 281
1702250 281
1702260 281
1702270 280
1702280 280
1702290 279
1702300 279
1702310 279
1702320 278
1702330 278
1702340 277
1702350 277
1702360 277
1702370 276
1702380 276
1702390 275
1702400 275
1702410 274
1702420 274
1702430 273
1702440 273
1702450 272
1702460 272
1702470 271
1702480 271
1702490 270
1702500 270
1702510 269
1702520 269
1702530 269
1702540 268
1702550 268
1702560 267
1702570 267
1702580 266
1702590 266
1702600 266
1702610 265
1702620 265
1702630 265
1702640 264
1702650 264
1702660 264
1702670 264
1702680 264
1702690 263
1702700 263
1702710 263
1702720 262
1702730 262
1702740 261
1702750 260
1702760 260
1702770 259
1702780 259
1702790 259
1702800 259
1702810 259
1702820 259
1702830 259
1702840 259
1702850 259
1702860 260
1702870 260
1702880 261
1702890 263
1702900 265
1702910 266
1702920 267
1702930 268
1702940 270
1702950 271
1702960 272
1702970 273
1702980 274
1702990 275
1703000 276
1703010 277
1703020 278
1703030 280
1703040 281
1703050 282
1703060 283
1703070 284
1703080 285
1703090 287
1703100 288
1703110 289
1703120 290
1703130 291
1703140 292
1703150 293
1703160 294
1703170 295
1703180 296
1703190 297
1703200 297
1703210 298
1703220 299
1703230 299
1703240 299
1703250 300
1703260 300
1703270 300
1703280 300
1703290 300
1703300 300
1703310 300
1703320 300
1703330 299
1703340 299
1703350 299
1703360 298
1703370 298
1703380 298
1703390 297
1703400 297
1703410 296
1703420 296
1703430 295
1703440 295
1703450 294
1703460 294
1703470 293
1703480 293
1703490 292
1703500 291
1703510 291
1703520 290
1703530 290
1703540 289
1703550 289
1703560 288
1703570 288
1703580 287
1703590 287
1703600 286
1703610 286
1703620 285
1703630 285
1703640 284
1703650 284
1703660 283
1703670 283
1703680 282
1703690 282
1703700 281
1703710 281
1703720 280
1703730 279
1703740 279
1703750 278
1703760 278
1703770 277
1703780 277
1703790 276
1703800 275
1703810 275
1703820 274
1703830 273
1703840 273
1703850 272
1703860 271
1703870 271
1703880 271
1703890 271
1703900 270
1703910 270
1703920 270
1703930 269
1703940 268
1703950 267
1703960 266
1703970 265
1703980 264
1703990 263
1704000 263
1704010 262
1704020 262
1704030 262
1704040 262
1704050 263
1704060 263
1704070 264
1704080 264
1704090 264
1704100 265
1704110 265
1704120 266
1704130 266
1704140 268
1704150 270
1704160 272
1704170 273
1704180 275
1704190 276
1704200 276
1704210 277
1704220 278
1704230 279
1704240 280
1704250 280
1704260 280
1704270 281
1704280 281
1704290 281
1704300 281
1704310 281
1704320 281
1704330 281
1704340 281
1704350 281
1704360 282
1704370 282
1704380 283
1704390 284
1704400 284
1704410 285
1704420 286
1704430 287
1704440 288
1704450 289
1704460 290
1704470 291
1704480 291
1704490 292
1704500 293
1704510 294
1704520 294
1704530 295
1704540 296
1704550 297
1704560 297
1704570 298
1704580 299
1704590 299
1704600 300
1704610 300
1704620 301
1704630 302
1704640 302
1704650 303
1704660 304
1704670 304
1704680 305
1704690 306
1704700 306
1704710 307
1704720 307
1704730 308
1704740 308
1704750 309
1704760 310
1704770 310
1704780 311
1704790 311
1704800 312
1704810 312
1704820 313
1704830 314
1704840 314
1704850 314
1704860 315
1704870 315
1704880 316
1704890 316
1704900 317
1704910 317
1704920 317
1704930 317
1704940 318
1704950 318
1704960 318
1704970 319
1704980 319
1704990 319
1705000 319
1705010 320
1705020 320
1705030 320
1705040 320
1705050 320
1705060 320
1705070 320
1705080 320
1705090 319
1705100 319
1705110 319
1705120 319
1705130 318
1705140 318
1705150 318
1705160 317
1705170 316
1705180 316
1705190 314
1705200 313
1705210 311
1705220 309
1705230 308
1705240 306
1705250 304
1705260 303
1705270 302
1705280 301
1705290 301
1705300 300
1705310 300
1705320 301
1705330 302
1705340 303
1705350 304
1705360 305
1705370 307
1705380 308
1705390 310
1705400 312
1705410 314
1705420 315
1705430 317
1705440 318
1705450 318
1705460 319
1705470 319
1705480 319
1705490 319
1705500 319
1705510 319
1705520 319
1705530 319
1705540 318
1705550 318
1705560 317
1705570 316
1705580 316
1705590 315
1705600 314
1705610 313
1705620 312
1705630 311
1705640 311
1705650 311
1705660 311
1705670 311
1705680 312
1705690 314
1705700 315
1705710 316
1705720 316
1705730 317
1705740 318
1705750 318
1705760 318
1705770 318
1705780 319
1705790 319
1705800 319
1705810 319
1705820 319
1705830 319
1705840 319
1705850 319
1705860 319
1705870 319
1705880 319
1705890 318
1705900 318
1705910 318
1705920 317
1705930 317
1705940 317
1705950 317
1705960 316
1705970 316
1705980 316
1705990 315
1706000 315
1706010 315
1706020 315
1706030 315
1706040 315
1706050 314
1706060 314
1706070 314
1706080 313
1706090 313
1706100 313
1706110 313
1706120 313
1706130 313
1706140 312
1706150 312
1706160 312
1706170 312
1706180 312
1706190 312
1706200 312
1706210 312
1706220 311
1706230 311
1706240 311
1706250 311
1706260 311
1706270 311
1706280 311
1706290 311
1706300 311
1706310 311
1706320 311
1706330 311
1706340 310
1706350 310
1706360 310
1706370 310
1706380 310
1706390 310
1706400 310
1706410 310
1706420 310
1706430 310
1706440 309
1706450 309
1706460 309
1706470 309
1706480 309
1706490 309
1706500 309
1706510 309
1706520 309
1706530 308
1706540 308
1706550 308
1706560 308
1706570 308
1706580 308
1706590 308
1706600 307
1706610 307
1706620 307
1706630 307
1706640 307
1706650 307
1706660 307
1706670 306
1706680 306
1706690 306
1706700 306
1706710 306
1706720 306
1706730 305
1706740 305
1706750 305
1706760 305
1706770 304
1706780 304
1706790 304
1706800 303
1706810 303
1706820 303
1706830 302
1706840 302
1706850 301
1706860 301
1706870 301
1706880 300
1706890 300
1706900 300
1706910 300
1706920 300
1706930 299
1706940 299
1706950 299
1706960 299
1706970 299
1706980 299
1706990 298
1707000 298
1707010 298
1707020 297
1707030 297
1707040 296
1707050 296
1707060 296
1707070 295
1707080 294
1707090 294
1707100 293
1707110 293
1707120 292
1707130 292
1707140 291
1707150 290
1707160 290
1707170 289
1707180 289
1707190 288
1707200 287
1707210 286
1707220 285
1707230 284
1707240 284
1707250 282
1707260 281
1707270 280
1707280 280
1707290 279
1707300 279
1707310 278
1707320 278
1707330 278
1707340 277
1707350 277
1707360 277
1707370 277
1707380 276
1707390 276
1707400 276
1707410 275
1707420 275
1707430 274
1707440 274
1707450 273
1707460 274
1707470 276
1707480 276
1707490 276
1707500 276
1707510 276
1707520 276
1707530 276
1707540 276
1707550 276
1707560 276
1707570 276
1707580 277
1707590 277
1707600 277
1707610 277
1707620 277
1707630 277
1707640 277
1707650 277
1707660 277
1707670 277
1707680 277
1707690 277
1707700 277
1707710 277
1707720 277
1707730 277
1707740 277
1707750 277
1707760 277
1707770 277
1707780 277
1707790 277
1707800 277
1707810 277
1707820 277
1707830 277
1707840 277
1707850 277
1707860 277
1707870 277
1707880 277
1707890 278
1707900 278
1707910 278
1707920 278
1707930 278
1707940 278
1707950 278
1707960 278
1707970 278
1707980 278
1707990 278
1708000 278
1708010 278
1708020 278
1708030 278
1708040 278
1708050 278
1708060 278
1708070 278
1708080 279
1708090 279
1708100 279
1708110 279
1708120 279
1708130 279
1708140 279
1708150 279
1708160 279
1708170 279
1708180 279
1708190 280
1708200 280
1708210 280
1708220 280
1708230 280
1708240 280
1708250 280
1708260 280
1708270 280
1708280 280
1708290 281
1708300 281
1708310 281
1708320 281
1708330 281
1708340 281
1708350 281
1708360 281
1708370 282
1708380 282
1708390 282
1708400 282
1708410 282
1708420 282
1708430 283
1708440 283
1708450 283
1708460 283
1708470 283
1708480 283
1708490 283
1708500 283
1708510 283
1708520 283
1708530 283
1708540 284
1708550 284
1708560 283
1708570 283
1708580 283
1708590 283
1708600 283
1708610 284
1708620 284
1708630 284
1708640 284
1708650 284
1708660 284
1708670 284
1708680 284
1708690 284
1708700 284
1708710 284
1708720 284
1708730 284
1708740 284
1708750 284
1708760 285
1708770 285
1708780 285
1708790 285
1708800 285
1708810 285
1708820 285
1708830 285
1708840 285
1708850 285
1708860 286
1708870 286
1708880 286
1708890 286
1708900 286
1708910 286
1708920 286
1708930 286
1708940 286
1708950 286
1708960 286
1708970 286
1708980 286
1708990 286
1709000 286
1709010 286
1709020 287
1709030 287
1709040 287
1709050 287
1709060 287
1709070 287
1709080 287
1709090 287
1709100 287
1709110 287
1709120 288
1709130 288
1709140 288
1709150 288
1709160 288
1709170 288
1709180 289
1709190 289
1709200 289
1709210 289
1709220 289
1709230 289
1709240 289
1709250 289
1709260 289
1709270 289
1709280 289
1709290 289
1709300 289
1709310 289
1709320 289
1709330 289
1709340 289
1709350 288
1709360 288
1709370 288
1709380 288
1709390 289
1709400 289
1709410 289
1709420 289
1709430 289
1709440 289
1709450 289
1709460 289
1709470 290
1709480 290
1709490 290
1709500 290
1709510 290
1709520 290
1709530 290
1709540 290
1709550 290
1709560 290
1709570 290
1709580 290
1709590 290
1709600 290
1709610 291
1709620 291
1709630 291
1709640 291
1709650 292
1709660 292
1709670 293
1709680 293
1709690 294
1709700 295
1709710 295
1709720 296
1709730 297
1709740 297
1709750 298
1709760 298
1709770 299
1709780 299
1709790 300
1709800 300
1709810 301
1709820 301
1709830 302
1709840 302
1709850 303
1709860 303
1709870 304
1709880 304
1709890 305
1709900 305
1709910 305
1709920 305
1709930 305
1709940 305
1709950 305
1709960 306
1709970 306
1709980 306
1709990 305
1710000 305
1710010 305
1710020 305
1710030 304
1710040 304
1710050 303
1710060 303
1710070 303
1710080 303
1710090 303
1710100 303
1710110 304
1710120 304
1710130 305
1710140 306
1710150 308
1710160 309
1710170 310
1710180 311
1710190 313
1710200 314
1710210 315
1710220 316
1710230 317
1710240 317
1710250 318
1710260 319
1710270 320
1710280 321
1710290 322
1710300 323
1710310 324
1710320 325
1710330 325
1710340 326
1710350 327
1710360 328
1710370 329
1710380 330
1710390 330
1710400 330
1710410 331
1710420 331
1710430 331
1710440 331
1710450 331
1710460 331
1710470 331
1710480 331
1710490 331
1710500 331
1710510 331
1710520 331
1710530 331
1710540 331
1710550 331
1710560 331
1710570 331
1710580 331
1710590 331
1710600 331
1710610 331
1710620 331
1710630 331
1710640 331
1710650 331
1710660 330
1710670 330
1710680 330
1710690 330
1710700 330
1710710 330
1710720 330
1710730 330
1710740 330
1710750 330
1710760 329
1710770 329
1710780 329
1710790 329
1710800 329
1710810 328
1710820 328
1710830 328
1710840 328
1710850 328
1710860 328
1710870 327
1710880 327
1710890 327
1710900 327
1710910 327
1710920 327
1710930 326
1710940 326
1710950 326
1710960 326
1710970 326
1710980 326
1710990 325
1711000 325
1711010 325
1711020 325
1711030 325
1711040 325
1711050 325
1711060 325
1711070 324
1711080 324
1711090 324
1711100 324
1711110 324
1711120 324
1711130 323
1711140 323
1711150 323
1711160 323
1711170 323
1711180 323
1711190 323
1711200 323
1711210 323
1711220 323
1711230 322
1711240 322
1711250 322
1711260 322
1711270 322
1711280 322
1711290 322
1711300 322
1711310 322
1711320 322
1711330 322
1711340 322
1711350 322
1711360 322
1711370 322
1711380 321
1711390 321
1711400 321
1711410 321
1711420 321
1711430 320
1711440 320
1711450 319
1711460 319
1711470 318
1711480 317
1711490 317
1711500 316
1711510 316
1711520 315
1711530 315
1711540 314
1711550 314
1711560 314
1711570 313
1711580 313
1711590 312
1711600 312
1711610 312
1711620 311
1711630 311
1711640 310
1711650 310
1711660 310
1711670 309
1711680 309
1711690 309
1711700 309
1711710 308
1711720 308
1711730 308
1711740 308
1711750 308
1711760 308
1711770 308
1711780 308
1711790 308
1711800 308
1711810 308
1711820 308
1711830 308
1711840 308
1711850 308
1711860 307
1711870 307
1711880 307
1711890 307
1711900 307
1711910 307
1711920 307
1711930 308
1711940 308
1711950 309
1711960 310
1711970 310
1711980 311
1711990 312
1712000 312
1712010 313
1712020 314
1712030 315
1712040 315
1712050 316
1712060 316
1712070 316
1712080 317
1712090 317
1712100 317
1712110 317
1712120 317
1712130 317
1712140 317
1712150 318
1712160 318
1712170 318
1712180 318
1712190 318
1712200 318
1712210 318
1712220 318
1712230 318
1712240 318
1712250 318
1712260 318
1712270 318
1712280 319
1712290 319
1712300 319
1712310 319
1712320 320
1712330 320
1712340 320
1712350 321
1712360 321
1712370 321
1712380 321
1712390 321
1712400 321
1712410 322
1712420 322
1712430 322
1712440 322
1712450 322
1712460 322
1712470 322
1712480 322
1712490 323
1712500 323
1712510 323
1712520 322
1712530 322
1712540 322
1712550 321
1712560 321
1712570 321
1712580 321
1712590 320
1712600 320
1712610 320
1712620 320
1712630 320
1712640 320
1712650 320
1712660 320
1712670 320
1712680 320
1712690 320
1712700 320
1712710 320
1712720 320
1712730 320
1712740 320
1712750 321
1712760 321
1712770 321
1712780 321
1712790 322
1712800 322
1712810 322
1712820 322
1712830 322
1712840 322
1712850 322
1712860 322
1712870 322
1712880 322
1712890 322
1712900 322
1712910 322
1712920 322
1712930 322
1712940 322
1712950 323
1712960 323
1712970 323
1712980 323
1712990 323
1713000 324
1713010 324
1713020 324
1713030 324
1713040 324
1713050 325
1713060 325
1713070 325
1713080 325
1713090 326
1713100 326
1713110 326
1713120 326
1713130 326
1713140 326
1713150 326
1713160 326
1713170 326
1713180 326
1713190 327
1713200 327
1713210 327
1713220 327
1713230 327
1713240 327
1713250 327
1713260 327
1713270 328
1713280 328
1713290 328
1713300 328
1713310 328
1713320 328
1713330 328
1713340 328
1713350 328
1713360 329
1713370 329
1713380 329
1713390 329
1713400 329
1713410 329
1713420 329
1713430 329
1713440 329
1713450 329
1713460 329
1713470 329
1713480 329
1713490 329
1713500 329
1713510 329
1713520 330
1713530 330
1713540 330
1713550 330
1713560 330
1713570 330
1713580 330
1713590 330
1713600 330
1713610 330
1713620 330
1713630 330
1713640 330
1713650 330
1713660 330
1713670 330
1713680 330
1713690 330
1713700 330
1713710 330
1713720 330
1713730 330
1713740 330
1713750 330
1713760 330
1713770 330
1713780 330
1713790 330
1713800 330
1713810 329
1713820 329
1713830 329
1713840 329
1713850 329
1713860 329
1713870 329
1713880 329
1713890 329
1713900 329
1713910 329
1713920 329
1713930 330
1713940 329
1713950 329
1713960 329
1713970 329
1713980 329
1713990 329
1714000 329
1714010 328
1714020 328
1714030 328
1714040 327
1714050 327
1714060 327
1714070 327
1714080 326
1714090 326
1714100 326
1714110 326
1714120 326
1714130 326
1714140 326
1714150 327
1714160 327
1714170 327
1714180 327
1714190 327
1714200 327
1714210 327
1714220 327
1714230 327
1714240 327
1714250 327
1714260 327
1714270 327
1714280 327
1714290 327
1714300 327
1714310 327
1714320 327
1714330 326
1714340 326
1714350 326
1714360 326
1714370 325
1714380 325
1714390 325
1714400 325
1714410 325
1714420 324
1714430 324
1714440 324
1714450 324
1714460 323
1714470 323
1714480 322
1714490 322
1714500 322
1714510 321
1714520 321
1714530 321
1714540 321
1714550 321
1714560 320
1714570 320
1714580 320
1714590 319
1714600 319
1714610 319
1714620 318
1714630 318
1714640 318
1714650 317
1714660 317
1714670 317
1714680 317
1714690 316
1714700 316
1714710 316
1714720 316
1714730 316
1714740 315
1714750 315
1714760 315
1714770 314
1714780 314
1714790 314
1714800 314
1714810 313
1714820 313
1714830 313
1714840 312
1714850 312
1714860 312
1714870 311
1714880 311
1714890 311
1714900 311
1714910 311
1714920 310
1714930 310
1714940 309
1714950 309
1714960 309
1714970 308
1714980 308
1714990 308
1715000 307
1715010 307
1715020 307
1715030 306
1715040 306
1715050 305
1715060 305
1715070 304
1715080 304
1715090 303
1715100 303
1715110 302
1715120 302
1715130 302
1715140 301
1715150 301
1715160 300
1715170 300
1715180 299
1715190 299
1715200 299
1715210 298
1715220 298
1715230 298
1715240 297
1715250 297
1715260 297
1715270 297
1715280 296
1715290 296
1715300 296
1715310 295
1715320 295
1715330 295
1715340 295
1715350 295
1715360 294
1715370 294
1715380 293
1715390 293
1715400 293
1715410 293
1715420 293
1715430 293
1715440 293
1715450 292
1715460 292
1715470 293
1715480 293
1715490 293
1715500 292
1715510 292
1715520 292
1715530 292
1715540 292
1715550 292
1715560 292
1715570 292
1715580 292
1715590 291
1715600 291
1715610 291
1715620 291
1715630 291
1715640 291
1715650 291
1715660 291
1715670 291
1715680 291
1715690 291
1715700 291
1715710 291
1715720 291
1715730 291
1715740 291
1715750 291
1715760 291
1715770 291
1715780 291
1715790 291
1715800 291
1715810 291
1715820 291
1715830 291
1715840 291
1715850 291
1715860 291
1715870 291
1715880 291
1715890 291
1715900 291
1715910 291
1715920 291
1715930 291
1715940 291
1715950 290
1715960 290
1715970 291
1715980 291
1715990 291
1716000 291
1716010 291
1716020 291
1716030 291
1716040 291
1716050 290
1716060 290
1716070 290
1716080 290
1716090 290
1716100 290
1716110 290
1716120 290
1716130 289
1716140 289
1716150 289
1716160 289
1716170 289
1716180 289
1716190 289
1716200 289
1716210 289
1716220 289
1716230 289
1716240 290
1716250 290
1716260 290
1716270 291
1716280 291
1716290 292
1716300 292
1716310 292
1716320 293
1716330 293
1716340 293
1716350 293
1716360 292
1716370 292
1716380 292
1716390 292
1716400 292
1716410 292
1716420 292
1716430 292
1716440 291
1716450 291
1716460 291
1716470 291
1716480 291
1716490 292
1716500 292
1716510 292
1716520 292
1716530 293
1716540 293
1716550 294
1716560 295
1716570 296
1716580 298
1716590 299
1716600 300
1716610 301
1716620 302
1716630 303
1716640 304
1716650 305
1716660 306
1716670 307
1716680 307
1716690 308
1716700 309
1716710 309
1716720 310
1716730 310
1716740 311
1716750 311
1716760 311
1716770 311
1716780 311
1716790 311
1716800 311
1716810 311
1716820 311
1716830 311
1716840 311
1716850 311
1716860 310
1716870 310
1716880 310
1716890 309
1716900 309
1716910 309
1716920 308
1716930 308
1716940 307
1716950 307
1716960 306
1716970 306
1716980 305
1716990 305
1717000 304
1717010 304
1717020 303
1717030 303
1717040 303
1717050 302
1717060 302
1717070 302
1717080 302
1717090 301
1717100 301
1717110 300
1717120 299
1717130 299
1717140 298
1717150 298
1717160 298
1717170 297
1717180 297
1717190 296
1717200 296
1717210 296
1717220 295
1717230 295
1717240 294
1717250 294
1717260 293
1717270 292
1717280 292
1717290 291
1717300 291
1717310 290
1717320 290
1717330 289
1717340 289
1717350 289
1717360 288
1717370 288
1717380 288
1717390 287
1717400 287
1717410 287
1717420 287
1717430 286
1717440 286
1717450 286
1717460 286
1717470 285
1717480 285
1717490 285
1717500 285
1717510 284
1717520 284
1717530 283
1717540 283
1717550 283
1717560 283
1717570 282
1717580 282
1717590 282
1717600 282
1717610 282
1717620 281
1717630 281
1717640 281
1717650 281
1717660 280
1717670 280
1717680 280
1717690 280
1717700 280
1717710 280
1717720 280
1717730 280
1717740 280
1717750 279
1717760 279
1717770 280
1717780 280
1717790 280
1717800 280
1717810 280
1717820 280
1717830 280
1717840 280
1717850 281
1717860 281
1717870 281
1717880 281
1717890 281
1717900 281
1717910 281
1717920 281
1717930 281
1717940 281
1717950 281
1717960 281
1717970 281
1717980 281
1717990 281
1718000 281
1718010 282
1718020 282
1718030 282
1718040 282
1718050 282
1718060 282
1718070 283
1718080 283
1718090 283
1718100 282
1718110 282
1718120 282
1718130 282
1718140 282
1718150 282
1718160 281
1718170 281
1718180 280
1718190 280
1718200 279
1718210 279
1718220 279
1718230 278
1718240 278
1718250 278
1718260 278
1718270 278
1718280 278
1718290 277
1718300 277
1718310 276
1718320 276
1718330 276
1718340 275
1718350 275
1718360 274
1718370 274
1718380 273
1718390 273
1718400 272
1718410 272
1718420 271
1718430 271
1718440 271
1718450 270
1718460 270
1718470 270
1718480 270
1718490 270
1718500 270
1718510 270
1718520 270
1718530 270
1718540 270
1718550 270
1718560 270
1718570 270
1718580 270
1718590 270
1718600 270
1718610 270
1718620 270
1718630 270
1718640 270
1718650 270
1718660 270
1718670 270
1718680 270
1718690 271
1718700 271
1718710 271
1718720 271
1718730 272
1718740 272
1718750 272
1718760 273
1718770 274
1718780 274
1718790 275
1718800 276
1718810 277
1718820 277
1718830 278
1718840 279
1718850 279
1718860 279
1718870 280
1718880 280
1718890 280
1718900 281
1718910 281
1718920 281
1718930 281
1718940 282
1718950 282
1718960 281
1718970 281
1718980 281
1718990 281
1719000 282
1719010 282
1719020 282
1719030 283
1719040 283
1719050 283
1719060 282
1719070 282
1719080 282
1719090 282
1719100 282
1719110 281
1719120 281
1719130 281
1719140 281
1719150 281
1719160 280
1719170 280
1719180 280
1719190 280
1719200 280
1719210 280
1719220 280
1719230 280
1719240 280
1719250 280
1719260 280
1719270 280
1719280 281
1719290 281
1719300 281
1719310 281
1719320 282
1719330 282
1719340 282
1719350 283
1719360 283
1719370 283
1719380 284
1719390 284
1719400 284
1719410 284
1719420 285
1719430 285
1719440 285
1719450 285
1719460 285
1719470 285
1719480 285
1719490 285
1719500 285
1719510 285
1719520 285
1719530 285
1719540 285
1719550 285
1719560 285
1719570 285
1719580 285
1719590 284
1719600 284
1719610 284
1719620 284
1719630 284
1719640 284
1719650 284
1719660 284
1719670 283
1719680 283
1719690 283
1719700 283
1719710 283
1719720 283
1719730 283
1719740 283
1719750 283
1719760 283
1719770 283
1719780 283
1719790 283
1719800 283
1719810 283
1719820 283
1719830 283
1719840 283
1719850 282
1719860 282
1719870 282
1719880 282
1719890 282
1719900 282
1719910 281
1719920 281
1719930 281
1719940 281
1719950 280
1719960 280
1719970 280
1719980 280
1719990 280
