1700000 257
1700010 256
1700020 256
1700030 255
1700040 255
1700050 254
1700060 254
1700070 253
1700080 253
1700090 252
1700100 252
1700110 252
1700120 252
1700130 252
1700140 252
1700150 251
1700160 251
1700170 251
1700180 250
1700190 250
1700200 249
1700210 249
1700220 249
1700230 248
1700240 248
1700250 248
1700260 247
1700270 247
1700280 247
1700290 247
1700300 247
1700310 246
1700320 246
1700330 246
1700340 246
1700350 246
1700360 246
1700370 246
1700380 246
1700390 246
1700400 245
1700410 245
1700420 245
1700430 245
1700440 245
1700450 245
1700460 245
1700470 245
1700480 245
1700490 245
1700500 245
1700510 245
1700520 245
1700530 245
1700540 245
1700550 244
1700560 245
1700570 245
1700580 245
1700590 246
1700600 246
1700610 246
1700620 246
1700630 246
1700640 246
1700650 245
1700660 245
1700670 245
1700680 245
1700690 245
1700700 245
1700710 245
1700720 245
1700730 245
1700740 245
1700750 245
1700760 245
1700770 244
1700780 244
1700790 244
1700800 243
1700810 242
1700820 242
1700830 242
1700840 243
1700850 244
1700860 244
1700870 245
1700880 245
1700890 245
1700900 245
1700910 245
1700920 245
1700930 245
1700940 245
1700950 245
1700960 246
1700970 246
1700980 246
1700990 246
1701000 246
1701010 246
1701020 245
1701030 245
1701040 246
1701050 246
1701060 246
1701070 246
1701080 246
1701090 247
1701100 248
1701110 249
1701120 250
1701130 251
1701140 251
1701150 252
1701160 252
1701170 253
1701180 254
1701190 256
1701200 257
1701210 258
1701220 259
1701230 260
1701240 260
1701250 261
1701260 261
1701270 261
1701280 262
1701290 262
1701300 262
1701310 261
1701320 261
1701330 262
1701340 262
1701350 263
1701360 263
1701370 264
1701380 263
1701390 263
1701400 263
1701410 263
1701420 263
1701430 263
1701440 263
1701450 263
1701460 263
1701470 264
1701480 264
1701490 264
1701500 264
1701510 264
1701520 264
1701530 264
1701540 264
1701550 264
1701560 264
1701570 263
1701580 263
1701590 262
1701600 263
1701610 264
1701620 264
1701630 265
1701640 266
1701650 266
1701660 267
1701670 268
1701680 269
1701690 270
1701700 271
1701710 273
1701720 274
1701730 275
1701740 276
1701750 278
1701760 280
1701770 281
1701780 283
1701790 285
1701800 286
1701810 287
1701820 288
1701830 289
1701840 289
1701850 288
1701860 288
1701870 287
1701880 287
1701890 288
1701900 289
1701910 289
1701920 290
1701930 290
1701940 290
1701950 290
1701960 290
1701970 290
1701980 289
1701990 289
1702000 289
1702010 288
1702020 288
1702030 288
1702040 288
1702050 287
1702060 287
1702070 287
1702080 287
1702090 287
1702100 286
1702110 286
1702120 286
1702130 286
1702140 285
1702150 285
1702160 284
1702170 284
1702180 283
1702190 283
1702200 283
1702210 282
1702220 282
1702230 282
1702240 281
1702250 281
1702260 280
1702270 280
1702280 280
1702290 279
1702300 279
1702310 278
1702320 278
1702330 278
1702340 277
1702350 277
1702360 276
1702370 276
1702380 275
1702390 275
1702400 274
1702410 274
1702420 273
1702430 273
1702440 273
1702450 272
1702460 272
1702470 271
1702480 271
1702490 270
1702500 270
1702510 269
1702520 269
1702530 268
1702540 268
1702550 268
1702560 267
1702570 267
1702580 266
1702590 266
1702600 266
1702610 265
1702620 265
1702630 265
1702640 264
1702650 264
1702660 264
1702670 264
1702680 264
1702690 263
1702700 263
1702710 263
1702720 262
1702730 262
1702740 261
1702750 260
1702760 260
1702770 259
1702780 259
1702790 259
1702800 259
1702810 259
1702820 259
1702830 259
1702840 258
1702850 259
1702860 259
1702870 260
1702880 261
1702890 263
1702900 264
1702910 265
1702920 266
1702930 267
1702940 268
1702950 270
1702960 271
1702970 272
1702980 273
1702990 274
1703000 275
1703010 276
1703020 278
1703030 279
1703040 280
1703050 281
1703060 282
1703070 284
1703080 285
1703090 286
1703100 287
1703110 288
1703120 289
1703130 291
1703140 292
1703150 293
1703160 294
1703170 295
1703180 295
1703190 296
1703200 297
1703210 298
1703220 298
1703230 299
1703240 299
1703250 299
1703260 300
1703270 300
1703280 300
1703290 300
1703300 299
1703310 299
1703320 299
1703330 299
1703340 299
1703350 298
1703360 298
1703370 298
1703380 297
1703390 297
1703400 296
1703410 296
1703420 295
1703430 295
1703440 295
1703450 294
1703460 293
1703470 293
1703480 292
1703490 292
1703500 291
1703510 290
1703520 290
1703530 289
1703540 289
1703550 288
1703560 288
1703570 287
1703580 287
1703590 286
1703600 286
1703610 285
1703620 285
1703630 284
1703640 284
1703650 283
1703660 283
1703670 282
1703680 282
1703690 281
1703700 281
1703710 280
1703720 280
1703730 279
1703740 279
1703750 278
1703760 277
1703770 277
1703780 276
1703790 276
1703800 275
1703810 275
1703820 274
1703830 273
1703840 273
1703850 272
1703860 272
1703870 271
1703880 271
1703890 271
1703900 270
1703910 270
1703920 270
1703930 269
1703940 268
1703950 267
1703960 266
1703970 265
1703980 264
1703990 263
1704000 262
1704010 262
1704020 262
1704030 262
1704040 262
1704050 263
1704060 263
1704070 263
1704080 264
1704090 264
1704100 265
1704110 265
1704120 266
1704130 268
1704140 270
1704150 272
1704160 273
1704170 275
1704180 276
1704190 277
1704200 278
1704210 279
1704220 279
1704230 280
1704240 281
1704250 281
1704260 282
1704270 282
1704280 282
1704290 282
1704300 282
1704310 282
1704320 282
1704330 282
1704340 282
1704350 282
1704360 283
1704370 283
1704380 284
1704390 284
1704400 285
1704410 286
1704420 287
1704430 287
1704440 288
1704450 289
1704460 290
1704470 291
1704480 292
1704490 293
1704500 294
1704510 295
1704520 295
1704530 296
1704540 297
1704550 298
1704560 299
1704570 299
1704580 300
1704590 300
1704600 301
1704610 301
1704620 302
1704630 303
1704640 304
1704650 304
1704660 305
1704670 305
1704680 306
1704690 307
1704700 307
1704710 308
1704720 308
1704730 309
1704740 309
1704750 310
1704760 310
1704770 311
1704780 311
1704790 312
1704800 312
1704810 313
1704820 313
1704830 314
1704840 314
1704850 315
1704860 315
1704870 316
1704880 316
1704890 316
1704900 317
1704910 317
1704920 317
1704930 317
1704940 318
1704950 318
1704960 318
1704970 318
1704980 319
1704990 319
1705000 319
1705010 319
1705020 319
1705030 319
1705040 319
1705050 319
1705060 319
1705070 319
1705080 319
1705090 318
1705100 318
1705110 318
1705120 318
1705130 317
1705140 317
1705150 316
1705160 316
1705170 315
1705180 314
1705190 313
1705200 312
1705210 310
1705220 309
1705230 307
1705240 306
1705250 304
1705260 303
1705270 301
1705280 301
1705290 300
1705300 300
1705310 300
1705320 300
1705330 301
1705340 301
1705350 303
1705360 304
1705370 305
1705380 307
1705390 309
1705400 310
1705410 312
1705420 314
1705430 315
1705440 316
1705450 317
1705460 317
1705470 317
1705480 318
1705490 318
1705500 318
1705510 318
1705520 317
1705530 317
1705540 316
1705550 316
1705560 315
1705570 314
1705580 314
1705590 313
1705600 312
1705610 311
1705620 310
1705630 309
1705640 309
1705650 309
1705660 309
1705670 310
1705680 311
1705690 312
1705700 314
1705710 315
1705720 315
1705730 316
1705740 317
1705750 317
1705760 317
1705770 318
1705780 318
1705790 318
1705800 318
1705810 318
1705820 318
1705830 318
1705840 318
1705850 318
1705860 318
1705870 318
1705880 318
1705890 318
1705900 317
1705910 317
1705920 317
1705930 316
1705940 316
1705950 316
1705960 315
1705970 315
1705980 315
1705990 315
1706000 314
1706010 314
1706020 314
1706030 314
1706040 314
1706050 313
1706060 313
1706070 313
1706080 313
1706090 312
1706100 312
1706110 312
1706120 312
1706130 312
1706140 312
1706150 312
1706160 312
1706170 311
1706180 311
1706190 311
1706200 311
1706210 311
1706220 311
1706230 311
1706240 311
1706250 311
1706260 311
1706270 311
1706280 310
1706290 310
1706300 310
1706310 310
1706320 310
1706330 310
1706340 310
1706350 310
1706360 310
1706370 310
1706380 309
1706390 309
1706400 309
1706410 309
1706420 309
1706430 309
1706440 309
1706450 309
1706460 309
1706470 309
1706480 309
1706490 309
1706500 309
1706510 308
1706520 308
1706530 308
1706540 308
1706550 308
1706560 308
1706570 308
1706580 307
1706590 307
1706600 307
1706610 307
1706620 307
1706630 307
1706640 307
1706650 306
1706660 306
1706670 306
1706680 306
1706690 306
1706700 306
1706710 305
1706720 305
1706730 305
1706740 305
1706750 304
1706760 304
1706770 304
1706780 304
1706790 303
1706800 303
1706810 302
1706820 302
1706830 302
1706840 301
1706850 301
1706860 300
1706870 300
1706880 300
1706890 299
1706900 299
1706910 299
1706920 299
1706930 299
1706940 299
1706950 299
1706960 299
1706970 299
1706980 298
1706990 298
1707000 298
1707010 297
1707020 297
1707030 297
1707040 296
1707050 296
1707060 295
1707070 295
1707080 294
1707090 294
1707100 293
1707110 293
1707120 292
1707130 292
1707140 291
1707150 291
1707160 290
1707170 290
1707180 289
1707190 288
1707200 288
1707210 287
1707220 286
1707230 285
1707240 284
1707250 282
1707260 281
1707270 280
1707280 279
1707290 278
1707300 278
1707310 278
1707320 278
1707330 278
1707340 277
1707350 277
1707360 277
1707370 277
1707380 277
1707390 276
1707400 276
1707410 275
1707420 275
1707430 275
1707440 274
1707450 273
1707460 274
1707470 275
1707480 276
1707490 276
1707500 276
1707510 276
1707520 276
1707530 276
1707540 276
1707550 276
1707560 276
1707570 276
1707580 277
1707590 277
1707600 277
1707610 277
1707620 277
1707630 277
1707640 277
1707650 277
1707660 277
1707670 277
1707680 277
1707690 277
1707700 277
1707710 277
1707720 277
1707730 277
1707740 277
1707750 277
1707760 277
1707770 277
1707780 277
1707790 277
1707800 277
1707810 277
1707820 277
1707830 277
1707840 277
1707850 277
1707860 277
1707870 277
1707880 277
1707890 277
1707900 277
1707910 278
1707920 278
1707930 278
1707940 278
1707950 278
1707960 278
1707970 278
1707980 278
1707990 278
1708000 278
1708010 278
1708020 278
1708030 278
1708040 278
1708050 278
1708060 278
1708070 278
1708080 279
1708090 279
1708100 279
1708110 279
1708120 279
1708130 279
1708140 279
1708150 279
1708160 279
1708170 279
1708180 279
1708190 280
1708200 280
1708210 280
1708220 280
1708230 280
1708240 280
1708250 280
1708260 280
1708270 280
1708280 280
1708290 280
1708300 281
1708310 281
1708320 281
1708330 281
1708340 281
1708350 281
1708360 281
1708370 281
1708380 281
1708390 281
1708400 282
1708410 282
1708420 282
1708430 282
1708440 282
1708450 282
1708460 282
1708470 283
1708480 283
1708490 283
1708500 283
1708510 283
1708520 283
1708530 283
1708540 283
1708550 283
1708560 283
1708570 283
1708580 283
1708590 283
1708600 283
1708610 283
1708620 283
1708630 283
1708640 283
1708650 284
1708660 284
1708670 284
1708680 284
1708690 284
1708700 284
1708710 284
1708720 284
1708730 284
1708740 284
1708750 284
1708760 284
1708770 284
1708780 285
1708790 285
1708800 285
1708810 285
1708820 285
1708830 285
1708840 285
1708850 285
1708860 285
1708870 285
1708880 286
1708890 286
1708900 286
1708910 286
1708920 286
1708930 286
1708940 286
1708950 286
1708960 286
1708970 286
1708980 286
1708990 286
1709000 286
1709010 286
1709020 286
1709030 286
1709040 287
1709050 287
1709060 287
1709070 287
1709080 287
1709090 287
1709100 288
1709110 288
1709120 288
1709130 288
1709140 288
1709150 288
1709160 289
1709170 289
1709180 289
1709190 289
1709200 289
1709210 289
1709220 289
1709230 289
1709240 289
1709250 289
1709260 290
1709270 290
1709280 289
1709290 289
1709300 289
1709310 289
1709320 289
1709330 289
1709340 289
1709350 289
1709360 288
1709370 288
1709380 288
1709390 289
1709400 289
1709410 289
1709420 289
1709430 289
1709440 289
1709450 289
1709460 289
1709470 290
1709480 290
1709490 290
1709500 290
1709510 290
1709520 290
1709530 290
1709540 290
1709550 290
1709560 290
1709570 290
1709580 290
1709590 290
1709600 290
1709610 291
1709620 291
1709630 291
1709640 291
1709650 292
1709660 292
1709670 292
1709680 293
1709690 293
1709700 294
1709710 295
1709720 295
1709730 296
1709740 297
1709750 297
1709760 298
1709770 299
1709780 299
1709790 299
1709800 300
1709810 300
1709820 301
1709830 301
1709840 302
1709850 303
1709860 303
1709870 304
1709880 304
1709890 304
1709900 304
1709910 305
1709920 305
1709930 305
1709940 305
1709950 305
1709960 305
1709970 305
1709980 305
1709990 304
1710000 304
1710010 304
1710020 304
1710030 303
1710040 303
1710050 303
1710060 302
1710070 303
1710080 303
1710090 303
1710100 303
1710110 304
1710120 305
1710130 306
1710140 307
1710150 308
1710160 310
1710170 311
1710180 312
1710190 313
1710200 314
1710210 315
1710220 316
1710230 317
1710240 318
1710250 319
1710260 319
1710270 320
1710280 321
1710290 322
1710300 323
1710310 324
1710320 324
1710330 325
1710340 326
1710350 327
1710360 328
1710370 329
1710380 330
1710390 330
1710400 330
1710410 331
1710420 331
1710430 331
1710440 331
1710450 331
1710460 331
1710470 331
1710480 331
1710490 331
1710500 332
1710510 332
1710520 332
1710530 332
1710540 332
1710550 332
1710560 332
1710570 332
1710580 332
1710590 332
1710600 332
1710610 332
1710620 332
1710630 332
1710640 332
1710650 331
1710660 331
1710670 331
1710680 331
1710690 331
1710700 331
1710710 331
1710720 331
1710730 331
1710740 330
1710750 330
1710760 330
1710770 330
1710780 330
1710790 330
1710800 330
1710810 330
1710820 329
1710830 329
1710840 329
1710850 329
1710860 329
1710870 329
1710880 328
1710890 328
1710900 328
1710910 328
1710920 328
1710930 328
1710940 327
1710950 327
1710960 327
1710970 327
1710980 326
1710990 326
1711000 326
1711010 326
1711020 326
1711030 326
1711040 326
1711050 326
1711060 325
1711070 325
1711080 325
1711090 325
1711100 325
1711110 325
1711120 325
1711130 324
1711140 324
1711150 324
1711160 324
1711170 324
1711180 324
1711190 323
1711200 323
1711210 323
1711220 323
1711230 323
1711240 323
1711250 323
1711260 322
1711270 322
1711280 322
1711290 322
1711300 322
1711310 322
1711320 322
1711330 322
1711340 322
1711350 322
1711360 322
1711370 322
1711380 322
1711390 321
1711400 321
1711410 321
1711420 321
1711430 320
1711440 320
1711450 319
1711460 318
1711470 318
1711480 317
1711490 317
1711500 316
1711510 315
1711520 315
1711530 314
1711540 314
1711550 314
1711560 313
1711570 313
1711580 312
1711590 312
1711600 312
1711610 311
1711620 311
1711630 310
1711640 310
1711650 310
1711660 309
1711670 309
1711680 309
1711690 309
1711700 309
1711710 308
1711720 308
1711730 308
1711740 308
1711750 308
1711760 308
1711770 308
1711780 308
1711790 308
1711800 308
1711810 308
1711820 308
1711830 308
1711840 308
1711850 308
1711860 308
1711870 307
1711880 307
1711890 307
1711900 307
1711910 307
1711920 308
1711930 308
1711940 309
1711950 310
1711960 310
1711970 311
1711980 312
1711990 313
1712000 313
1712010 314
1712020 315
1712030 315
1712040 316
1712050 316
1712060 317
1712070 317
1712080 317
1712090 318
1712100 318
1712110 318
1712120 318
1712130 318
1712140 318
1712150 318
1712160 318
1712170 319
1712180 319
1712190 319
1712200 319
1712210 319
1712220 319
1712230 319
1712240 319
1712250 319
1712260 319
1712270 319
1712280 319
1712290 319
1712300 320
1712310 320
1712320 320
1712330 321
1712340 321
1712350 321
1712360 321
1712370 322
1712380 322
1712390 322
1712400 322
1712410 322
1712420 322
1712430 322
1712440 323
1712450 323
1712460 323
1712470 323
1712480 323
1712490 323
1712500 323
1712510 323
1712520 323
1712530 322
1712540 322
1712550 322
1712560 321
1712570 321
1712580 321
1712590 321
1712600 320
1712610 320
1712620 320
1712630 320
1712640 320
1712650 320
1712660 320
1712670 320
1712680 320
1712690 320
1712700 320
1712710 320
1712720 321
1712730 321
1712740 321
1712750 321
1712760 321
1712770 322
1712780 322
1712790 322
1712800 322
1712810 322
1712820 322
1712830 322
1712840 322
1712850 322
1712860 322
1712870 322
1712880 322
1712890 322
1712900 322
1712910 323
1712920 323
1712930 323
1712940 323
1712950 323
1712960 323
1712970 323
1712980 324
1712990 324
1713000 324
1713010 324
1713020 325
1713030 325
1713040 325
1713050 325
1713060 325
1713070 326
1713080 326
1713090 326
1713100 327
1713110 327
1713120 327
1713130 327
1713140 327
1713150 327
1713160 327
1713170 327
1713180 327
1713190 327
1713200 327
1713210 327
1713220 328
1713230 328
1713240 328
1713250 328
1713260 328
1713270 328
1713280 328
1713290 328
1713300 328
1713310 328
1713320 329
1713330 329
1713340 329
1713350 329
1713360 329
1713370 329
1713380 329
1713390 329
1713400 329
1713410 329
1713420 329
1713430 329
1713440 329
1713450 330
1713460 330
1713470 330
1713480 330
1713490 330
1713500 330
1713510 330
1713520 330
1713530 330
1713540 330
1713550 330
1713560 330
1713570 330
1713580 330
1713590 330
1713600 330
1713610 330
1713620 330
1713630 330
1713640 330
1713650 330
1713660 330
1713670 331
1713680 331
1713690 331
1713700 331
1713710 331
1713720 331
1713730 331
1713740 331
1713750 331
1713760 331
1713770 331
1713780 330
1713790 330
1713800 330
1713810 330
1713820 330
1713830 330
1713840 330
1713850 330
1713860 330
1713870 330
1713880 330
1713890 330
1713900 330
1713910 330
1713920 330
1713930 330
1713940 330
1713950 330
1713960 330
1713970 330
1713980 330
1713990 330
1714000 329
1714010 329
1714020 329
1714030 328
1714040 328
1714050 328
1714060 328
1714070 327
1714080 327
1714090 327
1714100 327
1714110 327
1714120 327
1714130 327
1714140 327
1714150 327
1714160 328
1714170 328
1714180 328
1714190 328
1714200 328
1714210 328
1714220 328
1714230 328
1714240 328
1714250 328
1714260 328
1714270 328
1714280 328
1714290 328
1714300 328
1714310 327
1714320 327
1714330 327
1714340 327
1714350 327
1714360 327
1714370 326
1714380 326
1714390 326
1714400 326
1714410 325
1714420 325
1714430 325
1714440 325
1714450 325
1714460 324
1714470 324
1714480 323
1714490 323
1714500 323
1714510 322
1714520 322
1714530 322
1714540 322
1714550 322
1714560 322
1714570 321
1714580 321
1714590 321
1714600 320
1714610 320
1714620 320
1714630 319
1714640 319
1714650 319
1714660 318
1714670 318
1714680 318
1714690 318
1714700 318
1714710 318
1714720 317
1714730 317
1714740 317
1714750 316
1714760 316
1714770 316
1714780 315
1714790 315
1714800 315
1714810 315
1714820 314
1714830 314
1714840 314
1714850 313
1714860 313
1714870 312
1714880 312
1714890 312
1714900 312
1714910 312
1714920 311
1714930 311
1714940 311
1714950 310
1714960 310
1714970 309
1714980 309
1714990 309
1715000 308
1715010 308
1715020 308
1715030 307
1715040 307
1715050 306
1715060 306
1715070 305
1715080 305
1715090 304
1715100 304
1715110 303
1715120 303
1715130 302
1715140 302
1715150 301
1715160 301
1715170 300
1715180 300
1715190 299
1715200 299
1715210 299
1715220 298
1715230 298
1715240 298
1715250 297
1715260 297
1715270 297
1715280 297
1715290 296
1715300 296
1715310 296
1715320 295
1715330 295
1715340 295
1715350 295
1715360 294
1715370 294
1715380 293
1715390 293
1715400 293
1715410 293
1715420 293
1715430 293
1715440 293
1715450 293
1715460 293
1715470 293
1715480 293
1715490 293
1715500 293
1715510 292
1715520 292
1715530 292
1715540 292
1715550 292
1715560 292
1715570 292
1715580 292
1715590 292
1715600 291
1715610 291
1715620 291
1715630 291
1715640 291
1715650 291
1715660 291
1715670 291
1715680 291
1715690 291
1715700 291
1715710 291
1715720 291
1715730 291
1715740 291
1715750 291
1715760 291
1715770 291
1715780 291
1715790 291
1715800 291
1715810 291
1715820 291
1715830 291
1715840 291
1715850 291
1715860 292
1715870 291
1715880 291
1715890 291
1715900 291
1715910 291
1715920 291
1715930 291
1715940 291
1715950 291
1715960 291
1715970 291
1715980 291
1715990 291
1716000 292
1716010 292
1716020 292
1716030 291
1716040 291
1716050 291
1716060 291
1716070 291
1716080 291
1716090 291
1716100 291
1716110 291
1716120 290
1716130 290
1716140 290
1716150 290
1716160 289
1716170 289
1716180 289
1716190 289
1716200 289
1716210 289
1716220 289
1716230 290
1716240 290
1716250 290
1716260 291
1716270 291
1716280 292
1716290 293
1716300 293
1716310 293
1716320 294
1716330 294
1716340 294
1716350 294
1716360 293
1716370 293
1716380 293
1716390 293
1716400 293
1716410 292
1716420 292
1716430 292
1716440 292
1716450 292
1716460 292
1716470 292
1716480 292
1716490 292
1716500 292
1716510 292
1716520 293
1716530 293
1716540 294
1716550 294
1716560 295
1716570 296
1716580 297
1716590 298
1716600 299
1716610 300
1716620 301
1716630 302
1716640 303
1716650 304
1716660 305
1716670 306
1716680 307
1716690 307
1716700 308
1716710 309
1716720 309
1716730 310
1716740 310
1716750 310
1716760 311
1716770 311
1716780 311
1716790 311
1716800 311
1716810 311
1716820 311
1716830 311
1716840 310
1716850 310
1716860 310
1716870 310
1716880 309
1716890 309
1716900 309
1716910 308
1716920 308
1716930 307
1716940 307
1716950 306
1716960 305
1716970 305
1716980 304
1716990 304
1717000 304
1717010 303
1717020 303
1717030 302
1717040 302
1717050 302
1717060 302
1717070 301
1717080 301
1717090 300
1717100 300
1717110 299
1717120 299
1717130 298
1717140 298
1717150 297
1717160 297
1717170 296
1717180 296
1717190 295
1717200 295
1717210 295
1717220 294
1717230 294
1717240 293
1717250 293
1717260 292
1717270 292
1717280 291
1717290 291
1717300 290
1717310 290
1717320 289
1717330 289
1717340 289
1717350 288
1717360 288
1717370 288
1717380 288
1717390 287
1717400 287
1717410 287
1717420 287
1717430 287
1717440 286
1717450 286
1717460 286
1717470 286
1717480 286
1717490 285
1717500 285
1717510 285
1717520 284
1717530 284
1717540 284
1717550 283
1717560 283
1717570 283
1717580 282
1717590 282
1717600 282
1717610 282
1717620 282
1717630 281
1717640 281
1717650 281
1717660 281
1717670 281
1717680 280
1717690 280
1717700 280
1717710 280
1717720 280
1717730 279
1717740 279
1717750 279
1717760 279
1717770 279
1717780 279
1717790 279
1717800 279
1717810 279
1717820 279
1717830 279
1717840 279
1717850 280
1717860 280
1717870 280
1717880 280
1717890 280
1717900 280
1717910 280
1717920 280
1717930 280
1717940 280
1717950 280
1717960 280
1717970 280
1717980 280
1717990 280
1718000 281
1718010 281
1718020 281
1718030 282
1718040 282
1718050 282
1718060 282
1718070 282
1718080 282
1718090 282
1718100 282
1718110 282
1718120 282
1718130 282
1718140 281
1718150 281
1718160 281
1718170 281
1718180 280
1718190 280
1718200 279
1718210 279
1718220 278
1718230 278
1718240 278
1718250 278
1718260 277
1718270 277
1718280 277
1718290 277
1718300 277
1718310 276
1718320 276
1718330 275
1718340 275
1718350 275
1718360 274
1718370 273
1718380 273
1718390 272
1718400 272
1718410 271
1718420 271
1718430 271
1718440 271
1718450 270
1718460 270
1718470 270
1718480 270
1718490 270
1718500 270
1718510 270
1718520 270
1718530 270
1718540 270
1718550 270
1718560 270
1718570 270
1718580 270
1718590 270
1718600 270
1718610 270
1718620 270
1718630 270
1718640 270
1718650 270
1718660 270
1718670 271
1718680 271
1718690 271
1718700 271
1718710 272
1718720 272
1718730 272
1718740 272
1718750 273
1718760 274
1718770 275
1718780 275
1718790 276
1718800 277
1718810 277
1718820 278
1718830 279
1718840 280
1718850 280
1718860 281
1718870 281
1718880 281
1718890 282
1718900 282
1718910 282
1718920 283
1718930 283
1718940 283
1718950 283
1718960 283
1718970 283
1718980 283
1718990 283
1719000 284
1719010 284
1719020 284
1719030 284
1719040 284
1719050 284
1719060 283
1719070 283
1719080 283
1719090 283
1719100 283
1719110 282
1719120 282
1719130 282
1719140 282
1719150 282
1719160 281
1719170 281
1719180 281
1719190 281
1719200 281
1719210 281
1719220 281
1719230 281
1719240 281
1719250 281
1719260 281
1719270 281
1719280 281
1719290 282
1719300 282
1719310 282
1719320 282
1719330 282
1719340 283
1719350 283
1719360 283
1719370 284
1719380 284
1719390 284
1719400 285
1719410 285
1719420 285
1719430 285
1719440 285
1719450 285
1719460 285
1719470 286
1719480 286
1719490 286
1719500 286
1719510 286
1719520 286
1719530 285
1719540 285
1719550 285
1719560 285
1719570 285
1719580 285
1719590 285
1719600 285
1719610 285
1719620 284
1719630 284
1719640 284
1719650 284
1719660 284
1719670 284
1719680 284
1719690 284
1719700 284
1719710 283
1719720 283
1719730 283
1719740 283
1719750 283
1719760 283
1719770 283
1719780 283
1719790 283
1719800 283
1719810 283
1719820 283
1719830 283
1719840 283
1719850 283
1719860 282
1719870 282
1719880 282
1719890 282
1719900 282
1719910 281
1719920 281
1719930 281
1719940 281
1719950 281
1719960 280
1719970 280
1719980 280
1719990 280
