1700000 258
1700010 257
1700020 257
1700030 257
1700040 257
1700050 256
1700060 256
1700070 256
1700080 256
1700090 255
1700100 255
1700110 255
1700120 255
1700130 255
1700140 254
1700150 254
1700160 254
1700170 254
1700180 254
1700190 254
1700200 253
1700210 253
1700220 253
1700230 253
1700240 253
1700250 253
1700260 252
1700270 252
1700280 252
1700290 252
1700300 252
1700310 252
1700320 252
1700330 252
1700340 252
1700350 251
1700360 251
1700370 251
1700380 251
1700390 251
1700400 250
1700410 250
1700420 250
1700430 250
1700440 249
1700450 249
1700460 249
1700470 248
1700480 248
1700490 247
1700500 247
1700510 247
1700520 247
1700530 246
1700540 246
1700550 246
1700560 245
1700570 245
1700580 244
1700590 244
1700600 244
1700610 244
1700620 244
1700630 243
1700640 243
1700650 243
1700660 243
1700670 242
1700680 242
1700690 242
1700700 242
1700710 242
1700720 242
1700730 242
1700740 242
1700750 242
1700760 242
1700770 242
1700780 242
1700790 242
1700800 242
1700810 242
1700820 242
1700830 242
1700840 242
1700850 242
1700860 242
1700870 242
1700880 242
1700890 242
1700900 242
1700910 242
1700920 242
1700930 242
1700940 242
1700950 242
1700960 242
1700970 242
1700980 242
1700990 242
1701000 242
1701010 242
1701020 242
1701030 242
1701040 241
1701050 240
1701060 240
1701070 241
1701080 242
1701090 242
1701100 242
1701110 242
1701120 242
1701130 242
1701140 242
1701150 242
1701160 242
1701170 242
1701180 242
1701190 242
1701200 242
1701210 243
1701220 243
1701230 243
1701240 243
1701250 243
1701260 243
1701270 243
1701280 243
1701290 243
1701300 243
1701310 243
1701320 243
1701330 243
1701340 243
1701350 243
1701360 243
1701370 243
1701380 243
1701390 243
1701400 243
1701410 243
1701420 244
1701430 245
1701440 245
1701450 246
1701460 246
1701470 246
1701480 247
1701490 248
1701500 249
1701510 250
1701520 252
1701530 253
1701540 254
1701550 255
1701560 257
1701570 258
1701580 260
1701590 261
1701600 262
1701610 263
1701620 263
1701630 264
1701640 265
1701650 266
1701660 267
1701670 267
1701680 268
1701690 269
1701700 270
1701710 271
1701720 272
1701730 272
1701740 273
1701750 274
1701760 275
1701770 276
1701780 276
1701790 277
1701800 278
1701810 278
1701820 279
1701830 280
1701840 280
1701850 281
1701860 282
1701870 282
1701880 283
1701890 283
1701900 284
1701910 284
1701920 284
1701930 285
1701940 285
1701950 285
1701960 285
1701970 286
1701980 286
1701990 286
1702000 286
1702010 286
1702020 286
1702030 286
1702040 286
1702050 285
1702060 285
1702070 285
1702080 285
1702090 285
1702100 284
1702110 284
1702120 284
1702130 284
1702140 283
1702150 283
1702160 282
1702170 282
1702180 281
1702190 281
1702200 280
1702210 280
1702220 280
1702230 280
1702240 280
1702250 279
1702260 279
1702270 279
1702280 279
1702290 279
1702300 279
1702310 278
1702320 278
1702330 278
1702340 277
1702350 277
1702360 277
1702370 276
1702380 276
1702390 276
1702400 275
1702410 275
1702420 275
1702430 274
1702440 274
1702450 273
1702460 273
1702470 273
1702480 272
1702490 272
1702500 271
1702510 270
1702520 269
1702530 267
1702540 265
1702550 264
1702560 264
1702570 263
1702580 264
1702590 264
1702600 264
1702610 265
1702620 265
1702630 265
1702640 265
1702650 264
1702660 264
1702670 263
1702680 263
1702690 263
1702700 262
1702710 262
1702720 261
1702730 261
1702740 261
1702750 260
1702760 260
1702770 259
1702780 259
1702790 258
1702800 258
1702810 257
1702820 257
1702830 257
1702840 256
1702850 256
1702860 255
1702870 255
1702880 255
1702890 254
1702900 254
1702910 254
1702920 253
1702930 253
1702940 253
1702950 252
1702960 252
1702970 252
1702980 251
1702990 251
1703000 251
1703010 251
1703020 251
1703030 251
1703040 251
1703050 251
1703060 251
1703070 252
1703080 252
1703090 252
1703100 251
1703110 251
1703120 251
1703130 251
1703140 251
1703150 251
1703160 251
1703170 251
1703180 251
1703190 252
1703200 252
1703210 252
1703220 252
1703230 252
1703240 253
1703250 253
1703260 254
1703270 255
1703280 255
1703290 255
1703300 256
1703310 256
1703320 256
1703330 257
1703340 257
1703350 258
1703360 258
1703370 259
1703380 260
1703390 260
1703400 261
1703410 261
1703420 261
1703430 262
1703440 262
1703450 262
1703460 262
1703470 263
1703480 263
1703490 263
1703500 264
1703510 264
1703520 264
1703530 264
1703540 264
1703550 264
1703560 264
1703570 264
1703580 264
1703590 264
1703600 264
1703610 265
1703620 265
1703630 265
1703640 265
1703650 264
1703660 264
1703670 264
1703680 264
1703690 264
1703700 264
1703710 263
1703720 263
1703730 263
1703740 263
1703750 262
1703760 262
1703770 262
1703780 261
1703790 261
1703800 261
1703810 261
1703820 260
1703830 260
1703840 259
1703850 259
1703860 260
1703870 260
1703880 260
1703890 261
1703900 261
1703910 261
1703920 261
1703930 262
1703940 262
1703950 263
1703960 263
1703970 264
1703980 264
1703990 265
1704000 266
1704010 266
1704020 267
1704030 267
1704040 268
1704050 269
1704060 269
1704070 270
1704080 270
1704090 270
1704100 270
1704110 271
1704120 271
1704130 271
1704140 271
1704150 272
1704160 272
1704170 272
1704180 272
1704190 272
1704200 272
1704210 272
1704220 273
1704230 273
1704240 273
1704250 273
1704260 273
1704270 273
1704280 273
1704290 273
1704300 273
1704310 273
1704320 273
1704330 273
1704340 273
1704350 272
1704360 272
1704370 272
1704380 272
1704390 272
1704400 272
1704410 272
1704420 271
1704430 271
1704440 271
1704450 270
1704460 270
1704470 269
1704480 269
1704490 268
1704500 268
1704510 267
1704520 267
1704530 267
1704540 267
1704550 266
1704560 266
1704570 266
1704580 266
1704590 266
1704600 265
1704610 265
1704620 265
1704630 265
1704640 266
1704650 266
1704660 267
1704670 268
1704680 270
1704690 271
1704700 272
1704710 274
1704720 275
1704730 277
1704740 279
1704750 281
1704760 283
1704770 285
1704780 286
1704790 288
1704800 289
1704810 290
1704820 291
1704830 292
1704840 292
1704850 292
1704860 292
1704870 292
1704880 292
1704890 292
1704900 293
1704910 292
1704920 292
1704930 292
1704940 292
1704950 291
1704960 291
1704970 290
1704980 289
1704990 288
1705000 287
1705010 287
1705020 285
1705030 284
1705040 283
1705050 281
1705060 279
1705070 278
1705080 278
1705090 278
1705100 279
1705110 280
1705120 282
1705130 283
1705140 284
1705150 285
1705160 285
1705170 286
1705180 287
1705190 287
1705200 287
1705210 287
1705220 287
1705230 288
1705240 288
1705250 288
1705260 289
1705270 289
1705280 289
1705290 289
1705300 289
1705310 290
1705320 290
1705330 290
1705340 290
1705350 290
1705360 291
1705370 291
1705380 291
1705390 291
1705400 291
1705410 292
1705420 292
1705430 292
1705440 292
1705450 292
1705460 293
1705470 293
1705480 293
1705490 293
1705500 293
1705510 293
1705520 294
1705530 294
1705540 295
1705550 295
1705560 295
1705570 296
1705580 296
1705590 297
1705600 297
1705610 298
1705620 298
1705630 299
1705640 299
1705650 300
1705660 300
1705670 301
1705680 301
1705690 302
1705700 302
1705710 303
1705720 303
1705730 304
1705740 304
1705750 305
1705760 305
1705770 306
1705780 306
1705790 307
1705800 307
1705810 307
1705820 307
1705830 307
1705840 308
1705850 308
1705860 308
1705870 308
1705880 308
1705890 308
1705900 308
1705910 308
1705920 309
1705930 309
1705940 309
1705950 309
1705960 309
1705970 309
1705980 309
1705990 309
1706000 309
1706010 309
1706020 309
1706030 309
1706040 309
1706050 309
1706060 309
1706070 308
1706080 308
1706090 308
1706100 307
1706110 307
1706120 307
1706130 306
1706140 306
1706150 306
1706160 305
1706170 305
1706180 304
1706190 304
1706200 303
1706210 302
1706220 302
1706230 301
1706240 300
1706250 299
1706260 298
1706270 298
1706280 297
1706290 297
1706300 296
1706310 295
1706320 295
1706330 294
1706340 293
1706350 293
1706360 292
1706370 291
1706380 291
1706390 290
1706400 289
1706410 289
1706420 288
1706430 288
1706440 287
1706450 287
1706460 287
1706470 286
1706480 286
1706490 286
1706500 286
1706510 286
1706520 286
1706530 286
1706540 287
1706550 287
1706560 288
1706570 289
1706580 289
1706590 290
1706600 290
1706610 290
1706620 290
1706630 291
1706640 291
1706650 291
1706660 291
1706670 291
1706680 290
1706690 290
1706700 290
1706710 290
1706720 290
1706730 290
1706740 289
1706750 289
1706760 289
1706770 288
1706780 288
1706790 287
1706800 285
1706810 282
1706820 279
1706830 277
1706840 276
1706850 275
1706860 274
1706870 274
1706880 274
1706890 274
1706900 273
1706910 273
1706920 273
1706930 272
1706940 271
1706950 272
1706960 272
1706970 272
1706980 273
1706990 273
1707000 274
1707010 274
1707020 274
1707030 274
1707040 274
1707050 274
1707060 274
1707070 274
1707080 274
1707090 274
1707100 274
1707110 274
1707120 274
1707130 274
1707140 274
1707150 274
1707160 274
1707170 274
1707180 274
1707190 274
1707200 274
1707210 274
1707220 274
1707230 274
1707240 274
1707250 274
1707260 274
1707270 274
1707280 274
1707290 274
1707300 274
1707310 274
1707320 274
1707330 274
1707340 274
1707350 274
1707360 274
1707370 274
1707380 274
1707390 274
1707400 274
1707410 274
1707420 274
1707430 275
1707440 275
1707450 275
1707460 275
1707470 275
1707480 275
1707490 275
1707500 275
1707510 275
1707520 275
1707530 275
1707540 275
1707550 275
1707560 275
1707570 275
1707580 275
1707590 275
1707600 275
1707610 275
1707620 275
1707630 275
1707640 275
1707650 275
1707660 275
1707670 275
1707680 275
1707690 275
1707700 275
1707710 275
1707720 275
1707730 275
1707740 275
1707750 275
1707760 275
1707770 275
1707780 275
1707790 275
1707800 275
1707810 275
1707820 275
1707830 275
1707840 275
1707850 275
1707860 275
1707870 275
1707880 275
1707890 275
1707900 275
1707910 275
1707920 275
1707930 275
1707940 276
1707950 276
1707960 276
1707970 276
1707980 276
1707990 276
1708000 277
1708010 278
1708020 278
1708030 278
1708040 279
1708050 280
1708060 281
1708070 281
1708080 282
1708090 283
1708100 283
1708110 284
1708120 284
1708130 285
1708140 285
1708150 286
1708160 286
1708170 286
1708180 287
1708190 287
1708200 288
1708210 288
1708220 289
1708230 289
1708240 289
1708250 290
1708260 290
1708270 290
1708280 291
1708290 291
1708300 291
1708310 292
1708320 292
1708330 292
1708340 293
1708350 293
1708360 294
1708370 294
1708380 294
1708390 295
1708400 295
1708410 295
1708420 295
1708430 296
1708440 296
1708450 296
1708460 296
1708470 297
1708480 297
1708490 297
1708500 298
1708510 298
1708520 298
1708530 298
1708540 298
1708550 299
1708560 299
1708570 299
1708580 299
1708590 299
1708600 299
1708610 299
1708620 299
1708630 298
1708640 298
1708650 297
1708660 297
1708670 296
1708680 296
1708690 296
1708700 295
1708710 295
1708720 295
1708730 295
1708740 295
1708750 296
1708760 296
1708770 296
1708780 297
1708790 298
1708800 299
1708810 299
1708820 300
1708830 301
1708840 302
1708850 302
1708860 303
1708870 304
1708880 305
1708890 306
1708900 306
1708910 307
1708920 307
1708930 308
1708940 308
1708950 308
1708960 308
1708970 308
1708980 308
1708990 307
1709000 307
1709010 306
1709020 305
1709030 305
1709040 304
1709050 304
1709060 304
1709070 304
1709080 304
1709090 305
1709100 306
1709110 307
1709120 307
1709130 308
1709140 308
1709150 309
1709160 309
1709170 310
1709180 311
1709190 311
1709200 312
1709210 312
1709220 313
1709230 313
1709240 314
1709250 314
1709260 315
1709270 315
1709280 315
1709290 316
1709300 316
1709310 317
1709320 317
1709330 317
1709340 318
1709350 318
1709360 318
1709370 319
1709380 319
1709390 319
1709400 319
1709410 319
1709420 320
1709430 320
1709440 320
1709450 320
1709460 320
1709470 320
1709480 320
1709490 320
1709500 320
1709510 320
1709520 319
1709530 318
1709540 317
1709550 317
1709560 317
1709570 316
1709580 316
1709590 316
1709600 316
1709610 315
1709620 315
1709630 314
1709640 315
1709650 315
1709660 315
1709670 315
1709680 315
1709690 316
1709700 316
1709710 316
1709720 316
1709730 316
1709740 317
1709750 317
1709760 317
1709770 317
1709780 317
1709790 318
1709800 318
1709810 318
1709820 318
1709830 318
1709840 318
1709850 318
1709860 318
1709870 318
1709880 318
1709890 318
1709900 318
1709910 318
1709920 318
1709930 318
1709940 318
1709950 318
1709960 318
1709970 318
1709980 318
1709990 318
1710000 318
1710010 318
1710020 318
1710030 318
1710040 318
1710050 318
1710060 318
1710070 318
1710080 319
1710090 319
1710100 319
1710110 320
1710120 320
1710130 321
1710140 321
1710150 321
1710160 322
1710170 322
1710180 322
1710190 322
1710200 322
1710210 323
1710220 323
1710230 323
1710240 323
1710250 323
1710260 323
1710270 323
1710280 324
1710290 324
1710300 324
1710310 324
1710320 324
1710330 324
1710340 324
1710350 324
1710360 325
1710370 325
1710380 325
1710390 325
1710400 325
1710410 325
1710420 325
1710430 325
1710440 325
1710450 325
1710460 325
1710470 325
1710480 325
1710490 325
1710500 326
1710510 326
1710520 326
1710530 326
1710540 326
1710550 326
1710560 326
1710570 326
1710580 326
1710590 326
1710600 326
1710610 326
1710620 326
1710630 326
1710640 326
1710650 325
1710660 325
1710670 325
1710680 325
1710690 325
1710700 324
1710710 324
1710720 324
1710730 323
1710740 323
1710750 322
1710760 322
1710770 321
1710780 321
1710790 321
1710800 321
1710810 321
1710820 321
1710830 322
1710840 322
1710850 322
1710860 323
1710870 323
1710880 323
1710890 323
1710900 323
1710910 323
1710920 323
1710930 323
1710940 323
1710950 323
1710960 323
1710970 323
1710980 323
1710990 322
1711000 322
1711010 321
1711020 319
1711030 319
1711040 319
1711050 319
1711060 319
1711070 319
1711080 319
1711090 318
1711100 317
1711110 317
1711120 317
1711130 316
1711140 316
1711150 316
1711160 316
1711170 316
1711180 316
1711190 316
1711200 317
1711210 317
1711220 317
1711230 317
1711240 316
1711250 316
1711260 316
1711270 316
1711280 316
1711290 316
1711300 316
1711310 316
1711320 316
1711330 316
1711340 317
1711350 317
1711360 317
1711370 318
1711380 318
1711390 318
1711400 318
1711410 318
1711420 318
1711430 318
1711440 318
1711450 318
1711460 318
1711470 318
1711480 318
1711490 318
1711500 318
1711510 318
1711520 318
1711530 318
1711540 318
1711550 318
1711560 318
1711570 318
1711580 318
1711590 318
1711600 319
1711610 319
1711620 319
1711630 319
1711640 320
1711650 320
1711660 320
1711670 320
1711680 320
1711690 320
1711700 320
1711710 320
1711720 320
1711730 319
1711740 319
1711750 319
1711760 318
1711770 318
1711780 317
1711790 316
1711800 316
1711810 315
1711820 314
1711830 314
1711840 313
1711850 312
1711860 312
1711870 311
1711880 310
1711890 310
1711900 309
1711910 309
1711920 308
1711930 308
1711940 307
1711950 307
1711960 307
1711970 306
1711980 306
1711990 305
1712000 305
1712010 305
1712020 304
1712030 304
1712040 303
1712050 303
1712060 303
1712070 303
1712080 302
1712090 302
1712100 302
1712110 302
1712120 302
1712130 302
1712140 302
1712150 303
1712160 304
1712170 305
1712180 306
1712190 307
1712200 309
1712210 310
1712220 311
1712230 311
1712240 311
1712250 311
1712260 311
1712270 311
1712280 311
1712290 310
1712300 310
1712310 309
1712320 309
1712330 309
1712340 308
1712350 308
1712360 307
1712370 307
1712380 306
1712390 306
1712400 305
1712410 305
1712420 304
1712430 304
1712440 303
1712450 303
1712460 302
1712470 302
1712480 301
1712490 301
1712500 301
1712510 301
1712520 302
1712530 303
1712540 304
1712550 306
1712560 307
1712570 309
1712580 310
1712590 311
1712600 312
1712610 313
1712620 314
1712630 315
1712640 316
1712650 317
1712660 318
1712670 319
1712680 320
1712690 320
1712700 321
1712710 322
1712720 323
1712730 323
1712740 324
1712750 325
1712760 325
1712770 325
1712780 326
1712790 326
1712800 326
1712810 326
1712820 327
1712830 327
1712840 327
1712850 327
1712860 327
1712870 326
1712880 326
1712890 326
1712900 326
1712910 326
1712920 326
1712930 326
1712940 325
1712950 325
1712960 324
1712970 324
1712980 324
1712990 323
1713000 323
1713010 323
1713020 323
1713030 322
1713040 322
1713050 322
1713060 322
1713070 321
1713080 321
1713090 321
1713100 320
1713110 320
1713120 319
1713130 319
1713140 319
1713150 318
1713160 318
1713170 318
1713180 318
1713190 317
1713200 317
1713210 317
1713220 317
1713230 317
1713240 316
1713250 316
1713260 316
1713270 316
1713280 316
1713290 316
1713300 315
1713310 315
1713320 315
1713330 315
1713340 315
1713350 314
1713360 314
1713370 314
1713380 313
1713390 313
1713400 313
1713410 312
1713420 312
1713430 312
1713440 312
1713450 312
1713460 312
1713470 311
1713480 311
1713490 311
1713500 311
1713510 310
1713520 310
1713530 310
1713540 310
1713550 310
1713560 309
1713570 309
1713580 309
1713590 309
1713600 308
1713610 308
1713620 308
1713630 308
1713640 308
1713650 308
1713660 307
1713670 307
1713680 307
1713690 307
1713700 307
1713710 307
1713720 307
1713730 306
1713740 306
1713750 306
1713760 306
1713770 306
1713780 305
1713790 305
1713800 305
1713810 305
1713820 306
1713830 306
1713840 305
1713850 304
1713860 304
1713870 304
1713880 304
1713890 303
1713900 303
1713910 303
1713920 303
1713930 303
1713940 303
1713950 303
1713960 303
1713970 303
1713980 303
1713990 302
1714000 302
1714010 302
1714020 302
1714030 302
1714040 302
1714050 302
1714060 301
1714070 301
1714080 301
1714090 301
1714100 301
1714110 301
1714120 301
1714130 300
1714140 300
1714150 300
1714160 300
1714170 300
1714180 299
1714190 299
1714200 299
1714210 299
1714220 298
1714230 298
1714240 298
1714250 298
1714260 298
1714270 297
1714280 297
1714290 297
1714300 298
1714310 298
1714320 298
1714330 298
1714340 297
1714350 297
1714360 297
1714370 297
1714380 297
1714390 297
1714400 297
1714410 297
1714420 297
1714430 297
1714440 297
1714450 297
1714460 297
1714470 297
1714480 297
1714490 296
1714500 296
1714510 296
1714520 296
1714530 296
1714540 295
1714550 295
1714560 295
1714570 295
1714580 295
1714590 295
1714600 295
1714610 295
1714620 295
1714630 296
1714640 296
1714650 296
1714660 296
1714670 296
1714680 296
1714690 296
1714700 295
1714710 295
1714720 295
1714730 295
1714740 295
1714750 295
1714760 295
1714770 294
1714780 294
1714790 294
1714800 294
1714810 294
1714820 294
1714830 294
1714840 294
1714850 294
1714860 294
1714870 294
1714880 294
1714890 294
1714900 294
1714910 294
1714920 294
1714930 294
1714940 294
1714950 294
1714960 294
1714970 294
1714980 294
1714990 294
1715000 294
1715010 294
1715020 294
1715030 294
1715040 293
1715050 293
1715060 293
1715070 293
1715080 293
1715090 293
1715100 293
1715110 293
1715120 293
1715130 292
1715140 292
1715150 292
1715160 292
1715170 292
1715180 292
1715190 292
1715200 292
1715210 292
1715220 292
1715230 292
1715240 291
1715250 291
1715260 291
1715270 291
1715280 291
1715290 291
1715300 291
1715310 291
1715320 291
1715330 291
1715340 291
1715350 291
1715360 290
1715370 290
1715380 290
1715390 290
1715400 290
1715410 290
1715420 290
1715430 290
1715440 290
1715450 289
1715460 289
1715470 289
1715480 289
1715490 289
1715500 289
1715510 288
1715520 288
1715530 288
1715540 288
1715550 288
1715560 288
1715570 288
1715580 287
1715590 287
1715600 287
1715610 287
1715620 287
1715630 287
1715640 287
1715650 287
1715660 287
1715670 287
1715680 287
1715690 287
1715700 287
1715710 287
1715720 287
1715730 287
1715740 288
1715750 288
1715760 288
1715770 288
1715780 288
1715790 288
1715800 288
1715810 288
1715820 288
1715830 288
1715840 289
1715850 289
1715860 289
1715870 289
1715880 289
1715890 289
1715900 289
1715910 289
1715920 289
1715930 289
1715940 289
1715950 290
1715960 290
1715970 290
1715980 290
1715990 290
1716000 290
1716010 290
1716020 290
1716030 291
1716040 291
1716050 291
1716060 291
1716070 291
1716080 291
1716090 291
1716100 291
1716110 291
1716120 291
1716130 291
1716140 291
1716150 291
1716160 291
1716170 291
1716180 291
1716190 291
1716200 291
1716210 291
1716220 291
1716230 291
1716240 291
1716250 291
1716260 291
1716270 291
1716280 291
1716290 291
1716300 291
1716310 291
1716320 290
1716330 290
1716340 290
1716350 290
1716360 290
1716370 289
1716380 289
1716390 289
1716400 289
1716410 289
1716420 288
1716430 288
1716440 288
1716450 288
1716460 288
1716470 288
1716480 288
1716490 288
1716500 288
1716510 287
1716520 287
1716530 287
1716540 287
1716550 287
1716560 287
1716570 286
1716580 286
1716590 286
1716600 286
1716610 285
1716620 285
1716630 284
1716640 284
1716650 284
1716660 283
1716670 283
1716680 283
1716690 283
1716700 283
1716710 283
1716720 283
1716730 283
1716740 282
1716750 282
1716760 282
1716770 281
1716780 281
1716790 281
1716800 280
1716810 280
1716820 280
1716830 280
1716840 280
1716850 280
1716860 280
1716870 280
1716880 279
1716890 279
1716900 279
1716910 279
1716920 279
1716930 278
1716940 278
1716950 278
1716960 278
1716970 278
1716980 278
1716990 278
1717000 277
1717010 277
1717020 277
1717030 277
1717040 277
1717050 277
1717060 277
1717070 277
1717080 277
1717090 277
1717100 278
1717110 278
1717120 278
1717130 278
1717140 278
1717150 278
1717160 279
1717170 279
1717180 280
1717190 280
1717200 280
1717210 281
1717220 281
1717230 282
1717240 282
1717250 282
1717260 282
1717270 282
1717280 282
1717290 282
1717300 282
1717310 282
1717320 282
1717330 282
1717340 282
1717350 282
1717360 282
1717370 282
1717380 282
1717390 281
1717400 281
1717410 281
1717420 281
1717430 281
1717440 280
1717450 280
1717460 280
1717470 279
1717480 279
1717490 279
1717500 279
1717510 278
1717520 278
1717530 278
1717540 277
1717550 277
1717560 277
1717570 277
1717580 276
1717590 276
1717600 276
1717610 276
1717620 275
1717630 275
1717640 275
1717650 274
1717660 274
1717670 274
1717680 274
1717690 274
1717700 274
1717710 274
1717720 274
1717730 274
1717740 274
1717750 274
1717760 274
1717770 274
1717780 275
1717790 275
1717800 275
1717810 276
1717820 276
1717830 276
1717840 277
1717850 277
1717860 278
1717870 278
1717880 278
1717890 278
1717900 278
1717910 278
1717920 278
1717930 278
1717940 278
1717950 277
1717960 277
1717970 277
1717980 277
1717990 277
1718000 277
1718010 278
1718020 278
1718030 278
1718040 278
1718050 279
1718060 280
1718070 280
1718080 281
1718090 282
1718100 283
1718110 284
1718120 285
1718130 286
1718140 287
1718150 288
1718160 288
1718170 289
1718180 290
1718190 290
1718200 291
1718210 291
1718220 292
1718230 292
1718240 293
1718250 294
1718260 294
1718270 295
1718280 295
1718290 295
1718300 296
1718310 296
1718320 297
1718330 297
1718340 297
1718350 298
1718360 298
1718370 298
1718380 298
1718390 298
1718400 299
1718410 299
1718420 299
1718430 299
1718440 299
1718450 299
1718460 299
1718470 299
1718480 299
1718490 299
1718500 299
1718510 299
1718520 299
1718530 299
1718540 299
1718550 299
1718560 299
1718570 299
1718580 299
1718590 299
1718600 299
1718610 299
1718620 300
1718630 300
1718640 300
1718650 300
1718660 301
1718670 301
1718680 301
1718690 301
1718700 301
1718710 301
1718720 302
1718730 302
1718740 302
1718750 303
1718760 303
1718770 303
1718780 303
1718790 304
1718800 304
1718810 304
1718820 304
1718830 304
1718840 304
1718850 305
1718860 305
1718870 305
1718880 305
1718890 305
1718900 305
1718910 305
1718920 305
1718930 306
1718940 306
1718950 306
1718960 305
1718970 305
1718980 305
1718990 305
1719000 305
1719010 305
1719020 305
1719030 305
1719040 305
1719050 305
1719060 305
1719070 305
1719080 305
1719090 305
1719100 305
1719110 305
1719120 305
1719130 305
1719140 305
1719150 305
1719160 304
1719170 304
1719180 304
1719190 304
1719200 304
1719210 304
1719220 304
1719230 304
1719240 304
1719250 304
1719260 304
1719270 304
1719280 304
1719290 304
1719300 303
1719310 303
1719320 303
1719330 303
1719340 303
1719350 303
1719360 303
1719370 303
1719380 303
1719390 303
1719400 303
1719410 303
1719420 303
1719430 303
1719440 303
1719450 303
1719460 303
1719470 303
1719480 304
1719490 304
1719500 304
1719510 304
1719520 304
1719530 304
1719540 304
1719550 304
1719560 304
1719570 304
1719580 304
1719590 304
1719600 304
1719610 304
1719620 304
1719630 304
1719640 304
1719650 304
1719660 303
1719670 303
1719680 303
1719690 303
1719700 303
1719710 303
1719720 303
1719730 303
1719740 303
1719750 303
1719760 303
1719770 302
1719780 302
1719790 302
1719800 302
1719810 302
1719820 302
1719830 301
1719840 301
1719850 301
1719860 301
1719870 300
1719880 300
1719890 300
1719900 300
1719910 299
1719920 299
1719930 299
1719940 298
1719950 298
1719960 298
1719970 297
1719980 297
1719990 297
