1700000 240
1700010 240
1700020 240
1700030 240
1700040 240
1700050 241
1700060 241
1700070 241
1700080 241
1700090 241
1700100 241
1700110 241
1700120 241
1700130 241
1700140 242
1700150 242
1700160 242
1700170 243
1700180 243
1700190 243
1700200 243
1700210 243
1700220 243
1700230 242
1700240 242
1700250 243
1700260 243
1700270 243
1700280 243
1700290 243
1700300 243
1700310 244
1700320 244
1700330 244
1700340 244
1700350 244
1700360 244
1700370 244
1700380 245
1700390 245
1700400 245
1700410 245
1700420 245
1700430 245
1700440 245
1700450 245
1700460 245
1700470 245
1700480 245
1700490 245
1700500 245
1700510 245
1700520 245
1700530 245
1700540 245
1700550 245
1700560 245
1700570 245
1700580 245
1700590 245
1700600 245
1700610 244
1700620 244
1700630 244
1700640 244
1700650 245
1700660 245
1700670 245
1700680 245
1700690 246
1700700 246
1700710 246
1700720 246
1700730 246
1700740 246
1700750 245
1700760 245
1700770 245
1700780 245
1700790 245
1700800 245
1700810 245
1700820 244
1700830 243
1700840 242
1700850 241
1700860 241
1700870 241
1700880 241
1700890 241
1700900 241
1700910 241
1700920 241
1700930 241
1700940 241
1700950 241
1700960 241
1700970 240
1700980 239
1700990 238
1701000 239
1701010 240
1701020 241
1701030 241
1701040 241
1701050 241
1701060 241
1701070 242
1701080 242
1701090 242
1701100 242
1701110 242
1701120 242
1701130 242
1701140 242
1701150 242
1701160 242
1701170 242
1701180 242
1701190 242
1701200 242
1701210 242
1701220 241
1701230 241
1701240 241
1701250 241
1701260 241
1701270 241
1701280 241
1701290 241
1701300 241
1701310 241
1701320 241
1701330 241
1701340 241
1701350 242
1701360 242
1701370 242
1701380 242
1701390 242
1701400 242
1701410 242
1701420 242
1701430 242
1701440 243
1701450 244
1701460 244
1701470 243
1701480 242
1701490 242
1701500 242
1701510 242
1701520 242
1701530 242
1701540 242
1701550 242
1701560 242
1701570 242
1701580 243
1701590 243
1701600 244
1701610 245
1701620 245
1701630 246
1701640 247
1701650 248
1701660 249
1701670 250
1701680 250
1701690 251
1701700 252
1701710 253
1701720 254
1701730 255
1701740 256
1701750 257
1701760 258
1701770 259
1701780 260
1701790 261
1701800 261
1701810 262
1701820 263
1701830 263
1701840 263
1701850 263
1701860 263
1701870 263
1701880 263
1701890 264
1701900 264
1701910 264
1701920 264
1701930 263
1701940 263
1701950 263
1701960 263
1701970 262
1701980 262
1701990 262
1702000 261
1702010 261
1702020 261
1702030 260
1702040 260
1702050 260
1702060 259
1702070 258
1702080 258
1702090 257
1702100 257
1702110 256
1702120 256
1702130 255
1702140 255
1702150 254
1702160 254
1702170 253
1702180 253
1702190 252
1702200 252
1702210 251
1702220 250
1702230 250
1702240 249
1702250 249
1702260 248
1702270 248
1702280 248
1702290 248
1702300 248
1702310 247
1702320 247
1702330 247
1702340 247
1702350 247
1702360 247
1702370 247
1702380 247
1702390 246
1702400 246
1702410 246
1702420 246
1702430 246
1702440 246
1702450 246
1702460 247
1702470 247
1702480 247
1702490 247
1702500 247
1702510 247
1702520 247
1702530 247
1702540 247
1702550 247
1702560 247
1702570 247
1702580 247
1702590 248
1702600 248
1702610 249
1702620 249
1702630 250
1702640 251
1702650 252
1702660 253
1702670 254
1702680 255
1702690 256
1702700 257
1702710 258
1702720 259
1702730 260
1702740 262
1702750 265
1702760 268
1702770 270
1702780 271
1702790 273
1702800 274
1702810 276
1702820 278
1702830 279
1702840 280
1702850 282
1702860 283
1702870 284
1702880 285
1702890 286
1702900 287
1702910 288
1702920 289
1702930 290
1702940 290
1702950 291
1702960 291
1702970 291
1702980 291
1702990 290
1703000 290
1703010 289
1703020 289
1703030 288
1703040 287
1703050 286
1703060 286
1703070 285
1703080 284
1703090 282
1703100 280
1703110 279
1703120 281
1703130 282
1703140 284
1703150 286
1703160 288
1703170 289
1703180 291
1703190 292
1703200 294
1703210 296
1703220 297
1703230 299
1703240 300
1703250 302
1703260 303
1703270 304
1703280 305
1703290 306
1703300 307
1703310 308
1703320 308
1703330 309
1703340 310
1703350 310
1703360 311
1703370 311
1703380 311
1703390 312
1703400 312
1703410 313
1703420 313
1703430 313
1703440 313
1703450 313
1703460 313
1703470 313
1703480 313
1703490 312
1703500 312
1703510 312
1703520 311
1703530 311
1703540 310
1703550 309
1703560 308
1703570 307
1703580 306
1703590 305
1703600 304
1703610 303
1703620 302
1703630 301
1703640 300
1703650 299
1703660 299
1703670 298
1703680 297
1703690 297
1703700 296
1703710 295
1703720 295
1703730 293
1703740 292
1703750 291
1703760 291
1703770 291
1703780 293
1703790 294
1703800 295
1703810 296
1703820 297
1703830 299
1703840 301
1703850 302
1703860 304
1703870 305
1703880 305
1703890 306
1703900 306
1703910 307
1703920 307
1703930 308
1703940 308
1703950 308
1703960 308
1703970 308
1703980 308
1703990 308
1704000 308
1704010 308
1704020 308
1704030 307
1704040 307
1704050 306
1704060 305
1704070 305
1704080 304
1704090 303
1704100 303
1704110 302
1704120 302
1704130 303
1704140 303
1704150 304
1704160 304
1704170 304
1704180 304
1704190 304
1704200 304
1704210 304
1704220 304
1704230 304
1704240 304
1704250 304
1704260 304
1704270 305
1704280 305
1704290 305
1704300 304
1704310 304
1704320 304
1704330 304
1704340 304
1704350 304
1704360 304
1704370 304
1704380 304
1704390 304
1704400 304
1704410 304
1704420 304
1704430 304
1704440 304
1704450 305
1704460 305
1704470 305
1704480 305
1704490 305
1704500 306
1704510 306
1704520 306
1704530 306
1704540 306
1704550 305
1704560 305
1704570 305
1704580 305
1704590 305
1704600 304
1704610 303
1704620 303
1704630 302
1704640 301
1704650 299
1704660 298
1704670 297
1704680 296
1704690 294
1704700 294
1704710 293
1704720 293
1704730 294
1704740 294
1704750 295
1704760 295
1704770 296
1704780 297
1704790 298
1704800 300
1704810 301
1704820 302
1704830 304
1704840 305
1704850 306
1704860 308
1704870 309
1704880 311
1704890 312
1704900 313
1704910 314
1704920 315
1704930 315
1704940 315
1704950 315
1704960 315
1704970 315
1704980 315
1704990 316
1705000 316
1705010 316
1705020 316
1705030 316
1705040 316
1705050 316
1705060 316
1705070 316
1705080 316
1705090 316
1705100 316
1705110 316
1705120 315
1705130 314
1705140 313
1705150 313
1705160 313
1705170 314
1705180 314
1705190 314
1705200 314
1705210 314
1705220 314
1705230 314
1705240 314
1705250 314
1705260 314
1705270 314
1705280 313
1705290 313
1705300 313
1705310 313
1705320 313
1705330 313
1705340 312
1705350 312
1705360 312
1705370 311
1705380 311
1705390 311
1705400 310
1705410 310
1705420 310
1705430 309
1705440 308
1705450 308
1705460 307
1705470 307
1705480 306
1705490 305
1705500 304
1705510 304
1705520 303
1705530 303
1705540 303
1705550 303
1705560 303
1705570 303
1705580 304
1705590 304
1705600 305
1705610 305
1705620 306
1705630 306
1705640 307
1705650 307
1705660 307
1705670 308
1705680 308
1705690 308
1705700 308
1705710 308
1705720 308
1705730 308
1705740 308
1705750 308
1705760 308
1705770 307
1705780 307
1705790 307
1705800 307
1705810 307
1705820 307
1705830 306
1705840 306
1705850 306
1705860 306
1705870 306
1705880 305
1705890 305
1705900 305
1705910 305
1705920 304
1705930 304
1705940 304
1705950 303
1705960 303
1705970 303
1705980 303
1705990 302
1706000 302
1706010 302
1706020 301
1706030 301
1706040 301
1706050 300
1706060 300
1706070 300
1706080 299
1706090 299
1706100 299
1706110 298
1706120 298
1706130 297
1706140 297
1706150 297
1706160 296
1706170 296
1706180 296
1706190 296
1706200 295
1706210 295
1706220 295
1706230 294
1706240 294
1706250 293
1706260 293
1706270 293
1706280 292
1706290 292
1706300 291
1706310 291
1706320 291
1706330 290
1706340 290
1706350 290
1706360 289
1706370 289
1706380 289
1706390 288
1706400 288
1706410 288
1706420 287
1706430 287
1706440 287
1706450 286
1706460 286
1706470 285
1706480 284
1706490 283
1706500 283
1706510 282
1706520 282
1706530 282
1706540 282
1706550 282
1706560 281
1706570 280
1706580 277
1706590 274
1706600 272
1706610 272
1706620 272
1706630 272
1706640 272
1706650 272
1706660 272
1706670 271
1706680 271
1706690 270
1706700 271
1706710 271
1706720 272
1706730 272
1706740 272
1706750 271
1706760 271
1706770 271
1706780 271
1706790 271
1706800 271
1706810 271
1706820 271
1706830 272
1706840 272
1706850 271
1706860 272
1706870 272
1706880 272
1706890 272
1706900 272
1706910 272
1706920 272
1706930 272
1706940 272
1706950 272
1706960 272
1706970 272
1706980 272
1706990 272
1707000 272
1707010 272
1707020 272
1707030 272
1707040 272
1707050 272
1707060 272
1707070 272
1707080 272
1707090 272
1707100 272
1707110 272
1707120 272
1707130 272
1707140 272
1707150 272
1707160 272
1707170 272
1707180 272
1707190 272
1707200 272
1707210 272
1707220 272
1707230 272
1707240 272
1707250 272
1707260 272
1707270 272
1707280 272
1707290 273
1707300 273
1707310 273
1707320 273
1707330 273
1707340 273
1707350 273
1707360 273
1707370 273
1707380 273
1707390 273
1707400 273
1707410 273
1707420 273
1707430 273
1707440 273
1707450 273
1707460 273
1707470 273
1707480 273
1707490 273
1707500 273
1707510 273
1707520 273
1707530 273
1707540 273
1707550 273
1707560 273
1707570 273
1707580 273
1707590 273
1707600 273
1707610 273
1707620 273
1707630 273
1707640 273
1707650 273
1707660 273
1707670 273
1707680 273
1707690 273
1707700 273
1707710 273
1707720 273
1707730 273
1707740 274
1707750 274
1707760 274
1707770 274
1707780 274
1707790 275
1707800 275
1707810 275
1707820 275
1707830 275
1707840 275
1707850 275
1707860 275
1707870 276
1707880 276
1707890 276
1707900 277
1707910 277
1707920 277
1707930 278
1707940 278
1707950 278
1707960 279
1707970 279
1707980 279
1707990 279
1708000 279
1708010 279
1708020 279
1708030 279
1708040 279
1708050 279
1708060 279
1708070 279
1708080 279
1708090 279
1708100 279
1708110 279
1708120 278
1708130 278
1708140 278
1708150 278
1708160 278
1708170 278
1708180 278
1708190 278
1708200 278
1708210 278
1708220 278
1708230 278
1708240 278
1708250 278
1708260 278
1708270 278
1708280 278
1708290 278
1708300 278
1708310 278
1708320 277
1708330 277
1708340 277
1708350 277
1708360 277
1708370 277
1708380 277
1708390 277
1708400 277
1708410 277
1708420 277
1708430 277
1708440 277
1708450 278
1708460 278
1708470 278
1708480 278
1708490 278
1708500 278
1708510 278
1708520 278
1708530 278
1708540 278
1708550 278
1708560 278
1708570 278
1708580 278
1708590 278
1708600 278
1708610 279
1708620 279
1708630 279
1708640 279
1708650 279
1708660 279
1708670 279
1708680 279
1708690 279
1708700 279
1708710 279
1708720 279
1708730 279
1708740 279
1708750 279
1708760 279
1708770 279
1708780 279
1708790 279
1708800 279
1708810 279
1708820 279
1708830 279
1708840 279
1708850 279
1708860 279
1708870 279
1708880 279
1708890 279
1708900 279
1708910 279
1708920 279
1708930 279
1708940 279
1708950 279
1708960 279
1708970 279
1708980 280
1708990 280
1709000 280
1709010 280
1709020 280
1709030 280
1709040 280
1709050 279
1709060 279
1709070 279
1709080 279
1709090 279
1709100 280
1709110 280
1709120 280
1709130 280
1709140 280
1709150 280
1709160 280
1709170 280
1709180 280
1709190 280
1709200 280
1709210 280
1709220 280
1709230 280
1709240 280
1709250 280
1709260 280
1709270 280
1709280 279
1709290 279
1709300 279
1709310 279
1709320 279
1709330 279
1709340 279
1709350 279
1709360 279
1709370 279
1709380 279
1709390 279
1709400 279
1709410 278
1709420 278
1709430 279
1709440 279
1709450 279
1709460 279
1709470 279
1709480 279
1709490 279
1709500 279
1709510 279
1709520 279
1709530 279
1709540 279
1709550 279
1709560 279
1709570 279
1709580 279
1709590 279
1709600 279
1709610 279
1709620 279
1709630 279
1709640 279
1709650 279
1709660 279
1709670 279
1709680 279
1709690 279
1709700 279
1709710 279
1709720 279
1709730 279
1709740 279
1709750 279
1709760 279
1709770 279
1709780 279
1709790 279
1709800 279
1709810 279
1709820 279
1709830 279
1709840 279
1709850 279
1709860 279
1709870 280
1709880 280
1709890 280
1709900 280
1709910 280
1709920 280
1709930 280
1709940 280
1709950 280
1709960 280
1709970 280
1709980 280
1709990 280
1710000 280
1710010 280
1710020 280
1710030 280
1710040 280
1710050 281
1710060 281
1710070 281
1710080 281
1710090 281
1710100 281
1710110 281
1710120 281
1710130 281
1710140 281
1710150 281
1710160 281
1710170 281
1710180 281
1710190 281
1710200 281
1710210 281
1710220 281
1710230 281
1710240 282
1710250 282
1710260 282
1710270 282
1710280 282
1710290 282
1710300 282
1710310 282
1710320 282
1710330 282
1710340 282
1710350 282
1710360 282
1710370 282
1710380 282
1710390 282
1710400 282
1710410 282
1710420 282
1710430 282
1710440 282
1710450 282
1710460 281
1710470 281
1710480 281
1710490 281
1710500 281
1710510 282
1710520 282
1710530 282
1710540 282
1710550 282
1710560 282
1710570 282
1710580 282
1710590 282
1710600 281
1710610 281
1710620 281
1710630 281
1710640 281
1710650 281
1710660 282
1710670 282
1710680 282
1710690 281
1710700 281
1710710 281
1710720 281
1710730 281
1710740 282
1710750 282
1710760 282
1710770 283
1710780 283
1710790 284
1710800 284
1710810 285
1710820 285
1710830 285
1710840 286
1710850 286
1710860 287
1710870 288
1710880 288
1710890 289
1710900 289
1710910 290
1710920 291
1710930 292
1710940 293
1710950 294
1710960 295
1710970 296
1710980 297
1710990 298
1711000 299
1711010 300
1711020 301
1711030 302
1711040 302
1711050 303
1711060 303
1711070 304
1711080 304
1711090 304
1711100 304
1711110 305
1711120 305
1711130 305
1711140 304
1711150 304
1711160 304
1711170 303
1711180 303
1711190 303
1711200 302
1711210 302
1711220 301
1711230 301
1711240 300
1711250 300
1711260 300
1711270 299
1711280 299
1711290 299
1711300 299
1711310 299
1711320 299
1711330 299
1711340 299
1711350 300
1711360 301
1711370 302
1711380 303
1711390 303
1711400 304
1711410 304
1711420 305
1711430 305
1711440 305
1711450 306
1711460 306
1711470 307
1711480 307
1711490 307
1711500 308
1711510 308
1711520 308
1711530 308
1711540 308
1711550 309
1711560 309
1711570 309
1711580 309
1711590 309
1711600 309
1711610 309
1711620 309
1711630 309
1711640 309
1711650 308
1711660 308
1711670 308
1711680 308
1711690 308
1711700 308
1711710 308
1711720 308
1711730 307
1711740 307
1711750 307
1711760 306
1711770 306
1711780 305
1711790 305
1711800 304
1711810 303
1711820 303
1711830 302
1711840 301
1711850 301
1711860 300
1711870 300
1711880 299
1711890 299
1711900 298
1711910 298
1711920 297
1711930 297
1711940 296
1711950 296
1711960 296
1711970 296
1711980 296
1711990 296
1712000 296
1712010 296
1712020 296
1712030 296
1712040 296
1712050 296
1712060 296
1712070 295
1712080 295
1712090 295
1712100 295
1712110 295
1712120 295
1712130 294
1712140 294
1712150 294
1712160 294
1712170 293
1712180 293
1712190 293
1712200 292
1712210 292
1712220 292
1712230 291
1712240 291
1712250 291
1712260 291
1712270 291
1712280 291
1712290 291
1712300 291
1712310 291
1712320 292
1712330 292
1712340 293
1712350 294
1712360 294
1712370 295
1712380 297
1712390 298
1712400 299
1712410 300
1712420 300
1712430 300
1712440 299
1712450 299
1712460 298
1712470 298
1712480 297
1712490 297
1712500 298
1712510 298
1712520 298
1712530 299
1712540 300
1712550 301
1712560 302
1712570 303
1712580 304
1712590 305
1712600 306
1712610 307
1712620 308
1712630 308
1712640 309
1712650 309
1712660 310
1712670 311
1712680 311
1712690 312
1712700 313
1712710 313
1712720 313
1712730 314
1712740 314
1712750 315
1712760 315
1712770 316
1712780 316
1712790 317
1712800 318
1712810 318
1712820 318
1712830 319
1712840 319
1712850 320
1712860 320
1712870 321
1712880 321
1712890 321
1712900 322
1712910 322
1712920 322
1712930 323
1712940 323
1712950 323
1712960 324
1712970 324
1712980 324
1712990 324
1713000 324
1713010 324
1713020 325
1713030 325
1713040 325
1713050 325
1713060 325
1713070 325
1713080 325
1713090 325
1713100 325
1713110 325
1713120 326
1713130 326
1713140 326
1713150 326
1713160 326
1713170 326
1713180 326
1713190 326
1713200 326
1713210 326
1713220 326
1713230 326
1713240 326
1713250 326
1713260 326
1713270 326
1713280 326
1713290 326
1713300 326
1713310 326
1713320 326
1713330 326
1713340 326
1713350 326
1713360 326
1713370 326
1713380 326
1713390 326
1713400 326
1713410 326
1713420 326
1713430 326
1713440 326
1713450 326
1713460 326
1713470 326
1713480 326
1713490 326
1713500 326
1713510 326
1713520 325
1713530 325
1713540 325
1713550 325
1713560 325
1713570 325
1713580 325
1713590 325
1713600 325
1713610 325
1713620 325
1713630 325
1713640 325
1713650 325
1713660 325
1713670 324
1713680 324
1713690 324
1713700 324
1713710 324
1713720 324
1713730 324
1713740 324
1713750 324
1713760 324
1713770 324
1713780 324
1713790 324
1713800 324
1713810 324
1713820 324
1713830 324
1713840 324
1713850 323
1713860 323
1713870 323
1713880 323
1713890 323
1713900 323
1713910 323
1713920 323
1713930 323
1713940 323
1713950 323
1713960 323
1713970 323
1713980 323
1713990 323
1714000 323
1714010 323
1714020 323
1714030 322
1714040 322
1714050 322
1714060 322
1714070 322
1714080 322
1714090 322
1714100 322
1714110 322
1714120 322
1714130 322
1714140 322
1714150 322
1714160 321
1714170 321
1714180 322
1714190 322
1714200 321
1714210 321
1714220 321
1714230 321
1714240 321
1714250 320
1714260 320
1714270 320
1714280 320
1714290 320
1714300 319
1714310 319
1714320 319
1714330 319
1714340 319
1714350 319
1714360 318
1714370 318
1714380 318
1714390 318
1714400 318
1714410 318
1714420 318
1714430 317
1714440 317
1714450 317
1714460 318
1714470 318
1714480 318
1714490 318
1714500 318
1714510 318
1714520 317
1714530 317
1714540 317
1714550 317
1714560 317
1714570 316
1714580 316
1714590 316
1714600 316
1714610 316
1714620 315
1714630 315
1714640 315
1714650 314
1714660 314
1714670 313
1714680 313
1714690 313
1714700 312
1714710 312
1714720 312
1714730 312
1714740 311
1714750 311
1714760 311
1714770 311
1714780 310
1714790 310
1714800 309
1714810 309
1714820 309
1714830 309
1714840 308
1714850 308
1714860 308
1714870 308
1714880 308
1714890 307
1714900 307
1714910 307
1714920 307
1714930 307
1714940 307
1714950 306
1714960 306
1714970 306
1714980 306
1714990 306
1715000 306
1715010 306
1715020 306
1715030 305
1715040 304
1715050 304
1715060 305
1715070 305
1715080 305
1715090 305
1715100 305
1715110 304
1715120 304
1715130 304
1715140 304
1715150 304
1715160 304
1715170 304
1715180 304
1715190 304
1715200 304
1715210 304
1715220 304
1715230 304
1715240 304
1715250 304
1715260 304
1715270 304
1715280 304
1715290 304
1715300 304
1715310 303
1715320 303
1715330 303
1715340 303
1715350 302
1715360 302
1715370 301
1715380 301
1715390 300
1715400 300
1715410 301
1715420 300
1715430 300
1715440 300
1715450 299
1715460 298
1715470 298
1715480 298
1715490 298
1715500 298
1715510 297
1715520 297
1715530 297
1715540 297
1715550 297
1715560 296
1715570 296
1715580 295
1715590 295
1715600 294
1715610 294
1715620 293
1715630 293
1715640 293
1715650 293
1715660 292
1715670 292
1715680 292
1715690 292
1715700 292
1715710 292
1715720 292
1715730 292
1715740 291
1715750 291
1715760 291
1715770 291
1715780 291
1715790 290
1715800 290
1715810 290
1715820 289
1715830 289
1715840 289
1715850 289
1715860 288
1715870 288
1715880 288
1715890 287
1715900 287
1715910 287
1715920 287
1715930 286
1715940 286
1715950 286
1715960 286
1715970 286
1715980 286
1715990 286
1716000 286
1716010 286
1716020 286
1716030 286
1716040 286
1716050 286
1716060 286
1716070 286
1716080 286
1716090 286
1716100 286
1716110 286
1716120 286
1716130 287
1716140 287
1716150 287
1716160 287
1716170 287
1716180 287
1716190 287
1716200 287
1716210 287
1716220 287
1716230 287
1716240 287
1716250 287
1716260 287
1716270 287
1716280 287
1716290 287
1716300 287
1716310 287
1716320 287
1716330 287
1716340 287
1716350 287
1716360 287
1716370 287
1716380 287
1716390 286
1716400 286
1716410 286
1716420 286
1716430 286
1716440 286
1716450 286
1716460 286
1716470 286
1716480 286
1716490 285
1716500 285
1716510 285
1716520 285
1716530 285
1716540 284
1716550 284
1716560 284
1716570 284
1716580 284
1716590 284
1716600 284
1716610 284
1716620 284
1716630 283
1716640 283
1716650 283
1716660 283
1716670 283
1716680 283
1716690 283
1716700 282
1716710 282
1716720 282
1716730 282
1716740 282
1716750 282
1716760 282
1716770 282
1716780 282
1716790 282
1716800 282
1716810 282
1716820 282
1716830 282
1716840 282
1716850 283
1716860 283
1716870 284
1716880 285
1716890 286
1716900 287
1716910 288
1716920 289
1716930 289
1716940 290
1716950 291
1716960 291
1716970 292
1716980 293
1716990 294
1717000 295
1717010 296
1717020 296
1717030 297
1717040 297
1717050 297
1717060 298
1717070 299
1717080 300
1717090 300
1717100 301
1717110 301
1717120 302
1717130 302
1717140 303
1717150 303
1717160 304
1717170 304
1717180 304
1717190 305
1717200 305
1717210 305
1717220 305
1717230 305
1717240 305
1717250 305
1717260 305
1717270 305
1717280 305
1717290 305
1717300 305
1717310 305
1717320 305
1717330 305
1717340 305
1717350 305
1717360 305
1717370 305
1717380 305
1717390 305
1717400 305
1717410 304
1717420 304
1717430 303
1717440 303
1717450 303
1717460 303
1717470 302
1717480 302
1717490 301
1717500 301
1717510 301
1717520 300
1717530 300
1717540 300
1717550 300
1717560 299
1717570 299
1717580 299
1717590 299
1717600 299
1717610 299
1717620 299
1717630 299
1717640 299
1717650 299
1717660 299
1717670 299
1717680 299
1717690 300
1717700 300
1717710 300
1717720 300
1717730 300
1717740 300
1717750 300
1717760 300
1717770 300
1717780 299
1717790 299
1717800 299
1717810 299
1717820 299
1717830 298
1717840 298
1717850 298
1717860 297
1717870 297
1717880 297
1717890 296
1717900 296
1717910 296
1717920 295
1717930 295
1717940 294
1717950 294
1717960 293
1717970 293
1717980 292
1717990 292
1718000 292
1718010 291
1718020 291
1718030 291
1718040 290
1718050 290
1718060 290
1718070 290
1718080 290
1718090 290
1718100 290
1718110 290
1718120 290
1718130 289
1718140 289
1718150 289
1718160 289
1718170 289
1718180 288
1718190 288
1718200 288
1718210 287
1718220 287
1718230 286
1718240 286
1718250 286
1718260 285
1718270 285
1718280 284
1718290 284
1718300 283
1718310 283
1718320 283
1718330 282
1718340 282
1718350 281
1718360 281
1718370 281
1718380 281
1718390 281
1718400 280
1718410 280
1718420 280
1718430 280
1718440 280
1718450 279
1718460 279
1718470 279
1718480 279
1718490 279
1718500 279
1718510 279
1718520 279
1718530 279
1718540 279
1718550 279
1718560 279
1718570 279
1718580 279
1718590 279
1718600 279
1718610 279
1718620 279
1718630 280
1718640 280
1718650 280
1718660 280
1718670 279
1718680 279
1718690 279
1718700 279
1718710 279
1718720 279
1718730 280
1718740 280
1718750 280
1718760 280
1718770 280
1718780 280
1718790 280
1718800 279
1718810 279
1718820 279
1718830 279
1718840 279
1718850 279
1718860 279
1718870 279
1718880 279
1718890 279
1718900 279
1718910 279
1718920 280
1718930 280
1718940 280
1718950 279
1718960 279
1718970 279
1718980 279
1718990 279
1719000 279
1719010 279
1719020 279
1719030 279
1719040 279
1719050 279
1719060 279
1719070 279
1719080 279
1719090 279
1719100 279
1719110 279
1719120 279
1719130 279
1719140 279
1719150 280
1719160 280
1719170 280
1719180 280
1719190 280
1719200 280
1719210 280
1719220 280
1719230 279
1719240 279
1719250 279
1719260 279
1719270 279
1719280 279
1719290 279
1719300 279
1719310 279
1719320 279
1719330 279
1719340 279
1719350 279
1719360 279
1719370 279
1719380 279
1719390 279
1719400 279
1719410 279
1719420 279
1719430 278
1719440 278
1719450 278
1719460 278
1719470 277
1719480 277
1719490 277
1719500 277
1719510 276
1719520 276
1719530 276
1719540 276
1719550 275
1719560 275
1719570 275
1719580 274
1719590 274
1719600 274
1719610 274
1719620 274
1719630 273
1719640 273
1719650 273
1719660 273
1719670 272
1719680 272
1719690 271
1719700 271
1719710 271
1719720 270
1719730 270
1719740 270
1719750 269
1719760 269
1719770 269
1719780 268
1719790 268
1719800 267
1719810 267
1719820 267
1719830 266
1719840 266
1719850 265
1719860 265
1719870 265
1719880 265
1719890 264
1719900 264
1719910 264
1719920 264
1719930 263
1719940 263
1719950 263
1719960 263
1719970 263
1719980 263
1719990 263
