1700000 243
1700010 243
1700020 243
1700030 243
1700040 243
1700050 243
1700060 243
1700070 243
1700080 242
1700090 242
1700100 242
1700110 242
1700120 242
1700130 242
1700140 242
1700150 242
1700160 242
1700170 241
1700180 241
1700190 241
1700200 241
1700210 241
1700220 240
1700230 240
1700240 240
1700250 240
1700260 239
1700270 239
1700280 238
1700290 237
1700300 236
1700310 235
1700320 236
1700330 237
1700340 238
1700350 238
1700360 238
1700370 238
1700380 238
1700390 238
1700400 238
1700410 238
1700420 238
1700430 238
1700440 238
1700450 238
1700460 238
1700470 238
1700480 238
1700490 238
1700500 238
1700510 238
1700520 238
1700530 238
1700540 238
1700550 238
1700560 238
1700570 238
1700580 238
1700590 238
1700600 238
1700610 238
1700620 238
1700630 238
1700640 238
1700650 238
1700660 238
1700670 238
1700680 238
1700690 238
1700700 238
1700710 238
1700720 237
1700730 237
1700740 237
1700750 237
1700760 237
1700770 237
1700780 237
1700790 237
1700800 237
1700810 237
1700820 237
1700830 237
1700840 237
1700850 237
1700860 238
1700870 238
1700880 238
1700890 238
1700900 238
1700910 239
1700920 239
1700930 239
1700940 239
1700950 239
1700960 239
1700970 239
1700980 239
1700990 239
1701000 239
1701010 239
1701020 239
1701030 239
1701040 239
1701050 239
1701060 239
1701070 239
1701080 239
1701090 239
1701100 239
1701110 239
1701120 239
1701130 239
1701140 239
1701150 239
1701160 239
1701170 239
1701180 239
1701190 239
1701200 239
1701210 239
1701220 239
1701230 239
1701240 239
1701250 239
1701260 239
1701270 240
1701280 240
1701290 240
1701300 240
1701310 240
1701320 240
1701330 241
1701340 241
1701350 241
1701360 241
1701370 240
1701380 240
1701390 241
1701400 241
1701410 241
1701420 241
1701430 241
1701440 241
1701450 241
1701460 241
1701470 242
1701480 242
1701490 242
1701500 242
1701510 242
1701520 242
1701530 242
1701540 243
1701550 243
1701560 243
1701570 243
1701580 243
1701590 244
1701600 244
1701610 244
1701620 244
1701630 244
1701640 244
1701650 245
1701660 245
1701670 245
1701680 245
1701690 245
1701700 245
1701710 245
1701720 246
1701730 246
1701740 246
1701750 246
1701760 246
1701770 246
1701780 246
1701790 246
1701800 247
1701810 247
1701820 247
1701830 247
1701840 248
1701850 248
1701860 248
1701870 249
1701880 249
1701890 249
1701900 249
1701910 250
1701920 250
1701930 250
1701940 250
1701950 251
1701960 251
1701970 251
1701980 251
1701990 251
1702000 251
1702010 251
1702020 252
1702030 252
1702040 252
1702050 252
1702060 252
1702070 252
1702080 252
1702090 252
1702100 253
1702110 253
1702120 253
1702130 253
1702140 253
1702150 253
1702160 253
1702170 253
1702180 253
1702190 253
1702200 253
1702210 254
1702220 254
1702230 254
1702240 254
1702250 254
1702260 255
1702270 255
1702280 255
1702290 255
1702300 256
1702310 256
1702320 257
1702330 257
1702340 257
1702350 258
1702360 258
1702370 258
1702380 259
1702390 259
1702400 259
1702410 260
1702420 260
1702430 260
1702440 261
1702450 261
1702460 261
1702470 262
1702480 262
1702490 262
1702500 262
1702510 262
1702520 263
1702530 263
1702540 263
1702550 263
1702560 263
1702570 264
1702580 264
1702590 264
1702600 264
1702610 264
1702620 264
1702630 265
1702640 265
1702650 265
1702660 265
1702670 265
1702680 266
1702690 266
1702700 266
1702710 266
1702720 266
1702730 266
1702740 266
1702750 266
1702760 266
1702770 266
1702780 266
1702790 266
1702800 266
1702810 266
1702820 266
1702830 266
1702840 266
1702850 266
1702860 266
1702870 266
1702880 266
1702890 266
1702900 266
1702910 266
1702920 267
1702930 267
1702940 268
1702950 268
1702960 269
1702970 269
1702980 270
1702990 270
1703000 271
1703010 271
1703020 272
1703030 272
1703040 273
1703050 274
1703060 275
1703070 275
1703080 276
1703090 277
1703100 278
1703110 279
1703120 281
1703130 283
1703140 285
1703150 287
1703160 290
1703170 292
1703180 293
1703190 293
1703200 294
1703210 295
1703220 296
1703230 297
1703240 297
1703250 298
1703260 299
1703270 299
1703280 300
1703290 301
1703300 301
1703310 302
1703320 302
1703330 302
1703340 303
1703350 303
1703360 303
1703370 304
1703380 304
1703390 304
1703400 304
1703410 304
1703420 304
1703430 304
1703440 303
1703450 303
1703460 303
1703470 303
1703480 302
1703490 302
1703500 302
1703510 302
1703520 301
1703530 301
1703540 300
1703550 300
1703560 300
1703570 299
1703580 299
1703590 299
1703600 298
1703610 297
1703620 297
1703630 296
1703640 295
1703650 294
1703660 293
1703670 293
1703680 293
1703690 292
1703700 292
1703710 292
1703720 291
1703730 291
1703740 291
1703750 290
1703760 290
1703770 290
1703780 289
1703790 289
1703800 289
1703810 289
1703820 288
1703830 287
1703840 286
1703850 285
1703860 285
1703870 285
1703880 285
1703890 286
1703900 286
1703910 287
1703920 288
1703930 289
1703940 290
1703950 291
1703960 293
1703970 294
1703980 296
1703990 297
1704000 299
1704010 300
1704020 302
1704030 303
1704040 304
1704050 305
1704060 306
1704070 307
1704080 307
1704090 308
1704100 308
1704110 309
1704120 309
1704130 310
1704140 310
1704150 310
1704160 310
1704170 310
1704180 310
1704190 310
1704200 310
1704210 309
1704220 309
1704230 308
1704240 308
1704250 307
1704260 307
1704270 306
1704280 306
1704290 305
1704300 304
1704310 304
1704320 303
1704330 302
1704340 302
1704350 302
1704360 302
1704370 302
1704380 302
1704390 302
1704400 302
1704410 302
1704420 302
1704430 302
1704440 303
1704450 303
1704460 303
1704470 303
1704480 303
1704490 303
1704500 303
1704510 303
1704520 303
1704530 302
1704540 302
1704550 302
1704560 302
1704570 302
1704580 302
1704590 301
1704600 301
1704610 301
1704620 301
1704630 301
1704640 300
1704650 300
1704660 299
1704670 298
1704680 298
1704690 297
1704700 297
1704710 296
1704720 295
1704730 295
1704740 294
1704750 293
1704760 293
1704770 292
1704780 291
1704790 291
1704800 290
1704810 289
1704820 289
1704830 288
1704840 287
1704850 286
1704860 285
1704870 284
1704880 283
1704890 282
1704900 281
1704910 281
1704920 280
1704930 280
1704940 279
1704950 279
1704960 279
1704970 279
1704980 279
1704990 279
1705000 279
1705010 279
1705020 279
1705030 279
1705040 279
1705050 279
1705060 279
1705070 279
1705080 279
1705090 278
1705100 278
1705110 278
1705120 277
1705130 277
1705140 277
1705150 276
1705160 276
1705170 275
1705180 275
1705190 274
1705200 274
1705210 273
1705220 273
1705230 273
1705240 272
1705250 272
1705260 272
1705270 271
1705280 271
1705290 271
1705300 271
1705310 270
1705320 270
1705330 270
1705340 270
1705350 269
1705360 269
1705370 269
1705380 269
1705390 269
1705400 269
1705410 269
1705420 269
1705430 269
1705440 269
1705450 269
1705460 268
1705470 268
1705480 268
1705490 268
1705500 268
1705510 268
1705520 268
1705530 268
1705540 267
1705550 267
1705560 267
1705570 267
1705580 267
1705590 267
1705600 267
1705610 267
1705620 267
1705630 267
1705640 267
1705650 267
1705660 267
1705670 267
1705680 268
1705690 267
1705700 267
1705710 266
1705720 266
1705730 266
1705740 267
1705750 268
1705760 268
1705770 268
1705780 267
1705790 267
1705800 267
1705810 267
1705820 267
1705830 267
1705840 267
1705850 268
1705860 268
1705870 268
1705880 268
1705890 268
1705900 268
1705910 268
1705920 268
1705930 268
1705940 268
1705950 268
1705960 268
1705970 268
1705980 268
1705990 268
1706000 268
1706010 268
1706020 268
1706030 268
1706040 268
1706050 268
1706060 268
1706070 268
1706080 268
1706090 268
1706100 268
1706110 268
1706120 268
1706130 268
1706140 268
1706150 268
1706160 268
1706170 268
1706180 268
1706190 268
1706200 268
1706210 268
1706220 268
1706230 268
1706240 268
1706250 269
1706260 269
1706270 269
1706280 269
1706290 269
1706300 269
1706310 269
1706320 269
1706330 269
1706340 269
1706350 269
1706360 269
1706370 269
1706380 268
1706390 268
1706400 268
1706410 268
1706420 268
1706430 268
1706440 269
1706450 269
1706460 269
1706470 269
1706480 269
1706490 269
1706500 269
1706510 269
1706520 269
1706530 269
1706540 269
1706550 269
1706560 269
1706570 269
1706580 269
1706590 269
1706600 269
1706610 270
1706620 270
1706630 270
1706640 270
1706650 270
1706660 270
1706670 271
1706680 271
1706690 272
1706700 272
1706710 272
1706720 272
1706730 272
1706740 273
1706750 273
1706760 273
1706770 273
1706780 274
1706790 274
1706800 274
1706810 274
1706820 274
1706830 275
1706840 275
1706850 275
1706860 275
1706870 275
1706880 276
1706890 276
1706900 276
1706910 277
1706920 277
1706930 278
1706940 278
1706950 278
1706960 279
1706970 279
1706980 279
1706990 279
1707000 280
1707010 280
1707020 280
1707030 281
1707040 281
1707050 281
1707060 281
1707070 282
1707080 282
1707090 282
1707100 282
1707110 283
1707120 283
1707130 283
1707140 283
1707150 283
1707160 283
1707170 283
1707180 284
1707190 284
1707200 284
1707210 284
1707220 285
1707230 285
1707240 285
1707250 285
1707260 285
1707270 286
1707280 286
1707290 286
1707300 286
1707310 286
1707320 286
1707330 286
1707340 286
1707350 286
1707360 286
1707370 286
1707380 286
1707390 286
1707400 286
1707410 286
1707420 285
1707430 285
1707440 285
1707450 285
1707460 285
1707470 285
1707480 284
1707490 284
1707500 284
1707510 283
1707520 283
1707530 283
1707540 283
1707550 283
1707560 282
1707570 282
1707580 283
1707590 283
1707600 283
1707610 283
1707620 283
1707630 284
1707640 284
1707650 285
1707660 285
1707670 286
1707680 286
1707690 287
1707700 288
1707710 288
1707720 289
1707730 290
1707740 291
1707750 291
1707760 292
1707770 293
1707780 294
1707790 294
1707800 295
1707810 295
1707820 296
1707830 297
1707840 297
1707850 298
1707860 299
1707870 300
1707880 301
1707890 302
1707900 303
1707910 303
1707920 303
1707930 303
1707940 304
1707950 304
1707960 304
1707970 304
1707980 304
1707990 304
1708000 304
1708010 303
1708020 303
1708030 303
1708040 303
1708050 303
1708060 302
1708070 302
1708080 302
1708090 301
1708100 301
1708110 300
1708120 300
1708130 299
1708140 298
1708150 298
1708160 297
1708170 297
1708180 296
1708190 295
1708200 293
1708210 292
1708220 291
1708230 290
1708240 290
1708250 290
1708260 290
1708270 290
1708280 290
1708290 289
1708300 289
1708310 289
1708320 289
1708330 289
1708340 290
1708350 290
1708360 290
1708370 290
1708380 290
1708390 291
1708400 291
1708410 292
1708420 292
1708430 293
1708440 294
1708450 295
1708460 296
1708470 297
1708480 298
1708490 299
1708500 300
1708510 301
1708520 302
1708530 303
1708540 304
1708550 305
1708560 306
1708570 307
1708580 308
1708590 309
1708600 310
1708610 311
1708620 312
1708630 313
1708640 314
1708650 315
1708660 315
1708670 316
1708680 317
1708690 318
1708700 319
1708710 320
1708720 321
1708730 322
1708740 323
1708750 324
1708760 325
1708770 326
1708780 326
1708790 327
1708800 327
1708810 328
1708820 328
1708830 328
1708840 329
1708850 329
1708860 329
1708870 330
1708880 330
1708890 330
1708900 330
1708910 330
1708920 330
1708930 331
1708940 331
1708950 331
1708960 331
1708970 331
1708980 331
1708990 331
1709000 332
1709010 332
1709020 332
1709030 332
1709040 332
1709050 332
1709060 332
1709070 332
1709080 332
1709090 332
1709100 332
1709110 332
1709120 332
1709130 332
1709140 332
1709150 331
1709160 331
1709170 331
1709180 331
1709190 331
1709200 331
1709210 331
1709220 331
1709230 331
1709240 331
1709250 331
1709260 331
1709270 331
1709280 331
1709290 331
1709300 330
1709310 330
1709320 330
1709330 330
1709340 330
1709350 330
1709360 330
1709370 330
1709380 330
1709390 330
1709400 330
1709410 330
1709420 330
1709430 330
1709440 329
1709450 329
1709460 329
1709470 329
1709480 329
1709490 329
1709500 329
1709510 329
1709520 328
1709530 328
1709540 328
1709550 328
1709560 328
1709570 328
1709580 328
1709590 327
1709600 327
1709610 327
1709620 327
1709630 326
1709640 326
1709650 326
1709660 326
1709670 325
1709680 325
1709690 325
1709700 325
1709710 324
1709720 324
1709730 324
1709740 324
1709750 324
1709760 324
1709770 324
1709780 324
1709790 324
1709800 324
1709810 324
1709820 323
1709830 323
1709840 323
1709850 323
1709860 323
1709870 323
1709880 323
1709890 323
1709900 323
1709910 322
1709920 322
1709930 322
1709940 322
1709950 322
1709960 321
1709970 321
1709980 321
1709990 321
1710000 321
1710010 320
1710020 320
1710030 320
1710040 320
1710050 320
1710060 319
1710070 319
1710080 319
1710090 319
1710100 318
1710110 318
1710120 318
1710130 318
1710140 318
1710150 317
1710160 317
1710170 317
1710180 316
1710190 316
1710200 316
1710210 315
1710220 315
1710230 315
1710240 314
1710250 314
1710260 313
1710270 313
1710280 313
1710290 312
1710300 312
1710310 312
1710320 311
1710330 311
1710340 310
1710350 310
1710360 309
1710370 309
1710380 308
1710390 308
1710400 307
1710410 306
1710420 306
1710430 305
1710440 304
1710450 303
1710460 303
1710470 302
1710480 301
1710490 301
1710500 300
1710510 300
1710520 299
1710530 299
1710540 298
1710550 298
1710560 298
1710570 298
1710580 297
1710590 297
1710600 296
1710610 296
1710620 296
1710630 295
1710640 295
1710650 294
1710660 294
1710670 294
1710680 293
1710690 293
1710700 293
1710710 293
1710720 293
1710730 292
1710740 292
1710750 292
1710760 292
1710770 292
1710780 291
1710790 291
1710800 291
1710810 291
1710820 291
1710830 291
1710840 291
1710850 290
1710860 290
1710870 290
1710880 290
1710890 290
1710900 290
1710910 290
1710920 289
1710930 289
1710940 289
1710950 289
1710960 289
1710970 289
1710980 289
1710990 289
1711000 289
1711010 289
1711020 289
1711030 289
1711040 289
1711050 289
1711060 289
1711070 289
1711080 289
1711090 290
1711100 290
1711110 290
1711120 291
1711130 291
1711140 291
1711150 291
1711160 292
1711170 292
1711180 292
1711190 292
1711200 292
1711210 292
1711220 293
1711230 293
1711240 294
1711250 294
1711260 295
1711270 296
1711280 296
1711290 297
1711300 297
1711310 298
1711320 298
1711330 299
1711340 299
1711350 299
1711360 300
1711370 300
1711380 300
1711390 301
1711400 301
1711410 301
1711420 301
1711430 302
1711440 302
1711450 302
1711460 303
1711470 303
1711480 303
1711490 303
1711500 304
1711510 304
1711520 304
1711530 305
1711540 305
1711550 305
1711560 305
1711570 305
1711580 305
1711590 306
1711600 306
1711610 306
1711620 306
1711630 306
1711640 306
1711650 306
1711660 306
1711670 306
1711680 307
1711690 307
1711700 306
1711710 307
1711720 307
1711730 307
1711740 307
1711750 307
1711760 307
1711770 307
1711780 307
1711790 306
1711800 306
1711810 306
1711820 306
1711830 307
1711840 307
1711850 307
1711860 306
1711870 306
1711880 306
1711890 306
1711900 306
1711910 306
1711920 305
1711930 305
1711940 305
1711950 305
1711960 305
1711970 304
1711980 304
1711990 304
1712000 304
1712010 304
1712020 304
1712030 304
1712040 304
1712050 304
1712060 304
1712070 304
1712080 304
1712090 303
1712100 303
1712110 303
1712120 303
1712130 303
1712140 302
1712150 302
1712160 302
1712170 302
1712180 301
1712190 301
1712200 301
1712210 300
1712220 300
1712230 300
1712240 299
1712250 299
1712260 299
1712270 298
1712280 298
1712290 298
1712300 298
1712310 297
1712320 297
1712330 296
1712340 295
1712350 295
1712360 294
1712370 294
1712380 294
1712390 294
1712400 293
1712410 293
1712420 293
1712430 292
1712440 292
1712450 292
1712460 291
1712470 291
1712480 291
1712490 291
1712500 291
1712510 290
1712520 290
1712530 290
1712540 291
1712550 291
1712560 291
1712570 291
1712580 290
1712590 290
1712600 290
1712610 290
1712620 290
1712630 290
1712640 290
1712650 290
1712660 290
1712670 290
1712680 290
1712690 290
1712700 290
1712710 290
1712720 290
1712730 291
1712740 291
1712750 291
1712760 291
1712770 291
1712780 291
1712790 291
1712800 291
1712810 290
1712820 290
1712830 290
1712840 290
1712850 290
1712860 290
1712870 290
1712880 291
1712890 291
1712900 291
1712910 291
1712920 291
1712930 291
1712940 291
1712950 291
1712960 291
1712970 291
1712980 291
1712990 291
1713000 291
1713010 292
1713020 292
1713030 292
1713040 292
1713050 292
1713060 293
1713070 293
1713080 293
1713090 293
1713100 293
1713110 293
1713120 293
1713130 293
1713140 294
1713150 294
1713160 294
1713170 294
1713180 294
1713190 294
1713200 294
1713210 295
1713220 295
1713230 295
1713240 295
1713250 295
1713260 295
1713270 295
1713280 295
1713290 295
1713300 295
1713310 296
1713320 296
1713330 296
1713340 296
1713350 296
1713360 296
1713370 296
1713380 296
1713390 296
1713400 297
1713410 297
1713420 297
1713430 297
1713440 297
1713450 297
1713460 297
1713470 297
1713480 297
1713490 297
1713500 297
1713510 298
1713520 298
1713530 298
1713540 298
1713550 298
1713560 298
1713570 299
1713580 299
1713590 299
1713600 299
1713610 300
1713620 300
1713630 300
1713640 300
1713650 301
1713660 301
1713670 301
1713680 301
1713690 301
1713700 301
1713710 301
1713720 301
1713730 301
1713740 301
1713750 301
1713760 301
1713770 301
1713780 301
1713790 301
1713800 301
1713810 301
1713820 301
1713830 300
1713840 300
1713850 300
1713860 300
1713870 300
1713880 300
1713890 301
1713900 301
1713910 301
1713920 301
1713930 301
1713940 301
1713950 301
1713960 302
1713970 302
1713980 302
1713990 303
1714000 303
1714010 303
1714020 303
1714030 304
1714040 304
1714050 304
1714060 305
1714070 305
1714080 306
1714090 306
1714100 306
1714110 306
1714120 307
1714130 307
1714140 307
1714150 307
1714160 308
1714170 308
1714180 308
1714190 308
1714200 308
1714210 308
1714220 309
1714230 309
1714240 309
1714250 309
1714260 309
1714270 309
1714280 310
1714290 310
1714300 310
1714310 310
1714320 310
1714330 310
1714340 310
1714350 310
1714360 310
1714370 310
1714380 310
1714390 310
1714400 310
1714410 310
1714420 310
1714430 310
1714440 310
1714450 310
1714460 310
1714470 310
1714480 310
1714490 310
1714500 310
1714510 310
1714520 310
1714530 310
1714540 310
1714550 310
1714560 310
1714570 310
1714580 310
1714590 310
1714600 310
1714610 310
1714620 309
1714630 309
1714640 309
1714650 309
1714660 308
1714670 308
1714680 308
1714690 308
1714700 307
1714710 307
1714720 307
1714730 307
1714740 306
1714750 306
1714760 306
1714770 306
1714780 306
1714790 305
1714800 305
1714810 305
1714820 305
1714830 305
1714840 305
1714850 305
1714860 304
1714870 304
1714880 304
1714890 304
1714900 304
1714910 304
1714920 304
1714930 303
1714940 303
1714950 303
1714960 303
1714970 303
1714980 303
1714990 303
1715000 303
1715010 303
1715020 303
1715030 303
1715040 303
1715050 303
1715060 303
1715070 302
1715080 302
1715090 302
1715100 302
1715110 302
1715120 302
1715130 302
1715140 302
1715150 302
1715160 302
1715170 301
1715180 301
1715190 301
1715200 301
1715210 301
1715220 302
1715230 301
1715240 301
1715250 301
1715260 301
1715270 300
1715280 300
1715290 300
1715300 300
1715310 300
1715320 300
1715330 300
1715340 300
1715350 301
1715360 301
1715370 300
1715380 301
1715390 301
1715400 301
1715410 300
1715420 300
1715430 300
1715440 300
1715450 300
1715460 300
1715470 300
1715480 299
1715490 299
1715500 299
1715510 298
1715520 298
1715530 298
1715540 298
1715550 298
1715560 298
1715570 297
1715580 297
1715590 297
1715600 297
1715610 297
1715620 297
1715630 296
1715640 296
1715650 296
1715660 296
1715670 295
1715680 295
1715690 295
1715700 295
1715710 294
1715720 294
1715730 293
1715740 293
1715750 292
1715760 292
1715770 291
1715780 291
1715790 291
1715800 290
1715810 290
1715820 289
1715830 289
1715840 289
1715850 288
1715860 288
1715870 288
1715880 287
1715890 287
1715900 287
1715910 287
1715920 287
1715930 287
1715940 287
1715950 287
1715960 287
1715970 287
1715980 287
1715990 287
1716000 287
1716010 287
1716020 288
1716030 288
1716040 288
1716050 289
1716060 289
1716070 289
1716080 289
1716090 290
1716100 290
1716110 290
1716120 290
1716130 290
1716140 290
1716150 290
1716160 290
1716170 290
1716180 289
1716190 289
1716200 289
1716210 289
1716220 289
1716230 289
1716240 288
1716250 288
1716260 288
1716270 288
1716280 288
1716290 287
1716300 287
1716310 287
1716320 287
1716330 287
1716340 287
1716350 287
1716360 287
1716370 286
1716380 286
1716390 286
1716400 286
1716410 285
1716420 285
1716430 285
1716440 285
1716450 285
1716460 285
1716470 285
1716480 285
1716490 284
1716500 284
1716510 284
1716520 284
1716530 284
1716540 284
1716550 283
1716560 283
1716570 283
1716580 283
1716590 283
1716600 283
1716610 282
1716620 282
1716630 282
1716640 282
1716650 282
1716660 282
1716670 282
1716680 282
1716690 281
1716700 281
1716710 281
1716720 280
1716730 280
1716740 280
1716750 280
1716760 280
1716770 280
1716780 280
1716790 280
1716800 279
1716810 279
1716820 279
1716830 279
1716840 279
1716850 279
1716860 279
1716870 279
1716880 279
1716890 278
1716900 278
1716910 278
1716920 278
1716930 279
1716940 279
1716950 278
1716960 278
1716970 277
1716980 277
1716990 277
1717000 276
1717010 276
1717020 276
1717030 276
1717040 276
1717050 276
1717060 276
1717070 276
1717080 276
1717090 276
1717100 275
1717110 275
1717120 275
1717130 275
1717140 275
1717150 275
1717160 275
1717170 275
1717180 275
1717190 275
1717200 275
1717210 275
1717220 275
1717230 275
1717240 276
1717250 276
1717260 276
1717270 276
1717280 276
1717290 276
1717300 276
1717310 276
1717320 277
1717330 277
1717340 277
1717350 277
1717360 278
1717370 278
1717380 278
1717390 278
1717400 278
1717410 278
1717420 278
1717430 278
1717440 278
1717450 279
1717460 279
1717470 279
1717480 279
1717490 279
1717500 279
1717510 279
1717520 279
1717530 278
1717540 278
1717550 278
1717560 279
1717570 279
1717580 279
1717590 279
1717600 279
1717610 279
1717620 279
1717630 279
1717640 279
1717650 279
1717660 279
1717670 279
1717680 279
1717690 279
1717700 279
1717710 279
1717720 279
1717730 279
1717740 279
1717750 279
1717760 279
1717770 279
1717780 279
1717790 279
1717800 279
1717810 279
1717820 279
1717830 279
1717840 279
1717850 279
1717860 279
1717870 279
1717880 279
1717890 279
1717900 280
1717910 280
1717920 280
1717930 280
1717940 280
1717950 280
1717960 281
1717970 281
1717980 281
1717990 282
1718000 282
1718010 282
1718020 282
1718030 282
1718040 282
1718050 282
1718060 282
1718070 282
1718080 282
1718090 281
1718100 281
1718110 281
1718120 280
1718130 280
1718140 280
1718150 280
1718160 280
1718170 279
1718180 279
1718190 279
1718200 279
1718210 279
1718220 278
1718230 278
1718240 278
1718250 278
1718260 278
1718270 278
1718280 278
1718290 278
1718300 278
1718310 278
1718320 278
1718330 278
1718340 278
1718350 278
1718360 278
1718370 278
1718380 278
1718390 278
1718400 278
1718410 278
1718420 278
1718430 278
1718440 278
1718450 278
1718460 278
1718470 278
1718480 278
1718490 278
1718500 278
1718510 279
1718520 279
1718530 279
1718540 279
1718550 279
1718560 279
1718570 279
1718580 278
1718590 278
1718600 278
1718610 278
1718620 278
1718630 278
1718640 277
1718650 277
1718660 276
1718670 276
1718680 275
1718690 275
1718700 274
1718710 274
1718720 273
1718730 273
1718740 273
1718750 272
1718760 272
1718770 271
1718780 270
1718790 270
1718800 269
1718810 269
1718820 269
1718830 268
1718840 268
1718850 267
1718860 267
1718870 266
1718880 266
1718890 266
1718900 265
1718910 265
1718920 265
1718930 265
1718940 264
1718950 264
1718960 264
1718970 264
1718980 264
1718990 264
1719000 263
1719010 263
1719020 263
1719030 263
1719040 263
1719050 263
1719060 263
1719070 263
1719080 263
1719090 263
1719100 263
1719110 262
1719120 262
1719130 262
1719140 262
1719150 262
1719160 262
1719170 262
1719180 262
1719190 261
1719200 261
1719210 261
1719220 261
1719230 261
1719240 261
1719250 261
1719260 261
1719270 261
1719280 261
1719290 261
1719300 261
1719310 261
1719320 261
1719330 261
1719340 261
1719350 261
1719360 262
1719370 262
1719380 263
1719390 263
1719400 263
1719410 264
1719420 264
1719430 265
1719440 265
1719450 266
1719460 267
1719470 268
1719480 269
1719490 270
1719500 272
1719510 273
1719520 273
1719530 274
1719540 274
1719550 275
1719560 275
1719570 276
1719580 276
1719590 277
1719600 277
1719610 277
1719620 277
1719630 277
1719640 278
1719650 278
1719660 278
1719670 278
1719680 279
1719690 279
1719700 279
1719710 279
1719720 280
1719730 280
1719740 280
1719750 280
1719760 281
1719770 281
1719780 281
1719790 281
1719800 282
1719810 282
1719820 282
1719830 283
1719840 283
1719850 283
1719860 283
1719870 284
1719880 284
1719890 284
1719900 285
1719910 285
1719920 285
1719930 286
1719940 286
1719950 286
1719960 286
1719970 286
1719980 287
1719990 287
