1700000 236
1700010 236
1700020 236
1700030 236
1700040 236
1700050 237
1700060 237
1700070 238
1700080 237
1700090 237
1700100 237
1700110 237
1700120 237
1700130 237
1700140 237
1700150 237
1700160 237
1700170 237
1700180 237
1700190 237
1700200 237
1700210 237
1700220 237
1700230 237
1700240 237
1700250 237
1700260 237
1700270 237
1700280 237
1700290 237
1700300 237
1700310 237
1700320 236
1700330 236
1700340 236
1700350 236
1700360 236
1700370 236
1700380 236
1700390 236
1700400 237
1700410 237
1700420 237
1700430 237
1700440 237
1700450 237
1700460 237
1700470 237
1700480 237
1700490 237
1700500 237
1700510 237
1700520 237
1700530 237
1700540 237
1700550 237
1700560 237
1700570 237
1700580 237
1700590 237
1700600 237
1700610 237
1700620 237
1700630 237
1700640 237
1700650 237
1700660 237
1700670 237
1700680 237
1700690 237
1700700 238
1700710 238
1700720 238
1700730 238
1700740 238
1700750 238
1700760 238
1700770 238
1700780 238
1700790 238
1700800 238
1700810 238
1700820 238
1700830 238
1700840 238
1700850 238
1700860 238
1700870 238
1700880 238
1700890 238
1700900 238
1700910 238
1700920 238
1700930 238
1700940 238
1700950 238
1700960 238
1700970 238
1700980 238
1700990 238
1701000 238
1701010 238
1701020 238
1701030 238
1701040 238
1701050 238
1701060 238
1701070 238
1701080 238
1701090 238
1701100 238
1701110 238
1701120 238
1701130 238
1701140 239
1701150 239
1701160 239
1701170 239
1701180 238
1701190 238
1701200 237
1701210 236
1701220 236
1701230 237
1701240 238
1701250 239
1701260 239
1701270 239
1701280 239
1701290 239
1701300 239
1701310 239
1701320 238
1701330 238
1701340 238
1701350 238
1701360 238
1701370 238
1701380 238
1701390 238
1701400 238
1701410 239
1701420 239
1701430 239
1701440 239
1701450 239
1701460 239
1701470 239
1701480 239
1701490 239
1701500 239
1701510 239
1701520 239
1701530 239
1701540 239
1701550 239
1701560 240
1701570 240
1701580 240
1701590 240
1701600 240
1701610 240
1701620 240
1701630 240
1701640 239
1701650 239
1701660 239
1701670 239
1701680 239
1701690 239
1701700 240
1701710 240
1701720 240
1701730 240
1701740 240
1701750 240
1701760 240
1701770 240
1701780 240
1701790 240
1701800 240
1701810 240
1701820 240
1701830 240
1701840 240
1701850 241
1701860 241
1701870 241
1701880 241
1701890 240
1701900 240
1701910 240
1701920 240
1701930 240
1701940 240
1701950 240
1701960 240
1701970 240
1701980 240
1701990 240
1702000 240
1702010 240
1702020 240
1702030 240
1702040 240
1702050 241
1702060 241
1702070 241
1702080 241
1702090 241
1702100 241
1702110 241
1702120 241
1702130 241
1702140 241
1702150 242
1702160 242
1702170 242
1702180 242
1702190 243
1702200 243
1702210 244
1702220 245
1702230 246
1702240 247
1702250 249
1702260 249
1702270 249
1702280 250
1702290 250
1702300 250
1702310 251
1702320 251
1702330 252
1702340 252
1702350 252
1702360 253
1702370 253
1702380 254
1702390 254
1702400 254
1702410 255
1702420 255
1702430 255
1702440 255
1702450 256
1702460 256
1702470 256
1702480 256
1702490 256
1702500 256
1702510 256
1702520 256
1702530 257
1702540 257
1702550 257
1702560 257
1702570 257
1702580 258
1702590 258
1702600 258
1702610 258
1702620 258
1702630 258
1702640 258
1702650 258
1702660 258
1702670 258
1702680 258
1702690 258
1702700 258
1702710 258
1702720 258
1702730 258
1702740 258
1702750 258
1702760 258
1702770 258
1702780 258
1702790 258
1702800 258
1702810 257
1702820 257
1702830 257
1702840 257
1702850 257
1702860 256
1702870 256
1702880 256
1702890 256
1702900 255
1702910 255
1702920 255
1702930 255
1702940 255
1702950 254
1702960 254
1702970 254
1702980 254
1702990 254
1703000 254
1703010 254
1703020 254
1703030 254
1703040 254
1703050 254
1703060 254
1703070 255
1703080 256
1703090 257
1703100 257
1703110 257
1703120 258
1703130 258
1703140 259
1703150 259
1703160 259
1703170 260
1703180 260
1703190 260
1703200 261
1703210 262
1703220 263
1703230 264
1703240 265
1703250 265
1703260 266
1703270 268
1703280 270
1703290 272
1703300 273
1703310 274
1703320 275
1703330 276
1703340 277
1703350 277
1703360 278
1703370 278
1703380 278
1703390 279
1703400 279
1703410 279
1703420 279
1703430 280
1703440 280
1703450 280
1703460 281
1703470 281
1703480 281
1703490 281
1703500 281
1703510 281
1703520 281
1703530 281
1703540 282
1703550 282
1703560 282
1703570 282
1703580 282
1703590 282
1703600 283
1703610 283
1703620 283
1703630 283
1703640 283
1703650 283
1703660 283
1703670 283
1703680 283
1703690 283
1703700 283
1703710 283
1703720 282
1703730 282
1703740 282
1703750 281
1703760 281
1703770 281
1703780 281
1703790 281
1703800 281
1703810 281
1703820 281
1703830 282
1703840 282
1703850 282
1703860 282
1703870 282
1703880 281
1703890 281
1703900 281
1703910 281
1703920 281
1703930 281
1703940 281
1703950 281
1703960 281
1703970 281
1703980 280
1703990 280
1704000 280
1704010 280
1704020 279
1704030 279
1704040 279
1704050 279
1704060 279
1704070 278
1704080 278
1704090 278
1704100 277
1704110 277
1704120 277
1704130 276
1704140 276
1704150 276
1704160 276
1704170 275
1704180 275
1704190 275
1704200 275
1704210 275
1704220 275
1704230 275
1704240 274
1704250 274
1704260 274
1704270 274
1704280 273
1704290 273
1704300 273
1704310 273
1704320 272
1704330 272
1704340 272
1704350 271
1704360 271
1704370 270
1704380 270
1704390 270
1704400 269
1704410 269
1704420 268
1704430 268
1704440 267
1704450 267
1704460 267
1704470 266
1704480 266
1704490 265
1704500 265
1704510 264
1704520 264
1704530 264
1704540 264
1704550 264
1704560 264
1704570 264
1704580 263
1704590 263
1704600 263
1704610 263
1704620 263
1704630 263
1704640 264
1704650 264
1704660 263
1704670 263
1704680 263
1704690 263
1704700 263
1704710 263
1704720 263
1704730 263
1704740 263
1704750 263
1704760 263
1704770 263
1704780 263
1704790 263
1704800 263
1704810 263
1704820 263
1704830 263
1704840 263
1704850 263
1704860 263
1704870 263
1704880 263
1704890 263
1704900 263
1704910 263
1704920 263
1704930 263
1704940 263
1704950 263
1704960 263
1704970 263
1704980 263
1704990 263
1705000 263
1705010 263
1705020 263
1705030 263
1705040 263
1705050 263
1705060 263
1705070 264
1705080 264
1705090 264
1705100 264
1705110 264
1705120 264
1705130 264
1705140 264
1705150 264
1705160 264
1705170 264
1705180 264
1705190 264
1705200 264
1705210 264
1705220 264
1705230 264
1705240 264
1705250 263
1705260 263
1705270 262
1705280 263
1705290 264
1705300 264
1705310 264
1705320 264
1705330 264
1705340 264
1705350 264
1705360 264
1705370 264
1705380 264
1705390 264
1705400 264
1705410 264
1705420 264
1705430 264
1705440 264
1705450 264
1705460 264
1705470 264
1705480 265
1705490 265
1705500 265
1705510 265
1705520 265
1705530 265
1705540 266
1705550 266
1705560 266
1705570 266
1705580 266
1705590 266
1705600 266
1705610 266
1705620 266
1705630 266
1705640 266
1705650 267
1705660 267
1705670 267
1705680 267
1705690 267
1705700 268
1705710 268
1705720 269
1705730 269
1705740 269
1705750 269
1705760 270
1705770 270
1705780 270
1705790 271
1705800 272
1705810 272
1705820 273
1705830 273
1705840 273
1705850 274
1705860 274
1705870 274
1705880 275
1705890 276
1705900 277
1705910 277
1705920 278
1705930 279
1705940 279
1705950 280
1705960 280
1705970 280
1705980 280
1705990 280
1706000 281
1706010 281
1706020 281
1706030 281
1706040 281
1706050 282
1706060 282
1706070 282
1706080 282
1706090 282
1706100 282
1706110 283
1706120 283
1706130 283
1706140 284
1706150 284
1706160 284
1706170 284
1706180 284
1706190 284
1706200 283
1706210 283
1706220 283
1706230 283
1706240 282
1706250 282
1706260 281
1706270 280
1706280 280
1706290 279
1706300 279
1706310 279
1706320 279
1706330 279
1706340 279
1706350 280
1706360 280
1706370 281
1706380 281
1706390 282
1706400 283
1706410 284
1706420 285
1706430 286
1706440 286
1706450 287
1706460 288
1706470 289
1706480 290
1706490 290
1706500 291
1706510 292
1706520 293
1706530 293
1706540 294
1706550 294
1706560 295
1706570 295
1706580 295
1706590 296
1706600 296
1706610 296
1706620 296
1706630 296
1706640 296
1706650 296
1706660 296
1706670 296
1706680 295
1706690 295
1706700 295
1706710 295
1706720 294
1706730 294
1706740 293
1706750 292
1706760 291
1706770 291
1706780 290
1706790 290
1706800 289
1706810 289
1706820 289
1706830 289
1706840 289
1706850 290
1706860 290
1706870 291
1706880 292
1706890 293
1706900 294
1706910 295
1706920 296
1706930 298
1706940 299
1706950 300
1706960 301
1706970 301
1706980 302
1706990 302
1707000 303
1707010 303
1707020 303
1707030 304
1707040 304
1707050 304
1707060 304
1707070 304
1707080 304
1707090 304
1707100 304
1707110 303
1707120 302
1707130 302
1707140 301
1707150 300
1707160 299
1707170 298
1707180 297
1707190 297
1707200 296
1707210 296
1707220 295
1707230 295
1707240 294
1707250 294
1707260 293
1707270 293
1707280 293
1707290 293
1707300 293
1707310 293
1707320 293
1707330 293
1707340 293
1707350 293
1707360 293
1707370 293
1707380 293
1707390 293
1707400 293
1707410 293
1707420 293
1707430 294
1707440 294
1707450 294
1707460 294
1707470 293
1707480 293
1707490 293
1707500 293
1707510 292
1707520 292
1707530 292
1707540 291
1707550 291
1707560 290
1707570 289
1707580 289
1707590 289
1707600 289
1707610 289
1707620 289
1707630 289
1707640 289
1707650 289
1707660 289
1707670 289
1707680 289
1707690 289
1707700 290
1707710 290
1707720 290
1707730 290
1707740 290
1707750 291
1707760 291
1707770 292
1707780 293
1707790 293
1707800 294
1707810 294
1707820 295
1707830 295
1707840 296
1707850 296
1707860 296
1707870 296
1707880 297
1707890 297
1707900 297
1707910 297
1707920 297
1707930 297
1707940 297
1707950 296
1707960 296
1707970 297
1707980 298
1707990 298
1708000 299
1708010 299
1708020 300
1708030 300
1708040 301
1708050 301
1708060 302
1708070 302
1708080 302
1708090 303
1708100 303
1708110 304
1708120 304
1708130 305
1708140 305
1708150 306
1708160 306
1708170 307
1708180 308
1708190 308
1708200 309
1708210 309
1708220 310
1708230 311
1708240 311
1708250 312
1708260 312
1708270 313
1708280 313
1708290 314
1708300 314
1708310 315
1708320 315
1708330 316
1708340 316
1708350 316
1708360 317
1708370 317
1708380 317
1708390 318
1708400 318
1708410 318
1708420 318
1708430 318
1708440 318
1708450 318
1708460 318
1708470 318
1708480 318
1708490 318
1708500 318
1708510 319
1708520 320
1708530 321
1708540 322
1708550 322
1708560 322
1708570 323
1708580 323
1708590 323
1708600 324
1708610 324
1708620 324
1708630 325
1708640 326
1708650 327
1708660 328
1708670 329
1708680 329
1708690 330
1708700 331
1708710 331
1708720 332
1708730 332
1708740 332
1708750 332
1708760 333
1708770 334
1708780 334
1708790 335
1708800 335
1708810 336
1708820 336
1708830 336
1708840 337
1708850 337
1708860 338
1708870 339
1708880 339
1708890 340
1708900 340
1708910 340
1708920 341
1708930 341
1708940 341
1708950 342
1708960 342
1708970 342
1708980 342
1708990 343
1709000 343
1709010 344
1709020 344
1709030 344
1709040 344
1709050 344
1709060 344
1709070 343
1709080 343
1709090 343
1709100 343
1709110 342
1709120 342
1709130 341
1709140 341
1709150 340
1709160 340
1709170 339
1709180 338
1709190 338
1709200 337
1709210 337
1709220 336
1709230 336
1709240 335
1709250 335
1709260 334
1709270 333
1709280 332
1709290 331
1709300 331
1709310 330
1709320 330
1709330 330
1709340 330
1709350 329
1709360 329
1709370 329
1709380 328
1709390 328
1709400 328
1709410 328
1709420 327
1709430 327
1709440 327
1709450 326
1709460 326
1709470 326
1709480 326
1709490 325
1709500 325
1709510 325
1709520 325
1709530 324
1709540 324
1709550 324
1709560 324
1709570 323
1709580 323
1709590 323
1709600 323
1709610 323
1709620 322
1709630 322
1709640 321
1709650 321
1709660 320
1709670 320
1709680 319
1709690 319
1709700 318
1709710 318
1709720 317
1709730 317
1709740 316
1709750 316
1709760 315
1709770 314
1709780 314
1709790 313
1709800 312
1709810 312
1709820 311
1709830 311
1709840 310
1709850 310
1709860 309
1709870 309
1709880 309
1709890 308
1709900 308
1709910 307
1709920 306
1709930 306
1709940 305
1709950 305
1709960 305
1709970 304
1709980 304
1709990 304
1710000 303
1710010 303
1710020 302
1710030 302
1710040 301
1710050 301
1710060 300
1710070 300
1710080 300
1710090 300
1710100 300
1710110 300
1710120 300
1710130 299
1710140 299
1710150 298
1710160 298
1710170 297
1710180 296
1710190 296
1710200 295
1710210 295
1710220 294
1710230 294
1710240 293
1710250 293
1710260 293
1710270 292
1710280 292
1710290 291
1710300 291
1710310 291
1710320 290
1710330 290
1710340 290
1710350 290
1710360 290
1710370 290
1710380 290
1710390 290
1710400 290
1710410 290
1710420 290
1710430 290
1710440 291
1710450 292
1710460 293
1710470 294
1710480 295
1710490 296
1710500 296
1710510 297
1710520 297
1710530 297
1710540 297
1710550 297
1710560 297
1710570 297
1710580 296
1710590 295
1710600 295
1710610 296
1710620 297
1710630 297
1710640 297
1710650 297
1710660 297
1710670 297
1710680 297
1710690 296
1710700 295
1710710 295
1710720 295
1710730 296
1710740 297
1710750 297
1710760 297
1710770 297
1710780 297
1710790 298
1710800 298
1710810 298
1710820 298
1710830 298
1710840 298
1710850 298
1710860 298
1710870 298
1710880 298
1710890 298
1710900 298
1710910 298
1710920 298
1710930 297
1710940 297
1710950 297
1710960 297
1710970 297
1710980 296
1710990 296
1711000 296
1711010 296
1711020 296
1711030 296
1711040 297
1711050 297
1711060 297
1711070 297
1711080 298
1711090 298
1711100 298
1711110 298
1711120 299
1711130 299
1711140 299
1711150 299
1711160 299
1711170 300
1711180 300
1711190 300
1711200 300
1711210 300
1711220 300
1711230 300
1711240 301
1711250 301
1711260 301
1711270 301
1711280 301
1711290 302
1711300 302
1711310 302
1711320 302
1711330 303
1711340 303
1711350 304
1711360 304
1711370 304
1711380 305
1711390 305
1711400 305
1711410 306
1711420 306
1711430 306
1711440 307
1711450 307
1711460 307
1711470 308
1711480 308
1711490 308
1711500 308
1711510 309
1711520 309
1711530 309
1711540 309
1711550 309
1711560 309
1711570 309
1711580 309
1711590 309
1711600 309
1711610 309
1711620 309
1711630 309
1711640 309
1711650 309
1711660 309
1711670 309
1711680 309
1711690 309
1711700 310
1711710 310
1711720 310
1711730 310
1711740 310
1711750 310
1711760 310
1711770 310
1711780 310
1711790 310
1711800 310
1711810 310
1711820 310
1711830 310
1711840 311
1711850 311
1711860 311
1711870 311
1711880 311
1711890 311
1711900 311
1711910 311
1711920 312
1711930 312
1711940 312
1711950 312
1711960 312
1711970 312
1711980 312
1711990 312
1712000 312
1712010 312
1712020 312
1712030 312
1712040 312
1712050 313
1712060 313
1712070 313
1712080 313
1712090 313
1712100 313
1712110 313
1712120 313
1712130 313
1712140 313
1712150 313
1712160 313
1712170 313
1712180 313
1712190 313
1712200 313
1712210 313
1712220 313
1712230 314
1712240 314
1712250 314
1712260 314
1712270 314
1712280 314
1712290 314
1712300 314
1712310 314
1712320 314
1712330 314
1712340 314
1712350 314
1712360 314
1712370 314
1712380 314
1712390 314
1712400 314
1712410 314
1712420 314
1712430 314
1712440 313
1712450 313
1712460 313
1712470 313
1712480 313
1712490 313
1712500 313
1712510 313
1712520 313
1712530 313
1712540 313
1712550 312
1712560 312
1712570 312
1712580 312
1712590 312
1712600 312
1712610 312
1712620 312
1712630 312
1712640 312
1712650 312
1712660 312
1712670 312
1712680 312
1712690 312
1712700 312
1712710 312
1712720 312
1712730 312
1712740 312
1712750 312
1712760 312
1712770 312
1712780 312
1712790 312
1712800 312
1712810 312
1712820 312
1712830 312
1712840 312
1712850 312
1712860 313
1712870 313
1712880 313
1712890 313
1712900 313
1712910 313
1712920 313
1712930 313
1712940 313
1712950 313
1712960 313
1712970 313
1712980 313
1712990 313
1713000 313
1713010 313
1713020 313
1713030 313
1713040 313
1713050 313
1713060 313
1713070 312
1713080 312
1713090 312
1713100 312
1713110 311
1713120 311
1713130 311
1713140 310
1713150 310
1713160 309
1713170 309
1713180 309
1713190 308
1713200 308
1713210 308
1713220 308
1713230 308
1713240 307
1713250 307
1713260 307
1713270 307
1713280 307
1713290 307
1713300 307
1713310 307
1713320 306
1713330 306
1713340 306
1713350 306
1713360 306
1713370 306
1713380 306
1713390 306
1713400 305
1713410 305
1713420 305
1713430 305
1713440 305
1713450 304
1713460 303
1713470 303
1713480 302
1713490 302
1713500 302
1713510 301
1713520 301
1713530 301
1713540 301
1713550 300
1713560 300
1713570 300
1713580 300
1713590 300
1713600 300
1713610 300
1713620 300
1713630 300
1713640 301
1713650 301
1713660 301
1713670 302
1713680 302
1713690 302
1713700 303
1713710 303
1713720 304
1713730 305
1713740 305
1713750 306
1713760 306
1713770 306
1713780 307
1713790 307
1713800 307
1713810 308
1713820 309
1713830 309
1713840 309
1713850 310
1713860 310
1713870 310
1713880 311
1713890 311
1713900 312
1713910 313
1713920 314
1713930 314
1713940 314
1713950 314
1713960 314
1713970 315
1713980 315
1713990 316
1714000 316
1714010 316
1714020 316
1714030 316
1714040 316
1714050 316
1714060 316
1714070 316
1714080 316
1714090 316
1714100 316
1714110 316
1714120 316
1714130 316
1714140 316
1714150 316
1714160 316
1714170 316
1714180 315
1714190 315
1714200 315
1714210 315
1714220 315
1714230 315
1714240 315
1714250 314
1714260 314
1714270 314
1714280 314
1714290 313
1714300 313
1714310 313
1714320 313
1714330 313
1714340 312
1714350 312
1714360 312
1714370 312
1714380 312
1714390 312
1714400 312
1714410 312
1714420 312
1714430 311
1714440 311
1714450 311
1714460 311
1714470 311
1714480 311
1714490 310
1714500 310
1714510 310
1714520 310
1714530 310
1714540 310
1714550 310
1714560 310
1714570 310
1714580 310
1714590 310
1714600 310
1714610 309
1714620 309
1714630 309
1714640 309
1714650 309
1714660 308
1714670 308
1714680 308
1714690 308
1714700 308
1714710 309
1714720 309
1714730 308
1714740 308
1714750 308
1714760 308
1714770 308
1714780 308
1714790 307
1714800 307
1714810 307
1714820 307
1714830 307
1714840 307
1714850 307
1714860 307
1714870 306
1714880 306
1714890 306
1714900 306
1714910 306
1714920 306
1714930 306
1714940 305
1714950 305
1714960 305
1714970 305
1714980 305
1714990 304
1715000 304
1715010 304
1715020 304
1715030 303
1715040 303
1715050 303
1715060 302
1715070 302
1715080 302
1715090 302
1715100 301
1715110 301
1715120 301
1715130 301
1715140 301
1715150 301
1715160 301
1715170 300
1715180 300
1715190 299
1715200 299
1715210 299
1715220 299
1715230 298
1715240 298
1715250 298
1715260 298
1715270 298
1715280 298
1715290 298
1715300 297
1715310 297
1715320 297
1715330 297
1715340 297
1715350 297
1715360 296
1715370 296
1715380 296
1715390 296
1715400 296
1715410 296
1715420 296
1715430 296
1715440 296
1715450 295
1715460 295
1715470 295
1715480 295
1715490 295
1715500 295
1715510 295
1715520 295
1715530 295
1715540 294
1715550 294
1715560 294
1715570 294
1715580 294
1715590 294
1715600 294
1715610 294
1715620 294
1715630 293
1715640 293
1715650 293
1715660 293
1715670 293
1715680 293
1715690 293
1715700 293
1715710 293
1715720 292
1715730 292
1715740 292
1715750 292
1715760 292
1715770 292
1715780 292
1715790 292
1715800 292
1715810 292
1715820 292
1715830 292
1715840 292
1715850 292
1715860 292
1715870 292
1715880 292
1715890 291
1715900 291
1715910 291
1715920 291
1715930 291
1715940 291
1715950 291
1715960 291
1715970 291
1715980 291
1715990 291
1716000 291
1716010 291
1716020 290
1716030 290
1716040 290
1716050 290
1716060 290
1716070 290
1716080 290
1716090 290
1716100 290
1716110 290
1716120 290
1716130 290
1716140 290
1716150 290
1716160 290
1716170 290
1716180 289
1716190 289
1716200 289
1716210 289
1716220 289
1716230 289
1716240 289
1716250 289
1716260 289
1716270 289
1716280 289
1716290 289
1716300 289
1716310 289
1716320 289
1716330 289
1716340 289
1716350 289
1716360 289
1716370 289
1716380 289
1716390 289
1716400 289
1716410 289
1716420 289
1716430 289
1716440 289
1716450 289
1716460 289
1716470 289
1716480 289
1716490 289
1716500 289
1716510 289
1716520 288
1716530 288
1716540 288
1716550 288
1716560 288
1716570 287
1716580 286
1716590 286
1716600 286
1716610 286
1716620 287
1716630 287
1716640 287
1716650 288
1716660 288
1716670 288
1716680 288
1716690 288
1716700 288
1716710 287
1716720 287
1716730 287
1716740 287
1716750 287
1716760 287
1716770 287
1716780 287
1716790 286
1716800 286
1716810 286
1716820 286
1716830 286
1716840 286
1716850 286
1716860 286
1716870 286
1716880 285
1716890 285
1716900 285
1716910 285
1716920 285
1716930 285
1716940 285
1716950 285
1716960 285
1716970 285
1716980 285
1716990 285
1717000 285
1717010 285
1717020 284
1717030 284
1717040 284
1717050 284
1717060 284
1717070 284
1717080 284
1717090 284
1717100 284
1717110 284
1717120 284
1717130 284
1717140 284
1717150 284
1717160 284
1717170 284
1717180 284
1717190 284
1717200 284
1717210 284
1717220 283
1717230 283
1717240 283
1717250 283
1717260 283
1717270 283
1717280 282
1717290 282
1717300 282
1717310 282
1717320 282
1717330 282
1717340 282
1717350 282
1717360 281
1717370 281
1717380 281
1717390 281
1717400 281
1717410 280
1717420 280
1717430 279
1717440 279
1717450 278
1717460 278
1717470 278
1717480 278
1717490 278
1717500 277
1717510 277
1717520 277
1717530 277
1717540 277
1717550 277
1717560 277
1717570 276
1717580 276
1717590 276
1717600 276
1717610 276
1717620 275
1717630 275
1717640 274
1717650 274
1717660 274
1717670 273
1717680 273
1717690 273
1717700 273
1717710 273
1717720 272
1717730 272
1717740 272
1717750 272
1717760 273
1717770 273
1717780 274
1717790 275
1717800 276
1717810 277
1717820 278
1717830 279
1717840 280
1717850 280
1717860 281
1717870 281
1717880 281
1717890 281
1717900 281
1717910 281
1717920 281
1717930 281
1717940 281
1717950 281
1717960 281
1717970 280
1717980 280
1717990 280
1718000 280
1718010 280
1718020 279
1718030 279
1718040 279
1718050 278
1718060 278
1718070 278
1718080 277
1718090 277
1718100 277
1718110 276
1718120 276
1718130 276
1718140 276
1718150 275
1718160 275
1718170 275
1718180 275
1718190 274
1718200 274
1718210 273
1718220 273
1718230 273
1718240 272
1718250 272
1718260 272
1718270 271
1718280 271
1718290 271
1718300 270
1718310 270
1718320 270
1718330 269
1718340 269
1718350 268
1718360 268
1718370 267
1718380 267
1718390 267
1718400 267
1718410 266
1718420 266
1718430 266
1718440 266
1718450 266
1718460 265
1718470 265
1718480 265
1718490 265
1718500 265
1718510 265
1718520 265
1718530 265
1718540 264
1718550 264
1718560 264
1718570 263
1718580 263
1718590 263
1718600 263
1718610 263
1718620 263
1718630 263
1718640 263
1718650 263
1718660 263
1718670 263
1718680 263
1718690 264
1718700 265
1718710 265
1718720 265
1718730 265
1718740 265
1718750 265
1718760 266
1718770 266
1718780 266
1718790 267
1718800 267
1718810 268
1718820 268
1718830 269
1718840 269
1718850 270
1718860 270
1718870 271
1718880 272
1718890 272
1718900 273
1718910 274
1718920 275
1718930 276
1718940 277
1718950 278
1718960 279
1718970 280
1718980 281
1718990 282
1719000 283
1719010 284
1719020 285
1719030 286
1719040 287
1719050 288
1719060 289
1719070 289
1719080 290
1719090 290
1719100 290
1719110 290
1719120 291
1719130 291
1719140 291
1719150 291
1719160 291
1719170 292
1719180 292
1719190 292
1719200 292
1719210 292
1719220 292
1719230 292
1719240 292
1719250 291
1719260 291
1719270 291
1719280 291
1719290 291
1719300 290
1719310 290
1719320 290
1719330 290
1719340 290
1719350 290
1719360 290
1719370 290
1719380 289
1719390 289
1719400 289
1719410 288
1719420 288
1719430 288
1719440 288
1719450 287
1719460 287
1719470 287
1719480 287
1719490 287
1719500 286
1719510 286
1719520 286
1719530 286
1719540 286
1719550 286
1719560 286
1719570 286
1719580 286
1719590 286
1719600 286
1719610 286
1719620 286
1719630 286
1719640 286
1719650 286
1719660 287
1719670 287
1719680 287
1719690 287
1719700 287
1719710 287
1719720 287
1719730 287
1719740 287
1719750 287
1719760 287
1719770 287
1719780 287
1719790 287
1719800 287
1719810 287
1719820 287
1719830 287
1719840 287
1719850 286
1719860 286
1719870 286
1719880 286
1719890 285
1719900 285
1719910 285
1719920 284
1719930 284
1719940 283
1719950 282
1719960 282
1719970 281
1719980 281
1719990 281
