1700000 242
1700010 242
1700020 242
1700030 243
1700040 243
1700050 243
1700060 243
1700070 243
1700080 243
1700090 242
1700100 242
1700110 242
1700120 242
1700130 242
1700140 243
1700150 243
1700160 243
1700170 243
1700180 243
1700190 243
1700200 243
1700210 243
1700220 243
1700230 244
1700240 244
1700250 244
1700260 244
1700270 244
1700280 244
1700290 244
1700300 244
1700310 244
1700320 244
1700330 244
1700340 244
1700350 244
1700360 245
1700370 245
1700380 245
1700390 245
1700400 245
1700410 245
1700420 246
1700430 246
1700440 246
1700450 246
1700460 246
1700470 246
1700480 246
1700490 246
1700500 246
1700510 247
1700520 247
1700530 247
1700540 247
1700550 248
1700560 248
1700570 248
1700580 248
1700590 247
1700600 247
1700610 247
1700620 247
1700630 246
1700640 246
1700650 246
1700660 246
1700670 245
1700680 245
1700690 245
1700700 244
1700710 244
1700720 244
1700730 244
1700740 244
1700750 244
1700760 244
1700770 244
1700780 244
1700790 244
1700800 244
1700810 244
1700820 244
1700830 244
1700840 244
1700850 244
1700860 244
1700870 244
1700880 244
1700890 244
1700900 243
1700910 243
1700920 244
1700930 244
1700940 244
1700950 244
1700960 244
1700970 244
1700980 244
1700990 244
1701000 244
1701010 244
1701020 244
1701030 244
1701040 244
1701050 244
1701060 245
1701070 245
1701080 245
1701090 245
1701100 245
1701110 245
1701120 245
1701130 245
1701140 245
1701150 246
1701160 246
1701170 246
1701180 246
1701190 246
1701200 246
1701210 246
1701220 245
1701230 245
1701240 244
1701250 244
1701260 244
1701270 244
1701280 244
1701290 244
1701300 243
1701310 243
1701320 243
1701330 243
1701340 242
1701350 242
1701360 242
1701370 241
1701380 241
1701390 240
1701400 240
1701410 240
1701420 240
1701430 240
1701440 240
1701450 240
1701460 240
1701470 240
1701480 240
1701490 239
1701500 238
1701510 238
1701520 238
1701530 239
1701540 240
1701550 240
1701560 240
1701570 240
1701580 240
1701590 240
1701600 240
1701610 240
1701620 240
1701630 240
1701640 240
1701650 240
1701660 240
1701670 240
1701680 240
1701690 240
1701700 240
1701710 240
1701720 240
1701730 240
1701740 240
1701750 240
1701760 240
1701770 240
1701780 240
1701790 240
1701800 240
1701810 240
1701820 240
1701830 240
1701840 240
1701850 240
1701860 240
1701870 240
1701880 240
1701890 240
1701900 240
1701910 240
1701920 240
1701930 240
1701940 241
1701950 241
1701960 241
1701970 241
1701980 241
1701990 241
1702000 241
1702010 241
1702020 241
1702030 241
1702040 241
1702050 241
1702060 241
1702070 241
1702080 241
1702090 241
1702100 241
1702110 241
1702120 241
1702130 242
1702140 242
1702150 242
1702160 242
1702170 242
1702180 242
1702190 242
1702200 242
1702210 242
1702220 242
1702230 242
1702240 243
1702250 243
1702260 243
1702270 243
1702280 243
1702290 243
1702300 243
1702310 244
1702320 244
1702330 244
1702340 244
1702350 244
1702360 245
1702370 245
1702380 246
1702390 246
1702400 247
1702410 247
1702420 247
1702430 248
1702440 248
1702450 248
1702460 248
1702470 249
1702480 249
1702490 250
1702500 250
1702510 251
1702520 252
1702530 253
1702540 253
1702550 254
1702560 254
1702570 254
1702580 255
1702590 255
1702600 255
1702610 255
1702620 255
1702630 255
1702640 256
1702650 256
1702660 256
1702670 257
1702680 257
1702690 257
1702700 258
1702710 258
1702720 258
1702730 259
1702740 259
1702750 259
1702760 260
1702770 260
1702780 261
1702790 261
1702800 262
1702810 262
1702820 263
1702830 263
1702840 263
1702850 264
1702860 264
1702870 265
1702880 265
1702890 266
1702900 266
1702910 266
1702920 267
1702930 267
1702940 267
1702950 267
1702960 268
1702970 268
1702980 268
1702990 268
1703000 267
1703010 267
1703020 268
1703030 268
1703040 268
1703050 268
1703060 269
1703070 269
1703080 269
1703090 268
1703100 268
1703110 268
1703120 268
1703130 268
1703140 267
1703150 267
1703160 267
1703170 268
1703180 268
1703190 269
1703200 269
1703210 270
1703220 271
1703230 272
1703240 273
1703250 274
1703260 275
1703270 276
1703280 277
1703290 278
1703300 279
1703310 279
1703320 280
1703330 281
1703340 282
1703350 283
1703360 284
1703370 285
1703380 286
1703390 287
1703400 288
1703410 289
1703420 290
1703430 290
1703440 292
1703450 293
1703460 294
1703470 295
1703480 297
1703490 298
1703500 299
1703510 301
1703520 302
1703530 303
1703540 305
1703550 306
1703560 308
1703570 309
1703580 311
1703590 312
1703600 313
1703610 314
1703620 314
1703630 315
1703640 316
1703650 316
1703660 317
1703670 317
1703680 317
1703690 317
1703700 317
1703710 315
1703720 314
1703730 312
1703740 310
1703750 309
1703760 308
1703770 307
1703780 306
1703790 305
1703800 304
1703810 303
1703820 303
1703830 302
1703840 301
1703850 301
1703860 299
1703870 298
1703880 297
1703890 296
1703900 295
1703910 294
1703920 293
1703930 292
1703940 291
1703950 290
1703960 289
1703970 287
1703980 286
1703990 284
1704000 283
1704010 280
1704020 278
1704030 277
1704040 275
1704050 274
1704060 273
1704070 272
1704080 271
1704090 270
1704100 269
1704110 268
1704120 267
1704130 266
1704140 265
1704150 265
1704160 264
1704170 264
1704180 264
1704190 263
1704200 263
1704210 262
1704220 262
1704230 262
1704240 262
1704250 262
1704260 261
1704270 261
1704280 261
1704290 261
1704300 261
1704310 261
1704320 261
1704330 261
1704340 261
1704350 261
1704360 261
1704370 261
1704380 261
1704390 261
1704400 261
1704410 261
1704420 261
1704430 261
1704440 261
1704450 261
1704460 261
1704470 261
1704480 261
1704490 262
1704500 262
1704510 262
1704520 262
1704530 262
1704540 262
1704550 262
1704560 262
1704570 262
1704580 263
1704590 263
1704600 262
1704610 262
1704620 260
1704630 260
1704640 260
1704650 261
1704660 262
1704670 262
1704680 262
1704690 262
1704700 262
1704710 262
1704720 262
1704730 262
1704740 262
1704750 262
1704760 262
1704770 262
1704780 262
1704790 262
1704800 262
1704810 262
1704820 262
1704830 262
1704840 262
1704850 262
1704860 262
1704870 262
1704880 262
1704890 262
1704900 262
1704910 262
1704920 262
1704930 262
1704940 262
1704950 263
1704960 263
1704970 263
1704980 263
1704990 264
1705000 264
1705010 264
1705020 264
1705030 264
1705040 264
1705050 264
1705060 264
1705070 264
1705080 264
1705090 264
1705100 265
1705110 265
1705120 264
1705130 264
1705140 264
1705150 264
1705160 264
1705170 264
1705180 265
1705190 265
1705200 265
1705210 265
1705220 265
1705230 265
1705240 265
1705250 265
1705260 266
1705270 266
1705280 266
1705290 266
1705300 267
1705310 267
1705320 267
1705330 268
1705340 268
1705350 269
1705360 269
1705370 269
1705380 270
1705390 270
1705400 271
1705410 272
1705420 272
1705430 273
1705440 273
1705450 274
1705460 274
1705470 275
1705480 276
1705490 276
1705500 277
1705510 278
1705520 278
1705530 279
1705540 279
1705550 280
1705560 280
1705570 280
1705580 280
1705590 280
1705600 281
1705610 281
1705620 281
1705630 282
1705640 282
1705650 282
1705660 283
1705670 283
1705680 284
1705690 284
1705700 284
1705710 284
1705720 285
1705730 285
1705740 285
1705750 285
1705760 285
1705770 285
1705780 285
1705790 285
1705800 285
1705810 284
1705820 284
1705830 284
1705840 284
1705850 284
1705860 284
1705870 284
1705880 284
1705890 284
1705900 283
1705910 283
1705920 283
1705930 283
1705940 283
1705950 283
1705960 283
1705970 283
1705980 283
1705990 284
1706000 284
1706010 285
1706020 285
1706030 286
1706040 286
1706050 287
1706060 288
1706070 289
1706080 290
1706090 291
1706100 291
1706110 292
1706120 293
1706130 294
1706140 295
1706150 295
1706160 296
1706170 297
1706180 297
1706190 298
1706200 298
1706210 299
1706220 299
1706230 300
1706240 300
1706250 300
1706260 301
1706270 301
1706280 301
1706290 302
1706300 302
1706310 302
1706320 302
1706330 302
1706340 302
1706350 302
1706360 302
1706370 302
1706380 301
1706390 301
1706400 300
1706410 300
1706420 299
1706430 299
1706440 298
1706450 298
1706460 297
1706470 297
1706480 296
1706490 296
1706500 296
1706510 295
1706520 295
1706530 295
1706540 295
1706550 295
1706560 295
1706570 295
1706580 296
1706590 296
1706600 297
1706610 298
1706620 299
1706630 300
1706640 301
1706650 302
1706660 303
1706670 304
1706680 305
1706690 306
1706700 306
1706710 306
1706720 306
1706730 306
1706740 306
1706750 306
1706760 306
1706770 306
1706780 307
1706790 307
1706800 307
1706810 307
1706820 307
1706830 308
1706840 309
1706850 309
1706860 310
1706870 311
1706880 311
1706890 312
1706900 312
1706910 312
1706920 312
1706930 312
1706940 312
1706950 312
1706960 312
1706970 313
1706980 313
1706990 313
1707000 313
1707010 312
1707020 312
1707030 312
1707040 312
1707050 312
1707060 312
1707070 312
1707080 312
1707090 313
1707100 313
1707110 313
1707120 313
1707130 312
1707140 312
1707150 312
1707160 312
1707170 312
1707180 312
1707190 312
1707200 312
1707210 312
1707220 312
1707230 312
1707240 311
1707250 311
1707260 311
1707270 311
1707280 311
1707290 311
1707300 311
1707310 311
1707320 311
1707330 311
1707340 311
1707350 311
1707360 311
1707370 310
1707380 310
1707390 310
1707400 310
1707410 310
1707420 310
1707430 310
1707440 310
1707450 310
1707460 310
1707470 310
1707480 311
1707490 311
1707500 311
1707510 311
1707520 311
1707530 311
1707540 311
1707550 312
1707560 312
1707570 312
1707580 312
1707590 313
1707600 313
1707610 313
1707620 313
1707630 313
1707640 313
1707650 314
1707660 314
1707670 314
1707680 314
1707690 314
1707700 314
1707710 314
1707720 314
1707730 314
1707740 314
1707750 315
1707760 315
1707770 315
1707780 315
1707790 315
1707800 315
1707810 315
1707820 315
1707830 315
1707840 315
1707850 315
1707860 315
1707870 316
1707880 316
1707890 316
1707900 316
1707910 316
1707920 316
1707930 316
1707940 316
1707950 316
1707960 316
1707970 316
1707980 316
1707990 316
1708000 316
1708010 317
1708020 317
1708030 317
1708040 318
1708050 318
1708060 318
1708070 318
1708080 319
1708090 319
1708100 319
1708110 320
1708120 320
1708130 320
1708140 320
1708150 321
1708160 321
1708170 321
1708180 322
1708190 322
1708200 323
1708210 323
1708220 323
1708230 324
1708240 324
1708250 324
1708260 325
1708270 325
1708280 325
1708290 326
1708300 326
1708310 326
1708320 326
1708330 327
1708340 327
1708350 327
1708360 327
1708370 327
1708380 327
1708390 327
1708400 327
1708410 327
1708420 327
1708430 327
1708440 327
1708450 327
1708460 327
1708470 327
1708480 328
1708490 328
1708500 328
1708510 329
1708520 329
1708530 330
1708540 330
1708550 330
1708560 331
1708570 331
1708580 331
1708590 331
1708600 331
1708610 331
1708620 332
1708630 332
1708640 332
1708650 333
1708660 333
1708670 333
1708680 334
1708690 334
1708700 335
1708710 336
1708720 337
1708730 339
1708740 341
1708750 343
1708760 345
1708770 346
1708780 348
1708790 351
1708800 352
1708810 354
1708820 355
1708830 356
1708840 357
1708850 358
1708860 359
1708870 360
1708880 362
1708890 363
1708900 363
1708910 364
1708920 365
1708930 366
1708940 366
1708950 367
1708960 368
1708970 369
1708980 369
1708990 370
1709000 370
1709010 371
1709020 371
1709030 372
1709040 371
1709050 371
1709060 371
1709070 370
1709080 370
1709090 370
1709100 370
1709110 369
1709120 369
1709130 369
1709140 369
1709150 368
1709160 367
1709170 366
1709180 365
1709190 364
1709200 364
1709210 363
1709220 362
1709230 361
1709240 360
1709250 359
1709260 357
1709270 356
1709280 354
1709290 353
1709300 352
1709310 351
1709320 350
1709330 349
1709340 348
1709350 346
1709360 345
1709370 344
1709380 343
1709390 341
1709400 340
1709410 339
1709420 338
1709430 336
1709440 335
1709450 334
1709460 333
1709470 332
1709480 331
1709490 330
1709500 328
1709510 327
1709520 326
1709530 324
1709540 323
1709550 322
1709560 322
1709570 322
1709580 321
1709590 321
1709600 321
1709610 321
1709620 320
1709630 320
1709640 320
1709650 320
1709660 319
1709670 319
1709680 318
1709690 317
1709700 317
1709710 316
1709720 315
1709730 315
1709740 314
1709750 313
1709760 313
1709770 312
1709780 312
1709790 311
1709800 311
1709810 310
1709820 309
1709830 308
1709840 308
1709850 307
1709860 306
1709870 305
1709880 304
1709890 303
1709900 303
1709910 303
1709920 302
1709930 302
1709940 301
1709950 301
1709960 301
1709970 300
1709980 300
1709990 300
1710000 299
1710010 299
1710020 299
1710030 298
1710040 298
1710050 298
1710060 298
1710070 297
1710080 297
1710090 296
1710100 296
1710110 295
1710120 295
1710130 295
1710140 294
1710150 294
1710160 294
1710170 293
1710180 293
1710190 293
1710200 293
1710210 292
1710220 292
1710230 292
1710240 292
1710250 292
1710260 292
1710270 292
1710280 292
1710290 292
1710300 292
1710310 292
1710320 292
1710330 292
1710340 292
1710350 292
1710360 292
1710370 292
1710380 292
1710390 292
1710400 292
1710410 292
1710420 292
1710430 292
1710440 292
1710450 292
1710460 292
1710470 292
1710480 291
1710490 291
1710500 291
1710510 291
1710520 291
1710530 291
1710540 291
1710550 291
1710560 290
1710570 290
1710580 290
1710590 290
1710600 290
1710610 290
1710620 290
1710630 289
1710640 289
1710650 289
1710660 289
1710670 289
1710680 289
1710690 289
1710700 289
1710710 289
1710720 289
1710730 289
1710740 289
1710750 289
1710760 289
1710770 288
1710780 288
1710790 288
1710800 288
1710810 288
1710820 288
1710830 288
1710840 287
1710850 287
1710860 287
1710870 287
1710880 287
1710890 287
1710900 287
1710910 287
1710920 287
1710930 287
1710940 287
1710950 287
1710960 287
1710970 286
1710980 286
1710990 286
1711000 286
1711010 286
1711020 286
1711030 286
1711040 285
1711050 285
1711060 285
1711070 285
1711080 285
1711090 285
1711100 285
1711110 285
1711120 285
1711130 285
1711140 286
1711150 286
1711160 286
1711170 285
1711180 285
1711190 285
1711200 285
1711210 285
1711220 285
1711230 285
1711240 285
1711250 285
1711260 285
1711270 285
1711280 285
1711290 285
1711300 285
1711310 285
1711320 285
1711330 285
1711340 285
1711350 285
1711360 285
1711370 285
1711380 284
1711390 284
1711400 284
1711410 284
1711420 284
1711430 284
1711440 284
1711450 284
1711460 284
1711470 283
1711480 283
1711490 283
1711500 283
1711510 283
1711520 283
1711530 283
1711540 283
1711550 283
1711560 283
1711570 283
1711580 283
1711590 283
1711600 282
1711610 282
1711620 282
1711630 282
1711640 282
1711650 282
1711660 282
1711670 282
1711680 282
1711690 282
1711700 282
1711710 282
1711720 282
1711730 282
1711740 282
1711750 282
1711760 281
1711770 281
1711780 281
1711790 281
1711800 281
1711810 281
1711820 281
1711830 281
1711840 281
1711850 282
1711860 282
1711870 282
1711880 282
1711890 282
1711900 283
1711910 283
1711920 283
1711930 283
1711940 283
1711950 283
1711960 284
1711970 284
1711980 284
1711990 284
1712000 284
1712010 284
1712020 285
1712030 285
1712040 285
1712050 285
1712060 285
1712070 286
1712080 286
1712090 286
1712100 286
1712110 286
1712120 286
1712130 286
1712140 286
1712150 286
1712160 286
1712170 287
1712180 287
1712190 287
1712200 287
1712210 287
1712220 287
1712230 287
1712240 287
1712250 287
1712260 287
1712270 287
1712280 287
1712290 287
1712300 287
1712310 287
1712320 287
1712330 287
1712340 287
1712350 287
1712360 288
1712370 288
1712380 288
1712390 289
1712400 290
1712410 290
1712420 291
1712430 292
1712440 293
1712450 294
1712460 295
1712470 296
1712480 296
1712490 297
1712500 298
1712510 298
1712520 299
1712530 300
1712540 300
1712550 301
1712560 302
1712570 302
1712580 303
1712590 304
1712600 305
1712610 306
1712620 307
1712630 308
1712640 309
1712650 309
1712660 310
1712670 311
1712680 311
1712690 312
1712700 313
1712710 313
1712720 314
1712730 315
1712740 316
1712750 316
1712760 317
1712770 317
1712780 317
1712790 318
1712800 318
1712810 318
1712820 319
1712830 319
1712840 319
1712850 319
1712860 320
1712870 320
1712880 320
1712890 320
1712900 320
1712910 320
1712920 320
1712930 320
1712940 320
1712950 320
1712960 320
1712970 320
1712980 320
1712990 320
1713000 320
1713010 320
1713020 320
1713030 320
1713040 320
1713050 320
1713060 320
1713070 320
1713080 320
1713090 320
1713100 320
1713110 320
1713120 320
1713130 320
1713140 320
1713150 320
1713160 320
1713170 320
1713180 320
1713190 320
1713200 319
1713210 319
1713220 319
1713230 319
1713240 319
1713250 319
1713260 319
1713270 319
1713280 319
1713290 319
1713300 319
1713310 319
1713320 319
1713330 318
1713340 318
1713350 318
1713360 318
1713370 318
1713380 318
1713390 317
1713400 317
1713410 316
1713420 315
1713430 315
1713440 315
1713450 314
1713460 314
1713470 315
1713480 315
1713490 315
1713500 315
1713510 316
1713520 316
1713530 316
1713540 316
1713550 316
1713560 316
1713570 316
1713580 316
1713590 316
1713600 315
1713610 315
1713620 315
1713630 315
1713640 315
1713650 315
1713660 315
1713670 315
1713680 315
1713690 314
1713700 314
1713710 314
1713720 314
1713730 314
1713740 314
1713750 314
1713760 314
1713770 314
1713780 314
1713790 314
1713800 314
1713810 314
1713820 314
1713830 314
1713840 314
1713850 314
1713860 314
1713870 314
1713880 314
1713890 314
1713900 314
1713910 313
1713920 313
1713930 313
1713940 313
1713950 313
1713960 313
1713970 312
1713980 312
1713990 312
1714000 312
1714010 312
1714020 312
1714030 312
1714040 312
1714050 311
1714060 311
1714070 311
1714080 311
1714090 311
1714100 311
1714110 311
1714120 311
1714130 310
1714140 310
1714150 310
1714160 310
1714170 310
1714180 309
1714190 309
1714200 309
1714210 309
1714220 309
1714230 308
1714240 307
1714250 307
1714260 306
1714270 305
1714280 304
1714290 303
1714300 302
1714310 301
1714320 300
1714330 300
1714340 299
1714350 299
1714360 299
1714370 298
1714380 298
1714390 298
1714400 298
1714410 297
1714420 297
1714430 297
1714440 297
1714450 297
1714460 297
1714470 297
1714480 297
1714490 297
1714500 297
1714510 297
1714520 297
1714530 297
1714540 297
1714550 297
1714560 297
1714570 297
1714580 297
1714590 296
1714600 296
1714610 296
1714620 296
1714630 295
1714640 295
1714650 295
1714660 295
1714670 295
1714680 295
1714690 295
1714700 294
1714710 294
1714720 294
1714730 294
1714740 294
1714750 294
1714760 294
1714770 294
1714780 294
1714790 294
1714800 293
1714810 293
1714820 293
1714830 293
1714840 293
1714850 293
1714860 293
1714870 293
1714880 293
1714890 293
1714900 293
1714910 292
1714920 292
1714930 292
1714940 292
1714950 292
1714960 292
1714970 292
1714980 292
1714990 292
1715000 292
1715010 292
1715020 292
1715030 292
1715040 292
1715050 292
1715060 292
1715070 292
1715080 292
1715090 292
1715100 292
1715110 292
1715120 292
1715130 292
1715140 292
1715150 293
1715160 293
1715170 292
1715180 292
1715190 292
1715200 292
1715210 292
1715220 292
1715230 291
1715240 291
1715250 291
1715260 291
1715270 291
1715280 291
1715290 291
1715300 291
1715310 291
1715320 292
1715330 292
1715340 293
1715350 293
1715360 294
1715370 294
1715380 294
1715390 294
1715400 293
1715410 293
1715420 293
1715430 293
1715440 292
1715450 292
1715460 293
1715470 293
1715480 293
1715490 293
1715500 293
1715510 293
1715520 293
1715530 293
1715540 293
1715550 292
1715560 293
1715570 293
1715580 293
1715590 293
1715600 293
1715610 293
1715620 293
1715630 293
1715640 293
1715650 293
1715660 294
1715670 294
1715680 294
1715690 294
1715700 294
1715710 294
1715720 294
1715730 294
1715740 294
1715750 295
1715760 295
1715770 295
1715780 295
1715790 295
1715800 295
1715810 295
1715820 295
1715830 295
1715840 295
1715850 295
1715860 295
1715870 295
1715880 295
1715890 295
1715900 294
1715910 294
1715920 294
1715930 295
1715940 294
1715950 294
1715960 294
1715970 294
1715980 294
1715990 294
1716000 294
1716010 294
1716020 294
1716030 295
1716040 295
1716050 295
1716060 295
1716070 295
1716080 294
1716090 294
1716100 294
1716110 294
1716120 294
1716130 294
1716140 294
1716150 294
1716160 294
1716170 294
1716180 294
1716190 294
1716200 294
1716210 294
1716220 294
1716230 294
1716240 294
1716250 295
1716260 295
1716270 295
1716280 294
1716290 294
1716300 294
1716310 294
1716320 294
1716330 294
1716340 294
1716350 294
1716360 294
1716370 294
1716380 294
1716390 294
1716400 294
1716410 294
1716420 294
1716430 293
1716440 293
1716450 293
1716460 293
1716470 293
1716480 293
1716490 293
1716500 293
1716510 293
1716520 293
1716530 293
1716540 293
1716550 293
1716560 293
1716570 293
1716580 293
1716590 293
1716600 293
1716610 293
1716620 293
1716630 293
1716640 293
1716650 293
1716660 293
1716670 293
1716680 293
1716690 293
1716700 293
1716710 293
1716720 293
1716730 292
1716740 292
1716750 292
1716760 292
1716770 292
1716780 292
1716790 292
1716800 292
1716810 292
1716820 292
1716830 292
1716840 292
1716850 292
1716860 291
1716870 291
1716880 291
1716890 291
1716900 291
1716910 291
1716920 291
1716930 291
1716940 291
1716950 291
1716960 290
1716970 290
1716980 290
1716990 290
1717000 290
1717010 290
1717020 290
1717030 290
1717040 290
1717050 290
1717060 289
1717070 289
1717080 289
1717090 289
1717100 289
1717110 289
1717120 288
1717130 288
1717140 288
1717150 288
1717160 288
1717170 288
1717180 287
1717190 287
1717200 287
1717210 287
1717220 287
1717230 287
1717240 286
1717250 286
1717260 286
1717270 286
1717280 286
1717290 285
1717300 285
1717310 285
1717320 285
1717330 285
1717340 285
1717350 285
1717360 284
1717370 284
1717380 284
1717390 284
1717400 284
1717410 284
1717420 284
1717430 284
1717440 283
1717450 283
1717460 283
1717470 283
1717480 283
1717490 282
1717500 282
1717510 282
1717520 282
1717530 281
1717540 281
1717550 281
1717560 281
1717570 280
1717580 280
1717590 280
1717600 280
1717610 280
1717620 280
1717630 279
1717640 279
1717650 279
1717660 279
1717670 279
1717680 278
1717690 278
1717700 278
1717710 278
1717720 278
1717730 278
1717740 278
1717750 277
1717760 277
1717770 277
1717780 277
1717790 277
1717800 277
1717810 276
1717820 276
1717830 276
1717840 276
1717850 276
1717860 276
1717870 276
1717880 275
1717890 275
1717900 275
1717910 275
1717920 275
1717930 274
1717940 274
1717950 274
1717960 274
1717970 273
1717980 273
1717990 273
1718000 273
1718010 272
1718020 272
1718030 272
1718040 271
1718050 271
1718060 271
1718070 271
1718080 270
1718090 270
1718100 270
1718110 269
1718120 269
1718130 269
1718140 268
1718150 268
1718160 268
1718170 267
1718180 267
1718190 267
1718200 267
1718210 266
1718220 266
1718230 266
1718240 265
1718250 265
1718260 265
1718270 265
1718280 265
1718290 264
1718300 264
1718310 264
1718320 264
1718330 264
1718340 264
1718350 264
1718360 264
1718370 264
1718380 264
1718390 264
1718400 264
1718410 264
1718420 264
1718430 264
1718440 264
1718450 264
1718460 265
1718470 265
1718480 265
1718490 265
1718500 266
1718510 266
1718520 267
1718530 267
1718540 267
1718550 267
1718560 268
1718570 269
1718580 270
1718590 272
1718600 273
1718610 273
1718620 274
1718630 275
1718640 275
1718650 276
1718660 276
1718670 277
1718680 278
1718690 278
1718700 278
1718710 279
1718720 279
1718730 280
1718740 280
1718750 280
1718760 281
1718770 281
1718780 282
1718790 282
1718800 282
1718810 283
1718820 283
1718830 283
1718840 284
1718850 284
1718860 284
1718870 285
1718880 285
1718890 285
1718900 285
1718910 285
1718920 286
1718930 286
1718940 286
1718950 286
1718960 286
1718970 286
1718980 286
1718990 286
1719000 286
1719010 286
1719020 286
1719030 286
1719040 286
1719050 286
1719060 286
1719070 286
1719080 286
1719090 286
1719100 286
1719110 287
1719120 287
1719130 287
1719140 287
1719150 287
1719160 287
1719170 287
1719180 287
1719190 287
1719200 287
1719210 287
1719220 287
1719230 287
1719240 287
1719250 288
1719260 288
1719270 288
1719280 288
1719290 288
1719300 288
1719310 288
1719320 287
1719330 287
1719340 287
1719350 287
1719360 286
1719370 286
1719380 286
1719390 285
1719400 285
1719410 285
1719420 284
1719430 284
1719440 283
1719450 283
1719460 282
1719470 282
1719480 282
1719490 281
1719500 281
1719510 280
1719520 280
1719530 279
1719540 279
1719550 279
1719560 278
1719570 278
1719580 278
1719590 277
1719600 277
1719610 277
1719620 277
1719630 277
1719640 277
1719650 276
1719660 276
1719670 276
1719680 276
1719690 276
1719700 276
1719710 275
1719720 275
1719730 275
1719740 275
1719750 275
1719760 274
1719770 274
1719780 274
1719790 274
1719800 274
1719810 274
1719820 273
1719830 273
1719840 273
1719850 273
1719860 273
1719870 272
1719880 272
1719890 272
1719900 272
1719910 272
1719920 271
1719930 271
1719940 271
1719950 271
1719960 271
1719970 270
1719980 270
1719990 270
