1700000 240
1700010 240
1700020 240
1700030 240
1700040 240
1700050 240
1700060 240
1700070 240
1700080 240
1700090 240
1700100 240
1700110 240
1700120 241
1700130 241
1700140 241
1700150 241
1700160 241
1700170 241
1700180 241
1700190 241
1700200 241
1700210 241
1700220 241
1700230 241
1700240 241
1700250 241
1700260 241
1700270 241
1700280 241
1700290 241
1700300 241
1700310 241
1700320 241
1700330 241
1700340 241
1700350 241
1700360 241
1700370 242
1700380 242
1700390 242
1700400 242
1700410 242
1700420 242
1700430 242
1700440 242
1700450 242
1700460 242
1700470 242
1700480 242
1700490 242
1700500 243
1700510 243
1700520 243
1700530 243
1700540 243
1700550 243
1700560 243
1700570 243
1700580 243
1700590 243
1700600 243
1700610 242
1700620 242
1700630 242
1700640 242
1700650 241
1700660 241
1700670 241
1700680 241
1700690 241
1700700 241
1700710 240
1700720 240
1700730 240
1700740 240
1700750 240
1700760 240
1700770 240
1700780 241
1700790 241
1700800 241
1700810 241
1700820 241
1700830 241
1700840 241
1700850 241
1700860 242
1700870 242
1700880 242
1700890 241
1700900 241
1700910 241
1700920 241
1700930 242
1700940 242
1700950 242
1700960 242
1700970 242
1700980 241
1700990 241
1701000 241
1701010 241
1701020 241
1701030 241
1701040 241
1701050 241
1701060 241
1701070 241
1701080 241
1701090 241
1701100 241
1701110 241
1701120 241
1701130 242
1701140 242
1701150 242
1701160 243
1701170 243
1701180 244
1701190 244
1701200 243
1701210 243
1701220 242
1701230 242
1701240 241
1701250 241
1701260 241
1701270 241
1701280 241
1701290 241
1701300 241
1701310 240
1701320 240
1701330 240
1701340 240
1701350 240
1701360 239
1701370 239
1701380 239
1701390 240
1701400 240
1701410 240
1701420 240
1701430 240
1701440 239
1701450 239
1701460 238
1701470 238
1701480 238
1701490 238
1701500 239
1701510 239
1701520 240
1701530 240
1701540 240
1701550 240
1701560 240
1701570 240
1701580 240
1701590 240
1701600 239
1701610 239
1701620 239
1701630 239
1701640 239
1701650 239
1701660 239
1701670 240
1701680 240
1701690 240
1701700 240
1701710 240
1701720 240
1701730 240
1701740 240
1701750 240
1701760 240
1701770 240
1701780 240
1701790 239
1701800 240
1701810 240
1701820 240
1701830 240
1701840 239
1701850 239
1701860 239
1701870 240
1701880 240
1701890 240
1701900 240
1701910 240
1701920 241
1701930 241
1701940 241
1701950 241
1701960 241
1701970 241
1701980 241
1701990 241
1702000 241
1702010 241
1702020 241
1702030 241
1702040 241
1702050 241
1702060 241
1702070 241
1702080 241
1702090 241
1702100 241
1702110 241
1702120 242
1702130 242
1702140 242
1702150 242
1702160 242
1702170 242
1702180 242
1702190 242
1702200 242
1702210 242
1702220 242
1702230 242
1702240 242
1702250 243
1702260 243
1702270 243
1702280 243
1702290 243
1702300 243
1702310 244
1702320 244
1702330 244
1702340 244
1702350 244
1702360 245
1702370 245
1702380 246
1702390 246
1702400 246
1702410 247
1702420 247
1702430 247
1702440 247
1702450 247
1702460 247
1702470 248
1702480 248
1702490 248
1702500 248
1702510 249
1702520 249
1702530 249
1702540 250
1702550 250
1702560 250
1702570 251
1702580 251
1702590 251
1702600 252
1702610 252
1702620 252
1702630 253
1702640 253
1702650 253
1702660 254
1702670 254
1702680 255
1702690 255
1702700 255
1702710 256
1702720 256
1702730 256
1702740 257
1702750 257
1702760 257
1702770 258
1702780 258
1702790 258
1702800 259
1702810 259
1702820 260
1702830 260
1702840 261
1702850 261
1702860 262
1702870 262
1702880 263
1702890 263
1702900 264
1702910 264
1702920 264
1702930 265
1702940 265
1702950 265
1702960 265
1702970 265
1702980 264
1702990 264
1703000 264
1703010 264
1703020 264
1703030 264
1703040 264
1703050 264
1703060 264
1703070 264
1703080 264
1703090 264
1703100 264
1703110 264
1703120 264
1703130 263
1703140 263
1703150 264
1703160 264
1703170 264
1703180 265
1703190 265
1703200 266
1703210 267
1703220 267
1703230 268
1703240 269
1703250 270
1703260 271
1703270 272
1703280 273
1703290 274
1703300 275
1703310 276
1703320 277
1703330 278
1703340 279
1703350 280
1703360 281
1703370 282
1703380 282
1703390 283
1703400 283
1703410 284
1703420 285
1703430 286
1703440 288
1703450 289
1703460 291
1703470 292
1703480 294
1703490 295
1703500 297
1703510 298
1703520 299
1703530 301
1703540 302
1703550 304
1703560 305
1703570 306
1703580 307
1703590 308
1703600 308
1703610 308
1703620 308
1703630 308
1703640 308
1703650 308
1703660 308
1703670 307
1703680 307
1703690 306
1703700 306
1703710 305
1703720 304
1703730 303
1703740 302
1703750 301
1703760 301
1703770 300
1703780 300
1703790 299
1703800 298
1703810 298
1703820 297
1703830 297
1703840 296
1703850 296
1703860 295
1703870 294
1703880 294
1703890 293
1703900 292
1703910 291
1703920 290
1703930 290
1703940 289
1703950 288
1703960 287
1703970 285
1703980 284
1703990 283
1704000 282
1704010 281
1704020 279
1704030 277
1704040 274
1704050 273
1704060 272
1704070 272
1704080 272
1704090 271
1704100 270
1704110 269
1704120 268
1704130 268
1704140 266
1704150 266
1704160 265
1704170 265
1704180 264
1704190 264
1704200 263
1704210 263
1704220 263
1704230 262
1704240 262
1704250 262
1704260 262
1704270 261
1704280 261
1704290 261
1704300 261
1704310 261
1704320 261
1704330 261
1704340 261
1704350 261
1704360 261
1704370 261
1704380 261
1704390 261
1704400 261
1704410 261
1704420 261
1704430 261
1704440 261
1704450 261
1704460 261
1704470 261
1704480 262
1704490 262
1704500 262
1704510 263
1704520 263
1704530 263
1704540 262
1704550 262
1704560 262
1704570 262
1704580 262
1704590 262
1704600 262
1704610 262
1704620 262
1704630 262
1704640 262
1704650 262
1704660 262
1704670 261
1704680 260
1704690 260
1704700 260
1704710 261
1704720 262
1704730 262
1704740 262
1704750 262
1704760 262
1704770 262
1704780 262
1704790 262
1704800 262
1704810 262
1704820 262
1704830 262
1704840 262
1704850 262
1704860 262
1704870 262
1704880 263
1704890 263
1704900 263
1704910 263
1704920 263
1704930 263
1704940 263
1704950 263
1704960 263
1704970 263
1704980 263
1704990 263
1705000 263
1705010 263
1705020 263
1705030 263
1705040 264
1705050 264
1705060 264
1705070 264
1705080 263
1705090 263
1705100 263
1705110 264
1705120 264
1705130 265
1705140 265
1705150 265
1705160 265
1705170 265
1705180 265
1705190 265
1705200 265
1705210 265
1705220 265
1705230 265
1705240 265
1705250 265
1705260 266
1705270 266
1705280 266
1705290 266
1705300 267
1705310 267
1705320 267
1705330 267
1705340 268
1705350 268
1705360 268
1705370 269
1705380 269
1705390 269
1705400 269
1705410 270
1705420 270
1705430 270
1705440 271
1705450 272
1705460 272
1705470 273
1705480 273
1705490 274
1705500 274
1705510 275
1705520 275
1705530 276
1705540 276
1705550 277
1705560 277
1705570 278
1705580 278
1705590 279
1705600 279
1705610 279
1705620 280
1705630 280
1705640 281
1705650 281
1705660 281
1705670 282
1705680 282
1705690 282
1705700 282
1705710 283
1705720 283
1705730 283
1705740 283
1705750 283
1705760 283
1705770 283
1705780 283
1705790 283
1705800 283
1705810 283
1705820 283
1705830 282
1705840 282
1705850 282
1705860 282
1705870 282
1705880 282
1705890 282
1705900 282
1705910 282
1705920 282
1705930 282
1705940 283
1705950 283
1705960 283
1705970 283
1705980 284
1705990 284
1706000 285
1706010 286
1706020 287
1706030 288
1706040 289
1706050 289
1706060 290
1706070 291
1706080 292
1706090 292
1706100 293
1706110 294
1706120 294
1706130 295
1706140 296
1706150 296
1706160 297
1706170 297
1706180 298
1706190 298
1706200 298
1706210 299
1706220 299
1706230 300
1706240 300
1706250 300
1706260 300
1706270 300
1706280 300
1706290 300
1706300 300
1706310 300
1706320 300
1706330 300
1706340 299
1706350 298
1706360 297
1706370 297
1706380 296
1706390 295
1706400 294
1706410 294
1706420 293
1706430 292
1706440 292
1706450 291
1706460 291
1706470 290
1706480 290
1706490 290
1706500 291
1706510 291
1706520 291
1706530 292
1706540 292
1706550 293
1706560 294
1706570 295
1706580 296
1706590 297
1706600 298
1706610 299
1706620 300
1706630 301
1706640 303
1706650 303
1706660 304
1706670 305
1706680 306
1706690 306
1706700 307
1706710 308
1706720 308
1706730 308
1706740 309
1706750 309
1706760 309
1706770 310
1706780 310
1706790 310
1706800 310
1706810 310
1706820 310
1706830 310
1706840 311
1706850 311
1706860 311
1706870 311
1706880 311
1706890 312
1706900 312
1706910 312
1706920 312
1706930 312
1706940 313
1706950 313
1706960 313
1706970 313
1706980 313
1706990 313
1707000 314
1707010 314
1707020 314
1707030 314
1707040 314
1707050 314
1707060 314
1707070 314
1707080 315
1707090 315
1707100 315
1707110 315
1707120 315
1707130 315
1707140 315
1707150 315
1707160 315
1707170 315
1707180 315
1707190 315
1707200 315
1707210 315
1707220 315
1707230 315
1707240 315
1707250 315
1707260 315
1707270 315
1707280 315
1707290 315
1707300 315
1707310 315
1707320 315
1707330 315
1707340 315
1707350 315
1707360 314
1707370 314
1707380 314
1707390 314
1707400 314
1707410 314
1707420 314
1707430 314
1707440 314
1707450 314
1707460 314
1707470 314
1707480 314
1707490 314
1707500 314
1707510 315
1707520 315
1707530 315
1707540 315
1707550 315
1707560 315
1707570 315
1707580 315
1707590 315
1707600 315
1707610 315
1707620 315
1707630 315
1707640 315
1707650 315
1707660 315
1707670 315
1707680 315
1707690 315
1707700 315
1707710 315
1707720 315
1707730 315
1707740 315
1707750 316
1707760 316
1707770 316
1707780 316
1707790 316
1707800 316
1707810 316
1707820 316
1707830 316
1707840 315
1707850 315
1707860 315
1707870 315
1707880 315
1707890 315
1707900 315
1707910 314
1707920 314
1707930 314
1707940 314
1707950 314
1707960 314
1707970 315
1707980 315
1707990 315
1708000 315
1708010 316
1708020 316
1708030 317
1708040 317
1708050 318
1708060 318
1708070 318
1708080 319
1708090 319
1708100 319
1708110 320
1708120 320
1708130 320
1708140 321
1708150 321
1708160 321
1708170 322
1708180 322
1708190 322
1708200 322
1708210 322
1708220 323
1708230 323
1708240 323
1708250 323
1708260 324
1708270 324
1708280 324
1708290 324
1708300 324
1708310 324
1708320 324
1708330 324
1708340 325
1708350 325
1708360 324
1708370 324
1708380 324
1708390 324
1708400 324
1708410 324
1708420 323
1708430 324
1708440 324
1708450 324
1708460 325
1708470 325
1708480 326
1708490 326
1708500 327
1708510 327
1708520 327
1708530 328
1708540 328
1708550 328
1708560 328
1708570 328
1708580 328
1708590 328
1708600 329
1708610 329
1708620 329
1708630 329
1708640 329
1708650 330
1708660 330
1708670 331
1708680 331
1708690 332
1708700 333
1708710 334
1708720 335
1708730 337
1708740 339
1708750 341
1708760 344
1708770 346
1708780 348
1708790 350
1708800 351
1708810 352
1708820 353
1708830 355
1708840 356
1708850 357
1708860 359
1708870 360
1708880 361
1708890 362
1708900 363
1708910 364
1708920 364
1708930 365
1708940 366
1708950 367
1708960 367
1708970 368
1708980 369
1708990 370
1709000 370
1709010 371
1709020 370
1709030 370
1709040 370
1709050 370
1709060 370
1709070 369
1709080 369
1709090 368
1709100 368
1709110 367
1709120 367
1709130 366
1709140 366
1709150 365
1709160 364
1709170 363
1709180 363
1709190 362
1709200 361
1709210 361
1709220 360
1709230 359
1709240 358
1709250 357
1709260 356
1709270 355
1709280 353
1709290 352
1709300 351
1709310 350
1709320 349
1709330 347
1709340 346
1709350 345
1709360 344
1709370 342
1709380 341
1709390 340
1709400 339
1709410 338
1709420 336
1709430 335
1709440 334
1709450 333
1709460 332
1709470 331
1709480 330
1709490 329
1709500 328
1709510 327
1709520 326
1709530 325
1709540 324
1709550 323
1709560 322
1709570 321
1709580 320
1709590 320
1709600 319
1709610 318
1709620 317
1709630 316
1709640 315
1709650 314
1709660 314
1709670 313
1709680 313
1709690 313
1709700 313
1709710 313
1709720 312
1709730 312
1709740 311
1709750 310
1709760 310
1709770 309
1709780 308
1709790 307
1709800 307
1709810 306
1709820 305
1709830 305
1709840 304
1709850 304
1709860 304
1709870 303
1709880 303
1709890 302
1709900 302
1709910 301
1709920 300
1709930 299
1709940 299
1709950 298
1709960 298
1709970 298
1709980 297
1709990 297
1710000 297
1710010 296
1710020 296
1710030 296
1710040 296
1710050 295
1710060 295
1710070 295
1710080 295
1710090 295
1710100 294
1710110 294
1710120 294
1710130 293
1710140 293
1710150 293
1710160 293
1710170 292
1710180 292
1710190 292
1710200 292
1710210 292
1710220 291
1710230 291
1710240 291
1710250 291
1710260 291
1710270 291
1710280 291
1710290 291
1710300 291
1710310 291
1710320 291
1710330 291
1710340 291
1710350 291
1710360 291
1710370 291
1710380 291
1710390 290
1710400 290
1710410 290
1710420 290
1710430 290
1710440 290
1710450 290
1710460 290
1710470 289
1710480 289
1710490 289
1710500 289
1710510 289
1710520 289
1710530 289
1710540 289
1710550 289
1710560 289
1710570 289
1710580 289
1710590 289
1710600 289
1710610 289
1710620 289
1710630 289
1710640 289
1710650 288
1710660 288
1710670 288
1710680 288
1710690 288
1710700 288
1710710 288
1710720 288
1710730 287
1710740 287
1710750 287
1710760 287
1710770 287
1710780 287
1710790 287
1710800 287
1710810 287
1710820 287
1710830 286
1710840 286
1710850 286
1710860 286
1710870 286
1710880 286
1710890 286
1710900 286
1710910 286
1710920 286
1710930 286
1710940 286
1710950 286
1710960 286
1710970 285
1710980 285
1710990 285
1711000 285
1711010 285
1711020 285
1711030 285
1711040 285
1711050 285
1711060 285
1711070 285
1711080 285
1711090 285
1711100 285
1711110 285
1711120 285
1711130 285
1711140 285
1711150 285
1711160 285
1711170 285
1711180 285
1711190 285
1711200 285
1711210 284
1711220 284
1711230 284
1711240 284
1711250 284
1711260 284
1711270 284
1711280 284
1711290 284
1711300 283
1711310 283
1711320 284
1711330 284
1711340 284
1711350 284
1711360 284
1711370 284
1711380 284
1711390 284
1711400 283
1711410 283
1711420 283
1711430 283
1711440 283
1711450 283
1711460 283
1711470 283
1711480 283
1711490 283
1711500 282
1711510 282
1711520 282
1711530 282
1711540 282
1711550 282
1711560 282
1711570 282
1711580 282
1711590 282
1711600 282
1711610 282
1711620 282
1711630 282
1711640 282
1711650 282
1711660 282
1711670 282
1711680 282
1711690 282
1711700 282
1711710 282
1711720 282
1711730 282
1711740 282
1711750 282
1711760 283
1711770 283
1711780 283
1711790 283
1711800 283
1711810 284
1711820 284
1711830 284
1711840 284
1711850 285
1711860 285
1711870 285
1711880 286
1711890 286
1711900 286
1711910 287
1711920 287
1711930 287
1711940 287
1711950 288
1711960 288
1711970 288
1711980 288
1711990 288
1712000 288
1712010 288
1712020 288
1712030 288
1712040 289
1712050 289
1712060 290
1712070 290
1712080 290
1712090 291
1712100 292
1712110 292
1712120 292
1712130 293
1712140 293
1712150 293
1712160 293
1712170 293
1712180 293
1712190 293
1712200 293
1712210 293
1712220 292
1712230 292
1712240 292
1712250 291
1712260 291
1712270 290
1712280 290
1712290 289
1712300 289
1712310 289
1712320 289
1712330 289
1712340 288
1712350 288
1712360 288
1712370 288
1712380 289
1712390 289
1712400 289
1712410 290
1712420 290
1712430 291
1712440 291
1712450 292
1712460 293
1712470 293
1712480 294
1712490 295
1712500 296
1712510 297
1712520 297
1712530 298
1712540 299
1712550 300
1712560 301
1712570 302
1712580 304
1712590 305
1712600 306
1712610 307
1712620 308
1712630 310
1712640 311
1712650 312
1712660 313
1712670 314
1712680 315
1712690 315
1712700 316
1712710 316
1712720 316
1712730 317
1712740 317
1712750 317
1712760 318
1712770 318
1712780 318
1712790 318
1712800 319
1712810 319
1712820 319
1712830 319
1712840 319
1712850 319
1712860 319
1712870 319
1712880 319
1712890 319
1712900 319
1712910 319
1712920 319
1712930 319
1712940 319
1712950 319
1712960 318
1712970 318
1712980 318
1712990 318
1713000 318
1713010 318
1713020 318
1713030 318
1713040 318
1713050 318
1713060 318
1713070 318
1713080 318
1713090 318
1713100 318
1713110 318
1713120 318
1713130 318
1713140 318
1713150 318
1713160 318
1713170 318
1713180 318
1713190 318
1713200 318
1713210 318
1713220 318
1713230 318
1713240 318
1713250 318
1713260 317
1713270 318
1713280 318
1713290 318
1713300 318
1713310 317
1713320 317
1713330 317
1713340 317
1713350 317
1713360 317
1713370 317
1713380 317
1713390 316
1713400 316
1713410 316
1713420 316
1713430 316
1713440 316
1713450 316
1713460 316
1713470 315
1713480 315
1713490 315
1713500 315
1713510 314
1713520 314
1713530 315
1713540 314
1713550 314
1713560 314
1713570 314
1713580 314
1713590 313
1713600 313
1713610 313
1713620 313
1713630 313
1713640 312
1713650 312
1713660 312
1713670 312
1713680 312
1713690 312
1713700 312
1713710 312
1713720 312
1713730 312
1713740 312
1713750 312
1713760 312
1713770 312
1713780 312
1713790 312
1713800 312
1713810 312
1713820 312
1713830 312
1713840 312
1713850 312
1713860 312
1713870 312
1713880 312
1713890 312
1713900 312
1713910 312
1713920 312
1713930 312
1713940 312
1713950 312
1713960 312
1713970 312
1713980 312
1713990 312
1714000 312
1714010 312
1714020 312
1714030 312
1714040 312
1714050 312
1714060 312
1714070 312
1714080 311
1714090 311
1714100 311
1714110 311
1714120 311
1714130 311
1714140 310
1714150 310
1714160 310
1714170 310
1714180 309
1714190 309
1714200 309
1714210 309
1714220 308
1714230 308
1714240 307
1714250 306
1714260 305
1714270 304
1714280 303
1714290 303
1714300 303
1714310 302
1714320 302
1714330 302
1714340 302
1714350 302
1714360 302
1714370 302
1714380 302
1714390 302
1714400 302
1714410 302
1714420 302
1714430 302
1714440 302
1714450 302
1714460 302
1714470 302
1714480 301
1714490 301
1714500 301
1714510 301
1714520 301
1714530 301
1714540 301
1714550 300
1714560 300
1714570 300
1714580 300
1714590 299
1714600 299
1714610 299
1714620 299
1714630 299
1714640 300
1714650 299
1714660 299
1714670 299
1714680 299
1714690 299
1714700 299
1714710 299
1714720 299
1714730 299
1714740 299
1714750 299
1714760 299
1714770 299
1714780 299
1714790 299
1714800 299
1714810 299
1714820 299
1714830 299
1714840 299
1714850 299
1714860 299
1714870 299
1714880 299
1714890 299
1714900 298
1714910 298
1714920 298
1714930 298
1714940 298
1714950 298
1714960 298
1714970 298
1714980 298
1714990 298
1715000 298
1715010 298
1715020 298
1715030 298
1715040 298
1715050 298
1715060 299
1715070 299
1715080 299
1715090 299
1715100 299
1715110 299
1715120 299
1715130 299
1715140 299
1715150 299
1715160 298
1715170 298
1715180 298
1715190 299
1715200 299
1715210 299
1715220 299
1715230 299
1715240 299
1715250 299
1715260 299
1715270 298
1715280 298
1715290 299
1715300 299
1715310 298
1715320 298
1715330 298
1715340 298
1715350 298
1715360 299
1715370 299
1715380 299
1715390 299
1715400 299
1715410 299
1715420 299
1715430 299
1715440 299
1715450 299
1715460 299
1715470 299
1715480 299
1715490 299
1715500 299
1715510 299
1715520 299
1715530 299
1715540 299
1715550 299
1715560 299
1715570 299
1715580 299
1715590 299
1715600 299
1715610 299
1715620 300
1715630 300
1715640 300
1715650 300
1715660 300
1715670 300
1715680 300
1715690 300
1715700 300
1715710 300
1715720 300
1715730 300
1715740 300
1715750 300
1715760 300
1715770 300
1715780 300
1715790 300
1715800 300
1715810 300
1715820 300
1715830 300
1715840 300
1715850 300
1715860 300
1715870 299
1715880 299
1715890 299
1715900 299
1715910 298
1715920 298
1715930 298
1715940 298
1715950 298
1715960 298
1715970 298
1715980 298
1715990 298
1716000 298
1716010 298
1716020 298
1716030 298
1716040 298
1716050 298
1716060 298
1716070 298
1716080 298
1716090 298
1716100 298
1716110 298
1716120 298
1716130 298
1716140 298
1716150 298
1716160 298
1716170 298
1716180 298
1716190 298
1716200 298
1716210 297
1716220 297
1716230 297
1716240 297
1716250 297
1716260 297
1716270 297
1716280 297
1716290 297
1716300 297
1716310 297
1716320 297
1716330 297
1716340 296
1716350 296
1716360 296
1716370 296
1716380 296
1716390 296
1716400 296
1716410 296
1716420 296
1716430 295
1716440 295
1716450 295
1716460 295
1716470 295
1716480 295
1716490 295
1716500 294
1716510 294
1716520 294
1716530 294
1716540 294
1716550 294
1716560 294
1716570 294
1716580 294
1716590 293
1716600 293
1716610 293
1716620 293
1716630 293
1716640 293
1716650 293
1716660 292
1716670 292
1716680 292
1716690 292
1716700 292
1716710 292
1716720 292
1716730 292
1716740 291
1716750 291
1716760 291
1716770 291
1716780 291
1716790 290
1716800 290
1716810 290
1716820 290
1716830 290
1716840 290
1716850 290
1716860 290
1716870 290
1716880 289
1716890 289
1716900 289
1716910 289
1716920 289
1716930 289
1716940 288
1716950 288
1716960 288
1716970 288
1716980 288
1716990 288
1717000 288
1717010 287
1717020 287
1717030 287
1717040 287
1717050 287
1717060 287
1717070 287
1717080 286
1717090 286
1717100 286
1717110 286
1717120 286
1717130 286
1717140 285
1717150 285
1717160 285
1717170 285
1717180 284
1717190 284
1717200 284
1717210 284
1717220 284
1717230 284
1717240 284
1717250 284
1717260 283
1717270 283
1717280 283
1717290 283
1717300 282
1717310 282
1717320 282
1717330 282
1717340 282
1717350 282
1717360 282
1717370 282
1717380 282
1717390 282
1717400 282
1717410 281
1717420 281
1717430 281
1717440 281
1717450 281
1717460 280
1717470 280
1717480 280
1717490 280
1717500 280
1717510 279
1717520 279
1717530 279
1717540 279
1717550 278
1717560 278
1717570 278
1717580 278
1717590 277
1717600 277
1717610 277
1717620 277
1717630 276
1717640 276
1717650 276
1717660 276
1717670 275
1717680 275
1717690 275
1717700 275
1717710 275
1717720 276
1717730 276
1717740 276
1717750 276
1717760 276
1717770 276
1717780 275
1717790 275
1717800 275
1717810 275
1717820 275
1717830 275
1717840 274
1717850 274
1717860 274
1717870 274
1717880 274
1717890 273
1717900 273
1717910 273
1717920 273
1717930 273
1717940 272
1717950 272
1717960 272
1717970 272
1717980 272
1717990 271
1718000 271
1718010 271
1718020 271
1718030 270
1718040 270
1718050 270
1718060 270
1718070 269
1718080 269
1718090 269
1718100 269
1718110 269
1718120 268
1718130 268
1718140 268
1718150 268
1718160 267
1718170 267
1718180 267
1718190 267
1718200 267
1718210 267
1718220 266
1718230 266
1718240 266
1718250 266
1718260 265
1718270 265
1718280 265
1718290 265
1718300 265
1718310 265
1718320 265
1718330 265
1718340 265
1718350 265
1718360 264
1718370 264
1718380 264
1718390 264
1718400 264
1718410 264
1718420 264
1718430 264
1718440 264
1718450 264
1718460 264
1718470 264
1718480 264
1718490 264
1718500 264
1718510 264
1718520 265
1718530 266
1718540 267
1718550 268
1718560 269
1718570 270
1718580 270
1718590 271
1718600 271
1718610 272
1718620 272
1718630 273
1718640 273
1718650 273
1718660 274
1718670 274
1718680 274
1718690 275
1718700 275
1718710 275
1718720 276
1718730 276
1718740 276
1718750 276
1718760 277
1718770 277
1718780 277
1718790 278
1718800 278
1718810 278
1718820 279
1718830 279
1718840 279
1718850 280
1718860 280
1718870 280
1718880 280
1718890 281
1718900 281
1718910 281
1718920 281
1718930 282
1718940 282
1718950 282
1718960 282
1718970 283
1718980 283
1718990 283
1719000 283
1719010 283
1719020 283
1719030 283
1719040 283
1719050 283
1719060 283
1719070 283
1719080 283
1719090 283
1719100 284
1719110 284
1719120 284
1719130 284
1719140 284
1719150 285
1719160 285
1719170 285
1719180 285
1719190 286
1719200 286
1719210 286
1719220 287
1719230 287
1719240 287
1719250 287
1719260 288
1719270 288
1719280 288
1719290 288
1719300 288
1719310 288
1719320 288
1719330 288
1719340 288
1719350 288
1719360 287
1719370 287
1719380 287
1719390 287
1719400 287
1719410 287
1719420 286
1719430 286
1719440 286
1719450 286
1719460 285
1719470 285
1719480 285
1719490 284
1719500 284
1719510 283
1719520 283
1719530 282
1719540 282
1719550 281
1719560 281
1719570 280
1719580 280
1719590 279
1719600 279
1719610 278
1719620 278
1719630 278
1719640 277
1719650 277
1719660 277
1719670 277
1719680 276
1719690 276
1719700 275
1719710 275
1719720 274
1719730 274
1719740 274
1719750 274
1719760 273
1719770 273
1719780 273
1719790 273
1719800 273
1719810 272
1719820 272
1719830 272
1719840 272
1719850 272
1719860 272
1719870 272
1719880 271
1719890 271
1719900 271
1719910 271
1719920 271
1719930 271
1719940 270
1719950 270
1719960 270
1719970 270
1719980 269
1719990 269
