1700000 310
1700010 309
1700020 309
1700030 309
1700040 309
1700050 309
1700060 308
1700070 308
1700080 308
1700090 307
1700100 305
1700110 304
1700120 304
1700130 303
1700140 302
1700150 302
1700160 301
1700170 301
1700180 300
1700190 300
1700200 299
1700210 298
1700220 297
1700230 297
1700240 297
1700250 297
1700260 297
1700270 297
1700280 297
1700290 297
1700300 296
1700310 296
1700320 295
1700330 295
1700340 295
1700350 295
1700360 295
1700370 295
1700380 294
1700390 294
1700400 294
1700410 294
1700420 294
1700430 293
1700440 293
1700450 292
1700460 292
1700470 292
1700480 291
1700490 290
1700500 290
1700510 289
1700520 289
1700530 289
1700540 289
1700550 289
1700560 289
1700570 289
1700580 289
1700590 289
1700600 289
1700610 289
1700620 289
1700630 288
1700640 288
1700650 288
1700660 288
1700670 287
1700680 287
1700690 287
1700700 286
1700710 286
1700720 285
1700730 285
1700740 284
1700750 282
1700760 281
1700770 280
1700780 278
1700790 277
1700800 275
1700810 273
1700820 271
1700830 268
1700840 267
1700850 266
1700860 266
1700870 267
1700880 268
1700890 271
1700900 274
1700910 277
1700920 280
1700930 283
1700940 285
1700950 288
1700960 290
1700970 293
1700980 295
1700990 296
1701000 298
1701010 299
1701020 300
1701030 301
1701040 302
1701050 303
1701060 303
1701070 304
1701080 304
1701090 305
1701100 305
1701110 305
1701120 306
1701130 306
1701140 306
1701150 306
1701160 306
1701170 306
1701180 306
1701190 306
1701200 306
1701210 305
1701220 305
1701230 305
1701240 304
1701250 304
1701260 304
1701270 304
1701280 303
1701290 303
1701300 303
1701310 302
1701320 302
1701330 302
1701340 301
1701350 301
1701360 301
1701370 300
1701380 300
1701390 299
1701400 299
1701410 298
1701420 297
1701430 297
1701440 296
1701450 295
1701460 295
1701470 294
1701480 294
1701490 293
1701500 292
1701510 292
1701520 291
1701530 291
1701540 290
1701550 290
1701560 289
1701570 289
1701580 288
1701590 288
1701600 288
1701610 288
1701620 288
1701630 288
1701640 288
1701650 289
1701660 289
1701670 289
1701680 288
1701690 288
1701700 288
1701710 288
1701720 288
1701730 288
1701740 287
1701750 287
1701760 287
1701770 286
1701780 286
1701790 286
1701800 285
1701810 285
1701820 285
1701830 284
1701840 284
1701850 283
1701860 283
1701870 282
1701880 282
1701890 281
1701900 280
1701910 280
1701920 279
1701930 279
1701940 278
1701950 278
1701960 277
1701970 276
1701980 275
1701990 275
1702000 274
1702010 273
1702020 272
1702030 271
1702040 270
1702050 269
1702060 268
1702070 267
1702080 265
1702090 264
1702100 263
1702110 262
1702120 261
1702130 260
1702140 259
1702150 260
1702160 262
1702170 265
1702180 266
1702190 269
1702200 271
1702210 273
1702220 276
1702230 278
1702240 280
1702250 282
1702260 283
1702270 284
1702280 284
1702290 285
1702300 285
1702310 285
1702320 286
1702330 287
1702340 287
1702350 287
1702360 287
1702370 287
1702380 287
1702390 286
1702400 286
1702410 286
1702420 287
1702430 287
1702440 287
1702450 287
1702460 287
1702470 286
1702480 286
1702490 286
1702500 286
1702510 286
1702520 286
1702530 286
1702540 286
1702550 285
1702560 285
1702570 285
1702580 284
1702590 284
1702600 283
1702610 283
1702620 281
1702630 278
1702640 274
1702650 273
1702660 275
1702670 277
1702680 279
1702690 280
1702700 283
1702710 285
1702720 287
1702730 288
1702740 289
1702750 289
1702760 289
1702770 289
1702780 289
1702790 291
1702800 293
1702810 295
1702820 296
1702830 298
1702840 299
1702850 300
1702860 301
1702870 302
1702880 304
1702890 305
1702900 307
1702910 308
1702920 310
1702930 311
1702940 313
1702950 315
1702960 317
1702970 318
1702980 319
1702990 321
1703000 322
1703010 323
1703020 324
1703030 325
1703040 326
1703050 326
1703060 327
1703070 328
1703080 328
1703090 329
1703100 329
1703110 329
1703120 329
1703130 329
1703140 329
1703150 329
1703160 329
1703170 328
1703180 328
1703190 327
1703200 327
1703210 326
1703220 325
1703230 324
1703240 323
1703250 322
1703260 320
1703270 318
1703280 317
1703290 315
1703300 312
1703310 310
1703320 307
1703330 304
1703340 302
1703350 300
1703360 300
1703370 301
1703380 303
1703390 304
1703400 305
1703410 306
1703420 307
1703430 308
1703440 308
1703450 307
1703460 307
1703470 305
1703480 303
1703490 301
1703500 298
1703510 295
1703520 293
1703530 290
1703540 287
1703550 284
1703560 282
1703570 279
1703580 276
1703590 274
1703600 276
1703610 279
1703620 283
1703630 287
1703640 291
1703650 294
1703660 298
1703670 301
1703680 304
1703690 306
1703700 309
1703710 312
1703720 314
1703730 316
1703740 317
1703750 319
1703760 320
1703770 321
1703780 322
1703790 322
1703800 323
1703810 324
1703820 324
1703830 325
1703840 325
1703850 326
1703860 326
1703870 327
1703880 328
1703890 329
1703900 331
1703910 332
1703920 333
1703930 335
1703940 336
1703950 337
1703960 339
1703970 340
1703980 341
1703990 343
1704000 344
1704010 345
1704020 346
1704030 347
1704040 348
1704050 349
1704060 349
1704070 350
1704080 351
1704090 351
1704100 352
1704110 353
1704120 353
1704130 354
1704140 354
1704150 355
1704160 355
1704170 356
1704180 356
1704190 357
1704200 358
1704210 358
1704220 359
1704230 360
1704240 360
1704250 361
1704260 362
1704270 362
1704280 363
1704290 364
1704300 364
1704310 365
1704320 366
1704330 366
1704340 367
1704350 368
1704360 368
1704370 368
1704380 369
1704390 369
1704400 370
1704410 370
1704420 370
1704430 370
1704440 371
1704450 371
1704460 372
1704470 372
1704480 372
1704490 372
1704500 372
1704510 373
1704520 373
1704530 373
1704540 373
1704550 373
1704560 373
1704570 373
1704580 373
1704590 373
1704600 373
1704610 373
1704620 373
1704630 372
1704640 372
1704650 372
1704660 372
1704670 372
1704680 371
1704690 371
1704700 371
1704710 371
1704720 370
1704730 370
1704740 369
1704750 369
1704760 368
1704770 367
1704780 366
1704790 365
1704800 363
1704810 362
1704820 361
1704830 359
1704840 357
1704850 354
1704860 352
1704870 349
1704880 346
1704890 344
1704900 341
1704910 338
1704920 336
1704930 333
1704940 331
1704950 329
1704960 327
1704970 326
1704980 324
1704990 323
1705000 322
1705010 321
1705020 319
1705030 317
1705040 317
1705050 317
1705060 317
1705070 316
1705080 316
1705090 314
1705100 313
1705110 311
1705120 310
1705130 308
1705140 310
1705150 312
1705160 311
1705170 310
1705180 310
1705190 310
1705200 310
1705210 311
1705220 311
1705230 311
1705240 311
1705250 311
1705260 311
1705270 310
1705280 310
1705290 310
1705300 310
1705310 310
1705320 309
1705330 309
1705340 309
1705350 309
1705360 309
1705370 308
1705380 307
1705390 305
1705400 304
1705410 304
1705420 305
1705430 305
1705440 306
1705450 307
1705460 308
1705470 308
1705480 308
1705490 309
1705500 309
1705510 309
1705520 310
1705530 310
1705540 310
1705550 309
1705560 309
1705570 310
1705580 310
1705590 310
1705600 310
1705610 310
1705620 310
1705630 309
1705640 309
1705650 308
1705660 308
1705670 308
1705680 307
1705690 307
1705700 306
1705710 306
1705720 305
1705730 305
1705740 305
1705750 304
1705760 304
1705770 304
1705780 304
1705790 304
1705800 303
1705810 303
1705820 303
1705830 303
1705840 302
1705850 302
1705860 302
1705870 301
1705880 301
1705890 300
1705900 298
1705910 296
1705920 295
1705930 294
1705940 295
1705950 296
1705960 297
1705970 298
1705980 298
1705990 299
1706000 299
1706010 299
1706020 299
1706030 299
1706040 299
1706050 299
1706060 299
1706070 298
1706080 297
1706090 296
1706100 295
1706110 294
1706120 295
1706130 296
1706140 297
1706150 299
1706160 300
1706170 301
1706180 302
1706190 303
1706200 304
1706210 305
1706220 306
1706230 306
1706240 307
1706250 308
1706260 308
1706270 309
1706280 310
1706290 311
1706300 311
1706310 312
1706320 313
1706330 314
1706340 315
1706350 315
1706360 316
1706370 317
1706380 317
1706390 317
1706400 317
1706410 317
1706420 316
1706430 314
1706440 313
1706450 313
1706460 313
1706470 313
1706480 312
1706490 312
1706500 312
1706510 312
1706520 311
1706530 311
1706540 311
1706550 311
1706560 310
1706570 310
1706580 310
1706590 310
1706600 310
1706610 310
1706620 309
1706630 309
1706640 309
1706650 309
1706660 309
1706670 308
1706680 308
1706690 308
1706700 307
1706710 307
1706720 307
1706730 307
1706740 307
1706750 307
1706760 307
1706770 307
1706780 307
1706790 306
1706800 306
1706810 306
1706820 306
1706830 306
1706840 306
1706850 306
1706860 306
1706870 307
1706880 307
1706890 307
1706900 308
1706910 308
1706920 308
1706930 309
1706940 309
1706950 310
1706960 310
1706970 311
1706980 311
1706990 311
1707000 311
1707010 311
1707020 310
1707030 310
1707040 309
1707050 308
1707060 306
1707070 305
1707080 305
1707090 304
1707100 304
1707110 303
1707120 303
1707130 303
1707140 303
1707150 302
1707160 302
1707170 301
1707180 301
1707190 301
1707200 300
1707210 300
1707220 299
1707230 299
1707240 299
1707250 298
1707260 298
1707270 298
1707280 297
1707290 297
1707300 297
1707310 297
1707320 297
1707330 297
1707340 296
1707350 296
1707360 296
1707370 296
1707380 296
1707390 295
1707400 295
1707410 295
1707420 295
1707430 295
1707440 294
1707450 294
1707460 294
1707470 294
1707480 294
1707490 294
1707500 294
1707510 294
1707520 294
1707530 294
1707540 294
1707550 293
1707560 293
1707570 292
1707580 291
1707590 291
1707600 291
1707610 291
1707620 291
1707630 291
1707640 291
1707650 291
1707660 291
1707670 291
1707680 291
1707690 291
1707700 292
1707710 292
1707720 293
1707730 293
1707740 294
1707750 295
1707760 296
1707770 298
1707780 299
1707790 300
1707800 301
1707810 301
1707820 302
1707830 302
1707840 302
1707850 303
1707860 303
1707870 303
1707880 304
1707890 304
1707900 304
1707910 304
1707920 304
1707930 304
1707940 305
1707950 305
1707960 305
1707970 305
1707980 305
1707990 305
1708000 306
1708010 306
1708020 306
1708030 306
1708040 306
1708050 307
1708060 307
1708070 307
1708080 307
1708090 307
1708100 307
1708110 307
1708120 307
1708130 307
1708140 307
1708150 307
1708160 307
1708170 308
1708180 308
1708190 308
1708200 309
1708210 309
1708220 309
1708230 310
1708240 310
1708250 310
1708260 310
1708270 310
1708280 311
1708290 311
1708300 310
1708310 309
1708320 308
1708330 308
1708340 308
1708350 308
1708360 308
1708370 308
1708380 308
1708390 309
1708400 309
1708410 309
1708420 309
1708430 310
1708440 310
1708450 310
1708460 311
1708470 311
1708480 312
1708490 313
1708500 314
1708510 314
1708520 315
1708530 315
1708540 315
1708550 315
1708560 315
1708570 315
1708580 316
1708590 316
1708600 318
1708610 319
1708620 319
1708630 319
1708640 320
1708650 322
1708660 323
1708670 324
1708680 325
1708690 325
1708700 325
1708710 326
1708720 328
1708730 328
1708740 329
1708750 329
1708760 330
1708770 331
1708780 332
1708790 333
1708800 334
1708810 335
1708820 336
1708830 337
1708840 338
1708850 339
1708860 339
1708870 340
1708880 341
1708890 342
1708900 343
1708910 344
1708920 345
1708930 345
1708940 346
1708950 347
1708960 348
1708970 349
1708980 349
1708990 350
1709000 351
1709010 352
1709020 353
1709030 353
1709040 354
1709050 355
1709060 356
1709070 357
1709080 357
1709090 358
1709100 359
1709110 360
1709120 360
1709130 361
1709140 362
1709150 363
1709160 364
1709170 364
1709180 365
1709190 365
1709200 366
1709210 367
1709220 368
1709230 369
1709240 370
1709250 371
1709260 372
1709270 373
1709280 374
1709290 374
1709300 375
1709310 376
1709320 376
1709330 376
1709340 376
1709350 377
1709360 377
1709370 378
1709380 378
1709390 378
1709400 379
1709410 379
1709420 379
1709430 380
1709440 380
1709450 380
1709460 381
1709470 381
1709480 381
1709490 381
1709500 381
1709510 382
1709520 382
1709530 382
1709540 382
1709550 382
1709560 382
1709570 382
1709580 383
1709590 383
1709600 383
1709610 383
1709620 383
1709630 383
1709640 383
1709650 383
1709660 383
1709670 383
1709680 383
1709690 383
1709700 383
1709710 383
1709720 383
1709730 383
1709740 383
1709750 383
1709760 383
1709770 383
1709780 383
1709790 383
1709800 383
1709810 383
1709820 383
1709830 383
1709840 383
1709850 383
1709860 383
1709870 384
1709880 384
1709890 384
1709900 384
1709910 385
1709920 385
1709930 386
1709940 387
1709950 387
1709960 388
1709970 389
1709980 389
1709990 390
1710000 390
1710010 391
1710020 391
1710030 391
1710040 392
1710050 392
1710060 392
1710070 393
1710080 393
1710090 393
1710100 392
1710110 392
1710120 392
1710130 392
1710140 391
1710150 391
1710160 391
1710170 390
1710180 390
1710190 390
1710200 390
1710210 390
1710220 389
1710230 388
1710240 388
1710250 387
1710260 387
1710270 386
1710280 386
1710290 386
1710300 385
1710310 385
1710320 384
1710330 383
1710340 383
1710350 382
1710360 381
1710370 381
1710380 381
1710390 380
1710400 380
1710410 380
1710420 380
1710430 379
1710440 379
1710450 379
1710460 379
1710470 378
1710480 378
1710490 378
1710500 378
1710510 377
1710520 377
1710530 377
1710540 376
1710550 376
1710560 376
1710570 376
1710580 376
1710590 376
1710600 376
1710610 375
1710620 375
1710630 375
1710640 374
1710650 374
1710660 373
1710670 372
1710680 371
1710690 370
1710700 369
1710710 368
1710720 366
1710730 365
1710740 363
1710750 361
1710760 360
1710770 359
1710780 357
1710790 357
1710800 356
1710810 356
1710820 355
1710830 355
1710840 355
1710850 355
1710860 354
1710870 353
1710880 352
1710890 352
1710900 351
1710910 351
1710920 351
1710930 351
1710940 351
1710950 350
1710960 350
1710970 350
1710980 350
1710990 350
1711000 350
1711010 350
1711020 350
1711030 350
1711040 350
1711050 350
1711060 350
1711070 350
1711080 350
1711090 350
1711100 350
1711110 350
1711120 350
1711130 351
1711140 351
1711150 351
1711160 351
1711170 351
1711180 352
1711190 352
1711200 352
1711210 353
1711220 353
1711230 353
1711240 353
1711250 353
1711260 354
1711270 355
1711280 356
1711290 357
1711300 358
1711310 359
1711320 360
1711330 361
1711340 361
1711350 362
1711360 362
1711370 363
1711380 363
1711390 364
1711400 364
1711410 364
1711420 364
1711430 364
1711440 364
1711450 365
1711460 365
1711470 365
1711480 365
1711490 365
1711500 366
1711510 366
1711520 366
1711530 366
1711540 366
1711550 366
1711560 366
1711570 366
1711580 366
1711590 366
1711600 366
1711610 367
1711620 367
1711630 367
1711640 367
1711650 367
1711660 367
1711670 367
1711680 368
1711690 368
1711700 368
1711710 368
1711720 369
1711730 369
1711740 369
1711750 370
1711760 370
1711770 370
1711780 371
1711790 371
1711800 371
1711810 371
1711820 371
1711830 371
1711840 371
1711850 371
1711860 371
1711870 371
1711880 371
1711890 371
1711900 371
1711910 371
1711920 372
1711930 372
1711940 372
1711950 372
1711960 372
1711970 372
1711980 372
1711990 372
1712000 372
1712010 372
1712020 372
1712030 372
1712040 372
1712050 371
1712060 371
1712070 370
1712080 370
1712090 369
1712100 368
1712110 367
1712120 367
1712130 366
1712140 365
1712150 364
1712160 363
1712170 363
1712180 362
1712190 361
1712200 360
1712210 359
1712220 359
1712230 358
1712240 357
1712250 356
1712260 355
1712270 354
1712280 354
1712290 353
1712300 352
1712310 352
1712320 351
1712330 350
1712340 349
1712350 349
1712360 348
1712370 347
1712380 347
1712390 346
1712400 345
1712410 345
1712420 344
1712430 343
1712440 343
1712450 342
1712460 341
1712470 340
1712480 339
1712490 338
1712500 338
1712510 337
1712520 336
1712530 335
1712540 334
1712550 333
1712560 333
1712570 332
1712580 331
1712590 330
1712600 329
1712610 328
1712620 327
1712630 327
1712640 327
1712650 327
1712660 327
1712670 327
1712680 327
1712690 326
1712700 325
1712710 323
1712720 322
1712730 321
1712740 320
1712750 319
1712760 319
1712770 318
1712780 317
1712790 317
1712800 316
1712810 315
1712820 315
1712830 314
1712840 313
1712850 313
1712860 312
1712870 311
1712880 311
1712890 310
1712900 310
1712910 309
1712920 309
1712930 308
1712940 308
1712950 308
1712960 307
1712970 306
1712980 305
1712990 305
1713000 305
1713010 305
1713020 305
1713030 304
1713040 304
1713050 304
1713060 304
1713070 304
1713080 303
1713090 303
1713100 303
1713110 302
1713120 302
1713130 301
1713140 301
1713150 300
1713160 300
1713170 299
1713180 299
1713190 298
1713200 298
1713210 298
1713220 298
1713230 298
1713240 298
1713250 298
1713260 298
1713270 298
1713280 298
1713290 299
1713300 299
1713310 299
1713320 299
1713330 298
1713340 298
1713350 298
1713360 298
1713370 298
1713380 298
1713390 298
1713400 297
1713410 297
1713420 297
1713430 297
1713440 297
1713450 297
1713460 296
1713470 296
1713480 296
1713490 295
1713500 295
1713510 294
1713520 294
1713530 293
1713540 293
1713550 292
1713560 292
1713570 292
1713580 292
1713590 292
1713600 292
1713610 291
1713620 291
1713630 291
1713640 291
1713650 291
1713660 291
1713670 290
1713680 290
1713690 290
1713700 289
1713710 289
1713720 288
1713730 287
1713740 287
1713750 286
1713760 286
1713770 285
1713780 286
1713790 286
1713800 286
1713810 286
1713820 287
1713830 287
1713840 287
1713850 287
1713860 287
1713870 287
1713880 287
1713890 287
1713900 287
1713910 287
1713920 287
1713930 287
1713940 287
1713950 287
1713960 287
1713970 288
1713980 288
1713990 288
1714000 289
1714010 289
1714020 289
1714030 289
1714040 289
1714050 290
1714060 290
1714070 290
1714080 290
1714090 290
1714100 290
1714110 290
1714120 290
1714130 290
1714140 290
1714150 290
1714160 290
1714170 289
1714180 289
1714190 288
1714200 288
1714210 288
1714220 287
1714230 287
1714240 287
1714250 286
1714260 286
1714270 286
1714280 286
1714290 286
1714300 286
1714310 286
1714320 286
1714330 286
1714340 286
1714350 286
1714360 287
1714370 287
1714380 287
1714390 287
1714400 287
1714410 287
1714420 286
1714430 286
1714440 286
1714450 286
1714460 286
1714470 285
1714480 285
1714490 285
1714500 285
1714510 285
1714520 284
1714530 284
1714540 284
1714550 284
1714560 283
1714570 283
1714580 283
1714590 283
1714600 282
1714610 282
1714620 281
1714630 281
1714640 280
1714650 280
1714660 279
1714670 279
1714680 278
1714690 278
1714700 278
1714710 277
1714720 277
1714730 277
1714740 277
1714750 276
1714760 276
1714770 276
1714780 276
1714790 276
1714800 276
1714810 276
1714820 276
1714830 276
1714840 276
1714850 276
1714860 276
1714870 276
1714880 277
1714890 277
1714900 277
1714910 278
1714920 278
1714930 279
1714940 279
1714950 280
1714960 280
1714970 281
1714980 281
1714990 281
1715000 281
1715010 281
1715020 281
1715030 281
1715040 281
1715050 281
1715060 281
1715070 282
1715080 282
1715090 283
1715100 284
1715110 285
1715120 285
1715130 285
1715140 285
1715150 286
1715160 286
1715170 286
1715180 286
1715190 286
1715200 286
1715210 287
1715220 287
1715230 287
1715240 287
1715250 287
1715260 287
1715270 287
1715280 287
1715290 287
1715300 287
1715310 287
1715320 287
1715330 287
1715340 287
1715350 287
1715360 287
1715370 287
1715380 287
1715390 287
1715400 287
1715410 287
1715420 286
1715430 286
1715440 286
1715450 285
1715460 285
1715470 284
1715480 284
1715490 284
1715500 283
1715510 283
1715520 282
1715530 282
1715540 281
1715550 281
1715560 280
1715570 279
1715580 279
1715590 278
1715600 278
1715610 278
1715620 278
1715630 278
1715640 278
1715650 278
1715660 278
1715670 278
1715680 278
1715690 278
1715700 278
1715710 278
1715720 279
1715730 279
1715740 279
1715750 279
1715760 280
1715770 280
1715780 281
1715790 281
1715800 282
1715810 282
1715820 283
1715830 283
1715840 283
1715850 284
1715860 284
1715870 284
1715880 285
1715890 285
1715900 286
1715910 286
1715920 286
1715930 286
1715940 286
1715950 286
1715960 285
1715970 285
1715980 285
1715990 285
1716000 285
1716010 284
1716020 284
1716030 284
1716040 283
1716050 283
1716060 283
1716070 283
1716080 283
1716090 283
1716100 283
1716110 283
1716120 283
1716130 283
1716140 283
1716150 283
1716160 283
1716170 283
1716180 283
1716190 283
1716200 283
1716210 283
1716220 283
1716230 283
1716240 284
1716250 284
1716260 284
1716270 284
1716280 284
1716290 284
1716300 285
1716310 286
1716320 286
1716330 287
1716340 287
1716350 287
1716360 288
1716370 288
1716380 288
1716390 288
1716400 289
1716410 289
1716420 289
1716430 289
1716440 289
1716450 289
1716460 289
1716470 289
1716480 289
1716490 288
1716500 288
1716510 288
1716520 287
1716530 287
1716540 287
1716550 287
1716560 287
1716570 286
1716580 286
1716590 286
1716600 285
1716610 285
1716620 285
1716630 285
1716640 285
1716650 284
1716660 284
1716670 284
1716680 284
1716690 284
1716700 284
1716710 284
1716720 285
1716730 285
1716740 285
1716750 285
1716760 285
1716770 285
1716780 285
1716790 285
1716800 285
1716810 285
1716820 285
1716830 285
1716840 285
1716850 285
1716860 285
1716870 285
1716880 285
1716890 285
1716900 285
1716910 285
1716920 285
1716930 285
1716940 285
1716950 285
1716960 285
1716970 285
1716980 285
1716990 285
1717000 285
1717010 285
1717020 285
1717030 285
1717040 286
1717050 286
1717060 286
1717070 286
1717080 286
1717090 286
1717100 286
1717110 286
1717120 286
1717130 286
1717140 287
1717150 287
1717160 287
1717170 287
1717180 287
1717190 287
1717200 287
1717210 288
1717220 288
1717230 288
1717240 288
1717250 288
1717260 288
1717270 288
1717280 288
1717290 288
1717300 288
1717310 288
1717320 288
1717330 288
1717340 288
1717350 289
1717360 289
1717370 290
1717380 290
1717390 290
1717400 290
1717410 290
1717420 291
1717430 291
1717440 291
1717450 292
1717460 292
1717470 292
1717480 293
1717490 293
1717500 293
1717510 294
1717520 294
1717530 294
1717540 294
1717550 295
1717560 295
1717570 295
1717580 295
1717590 295
1717600 295
1717610 295
1717620 296
1717630 296
1717640 296
1717650 296
1717660 296
1717670 296
1717680 296
1717690 296
1717700 296
1717710 296
1717720 296
1717730 296
1717740 296
1717750 296
1717760 296
1717770 296
1717780 296
1717790 296
1717800 296
1717810 296
1717820 296
1717830 296
1717840 296
1717850 296
1717860 296
1717870 295
1717880 295
1717890 295
1717900 295
1717910 295
1717920 295
1717930 295
1717940 295
1717950 294
1717960 294
1717970 294
1717980 294
1717990 294
1718000 295
1718010 295
1718020 294
1718030 294
1718040 293
1718050 293
1718060 293
1718070 293
1718080 293
1718090 293
1718100 293
1718110 293
1718120 293
1718130 293
1718140 293
1718150 293
1718160 293
1718170 293
1718180 293
1718190 293
1718200 293
1718210 293
1718220 293
1718230 293
1718240 293
1718250 293
1718260 294
1718270 294
1718280 294
1718290 294
1718300 294
1718310 294
1718320 294
1718330 293
1718340 293
1718350 293
1718360 293
1718370 293
1718380 293
1718390 293
1718400 292
1718410 292
1718420 292
1718430 292
1718440 291
1718450 291
1718460 291
1718470 291
1718480 291
1718490 290
1718500 290
1718510 290
1718520 290
1718530 290
1718540 289
1718550 289
1718560 289
1718570 289
1718580 288
1718590 288
1718600 288
1718610 288
1718620 287
1718630 287
1718640 287
1718650 287
1718660 287
1718670 287
1718680 286
1718690 286
1718700 286
1718710 286
1718720 285
1718730 285
1718740 285
1718750 285
1718760 285
1718770 284
1718780 284
1718790 284
1718800 284
1718810 284
1718820 283
1718830 283
1718840 283
1718850 283
1718860 282
1718870 282
1718880 282
1718890 282
1718900 281
1718910 281
1718920 281
1718930 281
1718940 281
1718950 281
1718960 281
1718970 280
1718980 280
1718990 280
1719000 280
1719010 280
1719020 280
1719030 280
1719040 280
1719050 280
1719060 280
1719070 280
1719080 280
1719090 280
1719100 280
1719110 280
1719120 280
1719130 280
1719140 281
1719150 281
1719160 281
1719170 282
1719180 282
1719190 283
1719200 284
1719210 285
1719220 286
1719230 287
1719240 288
1719250 288
1719260 289
1719270 290
1719280 290
1719290 290
1719300 290
1719310 291
1719320 291
1719330 291
1719340 292
1719350 292
1719360 292
1719370 293
1719380 293
1719390 293
1719400 293
1719410 294
1719420 294
1719430 294
1719440 294
1719450 294
1719460 295
1719470 295
1719480 295
1719490 295
1719500 295
1719510 295
1719520 295
1719530 295
1719540 295
1719550 294
1719560 294
1719570 294
1719580 294
1719590 294
1719600 294
1719610 294
1719620 293
1719630 293
1719640 293
1719650 293
1719660 293
1719670 292
1719680 292
1719690 292
1719700 291
1719710 291
1719720 291
1719730 291
1719740 290
1719750 290
1719760 290
1719770 290
1719780 290
1719790 290
1719800 290
1719810 290
1719820 290
1719830 290
1719840 290
1719850 290
1719860 290
1719870 290
1719880 290
1719890 289
1719900 289
1719910 289
1719920 289
1719930 289
1719940 288
1719950 288
1719960 288
1719970 288
1719980 288
1719990 287
