1700000 333
1700010 333
1700020 332
1700030 331
1700040 330
1700050 329
1700060 329
1700070 328
1700080 327
1700090 326
1700100 326
1700110 325
1700120 324
1700130 323
1700140 322
1700150 321
1700160 320
1700170 318
1700180 317
1700190 315
1700200 315
1700210 314
1700220 313
1700230 313
1700240 313
1700250 313
1700260 313
1700270 312
1700280 312
1700290 312
1700300 312
1700310 312
1700320 312
1700330 312
1700340 311
1700350 311
1700360 311
1700370 311
1700380 310
1700390 310
1700400 310
1700410 310
1700420 309
1700430 309
1700440 309
1700450 308
1700460 308
1700470 308
1700480 307
1700490 307
1700500 307
1700510 306
1700520 306
1700530 306
1700540 305
1700550 305
1700560 304
1700570 304
1700580 303
1700590 303
1700600 302
1700610 302
1700620 301
1700630 301
1700640 300
1700650 300
1700660 299
1700670 298
1700680 298
1700690 297
1700700 297
1700710 296
1700720 296
1700730 295
1700740 295
1700750 294
1700760 294
1700770 293
1700780 293
1700790 292
1700800 291
1700810 291
1700820 290
1700830 288
1700840 286
1700850 284
1700860 283
1700870 281
1700880 279
1700890 279
1700900 279
1700910 280
1700920 281
1700930 282
1700940 283
1700950 285
1700960 288
1700970 292
1700980 295
1700990 298
1701000 302
1701010 304
1701020 306
1701030 307
1701040 309
1701050 310
1701060 312
1701070 314
1701080 316
1701090 317
1701100 318
1701110 319
1701120 320
1701130 321
1701140 322
1701150 324
1701160 324
1701170 324
1701180 325
1701190 325
1701200 326
1701210 326
1701220 327
1701230 327
1701240 327
1701250 327
1701260 328
1701270 328
1701280 328
1701290 328
1701300 328
1701310 328
1701320 327
1701330 327
1701340 327
1701350 326
1701360 326
1701370 326
1701380 325
1701390 325
1701400 324
1701410 324
1701420 323
1701430 322
1701440 321
1701450 320
1701460 320
1701470 320
1701480 320
1701490 319
1701500 319
1701510 319
1701520 318
1701530 317
1701540 316
1701550 316
1701560 315
1701570 314
1701580 313
1701590 313
1701600 312
1701610 311
1701620 310
1701630 309
1701640 309
1701650 308
1701660 307
1701670 307
1701680 306
1701690 306
1701700 305
1701710 304
1701720 304
1701730 305
1701740 305
1701750 305
1701760 304
1701770 304
1701780 303
1701790 302
1701800 302
1701810 301
1701820 300
1701830 300
1701840 299
1701850 298
1701860 298
1701870 297
1701880 297
1701890 297
1701900 296
1701910 296
1701920 295
1701930 294
1701940 294
1701950 294
1701960 293
1701970 293
1701980 292
1701990 291
1702000 290
1702010 289
1702020 289
1702030 289
1702040 289
1702050 288
1702060 288
1702070 288
1702080 287
1702090 285
1702100 284
1702110 285
1702120 290
1702130 293
1702140 296
1702150 298
1702160 300
1702170 302
1702180 303
1702190 303
1702200 303
1702210 303
1702220 303
1702230 302
1702240 302
1702250 300
1702260 299
1702270 298
1702280 297
1702290 296
1702300 295
1702310 295
1702320 295
1702330 295
1702340 298
1702350 300
1702360 302
1702370 304
1702380 305
1702390 307
1702400 309
1702410 310
1702420 311
1702430 312
1702440 312
1702450 313
1702460 314
1702470 314
1702480 315
1702490 315
1702500 315
1702510 315
1702520 316
1702530 316
1702540 317
1702550 317
1702560 317
1702570 318
1702580 318
1702590 318
1702600 318
1702610 318
1702620 318
1702630 318
1702640 318
1702650 318
1702660 318
1702670 318
1702680 318
1702690 318
1702700 318
1702710 318
1702720 318
1702730 318
1702740 318
1702750 318
1702760 319
1702770 319
1702780 320
1702790 321
1702800 321
1702810 322
1702820 322
1702830 323
1702840 324
1702850 325
1702860 326
1702870 326
1702880 327
1702890 328
1702900 329
1702910 330
1702920 331
1702930 331
1702940 332
1702950 333
1702960 333
1702970 334
1702980 334
1702990 335
1703000 335
1703010 335
1703020 335
1703030 335
1703040 335
1703050 335
1703060 336
1703070 336
1703080 336
1703090 336
1703100 336
1703110 336
1703120 336
1703130 336
1703140 337
1703150 337
1703160 337
1703170 337
1703180 338
1703190 338
1703200 338
1703210 338
1703220 338
1703230 338
1703240 339
1703250 339
1703260 339
1703270 339
1703280 339
1703290 339
1703300 339
1703310 339
1703320 339
1703330 339
1703340 339
1703350 339
1703360 339
1703370 339
1703380 339
1703390 339
1703400 339
1703410 339
1703420 339
1703430 339
1703440 339
1703450 339
1703460 339
1703470 339
1703480 340
1703490 340
1703500 340
1703510 340
1703520 340
1703530 340
1703540 340
1703550 340
1703560 341
1703570 341
1703580 341
1703590 341
1703600 341
1703610 341
1703620 341
1703630 341
1703640 341
1703650 341
1703660 341
1703670 341
1703680 341
1703690 341
1703700 341
1703710 341
1703720 341
1703730 341
1703740 340
1703750 340
1703760 340
1703770 339
1703780 339
1703790 339
1703800 339
1703810 338
1703820 338
1703830 338
1703840 337
1703850 337
1703860 336
1703870 336
1703880 335
1703890 334
1703900 333
1703910 332
1703920 331
1703930 329
1703940 327
1703950 325
1703960 323
1703970 322
1703980 321
1703990 320
1704000 318
1704010 317
1704020 314
1704030 310
1704040 307
1704050 308
1704060 310
1704070 314
1704080 316
1704090 319
1704100 321
1704110 323
1704120 325
1704130 327
1704140 329
1704150 331
1704160 333
1704170 335
1704180 337
1704190 339
1704200 341
1704210 343
1704220 346
1704230 348
1704240 350
1704250 352
1704260 354
1704270 356
1704280 358
1704290 359
1704300 361
1704310 362
1704320 363
1704330 365
1704340 366
1704350 367
1704360 368
1704370 369
1704380 370
1704390 371
1704400 372
1704410 373
1704420 374
1704430 374
1704440 375
1704450 376
1704460 376
1704470 376
1704480 377
1704490 377
1704500 378
1704510 378
1704520 378
1704530 378
1704540 379
1704550 379
1704560 379
1704570 379
1704580 379
1704590 380
1704600 380
1704610 380
1704620 380
1704630 381
1704640 381
1704650 381
1704660 381
1704670 382
1704680 382
1704690 382
1704700 382
1704710 383
1704720 383
1704730 383
1704740 383
1704750 384
1704760 384
1704770 384
1704780 384
1704790 385
1704800 385
1704810 385
1704820 386
1704830 386
1704840 386
1704850 386
1704860 386
1704870 386
1704880 386
1704890 386
1704900 386
1704910 385
1704920 385
1704930 385
1704940 384
1704950 384
1704960 384
1704970 384
1704980 384
1704990 384
1705000 384
1705010 385
1705020 385
1705030 385
1705040 386
1705050 386
1705060 387
1705070 387
1705080 387
1705090 388
1705100 388
1705110 389
1705120 389
1705130 389
1705140 389
1705150 390
1705160 390
1705170 390
1705180 390
1705190 390
1705200 390
1705210 390
1705220 390
1705230 390
1705240 390
1705250 390
1705260 390
1705270 390
1705280 390
1705290 390
1705300 390
1705310 389
1705320 389
1705330 389
1705340 389
1705350 388
1705360 388
1705370 388
1705380 388
1705390 388
1705400 388
1705410 388
1705420 387
1705430 387
1705440 387
1705450 386
1705460 386
1705470 385
1705480 385
1705490 384
1705500 384
1705510 383
1705520 383
1705530 382
1705540 381
1705550 380
1705560 379
1705570 377
1705580 374
1705590 371
1705600 368
1705610 365
1705620 363
1705630 362
1705640 361
1705650 360
1705660 360
1705670 358
1705680 357
1705690 357
1705700 359
1705710 361
1705720 362
1705730 364
1705740 365
1705750 366
1705760 366
1705770 366
1705780 365
1705790 363
1705800 361
1705810 360
1705820 358
1705830 357
1705840 355
1705850 354
1705860 353
1705870 351
1705880 349
1705890 348
1705900 346
1705910 345
1705920 343
1705930 341
1705940 340
1705950 339
1705960 338
1705970 338
1705980 338
1705990 338
1706000 338
1706010 338
1706020 337
1706030 337
1706040 336
1706050 336
1706060 335
1706070 335
1706080 335
1706090 335
1706100 334
1706110 334
1706120 333
1706130 334
1706140 334
1706150 334
1706160 335
1706170 335
1706180 335
1706190 335
1706200 336
1706210 336
1706220 336
1706230 336
1706240 336
1706250 336
1706260 336
1706270 337
1706280 336
1706290 336
1706300 336
1706310 336
1706320 336
1706330 337
1706340 337
1706350 337
1706360 337
1706370 334
1706380 333
1706390 333
1706400 335
1706410 337
1706420 338
1706430 339
1706440 339
1706450 339
1706460 339
1706470 339
1706480 338
1706490 337
1706500 336
1706510 335
1706520 335
1706530 336
1706540 338
1706550 338
1706560 339
1706570 339
1706580 339
1706590 340
1706600 340
1706610 341
1706620 341
1706630 341
1706640 341
1706650 341
1706660 341
1706670 342
1706680 342
1706690 342
1706700 342
1706710 343
1706720 343
1706730 343
1706740 344
1706750 344
1706760 344
1706770 344
1706780 345
1706790 345
1706800 346
1706810 346
1706820 346
1706830 346
1706840 346
1706850 346
1706860 346
1706870 346
1706880 346
1706890 346
1706900 346
1706910 345
1706920 345
1706930 345
1706940 345
1706950 345
1706960 345
1706970 344
1706980 344
1706990 344
1707000 344
1707010 343
1707020 343
1707030 342
1707040 342
1707050 342
1707060 342
1707070 341
1707080 341
1707090 340
1707100 340
1707110 340
1707120 339
1707130 339
1707140 338
1707150 337
1707160 336
1707170 335
1707180 334
1707190 333
1707200 332
1707210 331
1707220 329
1707230 327
1707240 325
1707250 324
1707260 322
1707270 320
1707280 319
1707290 317
1707300 316
1707310 316
1707320 316
1707330 316
1707340 316
1707350 317
1707360 317
1707370 317
1707380 318
1707390 318
1707400 318
1707410 318
1707420 319
1707430 319
1707440 319
1707450 318
1707460 318
1707470 317
1707480 318
1707490 320
1707500 322
1707510 323
1707520 324
1707530 324
1707540 324
1707550 325
1707560 325
1707570 325
1707580 325
1707590 326
1707600 326
1707610 326
1707620 327
1707630 328
1707640 328
1707650 329
1707660 329
1707670 329
1707680 330
1707690 330
1707700 330
1707710 330
1707720 330
1707730 330
1707740 330
1707750 330
1707760 329
1707770 329
1707780 329
1707790 329
1707800 329
1707810 328
1707820 328
1707830 328
1707840 328
1707850 327
1707860 327
1707870 327
1707880 327
1707890 326
1707900 326
1707910 326
1707920 325
1707930 325
1707940 325
1707950 324
1707960 324
1707970 323
1707980 322
1707990 321
1708000 320
1708010 320
1708020 319
1708030 319
1708040 318
1708050 318
1708060 315
1708070 313
1708080 311
1708090 310
1708100 309
1708110 308
1708120 309
1708130 309
1708140 310
1708150 311
1708160 311
1708170 312
1708180 313
1708190 314
1708200 315
1708210 316
1708220 317
1708230 318
1708240 319
1708250 319
1708260 320
1708270 321
1708280 323
1708290 324
1708300 324
1708310 325
1708320 325
1708330 325
1708340 326
1708350 326
1708360 326
1708370 326
1708380 326
1708390 327
1708400 327
1708410 326
1708420 327
1708430 327
1708440 329
1708450 330
1708460 330
1708470 331
1708480 331
1708490 332
1708500 332
1708510 332
1708520 332
1708530 332
1708540 333
1708550 333
1708560 333
1708570 334
1708580 334
1708590 334
1708600 334
1708610 335
1708620 335
1708630 335
1708640 335
1708650 335
1708660 336
1708670 336
1708680 336
1708690 336
1708700 336
1708710 336
1708720 336
1708730 336
1708740 336
1708750 336
1708760 336
1708770 336
1708780 335
1708790 335
1708800 335
1708810 335
1708820 334
1708830 334
1708840 332
1708850 331
1708860 330
1708870 330
1708880 329
1708890 328
1708900 329
1708910 329
1708920 329
1708930 328
1708940 328
1708950 327
1708960 327
1708970 327
1708980 327
1708990 327
1709000 327
1709010 327
1709020 327
1709030 327
1709040 327
1709050 327
1709060 327
1709070 327
1709080 328
1709090 328
1709100 328
1709110 328
1709120 328
1709130 328
1709140 329
1709150 329
1709160 329
1709170 329
1709180 329
1709190 329
1709200 330
1709210 330
1709220 330
1709230 329
1709240 329
1709250 328
1709260 328
1709270 327
1709280 326
1709290 325
1709300 325
1709310 324
1709320 323
1709330 322
1709340 321
1709350 321
1709360 321
1709370 320
1709380 321
1709390 321
1709400 323
1709410 325
1709420 328
1709430 330
1709440 333
1709450 335
1709460 336
1709470 337
1709480 339
1709490 340
1709500 341
1709510 344
1709520 347
1709530 351
1709540 353
1709550 355
1709560 357
1709570 360
1709580 363
1709590 367
1709600 371
1709610 373
1709620 374
1709630 375
1709640 375
1709650 374
1709660 373
1709670 373
1709680 373
1709690 373
1709700 372
1709710 372
1709720 371
1709730 369
1709740 367
1709750 365
1709760 364
1709770 362
1709780 360
1709790 359
1709800 358
1709810 356
1709820 355
1709830 354
1709840 353
1709850 352
1709860 352
1709870 351
1709880 351
1709890 350
1709900 350
1709910 349
1709920 348
1709930 348
1709940 347
1709950 346
1709960 346
1709970 345
1709980 345
1709990 344
1710000 343
1710010 343
1710020 342
1710030 342
1710040 341
1710050 340
1710060 340
1710070 339
1710080 339
1710090 338
1710100 338
1710110 337
1710120 336
1710130 335
1710140 334
1710150 333
1710160 332
1710170 331
1710180 331
1710190 330
1710200 329
1710210 329
1710220 328
1710230 328
1710240 328
1710250 328
1710260 329
1710270 329
1710280 329
1710290 329
1710300 329
1710310 330
1710320 330
1710330 329
1710340 329
1710350 328
1710360 328
1710370 327
1710380 327
1710390 325
1710400 322
1710410 320
1710420 317
1710430 315
1710440 312
1710450 310
1710460 309
1710470 308
1710480 308
1710490 307
1710500 307
1710510 306
1710520 306
1710530 305
1710540 304
1710550 304
1710560 305
1710570 306
1710580 306
1710590 306
1710600 306
1710610 305
1710620 304
1710630 303
1710640 302
1710650 302
1710660 302
1710670 302
1710680 302
1710690 301
1710700 299
1710710 298
1710720 297
1710730 297
1710740 296
1710750 295
1710760 294
1710770 293
1710780 293
1710790 292
1710800 294
1710810 297
1710820 299
1710830 301
1710840 301
1710850 301
1710860 299
1710870 297
1710880 294
1710890 294
1710900 296
1710910 299
1710920 303
1710930 305
1710940 306
1710950 309
1710960 311
1710970 315
1710980 317
1710990 320
1711000 323
1711010 325
1711020 328
1711030 330
1711040 333
1711050 335
1711060 337
1711070 339
1711080 341
1711090 342
1711100 343
1711110 344
1711120 344
1711130 344
1711140 345
1711150 345
1711160 346
1711170 346
1711180 347
1711190 347
1711200 348
1711210 349
1711220 349
1711230 350
1711240 350
1711250 351
1711260 351
1711270 352
1711280 352
1711290 353
1711300 353
1711310 353
1711320 353
1711330 354
1711340 356
1711350 357
1711360 358
1711370 359
1711380 360
1711390 361
1711400 362
1711410 363
1711420 365
1711430 366
1711440 368
1711450 370
1711460 371
1711470 373
1711480 374
1711490 376
1711500 377
1711510 378
1711520 380
1711530 381
1711540 382
1711550 383
1711560 384
1711570 385
1711580 386
1711590 387
1711600 388
1711610 389
1711620 390
1711630 390
1711640 391
1711650 392
1711660 392
1711670 393
1711680 394
1711690 394
1711700 395
1711710 395
1711720 396
1711730 396
1711740 397
1711750 397
1711760 398
1711770 399
1711780 399
1711790 399
1711800 400
1711810 400
1711820 401
1711830 401
1711840 401
1711850 401
1711860 402
1711870 402
1711880 402
1711890 402
1711900 402
1711910 402
1711920 402
1711930 402
1711940 402
1711950 402
1711960 402
1711970 401
1711980 401
1711990 401
1712000 401
1712010 401
1712020 400
1712030 400
1712040 400
1712050 399
1712060 399
1712070 399
1712080 398
1712090 398
1712100 398
1712110 397
1712120 397
1712130 396
1712140 396
1712150 395
1712160 395
1712170 394
1712180 393
1712190 393
1712200 392
1712210 391
1712220 390
1712230 389
1712240 388
1712250 387
1712260 386
1712270 384
1712280 383
1712290 382
1712300 381
1712310 379
1712320 378
1712330 377
1712340 376
1712350 375
1712360 374
1712370 373
1712380 373
1712390 374
1712400 374
1712410 374
1712420 374
1712430 375
1712440 375
1712450 375
1712460 375
1712470 375
1712480 375
1712490 375
1712500 375
1712510 375
1712520 374
1712530 374
1712540 373
1712550 372
1712560 372
1712570 371
1712580 370
1712590 369
1712600 369
1712610 369
1712620 368
1712630 368
1712640 368
1712650 368
1712660 368
1712670 368
1712680 368
1712690 367
1712700 367
1712710 367
1712720 367
1712730 367
1712740 367
1712750 366
1712760 366
1712770 366
1712780 365
1712790 365
1712800 364
1712810 364
1712820 363
1712830 362
1712840 361
1712850 361
1712860 360
1712870 359
1712880 359
1712890 358
1712900 358
1712910 357
1712920 357
1712930 356
1712940 355
1712950 355
1712960 354
1712970 354
1712980 353
1712990 353
1713000 352
1713010 352
1713020 351
1713030 351
1713040 350
1713050 349
1713060 349
1713070 348
1713080 347
1713090 346
1713100 345
1713110 345
1713120 344
1713130 344
1713140 343
1713150 343
1713160 343
1713170 342
1713180 341
1713190 341
1713200 340
1713210 340
1713220 339
1713230 339
1713240 338
1713250 337
1713260 337
1713270 336
1713280 335
1713290 335
1713300 334
1713310 333
1713320 332
1713330 331
1713340 330
1713350 329
1713360 328
1713370 327
1713380 325
1713390 324
1713400 323
1713410 322
1713420 322
1713430 321
1713440 320
1713450 319
1713460 317
1713470 316
1713480 315
1713490 314
1713500 313
1713510 312
1713520 311
1713530 312
1713540 312
1713550 312
1713560 313
1713570 313
1713580 314
1713590 314
1713600 314
1713610 314
1713620 314
1713630 314
1713640 314
1713650 314
1713660 314
1713670 314
1713680 315
1713690 315
1713700 315
1713710 315
1713720 316
1713730 316
1713740 316
1713750 317
1713760 317
1713770 317
1713780 317
1713790 317
1713800 317
1713810 317
1713820 317
1713830 317
1713840 317
1713850 317
1713860 317
1713870 317
1713880 316
1713890 316
1713900 316
1713910 316
1713920 315
1713930 315
1713940 315
1713950 314
1713960 314
1713970 314
1713980 313
1713990 312
1714000 312
1714010 311
1714020 310
1714030 309
1714040 308
1714050 307
1714060 306
1714070 305
1714080 305
1714090 304
1714100 303
1714110 303
1714120 302
1714130 301
1714140 301
1714150 300
1714160 300
1714170 299
1714180 298
1714190 298
1714200 297
1714210 297
1714220 296
1714230 295
1714240 295
1714250 294
1714260 294
1714270 293
1714280 292
1714290 292
1714300 291
1714310 291
1714320 290
1714330 290
1714340 290
1714350 289
1714360 289
1714370 289
1714380 289
1714390 288
1714400 288
1714410 288
1714420 288
1714430 287
1714440 287
1714450 286
1714460 286
1714470 286
1714480 286
1714490 286
1714500 285
1714510 285
1714520 285
1714530 285
1714540 285
1714550 285
1714560 285
1714570 285
1714580 285
1714590 286
1714600 286
1714610 286
1714620 286
1714630 286
1714640 286
1714650 286
1714660 286
1714670 286
1714680 286
1714690 286
1714700 286
1714710 286
1714720 286
1714730 287
1714740 287
1714750 288
1714760 288
1714770 289
1714780 289
1714790 290
1714800 291
1714810 291
1714820 292
1714830 292
1714840 293
1714850 293
1714860 293
1714870 294
1714880 295
1714890 295
1714900 296
1714910 297
1714920 297
1714930 298
1714940 298
1714950 298
1714960 298
1714970 298
1714980 298
1714990 298
1715000 298
1715010 298
1715020 298
1715030 298
1715040 298
1715050 298
1715060 298
1715070 298
1715080 298
1715090 298
1715100 298
1715110 298
1715120 297
1715130 297
1715140 297
1715150 297
1715160 297
1715170 297
1715180 297
1715190 297
1715200 297
1715210 297
1715220 297
1715230 297
1715240 297
1715250 296
1715260 296
1715270 296
1715280 296
1715290 296
1715300 296
1715310 296
1715320 296
1715330 296
1715340 295
1715350 295
1715360 295
1715370 295
1715380 294
1715390 294
1715400 294
1715410 294
1715420 294
1715430 293
1715440 293
1715450 292
1715460 292
1715470 292
1715480 292
1715490 292
1715500 292
1715510 292
1715520 293
1715530 293
1715540 293
1715550 294
1715560 294
1715570 294
1715580 294
1715590 294
1715600 295
1715610 295
1715620 295
1715630 295
1715640 295
1715650 296
1715660 296
1715670 296
1715680 296
1715690 296
1715700 296
1715710 297
1715720 298
1715730 298
1715740 298
1715750 299
1715760 299
1715770 299
1715780 299
1715790 300
1715800 300
1715810 300
1715820 300
1715830 301
1715840 301
1715850 301
1715860 302
1715870 302
1715880 302
1715890 303
1715900 303
1715910 303
1715920 303
1715930 304
1715940 304
1715950 304
1715960 305
1715970 305
1715980 305
1715990 305
1716000 306
1716010 306
1716020 306
1716030 306
1716040 306
1716050 306
1716060 306
1716070 307
1716080 307
1716090 308
1716100 308
1716110 309
1716120 309
1716130 309
1716140 310
1716150 310
1716160 310
1716170 311
1716180 311
1716190 311
1716200 311
1716210 311
1716220 311
1716230 311
1716240 312
1716250 312
1716260 312
1716270 312
1716280 313
1716290 313
1716300 313
1716310 313
1716320 314
1716330 314
1716340 314
1716350 315
1716360 315
1716370 315
1716380 315
1716390 316
1716400 316
1716410 316
1716420 316
1716430 316
1716440 317
1716450 317
1716460 317
1716470 317
1716480 317
1716490 317
1716500 317
1716510 318
1716520 318
1716530 318
1716540 318
1716550 318
1716560 318
1716570 318
1716580 318
1716590 318
1716600 319
1716610 319
1716620 319
1716630 319
1716640 319
1716650 319
1716660 319
1716670 319
1716680 319
1716690 319
1716700 320
1716710 320
1716720 320
1716730 320
1716740 320
1716750 320
1716760 320
1716770 320
1716780 320
1716790 320
1716800 320
1716810 320
1716820 320
1716830 320
1716840 320
1716850 320
1716860 320
1716870 320
1716880 320
1716890 320
1716900 320
1716910 320
1716920 320
1716930 319
1716940 319
1716950 319
1716960 319
1716970 319
1716980 319
1716990 319
1717000 319
1717010 319
1717020 319
1717030 318
1717040 318
1717050 318
1717060 318
1717070 318
1717080 318
1717090 318
1717100 318
1717110 318
1717120 318
1717130 317
1717140 317
1717150 317
1717160 317
1717170 317
1717180 317
1717190 316
1717200 316
1717210 316
1717220 316
1717230 315
1717240 315
1717250 315
1717260 314
1717270 314
1717280 313
1717290 313
1717300 312
1717310 312
1717320 311
1717330 311
1717340 310
1717350 309
1717360 308
1717370 307
1717380 307
1717390 306
1717400 305
1717410 305
1717420 304
1717430 303
1717440 303
1717450 302
1717460 302
1717470 301
1717480 301
1717490 300
1717500 300
1717510 300
1717520 300
1717530 299
1717540 299
1717550 299
1717560 298
1717570 298
1717580 298
1717590 298
1717600 298
1717610 297
1717620 297
1717630 297
1717640 297
1717650 297
1717660 297
1717670 297
1717680 297
1717690 297
1717700 297
1717710 298
1717720 298
1717730 298
1717740 299
1717750 299
1717760 299
1717770 299
1717780 299
1717790 299
1717800 299
1717810 299
1717820 299
1717830 299
1717840 299
1717850 298
1717860 298
1717870 298
1717880 297
1717890 297
1717900 297
1717910 297
1717920 297
1717930 297
1717940 297
1717950 297
1717960 297
1717970 297
1717980 296
1717990 296
1718000 296
1718010 296
1718020 296
1718030 296
1718040 295
1718050 295
1718060 295
1718070 294
1718080 294
1718090 294
1718100 293
1718110 293
1718120 292
1718130 292
1718140 292
1718150 291
1718160 291
1718170 290
1718180 290
1718190 289
1718200 289
1718210 288
1718220 288
1718230 288
1718240 287
1718250 287
1718260 287
1718270 286
1718280 286
1718290 286
1718300 286
1718310 285
1718320 285
1718330 285
1718340 285
1718350 285
1718360 285
1718370 285
1718380 285
1718390 284
1718400 284
1718410 284
1718420 284
1718430 284
1718440 284
1718450 284
1718460 284
1718470 284
1718480 284
1718490 284
1718500 285
1718510 285
1718520 285
1718530 286
1718540 286
1718550 287
1718560 287
1718570 288
1718580 288
1718590 289
1718600 289
1718610 290
1718620 290
1718630 291
1718640 291
1718650 291
1718660 292
1718670 292
1718680 293
1718690 293
1718700 294
1718710 294
1718720 295
1718730 295
1718740 295
1718750 296
1718760 296
1718770 296
1718780 297
1718790 297
1718800 297
1718810 297
1718820 297
1718830 297
1718840 297
1718850 297
1718860 297
1718870 297
1718880 297
1718890 297
1718900 297
1718910 298
1718920 298
1718930 298
1718940 298
1718950 298
1718960 299
1718970 299
1718980 299
1718990 299
1719000 299
1719010 299
1719020 299
1719030 299
1719040 299
1719050 299
1719060 299
1719070 299
1719080 299
1719090 299
1719100 299
1719110 300
1719120 300
1719130 300
1719140 300
1719150 300
1719160 300
1719170 300
1719180 300
1719190 300
1719200 300
1719210 300
1719220 300
1719230 301
1719240 301
1719250 301
1719260 301
1719270 301
1719280 301
1719290 301
1719300 301
1719310 301
1719320 301
1719330 301
1719340 301
1719350 301
1719360 301
1719370 301
1719380 301
1719390 301
1719400 300
1719410 300
1719420 300
1719430 300
1719440 299
1719450 299
1719460 298
1719470 298
1719480 298
1719490 298
1719500 297
1719510 297
1719520 297
1719530 296
1719540 296
1719550 295
1719560 295
1719570 295
1719580 294
1719590 294
1719600 294
1719610 294
1719620 294
1719630 294
1719640 294
1719650 294
1719660 294
1719670 294
1719680 294
1719690 293
1719700 293
1719710 293
1719720 293
1719730 293
1719740 293
1719750 294
1719760 295
1719770 295
1719780 295
1719790 295
1719800 295
1719810 295
1719820 295
1719830 295
1719840 295
1719850 295
1719860 295
1719870 295
1719880 294
1719890 294
1719900 294
1719910 294
1719920 294
1719930 294
1719940 293
1719950 293
1719960 293
1719970 293
1719980 292
1719990 292
