1700000 362
1700010 362
1700020 362
1700030 362
1700040 362
1700050 361
1700060 361
1700070 361
1700080 361
1700090 360
1700100 360
1700110 360
1700120 360
1700130 359
1700140 359
1700150 358
1700160 358
1700170 357
1700180 357
1700190 356
1700200 356
1700210 355
1700220 355
1700230 354
1700240 354
1700250 353
1700260 353
1700270 352
1700280 351
1700290 351
1700300 350
1700310 349
1700320 348
1700330 347
1700340 346
1700350 344
1700360 342
1700370 340
1700380 338
1700390 335
1700400 334
1700410 334
1700420 335
1700430 336
1700440 336
1700450 336
1700460 337
1700470 339
1700480 341
1700490 343
1700500 345
1700510 347
1700520 347
1700530 347
1700540 347
1700550 347
1700560 346
1700570 346
1700580 346
1700590 345
1700600 345
1700610 344
1700620 343
1700630 342
1700640 341
1700650 340
1700660 338
1700670 337
1700680 335
1700690 333
1700700 331
1700710 329
1700720 327
1700730 325
1700740 324
1700750 322
1700760 320
1700770 317
1700780 314
1700790 312
1700800 311
1700810 311
1700820 312
1700830 313
1700840 313
1700850 314
1700860 314
1700870 314
1700880 314
1700890 314
1700900 314
1700910 313
1700920 312
1700930 311
1700940 310
1700950 309
1700960 308
1700970 308
1700980 307
1700990 305
1701000 302
1701010 300
1701020 299
1701030 298
1701040 298
1701050 299
1701060 300
1701070 301
1701080 302
1701090 302
1701100 302
1701110 303
1701120 303
1701130 304
1701140 305
1701150 307
1701160 308
1701170 310
1701180 312
1701190 315
1701200 317
1701210 319
1701220 320
1701230 322
1701240 324
1701250 327
1701260 329
1701270 331
1701280 333
1701290 335
1701300 337
1701310 339
1701320 341
1701330 343
1701340 345
1701350 348
1701360 350
1701370 352
1701380 355
1701390 357
1701400 359
1701410 361
1701420 363
1701430 364
1701440 366
1701450 367
1701460 369
1701470 370
1701480 371
1701490 372
1701500 373
1701510 374
1701520 375
1701530 376
1701540 377
1701550 377
1701560 378
1701570 378
1701580 379
1701590 379
1701600 379
1701610 379
1701620 379
1701630 379
1701640 379
1701650 379
1701660 378
1701670 378
1701680 378
1701690 378
1701700 377
1701710 376
1701720 375
1701730 374
1701740 374
1701750 373
1701760 372
1701770 372
1701780 371
1701790 370
1701800 369
1701810 368
1701820 367
1701830 366
1701840 365
1701850 363
1701860 362
1701870 360
1701880 359
1701890 357
1701900 355
1701910 354
1701920 353
1701930 351
1701940 350
1701950 349
1701960 348
1701970 348
1701980 346
1701990 345
1702000 345
1702010 344
1702020 343
1702030 342
1702040 341
1702050 340
1702060 339
1702070 338
1702080 336
1702090 334
1702100 332
1702110 329
1702120 328
1702130 328
1702140 330
1702150 331
1702160 332
1702170 333
1702180 333
1702190 333
1702200 334
1702210 334
1702220 335
1702230 335
1702240 336
1702250 336
1702260 336
1702270 337
1702280 338
1702290 338
1702300 339
1702310 340
1702320 340
1702330 341
1702340 342
1702350 343
1702360 344
1702370 345
1702380 345
1702390 346
1702400 346
1702410 347
1702420 347
1702430 348
1702440 348
1702450 349
1702460 349
1702470 349
1702480 350
1702490 350
1702500 350
1702510 351
1702520 351
1702530 351
1702540 351
1702550 352
1702560 352
1702570 352
1702580 352
1702590 352
1702600 353
1702610 353
1702620 353
1702630 353
1702640 353
1702650 354
1702660 354
1702670 354
1702680 354
1702690 354
1702700 355
1702710 355
1702720 355
1702730 355
1702740 355
1702750 356
1702760 356
1702770 356
1702780 356
1702790 356
1702800 357
1702810 357
1702820 357
1702830 357
1702840 357
1702850 358
1702860 358
1702870 358
1702880 358
1702890 358
1702900 359
1702910 359
1702920 359
1702930 359
1702940 360
1702950 360
1702960 361
1702970 361
1702980 361
1702990 362
1703000 362
1703010 362
1703020 363
1703030 363
1703040 364
1703050 364
1703060 365
1703070 365
1703080 366
1703090 366
1703100 367
1703110 368
1703120 368
1703130 369
1703140 370
1703150 371
1703160 371
1703170 372
1703180 373
1703190 374
1703200 374
1703210 375
1703220 376
1703230 377
1703240 378
1703250 379
1703260 380
1703270 381
1703280 383
1703290 384
1703300 386
1703310 387
1703320 388
1703330 390
1703340 391
1703350 393
1703360 394
1703370 396
1703380 397
1703390 398
1703400 399
1703410 401
1703420 402
1703430 403
1703440 404
1703450 405
1703460 407
1703470 408
1703480 409
1703490 411
1703500 412
1703510 413
1703520 414
1703530 414
1703540 413
1703550 412
1703560 410
1703570 407
1703580 405
1703590 402
1703600 400
1703610 398
1703620 396
1703630 393
1703640 391
1703650 389
1703660 387
1703670 385
1703680 383
1703690 382
1703700 380
1703710 379
1703720 378
1703730 377
1703740 376
1703750 375
1703760 374
1703770 373
1703780 372
1703790 371
1703800 370
1703810 368
1703820 367
1703830 366
1703840 365
1703850 364
1703860 363
1703870 362
1703880 361
1703890 360
1703900 360
1703910 359
1703920 358
1703930 357
1703940 356
1703950 355
1703960 355
1703970 354
1703980 353
1703990 352
1704000 351
1704010 350
1704020 349
1704030 349
1704040 347
1704050 346
1704060 344
1704070 344
1704080 344
1704090 346
1704100 346
1704110 347
1704120 347
1704130 348
1704140 348
1704150 348
1704160 348
1704170 350
1704180 352
1704190 354
1704200 355
1704210 357
1704220 359
1704230 361
1704240 363
1704250 365
1704260 367
1704270 369
1704280 371
1704290 372
1704300 374
1704310 376
1704320 377
1704330 378
1704340 379
1704350 380
1704360 381
1704370 381
1704380 381
1704390 380
1704400 380
1704410 379
1704420 378
1704430 378
1704440 377
1704450 376
1704460 375
1704470 374
1704480 373
1704490 372
1704500 371
1704510 370
1704520 369
1704530 369
1704540 368
1704550 368
1704560 367
1704570 366
1704580 365
1704590 364
1704600 362
1704610 359
1704620 357
1704630 356
1704640 359
1704650 360
1704660 361
1704670 361
1704680 361
1704690 361
1704700 361
1704710 361
1704720 360
1704730 360
1704740 360
1704750 361
1704760 361
1704770 361
1704780 361
1704790 361
1704800 361
1704810 361
1704820 360
1704830 360
1704840 359
1704850 357
1704860 356
1704870 354
1704880 353
1704890 352
1704900 350
1704910 350
1704920 351
1704930 352
1704940 352
1704950 352
1704960 352
1704970 351
1704980 351
1704990 351
1705000 352
1705010 354
1705020 356
1705030 357
1705040 359
1705050 360
1705060 362
1705070 363
1705080 365
1705090 366
1705100 368
1705110 370
1705120 371
1705130 372
1705140 374
1705150 376
1705160 377
1705170 379
1705180 380
1705190 382
1705200 383
1705210 385
1705220 386
1705230 387
1705240 388
1705250 389
1705260 390
1705270 391
1705280 392
1705290 393
1705300 394
1705310 395
1705320 396
1705330 397
1705340 398
1705350 400
1705360 401
1705370 402
1705380 403
1705390 404
1705400 405
1705410 406
1705420 407
1705430 408
1705440 409
1705450 410
1705460 410
1705470 411
1705480 412
1705490 412
1705500 413
1705510 414
1705520 415
1705530 415
1705540 415
1705550 416
1705560 416
1705570 416
1705580 417
1705590 417
1705600 417
1705610 418
1705620 418
1705630 418
1705640 419
1705650 419
1705660 420
1705670 421
1705680 422
1705690 423
1705700 423
1705710 424
1705720 425
1705730 426
1705740 427
1705750 428
1705760 428
1705770 429
1705780 430
1705790 431
1705800 432
1705810 433
1705820 434
1705830 435
1705840 435
1705850 436
1705860 437
1705870 438
1705880 439
1705890 440
1705900 440
1705910 441
1705920 442
1705930 443
1705940 444
1705950 445
1705960 446
1705970 446
1705980 447
1705990 448
1706000 449
1706010 450
1706020 450
1706030 451
1706040 452
1706050 452
1706060 453
1706070 454
1706080 455
1706090 455
1706100 456
1706110 456
1706120 457
1706130 457
1706140 458
1706150 458
1706160 458
1706170 458
1706180 458
1706190 459
1706200 459
1706210 458
1706220 458
1706230 458
1706240 458
1706250 458
1706260 458
1706270 458
1706280 458
1706290 458
1706300 458
1706310 459
1706320 459
1706330 459
1706340 459
1706350 459
1706360 459
1706370 459
1706380 459
1706390 459
1706400 458
1706410 458
1706420 458
1706430 458
1706440 457
1706450 457
1706460 456
1706470 456
1706480 456
1706490 455
1706500 454
1706510 454
1706520 453
1706530 453
1706540 452
1706550 451
1706560 451
1706570 450
1706580 449
1706590 449
1706600 448
1706610 448
1706620 448
1706630 448
1706640 447
1706650 447
1706660 446
1706670 446
1706680 445
1706690 444
1706700 444
1706710 443
1706720 442
1706730 441
1706740 441
1706750 440
1706760 439
1706770 438
1706780 437
1706790 436
1706800 435
1706810 434
1706820 433
1706830 432
1706840 431
1706850 430
1706860 429
1706870 427
1706880 426
1706890 424
1706900 423
1706910 421
1706920 420
1706930 418
1706940 416
1706950 414
1706960 411
1706970 408
1706980 406
1706990 403
1707000 400
1707010 397
1707020 393
1707030 389
1707040 385
1707050 381
1707060 379
1707070 377
1707080 375
1707090 374
1707100 372
1707110 370
1707120 368
1707130 366
1707140 364
1707150 363
1707160 362
1707170 360
1707180 358
1707190 356
1707200 354
1707210 352
1707220 351
1707230 349
1707240 347
1707250 346
1707260 344
1707270 343
1707280 341
1707290 340
1707300 338
1707310 337
1707320 335
1707330 334
1707340 333
1707350 332
1707360 330
1707370 329
1707380 328
1707390 327
1707400 326
1707410 325
1707420 324
1707430 324
1707440 323
1707450 322
1707460 321
1707470 320
1707480 319
1707490 318
1707500 318
1707510 317
1707520 317
1707530 316
1707540 316
1707550 315
1707560 315
1707570 315
1707580 314
1707590 314
1707600 314
1707610 314
1707620 315
1707630 315
1707640 316
1707650 316
1707660 317
1707670 318
1707680 318
1707690 319
1707700 319
1707710 319
1707720 320
1707730 320
1707740 320
1707750 320
1707760 321
1707770 321
1707780 321
1707790 321
1707800 321
1707810 321
1707820 321
1707830 321
1707840 321
1707850 321
1707860 321
1707870 321
1707880 321
1707890 320
1707900 320
1707910 320
1707920 320
1707930 320
1707940 320
1707950 320
1707960 320
1707970 320
1707980 319
1707990 319
1708000 319
1708010 319
1708020 319
1708030 319
1708040 319
1708050 319
1708060 319
1708070 319
1708080 319
1708090 319
1708100 319
1708110 319
1708120 319
1708130 319
1708140 319
1708150 319
1708160 318
1708170 318
1708180 318
1708190 318
1708200 317
1708210 317
1708220 317
1708230 316
1708240 316
1708250 315
1708260 315
1708270 315
1708280 315
1708290 315
1708300 315
1708310 315
1708320 315
1708330 315
1708340 315
1708350 315
1708360 314
1708370 314
1708380 314
1708390 314
1708400 314
1708410 314
1708420 313
1708430 313
1708440 313
1708450 313
1708460 313
1708470 313
1708480 313
1708490 313
1708500 313
1708510 313
1708520 313
1708530 313
1708540 313
1708550 313
1708560 313
1708570 313
1708580 313
1708590 313
1708600 313
1708610 313
1708620 312
1708630 312
1708640 311
1708650 311
1708660 311
1708670 310
1708680 310
1708690 309
1708700 308
1708710 307
1708720 307
1708730 306
1708740 305
1708750 304
1708760 303
1708770 303
1708780 303
1708790 303
1708800 305
1708810 306
1708820 307
1708830 307
1708840 308
1708850 309
1708860 309
1708870 310
1708880 310
1708890 310
1708900 310
1708910 310
1708920 310
1708930 310
1708940 310
1708950 310
1708960 309
1708970 309
1708980 309
1708990 309
1709000 308
1709010 308
1709020 307
1709030 307
1709040 306
1709050 306
1709060 305
1709070 305
1709080 304
1709090 304
1709100 303
1709110 302
1709120 302
1709130 301
1709140 300
1709150 300
1709160 299
1709170 299
1709180 299
1709190 299
1709200 298
1709210 298
1709220 298
1709230 298
1709240 297
1709250 297
1709260 297
1709270 296
1709280 296
1709290 296
1709300 295
1709310 295
1709320 295
1709330 295
1709340 294
1709350 294
1709360 294
1709370 293
1709380 293
1709390 293
1709400 292
1709410 292
1709420 291
1709430 291
1709440 291
1709450 290
1709460 290
1709470 290
1709480 289
1709490 289
1709500 288
1709510 288
1709520 287
1709530 286
1709540 286
1709550 285
1709560 285
1709570 284
1709580 284
1709590 284
1709600 283
1709610 283
1709620 283
1709630 282
1709640 282
1709650 281
1709660 280
1709670 280
1709680 279
1709690 279
1709700 278
1709710 278
1709720 277
1709730 277
1709740 276
1709750 276
1709760 275
1709770 275
1709780 275
1709790 275
1709800 274
1709810 274
1709820 274
1709830 274
1709840 274
1709850 274
1709860 273
1709870 273
1709880 274
1709890 275
1709900 275
1709910 275
1709920 275
1709930 275
1709940 275
1709950 274
1709960 274
1709970 274
1709980 274
1709990 274
1710000 274
1710010 274
1710020 274
1710030 275
1710040 276
1710050 276
1710060 275
1710070 273
1710080 270
1710090 269
1710100 269
1710110 268
1710120 269
1710130 269
1710140 269
1710150 269
1710160 269
1710170 269
1710180 269
1710190 269
1710200 270
1710210 270
1710220 271
1710230 272
1710240 272
1710250 273
1710260 273
1710270 273
1710280 273
1710290 273
1710300 273
1710310 272
1710320 272
1710330 272
1710340 272
1710350 272
1710360 272
1710370 272
1710380 272
1710390 271
1710400 271
1710410 271
1710420 271
1710430 270
1710440 270
1710450 269
1710460 269
1710470 268
1710480 268
1710490 267
1710500 267
1710510 266
1710520 265
1710530 265
1710540 265
1710550 264
1710560 264
1710570 264
1710580 264
1710590 264
1710600 264
1710610 264
1710620 264
1710630 264
1710640 264
1710650 264
1710660 264
1710670 264
1710680 265
1710690 265
1710700 265
1710710 265
1710720 265
1710730 265
1710740 265
1710750 265
1710760 265
1710770 265
1710780 265
1710790 265
1710800 265
1710810 266
1710820 266
1710830 266
1710840 266
1710850 266
1710860 266
1710870 265
1710880 265
1710890 264
1710900 264
1710910 262
1710920 261
1710930 260
1710940 260
1710950 261
1710960 261
1710970 264
1710980 267
1710990 270
1711000 272
1711010 274
1711020 274
1711030 275
1711040 275
1711050 276
1711060 276
1711070 276
1711080 276
1711090 276
1711100 275
1711110 275
1711120 275
1711130 274
1711140 273
1711150 273
1711160 272
1711170 271
1711180 271
1711190 270
1711200 269
1711210 269
1711220 268
1711230 267
1711240 267
1711250 266
1711260 266
1711270 265
1711280 265
1711290 264
1711300 264
1711310 263
1711320 263
1711330 262
1711340 262
1711350 261
1711360 261
1711370 260
1711380 259
1711390 259
1711400 258
1711410 258
1711420 259
1711430 260
1711440 260
1711450 261
1711460 261
1711470 262
1711480 262
1711490 263
1711500 263
1711510 264
1711520 264
1711530 265
1711540 266
1711550 267
1711560 268
1711570 269
1711580 271
1711590 272
1711600 274
1711610 275
1711620 276
1711630 277
1711640 278
1711650 279
1711660 280
1711670 280
1711680 281
1711690 282
1711700 282
1711710 282
1711720 283
1711730 283
1711740 284
1711750 285
1711760 286
1711770 286
1711780 288
1711790 289
1711800 290
1711810 292
1711820 294
1711830 296
1711840 297
1711850 298
1711860 299
1711870 300
1711880 301
1711890 303
1711900 304
1711910 305
1711920 307
1711930 308
1711940 310
1711950 311
1711960 312
1711970 313
1711980 315
1711990 316
1712000 318
1712010 319
1712020 321
1712030 323
1712040 325
1712050 327
1712060 328
1712070 330
1712080 331
1712090 333
1712100 334
1712110 335
1712120 336
1712130 337
1712140 337
1712150 337
1712160 337
1712170 338
1712180 338
1712190 338
1712200 338
1712210 338
1712220 338
1712230 337
1712240 336
1712250 336
1712260 335
1712270 335
1712280 334
1712290 332
1712300 331
1712310 330
1712320 329
1712330 329
1712340 328
1712350 328
1712360 327
1712370 326
1712380 324
1712390 323
1712400 321
1712410 318
1712420 317
1712430 315
1712440 314
1712450 314
1712460 314
1712470 313
1712480 313
1712490 314
1712500 314
1712510 315
1712520 316
1712530 316
1712540 317
1712550 316
1712560 317
1712570 319
1712580 321
1712590 322
1712600 323
1712610 324
1712620 324
1712630 324
1712640 326
1712650 327
1712660 328
1712670 329
1712680 330
1712690 331
1712700 332
1712710 333
1712720 334
1712730 336
1712740 337
1712750 338
1712760 338
1712770 338
1712780 338
1712790 339
1712800 339
1712810 339
1712820 339
1712830 338
1712840 338
1712850 337
1712860 337
1712870 336
1712880 336
1712890 336
1712900 337
1712910 337
1712920 338
1712930 340
1712940 341
1712950 344
1712960 345
1712970 347
1712980 348
1712990 348
1713000 348
1713010 346
1713020 344
1713030 343
1713040 345
1713050 346
1713060 347
1713070 346
1713080 345
1713090 344
1713100 345
1713110 346
1713120 348
1713130 348
1713140 348
1713150 346
1713160 344
1713170 340
1713180 335
1713190 331
1713200 329
1713210 328
1713220 329
1713230 330
1713240 331
1713250 330
1713260 328
1713270 325
1713280 323
1713290 320
1713300 318
1713310 316
1713320 315
1713330 314
1713340 314
1713350 313
1713360 312
1713370 310
1713380 309
1713390 307
1713400 306
1713410 304
1713420 302
1713430 301
1713440 301
1713450 302
1713460 302
1713470 302
1713480 302
1713490 302
1713500 302
1713510 302
1713520 303
1713530 303
1713540 303
1713550 303
1713560 304
1713570 303
1713580 303
1713590 303
1713600 303
1713610 303
1713620 303
1713630 303
1713640 303
1713650 303
1713660 303
1713670 303
1713680 303
1713690 302
1713700 302
1713710 301
1713720 301
1713730 301
1713740 301
1713750 301
1713760 301
1713770 301
1713780 300
1713790 300
1713800 300
1713810 300
1713820 300
1713830 300
1713840 300
1713850 300
1713860 300
1713870 300
1713880 300
1713890 299
1713900 299
1713910 299
1713920 299
1713930 299
1713940 299
1713950 299
1713960 299
1713970 300
1713980 300
1713990 300
1714000 300
1714010 301
1714020 301
1714030 301
1714040 301
1714050 301
1714060 301
1714070 300
1714080 300
1714090 300
1714100 300
1714110 300
1714120 300
1714130 300
1714140 301
1714150 301
1714160 300
1714170 300
1714180 300
1714190 300
1714200 300
1714210 299
1714220 299
1714230 299
1714240 299
1714250 299
1714260 298
1714270 298
1714280 298
1714290 298
1714300 297
1714310 297
1714320 297
1714330 297
1714340 297
1714350 297
1714360 296
1714370 296
1714380 296
1714390 296
1714400 296
1714410 296
1714420 296
1714430 296
1714440 295
1714450 295
1714460 295
1714470 295
1714480 294
1714490 294
1714500 294
1714510 293
1714520 293
1714530 293
1714540 294
1714550 294
1714560 294
1714570 294
1714580 294
1714590 294
1714600 293
1714610 294
1714620 294
1714630 294
1714640 293
1714650 293
1714660 293
1714670 293
1714680 293
1714690 294
1714700 294
1714710 294
1714720 294
1714730 294
1714740 294
1714750 294
1714760 294
1714770 294
1714780 293
1714790 293
1714800 293
1714810 293
1714820 293
1714830 293
1714840 292
1714850 292
1714860 292
1714870 293
1714880 293
1714890 293
1714900 293
1714910 293
1714920 293
1714930 293
1714940 293
1714950 293
1714960 293
1714970 293
1714980 293
1714990 292
1715000 292
1715010 292
1715020 292
1715030 292
1715040 292
1715050 292
1715060 291
1715070 291
1715080 291
1715090 291
1715100 290
1715110 290
1715120 289
1715130 288
1715140 288
1715150 287
1715160 286
1715170 285
1715180 284
1715190 283
1715200 282
1715210 281
1715220 280
1715230 279
1715240 278
1715250 277
1715260 276
1715270 275
1715280 275
1715290 274
1715300 273
1715310 273
1715320 273
1715330 273
1715340 273
1715350 272
1715360 271
1715370 271
1715380 270
1715390 270
1715400 270
1715410 270
1715420 269
1715430 269
1715440 268
1715450 268
1715460 268
1715470 268
1715480 269
1715490 269
1715500 269
1715510 270
1715520 270
1715530 270
1715540 270
1715550 270
1715560 270
1715570 271
1715580 271
1715590 271
1715600 271
1715610 271
1715620 272
1715630 272
1715640 273
1715650 274
1715660 274
1715670 275
1715680 276
1715690 277
1715700 278
1715710 278
1715720 279
1715730 280
1715740 280
1715750 281
1715760 281
1715770 282
1715780 282
1715790 282
1715800 283
1715810 283
1715820 283
1715830 283
1715840 283
1715850 283
1715860 282
1715870 282
1715880 282
1715890 282
1715900 282
1715910 282
1715920 282
1715930 282
1715940 282
1715950 282
1715960 282
1715970 282
1715980 282
1715990 282
1716000 282
1716010 282
1716020 282
1716030 282
1716040 282
1716050 280
1716060 279
1716070 278
1716080 277
1716090 277
1716100 276
1716110 276
1716120 275
1716130 274
1716140 274
1716150 273
1716160 273
1716170 272
1716180 272
1716190 272
1716200 271
1716210 271
1716220 271
1716230 271
1716240 270
1716250 270
1716260 270
1716270 270
1716280 271
1716290 271
1716300 272
1716310 273
1716320 275
1716330 277
1716340 278
1716350 278
1716360 278
1716370 279
1716380 279
1716390 279
1716400 279
1716410 279
1716420 279
1716430 279
1716440 279
1716450 279
1716460 278
1716470 278
1716480 278
1716490 278
1716500 277
1716510 277
1716520 277
1716530 277
1716540 277
1716550 277
1716560 277
1716570 278
1716580 278
1716590 278
1716600 279
1716610 280
1716620 281
1716630 281
1716640 282
1716650 283
1716660 283
1716670 284
1716680 284
1716690 285
1716700 285
1716710 286
1716720 286
1716730 286
1716740 287
1716750 287
1716760 287
1716770 287
1716780 288
1716790 288
1716800 288
1716810 288
1716820 288
1716830 288
1716840 288
1716850 288
1716860 288
1716870 288
1716880 288
1716890 288
1716900 288
1716910 288
1716920 288
1716930 288
1716940 288
1716950 288
1716960 287
1716970 287
1716980 287
1716990 287
1717000 287
1717010 287
1717020 287
1717030 286
1717040 286
1717050 286
1717060 285
1717070 285
1717080 285
1717090 284
1717100 284
1717110 284
1717120 284
1717130 284
1717140 283
1717150 283
1717160 283
1717170 283
1717180 283
1717190 283
1717200 283
1717210 283
1717220 283
1717230 283
1717240 283
1717250 283
1717260 283
1717270 283
1717280 283
1717290 283
1717300 283
1717310 283
1717320 283
1717330 283
1717340 283
1717350 283
1717360 283
1717370 283
1717380 282
1717390 282
1717400 282
1717410 282
1717420 282
1717430 282
1717440 281
1717450 281
1717460 281
1717470 281
1717480 281
1717490 281
1717500 281
1717510 281
1717520 281
1717530 281
1717540 281
1717550 281
1717560 281
1717570 281
1717580 281
1717590 281
1717600 281
1717610 281
1717620 281
1717630 281
1717640 281
1717650 281
1717660 281
1717670 281
1717680 281
1717690 281
1717700 281
1717710 281
1717720 281
1717730 281
1717740 281
1717750 281
1717760 281
1717770 281
1717780 281
1717790 281
1717800 281
1717810 281
1717820 281
1717830 281
1717840 281
1717850 281
1717860 281
1717870 281
1717880 281
1717890 281
1717900 280
1717910 280
1717920 280
1717930 280
1717940 280
1717950 280
1717960 280
1717970 280
1717980 280
1717990 280
1718000 280
1718010 280
1718020 280
1718030 280
1718040 280
1718050 280
1718060 280
1718070 279
1718080 279
1718090 279
1718100 279
1718110 279
1718120 278
1718130 278
1718140 278
1718150 277
1718160 277
1718170 276
1718180 276
1718190 276
1718200 277
1718210 277
1718220 277
1718230 277
1718240 278
1718250 278
1718260 278
1718270 278
1718280 278
1718290 278
1718300 278
1718310 278
1718320 278
1718330 278
1718340 278
1718350 278
1718360 277
1718370 277
1718380 277
1718390 277
1718400 277
1718410 277
1718420 277
1718430 277
1718440 277
1718450 277
1718460 277
1718470 277
1718480 277
1718490 277
1718500 277
1718510 277
1718520 277
1718530 277
1718540 277
1718550 277
1718560 277
1718570 277
1718580 277
1718590 277
1718600 277
1718610 277
1718620 277
1718630 277
1718640 277
1718650 278
1718660 278
1718670 278
1718680 278
1718690 278
1718700 278
1718710 278
1718720 278
1718730 278
1718740 278
1718750 278
1718760 278
1718770 278
1718780 278
1718790 278
1718800 278
1718810 278
1718820 278
1718830 279
1718840 279
1718850 279
1718860 279
1718870 280
1718880 280
1718890 280
1718900 280
1718910 280
1718920 280
1718930 280
1718940 281
1718950 281
1718960 281
1718970 281
1718980 281
1718990 282
1719000 282
1719010 282
1719020 282
1719030 282
1719040 282
1719050 282
1719060 282
1719070 283
1719080 283
1719090 283
1719100 283
1719110 283
1719120 283
1719130 283
1719140 284
1719150 284
1719160 284
1719170 284
1719180 284
1719190 284
1719200 284
1719210 284
1719220 284
1719230 284
1719240 284
1719250 284
1719260 284
1719270 284
1719280 284
1719290 284
1719300 284
1719310 284
1719320 284
1719330 284
1719340 284
1719350 285
1719360 285
1719370 285
1719380 285
1719390 285
1719400 285
1719410 285
1719420 285
1719430 285
1719440 285
1719450 285
1719460 285
1719470 285
1719480 285
1719490 285
1719500 285
1719510 285
1719520 285
1719530 285
1719540 285
1719550 285
1719560 285
1719570 285
1719580 285
1719590 285
1719600 285
1719610 285
1719620 285
1719630 285
1719640 285
1719650 285
1719660 285
1719670 285
1719680 285
1719690 285
1719700 285
1719710 285
1719720 285
1719730 285
1719740 285
1719750 285
1719760 285
1719770 285
1719780 285
1719790 285
1719800 285
1719810 285
1719820 285
1719830 285
1719840 285
1719850 285
1719860 285
1719870 285
1719880 285
1719890 285
1719900 284
1719910 284
1719920 284
1719930 284
1719940 284
1719950 284
1719960 284
1719970 284
1719980 284
1719990 284
