1700000 343
1700010 344
1700020 345
1700030 346
1700040 348
1700050 349
1700060 351
1700070 351
1700080 352
1700090 352
1700100 353
1700110 354
1700120 354
1700130 356
1700140 357
1700150 359
1700160 361
1700170 363
1700180 365
1700190 366
1700200 368
1700210 370
1700220 373
1700230 375
1700240 377
1700250 380
1700260 381
1700270 383
1700280 385
1700290 387
1700300 389
1700310 390
1700320 392
1700330 394
1700340 396
1700350 398
1700360 400
1700370 402
1700380 404
1700390 406
1700400 407
1700410 409
1700420 411
1700430 413
1700440 414
1700450 416
1700460 418
1700470 420
1700480 422
1700490 424
1700500 426
1700510 427
1700520 429
1700530 430
1700540 432
1700550 433
1700560 435
1700570 436
1700580 438
1700590 439
1700600 441
1700610 443
1700620 444
1700630 446
1700640 448
1700650 450
1700660 452
1700670 453
1700680 455
1700690 458
1700700 461
1700710 464
1700720 467
1700730 469
1700740 472
1700750 475
1700760 478
1700770 481
1700780 483
1700790 485
1700800 485
1700810 484
1700820 482
1700830 479
1700840 474
1700850 471
1700860 467
1700870 463
1700880 460
1700890 457
1700900 455
1700910 453
1700920 453
1700930 454
1700940 456
1700950 459
1700960 463
1700970 466
1700980 469
1700990 473
1701000 477
1701010 480
1701020 483
1701030 485
1701040 487
1701050 488
1701060 489
1701070 490
1701080 490
1701090 490
1701100 491
1701110 491
1701120 492
1701130 492
1701140 492
1701150 491
1701160 491
1701170 491
1701180 491
1701190 491
1701200 491
1701210 491
1701220 491
1701230 492
1701240 492
1701250 493
1701260 494
1701270 495
1701280 496
1701290 497
1701300 498
1701310 499
1701320 500
1701330 501
1701340 502
1701350 503
1701360 504
1701370 505
1701380 506
1701390 506
1701400 507
1701410 507
1701420 507
1701430 507
1701440 508
1701450 508
1701460 508
1701470 508
1701480 508
1701490 508
1701500 508
1701510 509
1701520 509
1701530 509
1701540 509
1701550 509
1701560 509
1701570 509
1701580 509
1701590 509
1701600 509
1701610 509
1701620 509
1701630 509
1701640 509
1701650 509
1701660 509
1701670 509
1701680 509
1701690 509
1701700 509
1701710 509
1701720 509
1701730 509
1701740 509
1701750 509
1701760 509
1701770 509
1701780 509
1701790 509
1701800 509
1701810 509
1701820 509
1701830 508
1701840 508
1701850 507
1701860 507
1701870 507
1701880 506
1701890 506
1701900 505
1701910 505
1701920 505
1701930 504
1701940 504
1701950 503
1701960 503
1701970 502
1701980 502
1701990 502
1702000 501
1702010 501
1702020 501
1702030 500
1702040 500
1702050 499
1702060 499
1702070 498
1702080 498
1702090 498
1702100 497
1702110 497
1702120 497
1702130 496
1702140 496
1702150 496
1702160 496
1702170 495
1702180 495
1702190 495
1702200 495
1702210 495
1702220 494
1702230 494
1702240 494
1702250 494
1702260 494
1702270 494
1702280 493
1702290 493
1702300 493
1702310 492
1702320 492
1702330 492
1702340 491
1702350 491
1702360 490
1702370 490
1702380 489
1702390 488
1702400 488
1702410 487
1702420 487
1702430 486
1702440 485
1702450 485
1702460 484
1702470 484
1702480 483
1702490 482
1702500 481
1702510 480
1702520 478
1702530 475
1702540 473
1702550 470
1702560 468
1702570 466
1702580 464
1702590 463
1702600 462
1702610 461
1702620 460
1702630 459
1702640 458
1702650 456
1702660 456
1702670 455
1702680 455
1702690 453
1702700 453
1702710 453
1702720 453
1702730 452
1702740 452
1702750 452
1702760 453
1702770 454
1702780 455
1702790 456
1702800 457
1702810 457
1702820 458
1702830 459
1702840 460
1702850 461
1702860 462
1702870 462
1702880 463
1702890 464
1702900 465
1702910 466
1702920 467
1702930 468
1702940 469
1702950 469
1702960 470
1702970 471
1702980 472
1702990 473
1703000 474
1703010 474
1703020 475
1703030 476
1703040 477
1703050 478
1703060 479
1703070 480
1703080 481
1703090 482
1703100 483
1703110 484
1703120 485
1703130 486
1703140 487
1703150 488
1703160 489
1703170 489
1703180 490
1703190 491
1703200 492
1703210 492
1703220 493
1703230 493
1703240 494
1703250 494
1703260 494
1703270 495
1703280 495
1703290 495
1703300 496
1703310 497
1703320 499
1703330 500
1703340 501
1703350 502
1703360 502
1703370 503
1703380 502
1703390 502
1703400 501
1703410 500
1703420 500
1703430 499
1703440 497
1703450 496
1703460 494
1703470 493
1703480 492
1703490 491
1703500 489
1703510 487
1703520 485
1703530 484
1703540 482
1703550 481
1703560 479
1703570 477
1703580 475
1703590 473
1703600 471
1703610 469
1703620 468
1703630 467
1703640 466
1703650 464
1703660 463
1703670 462
1703680 461
1703690 459
1703700 459
1703710 457
1703720 456
1703730 455
1703740 454
1703750 453
1703760 451
1703770 451
1703780 450
1703790 449
1703800 448
1703810 447
1703820 447
1703830 449
1703840 451
1703850 452
1703860 452
1703870 453
1703880 454
1703890 455
1703900 456
1703910 457
1703920 457
1703930 458
1703940 459
1703950 460
1703960 461
1703970 462
1703980 463
1703990 464
1704000 465
1704010 465
1704020 466
1704030 467
1704040 469
1704050 470
1704060 472
1704070 473
1704080 475
1704090 477
1704100 478
1704110 480
1704120 482
1704130 484
1704140 486
1704150 489
1704160 491
1704170 493
1704180 496
1704190 498
1704200 501
1704210 503
1704220 506
1704230 508
1704240 511
1704250 513
1704260 516
1704270 519
1704280 522
1704290 525
1704300 528
1704310 530
1704320 531
1704330 533
1704340 535
1704350 537
1704360 539
1704370 540
1704380 542
1704390 544
1704400 544
1704410 545
1704420 545
1704430 546
1704440 546
1704450 545
1704460 545
1704470 545
1704480 545
1704490 545
1704500 545
1704510 545
1704520 545
1704530 546
1704540 546
1704550 546
1704560 545
1704570 545
1704580 545
1704590 545
1704600 545
1704610 545
1704620 544
1704630 544
1704640 544
1704650 544
1704660 543
1704670 543
1704680 543
1704690 542
1704700 542
1704710 542
1704720 541
1704730 541
1704740 540
1704750 539
1704760 538
1704770 537
1704780 536
1704790 535
1704800 534
1704810 532
1704820 531
1704830 529
1704840 528
1704850 527
1704860 525
1704870 523
1704880 522
1704890 520
1704900 519
1704910 517
1704920 516
1704930 515
1704940 514
1704950 512
1704960 510
1704970 507
1704980 504
1704990 501
1705000 499
1705010 497
1705020 495
1705030 494
1705040 492
1705050 491
1705060 489
1705070 486
1705080 484
1705090 483
1705100 482
1705110 480
1705120 479
1705130 479
1705140 478
1705150 477
1705160 476
1705170 474
1705180 473
1705190 472
1705200 472
1705210 473
1705220 474
1705230 475
1705240 476
1705250 477
1705260 478
1705270 480
1705280 482
1705290 484
1705300 486
1705310 488
1705320 489
1705330 491
1705340 492
1705350 493
1705360 493
1705370 494
1705380 494
1705390 495
1705400 495
1705410 495
1705420 496
1705430 495
1705440 495
1705450 495
1705460 494
1705470 494
1705480 493
1705490 492
1705500 491
1705510 489
1705520 486
1705530 484
1705540 482
1705550 479
1705560 477
1705570 476
1705580 474
1705590 473
1705600 471
1705610 470
1705620 470
1705630 470
1705640 470
1705650 471
1705660 471
1705670 472
1705680 472
1705690 472
1705700 473
1705710 473
1705720 473
1705730 474
1705740 474
1705750 475
1705760 477
1705770 478
1705780 479
1705790 479
1705800 480
1705810 481
1705820 481
1705830 481
1705840 482
1705850 482
1705860 482
1705870 482
1705880 482
1705890 483
1705900 483
1705910 484
1705920 485
1705930 486
1705940 486
1705950 486
1705960 485
1705970 483
1705980 481
1705990 479
1706000 477
1706010 475
1706020 473
1706030 471
1706040 469
1706050 467
1706060 465
1706070 463
1706080 461
1706090 460
1706100 458
1706110 457
1706120 455
1706130 454
1706140 452
1706150 451
1706160 449
1706170 448
1706180 447
1706190 445
1706200 444
1706210 443
1706220 442
1706230 440
1706240 439
1706250 437
1706260 436
1706270 435
1706280 434
1706290 433
1706300 432
1706310 432
1706320 431
1706330 430
1706340 429
1706350 428
1706360 427
1706370 426
1706380 424
1706390 423
1706400 421
1706410 420
1706420 419
1706430 418
1706440 417
1706450 415
1706460 414
1706470 413
1706480 412
1706490 410
1706500 409
1706510 407
1706520 406
1706530 405
1706540 404
1706550 403
1706560 402
1706570 402
1706580 402
1706590 401
1706600 400
1706610 400
1706620 399
1706630 398
1706640 398
1706650 397
1706660 396
1706670 396
1706680 395
1706690 394
1706700 394
1706710 393
1706720 392
1706730 392
1706740 391
1706750 390
1706760 390
1706770 389
1706780 388
1706790 387
1706800 386
1706810 384
1706820 383
1706830 381
1706840 380
1706850 378
1706860 376
1706870 375
1706880 374
1706890 372
1706900 371
1706910 370
1706920 368
1706930 367
1706940 366
1706950 365
1706960 363
1706970 362
1706980 360
1706990 359
1707000 358
1707010 357
1707020 356
1707030 354
1707040 354
1707050 352
1707060 351
1707070 351
1707080 351
1707090 351
1707100 352
1707110 352
1707120 352
1707130 351
1707140 350
1707150 349
1707160 348
1707170 348
1707180 348
1707190 348
1707200 349
1707210 349
1707220 350
1707230 351
1707240 352
1707250 353
1707260 354
1707270 355
1707280 355
1707290 356
1707300 357
1707310 357
1707320 359
1707330 359
1707340 360
1707350 361
1707360 361
1707370 362
1707380 362
1707390 363
1707400 364
1707410 365
1707420 365
1707430 366
1707440 367
1707450 368
1707460 368
1707470 369
1707480 370
1707490 371
1707500 371
1707510 372
1707520 372
1707530 373
1707540 374
1707550 374
1707560 375
1707570 376
1707580 376
1707590 377
1707600 377
1707610 378
1707620 379
1707630 379
1707640 380
1707650 381
1707660 381
1707670 382
1707680 382
1707690 383
1707700 384
1707710 384
1707720 385
1707730 385
1707740 386
1707750 387
1707760 387
1707770 387
1707780 388
1707790 388
1707800 389
1707810 389
1707820 389
1707830 389
1707840 390
1707850 390
1707860 390
1707870 390
1707880 390
1707890 390
1707900 390
1707910 389
1707920 389
1707930 389
1707940 388
1707950 388
1707960 388
1707970 387
1707980 387
1707990 387
1708000 386
1708010 386
1708020 385
1708030 385
1708040 384
1708050 383
1708060 383
1708070 382
1708080 381
1708090 380
1708100 380
1708110 379
1708120 378
1708130 377
1708140 376
1708150 375
1708160 375
1708170 374
1708180 373
1708190 372
1708200 371
1708210 370
1708220 369
1708230 368
1708240 367
1708250 365
1708260 364
1708270 363
1708280 362
1708290 361
1708300 360
1708310 359
1708320 358
1708330 357
1708340 356
1708350 355
1708360 354
1708370 353
1708380 352
1708390 351
1708400 350
1708410 349
1708420 348
1708430 347
1708440 346
1708450 345
1708460 344
1708470 343
1708480 342
1708490 341
1708500 341
1708510 340
1708520 339
1708530 339
1708540 338
1708550 338
1708560 338
1708570 337
1708580 337
1708590 336
1708600 336
1708610 336
1708620 335
1708630 335
1708640 335
1708650 335
1708660 334
1708670 334
1708680 334
1708690 333
1708700 333
1708710 333
1708720 332
1708730 332
1708740 332
1708750 331
1708760 331
1708770 330
1708780 330
1708790 330
1708800 329
1708810 329
1708820 329
1708830 328
1708840 328
1708850 327
1708860 327
1708870 327
1708880 326
1708890 326
1708900 326
1708910 325
1708920 325
1708930 325
1708940 325
1708950 325
1708960 324
1708970 324
1708980 324
1708990 324
1709000 324
1709010 324
1709020 324
1709030 324
1709040 324
1709050 323
1709060 323
1709070 323
1709080 323
1709090 323
1709100 323
1709110 323
1709120 322
1709130 322
1709140 321
1709150 320
1709160 320
1709170 320
1709180 320
1709190 319
1709200 318
1709210 317
1709220 316
1709230 316
1709240 315
1709250 315
1709260 316
1709270 316
1709280 317
1709290 318
1709300 319
1709310 320
1709320 321
1709330 321
1709340 322
1709350 322
1709360 322
1709370 323
1709380 323
1709390 323
1709400 324
1709410 324
1709420 325
1709430 325
1709440 326
1709450 327
1709460 328
1709470 329
1709480 329
1709490 330
1709500 330
1709510 331
1709520 331
1709530 332
1709540 332
1709550 333
1709560 334
1709570 334
1709580 335
1709590 335
1709600 336
1709610 336
1709620 337
1709630 337
1709640 338
1709650 338
1709660 339
1709670 339
1709680 340
1709690 341
1709700 342
1709710 342
1709720 344
1709730 345
1709740 346
1709750 348
1709760 348
1709770 349
1709780 349
1709790 349
1709800 350
1709810 350
1709820 351
1709830 351
1709840 351
1709850 352
1709860 352
1709870 352
1709880 353
1709890 353
1709900 353
1709910 353
1709920 353
1709930 353
1709940 353
1709950 353
1709960 353
1709970 353
1709980 353
1709990 353
1710000 353
1710010 352
1710020 352
1710030 352
1710040 351
1710050 350
1710060 350
1710070 349
1710080 348
1710090 348
1710100 347
1710110 346
1710120 345
1710130 344
1710140 343
1710150 342
1710160 340
1710170 338
1710180 336
1710190 334
1710200 331
1710210 327
1710220 324
1710230 320
1710240 317
1710250 313
1710260 310
1710270 307
1710280 304
1710290 301
1710300 298
1710310 296
1710320 294
1710330 292
1710340 290
1710350 288
1710360 286
1710370 285
1710380 283
1710390 281
1710400 279
1710410 278
1710420 276
1710430 275
1710440 273
1710450 272
1710460 270
1710470 269
1710480 268
1710490 267
1710500 266
1710510 265
1710520 264
1710530 263
1710540 262
1710550 261
1710560 259
1710570 259
1710580 258
1710590 257
1710600 256
1710610 255
1710620 255
1710630 254
1710640 253
1710650 252
1710660 251
1710670 250
1710680 250
1710690 249
1710700 248
1710710 248
1710720 247
1710730 246
1710740 246
1710750 245
1710760 244
1710770 243
1710780 243
1710790 242
1710800 241
1710810 240
1710820 240
1710830 239
1710840 239
1710850 238
1710860 238
1710870 238
1710880 238
1710890 237
1710900 237
1710910 237
1710920 237
1710930 237
1710940 237
1710950 237
1710960 236
1710970 236
1710980 236
1710990 236
1711000 236
1711010 236
1711020 236
1711030 236
1711040 236
1711050 236
1711060 236
1711070 236
1711080 236
1711090 236
1711100 236
1711110 236
1711120 236
1711130 236
1711140 236
1711150 236
1711160 236
1711170 236
1711180 236
1711190 236
1711200 236
1711210 236
1711220 235
1711230 235
1711240 235
1711250 235
1711260 235
1711270 235
1711280 235
1711290 235
1711300 235
1711310 235
1711320 235
1711330 235
1711340 235
1711350 235
1711360 235
1711370 235
1711380 235
1711390 235
1711400 235
1711410 235
1711420 235
1711430 235
1711440 235
1711450 235
1711460 235
1711470 235
1711480 235
1711490 235
1711500 235
1711510 235
1711520 235
1711530 235
1711540 235
1711550 235
1711560 235
1711570 235
1711580 235
1711590 235
1711600 235
1711610 235
1711620 235
1711630 235
1711640 235
1711650 235
1711660 235
1711670 235
1711680 235
1711690 235
1711700 235
1711710 235
1711720 235
1711730 235
1711740 235
1711750 235
1711760 235
1711770 235
1711780 235
1711790 235
1711800 235
1711810 235
1711820 235
1711830 236
1711840 236
1711850 236
1711860 236
1711870 236
1711880 236
1711890 236
1711900 236
1711910 236
1711920 236
1711930 236
1711940 236
1711950 236
1711960 236
1711970 236
1711980 236
1711990 236
1712000 236
1712010 236
1712020 237
1712030 237
1712040 237
1712050 237
1712060 237
1712070 237
1712080 237
1712090 237
1712100 237
1712110 237
1712120 238
1712130 238
1712140 238
1712150 238
1712160 238
1712170 238
1712180 238
1712190 239
1712200 239
1712210 239
1712220 239
1712230 239
1712240 239
1712250 239
1712260 240
1712270 240
1712280 240
1712290 240
1712300 240
1712310 240
1712320 240
1712330 240
1712340 240
1712350 240
1712360 240
1712370 241
1712380 241
1712390 242
1712400 242
1712410 243
1712420 243
1712430 243
1712440 243
1712450 243
1712460 243
1712470 243
1712480 243
1712490 243
1712500 244
1712510 244
1712520 244
1712530 244
1712540 244
1712550 244
1712560 244
1712570 244
1712580 244
1712590 245
1712600 245
1712610 245
1712620 245
1712630 245
1712640 245
1712650 246
1712660 246
1712670 246
1712680 246
1712690 246
1712700 246
1712710 247
1712720 247
1712730 247
1712740 247
1712750 247
1712760 247
1712770 247
1712780 247
1712790 247
1712800 247
1712810 248
1712820 248
1712830 248
1712840 248
1712850 248
1712860 249
1712870 249
1712880 249
1712890 249
1712900 249
1712910 249
1712920 249
1712930 249
1712940 249
1712950 249
1712960 249
1712970 250
1712980 250
1712990 250
1713000 250
1713010 250
1713020 250
1713030 250
1713040 251
1713050 251
1713060 251
1713070 251
1713080 251
1713090 251
1713100 252
1713110 252
1713120 252
1713130 252
1713140 252
1713150 252
1713160 252
1713170 252
1713180 252
1713190 253
1713200 253
1713210 253
1713220 253
1713230 253
1713240 253
1713250 253
1713260 253
1713270 253
1713280 253
1713290 253
1713300 253
1713310 253
1713320 253
1713330 253
1713340 253
1713350 253
1713360 253
1713370 253
1713380 253
1713390 253
1713400 253
1713410 253
1713420 253
1713430 253
1713440 252
1713450 252
1713460 252
1713470 252
1713480 252
1713490 252
1713500 252
1713510 252
1713520 252
1713530 252
1713540 252
1713550 252
1713560 252
1713570 252
1713580 252
1713590 252
1713600 252
1713610 253
1713620 253
1713630 253
1713640 253
1713650 253
1713660 253
1713670 253
1713680 253
1713690 253
1713700 253
1713710 253
1713720 253
1713730 253
1713740 253
1713750 253
1713760 253
1713770 253
1713780 253
1713790 253
1713800 253
1713810 253
1713820 253
1713830 253
1713840 253
1713850 253
1713860 253
1713870 253
1713880 253
1713890 253
1713900 253
1713910 253
1713920 253
1713930 253
1713940 253
1713950 253
1713960 253
1713970 253
1713980 253
1713990 253
1714000 253
1714010 253
1714020 253
1714030 253
1714040 253
1714050 253
1714060 253
1714070 253
1714080 253
1714090 253
1714100 253
1714110 253
1714120 253
1714130 253
1714140 253
1714150 253
1714160 253
1714170 252
1714180 252
1714190 252
1714200 252
1714210 252
1714220 252
1714230 252
1714240 252
1714250 252
1714260 252
1714270 252
1714280 252
1714290 252
1714300 252
1714310 252
1714320 252
1714330 252
1714340 252
1714350 252
1714360 252
1714370 252
1714380 252
1714390 251
1714400 251
1714410 251
1714420 251
1714430 251
1714440 251
1714450 251
1714460 251
1714470 251
1714480 251
1714490 251
1714500 251
1714510 251
1714520 251
1714530 251
1714540 251
1714550 251
1714560 251
1714570 251
1714580 251
1714590 251
1714600 251
1714610 251
1714620 251
1714630 251
1714640 251
1714650 251
1714660 251
1714670 251
1714680 251
1714690 251
1714700 251
1714710 251
1714720 251
1714730 251
1714740 252
1714750 252
1714760 252
1714770 252
1714780 252
1714790 252
1714800 252
1714810 252
1714820 252
1714830 252
1714840 251
1714850 251
1714860 251
1714870 251
1714880 250
1714890 250
1714900 250
1714910 249
1714920 249
1714930 248
1714940 248
1714950 248
1714960 247
1714970 247
1714980 247
1714990 246
1715000 246
1715010 245
1715020 245
1715030 245
1715040 245
1715050 244
1715060 244
1715070 244
1715080 244
1715090 244
1715100 244
1715110 243
1715120 243
1715130 243
1715140 243
1715150 242
1715160 242
1715170 242
1715180 242
1715190 242
1715200 242
1715210 241
1715220 241
1715230 241
1715240 241
1715250 241
1715260 241
1715270 240
1715280 240
1715290 240
1715300 240
1715310 240
1715320 240
1715330 240
1715340 240
1715350 240
1715360 240
1715370 240
1715380 240
1715390 240
1715400 240
1715410 240
1715420 240
1715430 240
1715440 240
1715450 240
1715460 240
1715470 240
1715480 240
1715490 240
1715500 240
1715510 240
1715520 240
1715530 240
1715540 240
1715550 240
1715560 240
1715570 240
1715580 240
1715590 240
1715600 240
1715610 240
1715620 240
1715630 240
1715640 240
1715650 240
1715660 240
1715670 240
1715680 240
1715690 240
1715700 240
1715710 240
1715720 240
1715730 240
1715740 240
1715750 240
1715760 240
1715770 240
1715780 240
1715790 240
1715800 240
1715810 240
1715820 240
1715830 239
1715840 239
1715850 239
1715860 239
1715870 239
1715880 239
1715890 239
1715900 239
1715910 239
1715920 239
1715930 239
1715940 239
1715950 239
1715960 240
1715970 240
1715980 240
1715990 240
1716000 240
1716010 240
1716020 239
1716030 239
1716040 239
1716050 239
1716060 239
1716070 239
1716080 239
1716090 239
1716100 239
1716110 239
1716120 239
1716130 239
1716140 239
1716150 239
1716160 239
1716170 239
1716180 239
1716190 239
1716200 239
1716210 239
1716220 239
1716230 239
1716240 238
1716250 238
1716260 238
1716270 238
1716280 238
1716290 238
1716300 238
1716310 238
1716320 238
1716330 238
1716340 238
1716350 238
1716360 238
1716370 238
1716380 238
1716390 238
1716400 238
1716410 238
1716420 238
1716430 238
1716440 238
1716450 238
1716460 238
1716470 238
1716480 238
1716490 238
1716500 238
1716510 238
1716520 238
1716530 238
1716540 238
1716550 238
1716560 239
1716570 239
1716580 239
1716590 239
1716600 239
1716610 239
1716620 239
1716630 239
1716640 240
1716650 240
1716660 240
1716670 240
1716680 240
1716690 240
1716700 240
1716710 240
1716720 240
1716730 240
1716740 240
1716750 241
1716760 241
1716770 241
1716780 241
1716790 241
1716800 242
1716810 242
1716820 242
1716830 242
1716840 243
1716850 243
1716860 243
1716870 243
1716880 243
1716890 244
1716900 244
1716910 244
1716920 245
1716930 245
1716940 246
1716950 246
1716960 246
1716970 247
1716980 247
1716990 248
1717000 248
1717010 249
1717020 249
1717030 249
1717040 250
1717050 250
1717060 250
1717070 251
1717080 251
1717090 252
1717100 252
1717110 252
1717120 253
1717130 253
1717140 254
1717150 254
1717160 254
1717170 255
1717180 255
1717190 256
1717200 256
1717210 257
1717220 258
1717230 259
1717240 261
1717250 261
1717260 261
1717270 262
1717280 262
1717290 263
1717300 263
1717310 264
1717320 265
1717330 265
1717340 266
1717350 267
1717360 267
1717370 268
1717380 269
1717390 269
1717400 270
1717410 271
1717420 271
1717430 272
1717440 272
1717450 273
1717460 273
1717470 274
1717480 274
1717490 275
1717500 275
1717510 276
1717520 276
1717530 276
1717540 276
1717550 277
1717560 277
1717570 277
1717580 277
1717590 277
1717600 277
1717610 277
1717620 277
1717630 278
1717640 278
1717650 278
1717660 278
1717670 278
1717680 278
1717690 278
1717700 278
1717710 278
1717720 278
1717730 278
1717740 278
1717750 278
1717760 278
1717770 278
1717780 278
1717790 278
1717800 278
1717810 277
1717820 277
1717830 277
1717840 277
1717850 277
1717860 277
1717870 277
1717880 277
1717890 277
1717900 277
1717910 277
1717920 277
1717930 277
1717940 277
1717950 277
1717960 277
1717970 277
1717980 277
1717990 277
1718000 277
1718010 276
1718020 276
1718030 276
1718040 276
1718050 276
1718060 276
1718070 276
1718080 276
1718090 276
1718100 276
1718110 276
1718120 276
1718130 275
1718140 275
1718150 275
1718160 275
1718170 275
1718180 275
1718190 275
1718200 275
1718210 275
1718220 275
1718230 275
1718240 275
1718250 275
1718260 274
1718270 274
1718280 274
1718290 274
1718300 274
1718310 274
1718320 274
1718330 274
1718340 274
1718350 273
1718360 273
1718370 273
1718380 273
1718390 273
1718400 273
1718410 273
1718420 273
1718430 273
1718440 272
1718450 272
1718460 272
1718470 272
1718480 272
1718490 272
1718500 272
1718510 272
1718520 272
1718530 272
1718540 272
1718550 272
1718560 271
1718570 271
1718580 270
1718590 270
1718600 269
1718610 269
1718620 269
1718630 269
1718640 269
1718650 269
1718660 269
1718670 269
1718680 269
1718690 269
1718700 269
1718710 269
1718720 269
1718730 269
1718740 269
1718750 269
1718760 270
1718770 270
1718780 270
1718790 270
1718800 270
1718810 269
1718820 269
1718830 269
1718840 268
1718850 268
1718860 269
1718870 269
1718880 269
1718890 269
1718900 268
1718910 268
1718920 268
1718930 268
1718940 268
1718950 268
1718960 267
1718970 267
1718980 267
1718990 266
1719000 266
1719010 266
1719020 265
1719030 265
1719040 264
1719050 264
1719060 264
1719070 263
1719080 263
1719090 262
1719100 262
1719110 262
1719120 262
1719130 262
1719140 262
1719150 262
1719160 262
1719170 262
1719180 262
1719190 262
1719200 262
1719210 262
1719220 261
1719230 261
1719240 261
1719250 261
1719260 261
1719270 261
1719280 261
1719290 261
1719300 262
1719310 262
1719320 263
1719330 263
1719340 264
1719350 264
1719360 264
1719370 265
1719380 265
1719390 265
1719400 265
1719410 266
1719420 266
1719430 266
1719440 266
1719450 266
1719460 266
1719470 265
1719480 265
1719490 265
1719500 265
1719510 265
1719520 265
1719530 265
1719540 266
1719550 266
1719560 266
1719570 266
1719580 266
1719590 266
1719600 267
1719610 267
1719620 267
1719630 267
1719640 267
1719650 267
1719660 267
1719670 267
1719680 267
1719690 266
1719700 266
1719710 266
1719720 266
1719730 266
1719740 266
1719750 266
1719760 265
1719770 265
1719780 265
1719790 265
1719800 265
1719810 264
1719820 264
1719830 264
1719840 264
1719850 264
1719860 264
1719870 264
1719880 264
1719890 263
1719900 263
1719910 263
1719920 263
1719930 263
1719940 263
1719950 263
1719960 263
1719970 263
1719980 263
1719990 263
