1700000 314
1700010 317
1700020 321
1700030 325
1700040 329
1700050 333
1700060 336
1700070 340
1700080 343
1700090 346
1700100 349
1700110 353
1700120 356
1700130 359
1700140 362
1700150 364
1700160 367
1700170 369
1700180 371
1700190 373
1700200 374
1700210 376
1700220 377
1700230 378
1700240 379
1700250 378
1700260 376
1700270 374
1700280 371
1700290 369
1700300 366
1700310 364
1700320 362
1700330 360
1700340 358
1700350 357
1700360 356
1700370 356
1700380 357
1700390 357
1700400 358
1700410 360
1700420 362
1700430 364
1700440 366
1700450 367
1700460 368
1700470 368
1700480 368
1700490 369
1700500 370
1700510 370
1700520 371
1700530 373
1700540 375
1700550 377
1700560 380
1700570 383
1700580 386
1700590 390
1700600 393
1700610 396
1700620 399
1700630 402
1700640 405
1700650 408
1700660 410
1700670 413
1700680 414
1700690 415
1700700 415
1700710 416
1700720 416
1700730 417
1700740 417
1700750 418
1700760 418
1700770 419
1700780 419
1700790 419
1700800 419
1700810 419
1700820 419
1700830 418
1700840 416
1700850 414
1700860 412
1700870 410
1700880 408
1700890 405
1700900 402
1700910 398
1700920 394
1700930 392
1700940 392
1700950 393
1700960 394
1700970 396
1700980 399
1700990 402
1701000 406
1701010 408
1701020 409
1701030 409
1701040 408
1701050 408
1701060 409
1701070 409
1701080 410
1701090 411
1701100 411
1701110 412
1701120 414
1701130 415
1701140 416
1701150 417
1701160 418
1701170 420
1701180 421
1701190 423
1701200 425
1701210 428
1701220 430
1701230 432
1701240 434
1701250 437
1701260 439
1701270 441
1701280 443
1701290 445
1701300 446
1701310 448
1701320 450
1701330 452
1701340 454
1701350 456
1701360 458
1701370 460
1701380 463
1701390 465
1701400 467
1701410 469
1701420 471
1701430 473
1701440 474
1701450 474
1701460 475
1701470 475
1701480 476
1701490 476
1701500 477
1701510 478
1701520 479
1701530 479
1701540 480
1701550 480
1701560 481
1701570 482
1701580 482
1701590 483
1701600 483
1701610 484
1701620 484
1701630 485
1701640 485
1701650 486
1701660 487
1701670 488
1701680 488
1701690 489
1701700 489
1701710 490
1701720 490
1701730 491
1701740 492
1701750 492
1701760 493
1701770 493
1701780 494
1701790 493
1701800 493
1701810 493
1701820 493
1701830 491
1701840 489
1701850 487
1701860 486
1701870 486
1701880 487
1701890 489
1701900 491
1701910 494
1701920 496
1701930 498
1701940 500
1701950 501
1701960 502
1701970 503
1701980 503
1701990 504
1702000 504
1702010 505
1702020 505
1702030 505
1702040 506
1702050 506
1702060 506
1702070 507
1702080 507
1702090 507
1702100 507
1702110 508
1702120 508
1702130 508
1702140 508
1702150 508
1702160 509
1702170 509
1702180 509
1702190 509
1702200 509
1702210 509
1702220 509
1702230 509
1702240 509
1702250 509
1702260 509
1702270 509
1702280 509
1702290 508
1702300 508
1702310 508
1702320 508
1702330 508
1702340 507
1702350 507
1702360 507
1702370 507
1702380 507
1702390 506
1702400 506
1702410 506
1702420 506
1702430 506
1702440 505
1702450 505
1702460 505
1702470 505
1702480 505
1702490 505
1702500 505
1702510 504
1702520 504
1702530 503
1702540 503
1702550 502
1702560 501
1702570 500
1702580 498
1702590 497
1702600 495
1702610 494
1702620 492
1702630 490
1702640 489
1702650 487
1702660 486
1702670 484
1702680 482
1702690 481
1702700 479
1702710 477
1702720 476
1702730 474
1702740 473
1702750 472
1702760 471
1702770 469
1702780 468
1702790 467
1702800 465
1702810 465
1702820 464
1702830 463
1702840 462
1702850 461
1702860 460
1702870 459
1702880 458
1702890 457
1702900 456
1702910 456
1702920 455
1702930 454
1702940 453
1702950 452
1702960 452
1702970 451
1702980 451
1702990 450
1703000 450
1703010 449
1703020 449
1703030 448
1703040 447
1703050 447
1703060 448
1703070 449
1703080 449
1703090 449
1703100 450
1703110 450
1703120 450
1703130 450
1703140 452
1703150 453
1703160 453
1703170 454
1703180 455
1703190 456
1703200 456
1703210 457
1703220 458
1703230 459
1703240 459
1703250 460
1703260 461
1703270 462
1703280 463
1703290 464
1703300 465
1703310 466
1703320 467
1703330 468
1703340 470
1703350 471
1703360 471
1703370 471
1703380 472
1703390 472
1703400 473
1703410 473
1703420 474
1703430 475
1703440 475
1703450 477
1703460 478
1703470 480
1703480 482
1703490 485
1703500 487
1703510 489
1703520 491
1703530 493
1703540 495
1703550 497
1703560 498
1703570 500
1703580 500
1703590 501
1703600 501
1703610 501
1703620 500
1703630 499
1703640 498
1703650 497
1703660 495
1703670 494
1703680 493
1703690 492
1703700 491
1703710 490
1703720 490
1703730 489
1703740 489
1703750 488
1703760 488
1703770 488
1703780 487
1703790 487
1703800 487
1703810 487
1703820 486
1703830 486
1703840 486
1703850 486
1703860 486
1703870 486
1703880 486
1703890 486
1703900 486
1703910 485
1703920 485
1703930 485
1703940 485
1703950 485
1703960 485
1703970 485
1703980 486
1703990 486
1704000 486
1704010 486
1704020 487
1704030 487
1704040 487
1704050 488
1704060 488
1704070 488
1704080 489
1704090 489
1704100 489
1704110 490
1704120 490
1704130 491
1704140 491
1704150 492
1704160 493
1704170 494
1704180 495
1704190 496
1704200 497
1704210 497
1704220 498
1704230 499
1704240 500
1704250 501
1704260 502
1704270 503
1704280 504
1704290 505
1704300 507
1704310 508
1704320 509
1704330 510
1704340 511
1704350 512
1704360 514
1704370 515
1704380 516
1704390 517
1704400 519
1704410 520
1704420 521
1704430 523
1704440 524
1704450 525
1704460 527
1704470 528
1704480 530
1704490 531
1704500 532
1704510 533
1704520 534
1704530 535
1704540 536
1704550 537
1704560 537
1704570 537
1704580 536
1704590 535
1704600 534
1704610 532
1704620 529
1704630 526
1704640 522
1704650 518
1704660 515
1704670 513
1704680 509
1704690 506
1704700 503
1704710 501
1704720 499
1704730 497
1704740 495
1704750 493
1704760 491
1704770 489
1704780 488
1704790 486
1704800 485
1704810 483
1704820 482
1704830 480
1704840 479
1704850 477
1704860 476
1704870 474
1704880 473
1704890 472
1704900 471
1704910 470
1704920 469
1704930 467
1704940 466
1704950 465
1704960 464
1704970 463
1704980 461
1704990 460
1705000 459
1705010 459
1705020 457
1705030 456
1705040 455
1705050 454
1705060 453
1705070 452
1705080 451
1705090 450
1705100 449
1705110 448
1705120 447
1705130 446
1705140 445
1705150 445
1705160 444
1705170 443
1705180 442
1705190 440
1705200 437
1705210 433
1705220 430
1705230 427
1705240 424
1705250 422
1705260 419
1705270 416
1705280 419
1705290 421
1705300 422
1705310 423
1705320 424
1705330 426
1705340 428
1705350 430
1705360 433
1705370 435
1705380 438
1705390 441
1705400 443
1705410 445
1705420 447
1705430 448
1705440 449
1705450 450
1705460 450
1705470 449
1705480 448
1705490 446
1705500 444
1705510 441
1705520 439
1705530 437
1705540 435
1705550 433
1705560 431
1705570 429
1705580 428
1705590 426
1705600 424
1705610 423
1705620 421
1705630 419
1705640 418
1705650 416
1705660 414
1705670 412
1705680 410
1705690 407
1705700 405
1705710 403
1705720 401
1705730 400
1705740 399
1705750 399
1705760 399
1705770 399
1705780 399
1705790 398
1705800 397
1705810 396
1705820 395
1705830 394
1705840 394
1705850 393
1705860 393
1705870 393
1705880 392
1705890 392
1705900 391
1705910 390
1705920 389
1705930 388
1705940 387
1705950 387
1705960 386
1705970 385
1705980 384
1705990 383
1706000 383
1706010 382
1706020 381
1706030 381
1706040 381
1706050 381
1706060 380
1706070 380
1706080 380
1706090 379
1706100 379
1706110 379
1706120 379
1706130 378
1706140 378
1706150 378
1706160 378
1706170 378
1706180 377
1706190 377
1706200 376
1706210 376
1706220 376
1706230 376
1706240 376
1706250 375
1706260 375
1706270 374
1706280 374
1706290 373
1706300 373
1706310 372
1706320 372
1706330 371
1706340 370
1706350 370
1706360 369
1706370 369
1706380 368
1706390 368
1706400 367
1706410 367
1706420 366
1706430 366
1706440 365
1706450 365
1706460 364
1706470 364
1706480 363
1706490 362
1706500 362
1706510 361
1706520 360
1706530 360
1706540 359
1706550 358
1706560 357
1706570 357
1706580 356
1706590 355
1706600 354
1706610 353
1706620 352
1706630 351
1706640 350
1706650 349
1706660 348
1706670 347
1706680 345
1706690 343
1706700 342
1706710 342
1706720 342
1706730 341
1706740 341
1706750 340
1706760 339
1706770 339
1706780 338
1706790 336
1706800 335
1706810 332
1706820 332
1706830 333
1706840 334
1706850 334
1706860 335
1706870 336
1706880 338
1706890 339
1706900 341
1706910 343
1706920 345
1706930 347
1706940 349
1706950 351
1706960 352
1706970 354
1706980 356
1706990 357
1707000 359
1707010 360
1707020 361
1707030 362
1707040 363
1707050 364
1707060 365
1707070 365
1707080 366
1707090 366
1707100 367
1707110 367
1707120 367
1707130 367
1707140 367
1707150 367
1707160 367
1707170 367
1707180 367
1707190 367
1707200 367
1707210 367
1707220 366
1707230 366
1707240 366
1707250 365
1707260 365
1707270 364
1707280 364
1707290 364
1707300 363
1707310 362
1707320 362
1707330 361
1707340 361
1707350 360
1707360 360
1707370 359
1707380 359
1707390 359
1707400 359
1707410 358
1707420 358
1707430 358
1707440 358
1707450 358
1707460 358
1707470 358
1707480 359
1707490 359
1707500 359
1707510 360
1707520 360
1707530 360
1707540 360
1707550 361
1707560 361
1707570 361
1707580 361
1707590 361
1707600 360
1707610 360
1707620 359
1707630 359
1707640 360
1707650 361
1707660 361
1707670 362
1707680 362
1707690 363
1707700 363
1707710 364
1707720 365
1707730 365
1707740 366
1707750 366
1707760 367
1707770 367
1707780 367
1707790 368
1707800 368
1707810 368
1707820 368
1707830 368
1707840 368
1707850 368
1707860 368
1707870 368
1707880 368
1707890 368
1707900 368
1707910 368
1707920 367
1707930 366
1707940 366
1707950 365
1707960 364
1707970 363
1707980 362
1707990 362
1708000 361
1708010 359
1708020 357
1708030 354
1708040 351
1708050 349
1708060 347
1708070 346
1708080 345
1708090 345
1708100 346
1708110 346
1708120 347
1708130 347
1708140 347
1708150 348
1708160 349
1708170 349
1708180 350
1708190 350
1708200 349
1708210 348
1708220 348
1708230 347
1708240 347
1708250 346
1708260 346
1708270 346
1708280 346
1708290 346
1708300 346
1708310 345
1708320 345
1708330 345
1708340 344
1708350 344
1708360 343
1708370 343
1708380 344
1708390 344
1708400 345
1708410 346
1708420 347
1708430 347
1708440 348
1708450 349
1708460 349
1708470 350
1708480 351
1708490 351
1708500 352
1708510 352
1708520 353
1708530 353
1708540 354
1708550 355
1708560 356
1708570 356
1708580 358
1708590 359
1708600 361
1708610 362
1708620 364
1708630 365
1708640 366
1708650 367
1708660 368
1708670 368
1708680 367
1708690 366
1708700 365
1708710 364
1708720 364
1708730 363
1708740 363
1708750 362
1708760 362
1708770 361
1708780 360
1708790 360
1708800 359
1708810 359
1708820 358
1708830 357
1708840 357
1708850 356
1708860 355
1708870 355
1708880 354
1708890 353
1708900 352
1708910 351
1708920 351
1708930 350
1708940 349
1708950 348
1708960 348
1708970 347
1708980 346
1708990 345
1709000 344
1709010 343
1709020 342
1709030 341
1709040 340
1709050 339
1709060 338
1709070 337
1709080 336
1709090 335
1709100 334
1709110 334
1709120 333
1709130 331
1709140 330
1709150 329
1709160 329
1709170 328
1709180 327
1709190 327
1709200 326
1709210 326
1709220 325
1709230 324
1709240 323
1709250 323
1709260 322
1709270 321
1709280 320
1709290 319
1709300 318
1709310 317
1709320 316
1709330 315
1709340 313
1709350 312
1709360 311
1709370 309
1709380 308
1709390 307
1709400 305
1709410 305
1709420 305
1709430 305
1709440 305
1709450 305
1709460 306
1709470 308
1709480 312
1709490 315
1709500 318
1709510 320
1709520 322
1709530 324
1709540 326
1709550 329
1709560 331
1709570 333
1709580 335
1709590 336
1709600 337
1709610 339
1709620 340
1709630 341
1709640 341
1709650 342
1709660 342
1709670 342
1709680 342
1709690 342
1709700 342
1709710 342
1709720 342
1709730 341
1709740 341
1709750 341
1709760 341
1709770 341
1709780 340
1709790 340
1709800 338
1709810 336
1709820 334
1709830 335
1709840 336
1709850 338
1709860 339
1709870 340
1709880 341
1709890 341
1709900 342
1709910 342
1709920 344
1709930 345
1709940 345
1709950 346
1709960 345
1709970 344
1709980 342
1709990 339
1710000 335
1710010 331
1710020 327
1710030 323
1710040 320
1710050 316
1710060 313
1710070 310
1710080 307
1710090 304
1710100 301
1710110 298
1710120 296
1710130 294
1710140 293
1710150 291
1710160 290
1710170 289
1710180 288
1710190 286
1710200 285
1710210 284
1710220 283
1710230 282
1710240 280
1710250 279
1710260 278
1710270 277
1710280 276
1710290 275
1710300 274
1710310 273
1710320 271
1710330 271
1710340 269
1710350 268
1710360 267
1710370 266
1710380 265
1710390 264
1710400 263
1710410 262
1710420 261
1710430 260
1710440 259
1710450 258
1710460 258
1710470 257
1710480 256
1710490 255
1710500 254
1710510 254
1710520 253
1710530 252
1710540 251
1710550 250
1710560 249
1710570 248
1710580 248
1710590 247
1710600 246
1710610 245
1710620 245
1710630 244
1710640 243
1710650 243
1710660 242
1710670 241
1710680 241
1710690 240
1710700 240
1710710 239
1710720 238
1710730 238
1710740 237
1710750 237
1710760 236
1710770 236
1710780 236
1710790 235
1710800 235
1710810 235
1710820 234
1710830 234
1710840 234
1710850 234
1710860 234
1710870 233
1710880 233
1710890 233
1710900 233
1710910 233
1710920 233
1710930 233
1710940 233
1710950 233
1710960 233
1710970 233
1710980 233
1710990 233
1711000 233
1711010 233
1711020 233
1711030 233
1711040 233
1711050 233
1711060 233
1711070 233
1711080 233
1711090 233
1711100 233
1711110 233
1711120 233
1711130 233
1711140 233
1711150 233
1711160 233
1711170 232
1711180 232
1711190 232
1711200 232
1711210 232
1711220 232
1711230 232
1711240 232
1711250 232
1711260 232
1711270 232
1711280 232
1711290 232
1711300 232
1711310 232
1711320 232
1711330 232
1711340 232
1711350 232
1711360 232
1711370 232
1711380 233
1711390 233
1711400 233
1711410 233
1711420 233
1711430 233
1711440 233
1711450 233
1711460 233
1711470 233
1711480 233
1711490 233
1711500 233
1711510 233
1711520 233
1711530 233
1711540 234
1711550 234
1711560 234
1711570 234
1711580 234
1711590 234
1711600 234
1711610 234
1711620 234
1711630 234
1711640 234
1711650 234
1711660 234
1711670 235
1711680 235
1711690 235
1711700 235
1711710 235
1711720 235
1711730 236
1711740 236
1711750 236
1711760 236
1711770 236
1711780 236
1711790 237
1711800 237
1711810 237
1711820 237
1711830 237
1711840 237
1711850 238
1711860 238
1711870 238
1711880 238
1711890 239
1711900 239
1711910 239
1711920 239
1711930 239
1711940 240
1711950 240
1711960 240
1711970 240
1711980 241
1711990 241
1712000 241
1712010 241
1712020 242
1712030 242
1712040 242
1712050 242
1712060 243
1712070 243
1712080 244
1712090 244
1712100 245
1712110 245
1712120 245
1712130 246
1712140 246
1712150 246
1712160 247
1712170 247
1712180 247
1712190 248
1712200 248
1712210 249
1712220 249
1712230 249
1712240 250
1712250 250
1712260 250
1712270 251
1712280 251
1712290 251
1712300 252
1712310 252
1712320 252
1712330 253
1712340 253
1712350 253
1712360 253
1712370 254
1712380 254
1712390 254
1712400 254
1712410 254
1712420 254
1712430 254
1712440 254
1712450 254
1712460 254
1712470 254
1712480 254
1712490 254
1712500 255
1712510 255
1712520 255
1712530 255
1712540 254
1712550 254
1712560 254
1712570 254
1712580 254
1712590 254
1712600 254
1712610 254
1712620 254
1712630 254
1712640 254
1712650 254
1712660 254
1712670 254
1712680 254
1712690 254
1712700 254
1712710 254
1712720 254
1712730 254
1712740 254
1712750 254
1712760 254
1712770 254
1712780 254
1712790 254
1712800 254
1712810 254
1712820 255
1712830 255
1712840 255
1712850 255
1712860 255
1712870 255
1712880 255
1712890 255
1712900 255
1712910 255
1712920 255
1712930 255
1712940 255
1712950 255
1712960 255
1712970 256
1712980 256
1712990 256
1713000 256
1713010 256
1713020 256
1713030 256
1713040 256
1713050 256
1713060 256
1713070 256
1713080 256
1713090 256
1713100 256
1713110 257
1713120 257
1713130 257
1713140 257
1713150 257
1713160 257
1713170 257
1713180 257
1713190 257
1713200 257
1713210 258
1713220 258
1713230 258
1713240 258
1713250 258
1713260 258
1713270 258
1713280 258
1713290 258
1713300 259
1713310 259
1713320 259
1713330 259
1713340 259
1713350 259
1713360 259
1713370 259
1713380 259
1713390 259
1713400 260
1713410 260
1713420 260
1713430 260
1713440 260
1713450 260
1713460 260
1713470 260
1713480 260
1713490 261
1713500 261
1713510 261
1713520 261
1713530 261
1713540 261
1713550 261
1713560 262
1713570 262
1713580 262
1713590 262
1713600 262
1713610 262
1713620 262
1713630 263
1713640 263
1713650 263
1713660 263
1713670 263
1713680 263
1713690 263
1713700 263
1713710 263
1713720 263
1713730 263
1713740 263
1713750 263
1713760 264
1713770 264
1713780 264
1713790 264
1713800 264
1713810 264
1713820 264
1713830 264
1713840 264
1713850 264
1713860 264
1713870 264
1713880 264
1713890 264
1713900 264
1713910 264
1713920 264
1713930 264
1713940 264
1713950 264
1713960 264
1713970 264
1713980 264
1713990 264
1714000 264
1714010 264
1714020 264
1714030 264
1714040 264
1714050 264
1714060 264
1714070 264
1714080 264
1714090 264
1714100 264
1714110 264
1714120 264
1714130 264
1714140 264
1714150 264
1714160 264
1714170 264
1714180 264
1714190 264
1714200 264
1714210 264
1714220 264
1714230 264
1714240 264
1714250 264
1714260 264
1714270 264
1714280 264
1714290 264
1714300 264
1714310 264
1714320 264
1714330 264
1714340 264
1714350 264
1714360 264
1714370 264
1714380 264
1714390 264
1714400 264
1714410 264
1714420 264
1714430 264
1714440 264
1714450 264
1714460 264
1714470 264
1714480 264
1714490 264
1714500 264
1714510 264
1714520 264
1714530 264
1714540 264
1714550 264
1714560 264
1714570 264
1714580 264
1714590 263
1714600 263
1714610 263
1714620 263
1714630 263
1714640 263
1714650 263
1714660 263
1714670 262
1714680 262
1714690 262
1714700 262
1714710 262
1714720 262
1714730 262
1714740 262
1714750 261
1714760 261
1714770 261
1714780 261
1714790 261
1714800 261
1714810 261
1714820 260
1714830 260
1714840 260
1714850 260
1714860 260
1714870 260
1714880 260
1714890 260
1714900 259
1714910 259
1714920 259
1714930 259
1714940 259
1714950 259
1714960 259
1714970 258
1714980 258
1714990 258
1715000 258
1715010 258
1715020 257
1715030 257
1715040 257
1715050 257
1715060 257
1715070 257
1715080 256
1715090 256
1715100 256
1715110 256
1715120 256
1715130 256
1715140 256
1715150 255
1715160 255
1715170 255
1715180 255
1715190 255
1715200 255
1715210 255
1715220 255
1715230 254
1715240 254
1715250 254
1715260 254
1715270 254
1715280 254
1715290 253
1715300 253
1715310 253
1715320 253
1715330 253
1715340 252
1715350 252
1715360 252
1715370 252
1715380 252
1715390 252
1715400 251
1715410 251
1715420 251
1715430 251
1715440 251
1715450 251
1715460 250
1715470 250
1715480 250
1715490 250
1715500 250
1715510 250
1715520 249
1715530 249
1715540 249
1715550 249
1715560 249
1715570 249
1715580 249
1715590 248
1715600 248
1715610 248
1715620 248
1715630 248
1715640 248
1715650 247
1715660 247
1715670 247
1715680 247
1715690 247
1715700 247
1715710 247
1715720 247
1715730 247
1715740 247
1715750 247
1715760 247
1715770 247
1715780 247
1715790 246
1715800 246
1715810 246
1715820 246
1715830 246
1715840 246
1715850 246
1715860 246
1715870 245
1715880 245
1715890 245
1715900 245
1715910 245
1715920 245
1715930 245
1715940 245
1715950 245
1715960 245
1715970 244
1715980 244
1715990 244
1716000 244
1716010 244
1716020 244
1716030 244
1716040 244
1716050 244
1716060 243
1716070 243
1716080 243
1716090 243
1716100 243
1716110 243
1716120 243
1716130 243
1716140 242
1716150 242
1716160 242
1716170 242
1716180 242
1716190 242
1716200 242
1716210 241
1716220 241
1716230 241
1716240 241
1716250 241
1716260 241
1716270 241
1716280 241
1716290 241
1716300 241
1716310 241
1716320 241
1716330 241
1716340 240
1716350 240
1716360 240
1716370 240
1716380 240
1716390 240
1716400 240
1716410 240
1716420 240
1716430 240
1716440 240
1716450 239
1716460 239
1716470 239
1716480 239
1716490 239
1716500 239
1716510 239
1716520 239
1716530 239
1716540 239
1716550 239
1716560 238
1716570 238
1716580 238
1716590 238
1716600 238
1716610 238
1716620 237
1716630 237
1716640 237
1716650 237
1716660 237
1716670 237
1716680 237
1716690 237
1716700 237
1716710 237
1716720 237
1716730 237
1716740 238
1716750 238
1716760 238
1716770 238
1716780 238
1716790 238
1716800 238
1716810 238
1716820 238
1716830 238
1716840 238
1716850 238
1716860 238
1716870 238
1716880 238
1716890 238
1716900 238
1716910 239
1716920 239
1716930 240
1716940 241
1716950 243
1716960 243
1716970 242
1716980 242
1716990 243
1717000 243
1717010 244
1717020 244
1717030 245
1717040 247
1717050 249
1717060 250
1717070 250
1717080 251
1717090 252
1717100 252
1717110 253
1717120 253
1717130 253
1717140 254
1717150 254
1717160 254
1717170 254
1717180 254
1717190 254
1717200 254
1717210 254
1717220 253
1717230 253
1717240 253
1717250 253
1717260 253
1717270 253
1717280 253
1717290 253
1717300 253
1717310 253
1717320 253
1717330 253
1717340 253
1717350 254
1717360 254
1717370 254
1717380 254
1717390 254
1717400 255
1717410 255
1717420 255
1717430 255
1717440 255
1717450 256
1717460 256
1717470 256
1717480 256
1717490 256
1717500 256
1717510 257
1717520 257
1717530 257
1717540 257
1717550 257
1717560 257
1717570 257
1717580 258
1717590 258
1717600 258
1717610 258
1717620 258
1717630 258
1717640 259
1717650 259
1717660 259
1717670 259
1717680 259
1717690 259
1717700 259
1717710 259
1717720 259
1717730 259
1717740 259
1717750 259
1717760 259
1717770 259
1717780 259
1717790 260
1717800 260
1717810 260
1717820 260
1717830 260
1717840 260
1717850 261
1717860 261
1717870 261
1717880 261
1717890 261
1717900 260
1717910 260
1717920 260
1717930 260
1717940 260
1717950 260
1717960 259
1717970 259
1717980 259
1717990 259
1718000 259
1718010 258
1718020 258
1718030 258
1718040 257
1718050 257
1718060 257
1718070 256
1718080 256
1718090 256
1718100 255
1718110 255
1718120 255
1718130 255
1718140 254
1718150 254
1718160 254
1718170 254
1718180 254
1718190 254
1718200 254
1718210 254
1718220 254
1718230 254
1718240 255
1718250 255
1718260 255
1718270 255
1718280 256
1718290 256
1718300 256
1718310 256
1718320 257
1718330 257
1718340 257
1718350 258
1718360 258
1718370 258
1718380 258
1718390 258
1718400 258
1718410 258
1718420 258
1718430 259
1718440 259
1718450 259
1718460 259
1718470 259
1718480 259
1718490 259
1718500 260
1718510 260
1718520 260
1718530 260
1718540 260
1718550 260
1718560 260
1718570 260
1718580 260
1718590 260
1718600 260
1718610 259
1718620 259
1718630 259
1718640 259
1718650 259
1718660 259
1718670 259
1718680 258
1718690 258
1718700 258
1718710 258
1718720 258
1718730 258
1718740 258
1718750 258
1718760 258
1718770 258
1718780 258
1718790 258
1718800 258
1718810 258
1718820 257
1718830 257
1718840 257
1718850 257
1718860 257
1718870 257
1718880 257
1718890 256
1718900 256
1718910 256
1718920 256
1718930 255
1718940 255
1718950 255
1718960 255
1718970 255
1718980 255
1718990 255
1719000 254
1719010 254
1719020 254
1719030 254
1719040 254
1719050 254
1719060 254
1719070 254
1719080 254
1719090 254
1719100 254
1719110 254
1719120 254
1719130 254
1719140 253
1719150 253
1719160 253
1719170 253
1719180 252
1719190 252
1719200 252
1719210 252
1719220 252
1719230 252
1719240 252
1719250 253
1719260 253
1719270 253
1719280 253
1719290 254
1719300 254
1719310 255
1719320 255
1719330 256
1719340 256
1719350 257
1719360 257
1719370 257
1719380 257
1719390 257
1719400 257
1719410 257
1719420 257
1719430 257
1719440 257
1719450 257
1719460 257
1719470 257
1719480 257
1719490 257
1719500 257
1719510 257
1719520 257
1719530 257
1719540 257
1719550 257
1719560 256
1719570 256
1719580 256
1719590 256
1719600 256
1719610 256
1719620 256
1719630 256
1719640 256
1719650 256
1719660 256
1719670 256
1719680 256
1719690 256
1719700 256
1719710 256
1719720 256
1719730 256
1719740 256
1719750 256
1719760 257
1719770 257
1719780 257
1719790 257
1719800 257
1719810 257
1719820 257
1719830 257
1719840 258
1719850 258
1719860 258
1719870 258
1719880 258
1719890 258
1719900 258
1719910 259
1719920 259
1719930 259
1719940 259
1719950 259
1719960 259
1719970 259
1719980 259
1719990 259
