1700000 259
1700010 261
1700020 263
1700030 265
1700040 267
1700050 269
1700060 271
1700070 273
1700080 275
1700090 277
1700100 278
1700110 280
1700120 281
1700130 281
1700140 281
1700150 281
1700160 280
1700170 280
1700180 280
1700190 280
1700200 279
1700210 278
1700220 277
1700230 277
1700240 276
1700250 276
1700260 276
1700270 276
1700280 277
1700290 278
1700300 280
1700310 283
1700320 287
1700330 292
1700340 297
1700350 302
1700360 306
1700370 311
1700380 315
1700390 319
1700400 322
1700410 325
1700420 327
1700430 330
1700440 332
1700450 335
1700460 338
1700470 341
1700480 344
1700490 346
1700500 349
1700510 351
1700520 353
1700530 355
1700540 356
1700550 358
1700560 360
1700570 361
1700580 363
1700590 365
1700600 368
1700610 370
1700620 371
1700630 372
1700640 373
1700650 373
1700660 371
1700670 369
1700680 365
1700690 362
1700700 359
1700710 355
1700720 353
1700730 351
1700740 349
1700750 349
1700760 348
1700770 348
1700780 348
1700790 349
1700800 350
1700810 351
1700820 354
1700830 357
1700840 361
1700850 366
1700860 370
1700870 374
1700880 378
1700890 381
1700900 384
1700910 387
1700920 389
1700930 391
1700940 393
1700950 395
1700960 397
1700970 399
1700980 401
1700990 403
1701000 404
1701010 406
1701020 407
1701030 408
1701040 409
1701050 410
1701060 410
1701070 411
1701080 412
1701090 414
1701100 415
1701110 415
1701120 416
1701130 416
1701140 417
1701150 418
1701160 420
1701170 422
1701180 425
1701190 427
1701200 430
1701210 432
1701220 435
1701230 437
1701240 439
1701250 441
1701260 443
1701270 445
1701280 447
1701290 448
1701300 450
1701310 452
1701320 453
1701330 454
1701340 455
1701350 456
1701360 457
1701370 458
1701380 458
1701390 459
1701400 460
1701410 460
1701420 461
1701430 461
1701440 461
1701450 462
1701460 462
1701470 462
1701480 462
1701490 463
1701500 463
1701510 463
1701520 463
1701530 464
1701540 464
1701550 465
1701560 465
1701570 466
1701580 467
1701590 467
1701600 467
1701610 467
1701620 467
1701630 467
1701640 467
1701650 467
1701660 467
1701670 467
1701680 467
1701690 467
1701700 467
1701710 467
1701720 466
1701730 464
1701740 460
1701750 457
1701760 454
1701770 451
1701780 450
1701790 449
1701800 449
1701810 449
1701820 448
1701830 446
1701840 445
1701850 444
1701860 443
1701870 443
1701880 444
1701890 446
1701900 447
1701910 447
1701920 448
1701930 449
1701940 450
1701950 451
1701960 452
1701970 453
1701980 454
1701990 455
1702000 457
1702010 459
1702020 461
1702030 463
1702040 464
1702050 466
1702060 468
1702070 470
1702080 472
1702090 475
1702100 477
1702110 479
1702120 481
1702130 482
1702140 484
1702150 486
1702160 488
1702170 489
1702180 491
1702190 493
1702200 494
1702210 495
1702220 496
1702230 497
1702240 497
1702250 497
1702260 497
1702270 497
1702280 496
1702290 496
1702300 495
1702310 495
1702320 495
1702330 495
1702340 494
1702350 494
1702360 493
1702370 493
1702380 492
1702390 491
1702400 490
1702410 489
1702420 488
1702430 487
1702440 486
1702450 485
1702460 484
1702470 482
1702480 481
1702490 480
1702500 478
1702510 477
1702520 475
1702530 473
1702540 472
1702550 470
1702560 468
1702570 466
1702580 465
1702590 464
1702600 463
1702610 462
1702620 461
1702630 461
1702640 460
1702650 459
1702660 458
1702670 456
1702680 455
1702690 453
1702700 452
1702710 451
1702720 449
1702730 448
1702740 446
1702750 445
1702760 444
1702770 442
1702780 441
1702790 439
1702800 438
1702810 436
1702820 435
1702830 433
1702840 432
1702850 430
1702860 429
1702870 427
1702880 427
1702890 426
1702900 425
1702910 424
1702920 422
1702930 421
1702940 420
1702950 419
1702960 417
1702970 416
1702980 415
1702990 413
1703000 411
1703010 410
1703020 409
1703030 408
1703040 405
1703050 403
1703060 402
1703070 402
1703080 400
1703090 398
1703100 401
1703110 403
1703120 404
1703130 404
1703140 405
1703150 406
1703160 408
1703170 409
1703180 410
1703190 410
1703200 411
1703210 412
1703220 413
1703230 414
1703240 415
1703250 417
1703260 418
1703270 419
1703280 420
1703290 422
1703300 423
1703310 425
1703320 426
1703330 428
1703340 430
1703350 433
1703360 436
1703370 440
1703380 442
1703390 445
1703400 446
1703410 446
1703420 447
1703430 447
1703440 447
1703450 446
1703460 446
1703470 445
1703480 445
1703490 445
1703500 444
1703510 443
1703520 443
1703530 444
1703540 445
1703550 446
1703560 448
1703570 450
1703580 451
1703590 453
1703600 455
1703610 458
1703620 460
1703630 463
1703640 465
1703650 467
1703660 469
1703670 471
1703680 473
1703690 475
1703700 477
1703710 478
1703720 479
1703730 479
1703740 478
1703750 476
1703760 473
1703770 471
1703780 468
1703790 466
1703800 464
1703810 462
1703820 461
1703830 459
1703840 458
1703850 457
1703860 456
1703870 456
1703880 455
1703890 454
1703900 454
1703910 454
1703920 454
1703930 454
1703940 454
1703950 454
1703960 454
1703970 454
1703980 454
1703990 453
1704000 453
1704010 453
1704020 453
1704030 453
1704040 453
1704050 455
1704060 455
1704070 454
1704080 455
1704090 455
1704100 456
1704110 456
1704120 457
1704130 457
1704140 457
1704150 458
1704160 458
1704170 460
1704180 461
1704190 463
1704200 464
1704210 466
1704220 468
1704230 469
1704240 471
1704250 472
1704260 474
1704270 476
1704280 478
1704290 479
1704300 481
1704310 483
1704320 485
1704330 486
1704340 488
1704350 490
1704360 491
1704370 493
1704380 494
1704390 496
1704400 497
1704410 498
1704420 500
1704430 501
1704440 503
1704450 504
1704460 506
1704470 508
1704480 509
1704490 510
1704500 510
1704510 510
1704520 510
1704530 510
1704540 509
1704550 507
1704560 505
1704570 502
1704580 499
1704590 496
1704600 493
1704610 491
1704620 489
1704630 487
1704640 486
1704650 486
1704660 486
1704670 485
1704680 485
1704690 484
1704700 483
1704710 482
1704720 481
1704730 480
1704740 479
1704750 478
1704760 477
1704770 475
1704780 474
1704790 472
1704800 469
1704810 467
1704820 463
1704830 460
1704840 457
1704850 455
1704860 453
1704870 451
1704880 449
1704890 447
1704900 446
1704910 445
1704920 444
1704930 443
1704940 442
1704950 441
1704960 440
1704970 438
1704980 436
1704990 434
1705000 432
1705010 430
1705020 427
1705030 423
1705040 420
1705050 418
1705060 416
1705070 414
1705080 413
1705090 411
1705100 410
1705110 409
1705120 407
1705130 406
1705140 405
1705150 404
1705160 403
1705170 402
1705180 401
1705190 399
1705200 398
1705210 397
1705220 396
1705230 395
1705240 393
1705250 392
1705260 391
1705270 391
1705280 390
1705290 389
1705300 386
1705310 384
1705320 381
1705330 378
1705340 375
1705350 372
1705360 371
1705370 370
1705380 369
1705390 366
1705400 365
1705410 366
1705420 368
1705430 370
1705440 372
1705450 374
1705460 376
1705470 377
1705480 378
1705490 378
1705500 377
1705510 375
1705520 374
1705530 373
1705540 371
1705550 370
1705560 369
1705570 367
1705580 365
1705590 364
1705600 362
1705610 361
1705620 361
1705630 360
1705640 359
1705650 359
1705660 358
1705670 357
1705680 356
1705690 355
1705700 354
1705710 354
1705720 352
1705730 350
1705740 347
1705750 346
1705760 345
1705770 345
1705780 347
1705790 348
1705800 349
1705810 349
1705820 350
1705830 352
1705840 353
1705850 353
1705860 354
1705870 354
1705880 353
1705890 353
1705900 353
1705910 352
1705920 352
1705930 351
1705940 351
1705950 350
1705960 349
1705970 349
1705980 348
1705990 348
1706000 347
1706010 347
1706020 346
1706030 346
1706040 346
1706050 346
1706060 346
1706070 345
1706080 345
1706090 344
1706100 344
1706110 343
1706120 342
1706130 342
1706140 342
1706150 342
1706160 341
1706170 340
1706180 340
1706190 340
1706200 339
1706210 339
1706220 339
1706230 339
1706240 338
1706250 338
1706260 338
1706270 337
1706280 337
1706290 337
1706300 337
1706310 336
1706320 336
1706330 336
1706340 335
1706350 335
1706360 335
1706370 334
1706380 334
1706390 333
1706400 333
1706410 332
1706420 331
1706430 330
1706440 329
1706450 327
1706460 325
1706470 324
1706480 324
1706490 324
1706500 324
1706510 323
1706520 323
1706530 321
1706540 320
1706550 319
1706560 319
1706570 319
1706580 320
1706590 320
1706600 321
1706610 321
1706620 323
1706630 325
1706640 328
1706650 330
1706660 331
1706670 333
1706680 335
1706690 337
1706700 339
1706710 341
1706720 343
1706730 344
1706740 346
1706750 347
1706760 348
1706770 349
1706780 350
1706790 351
1706800 352
1706810 353
1706820 354
1706830 355
1706840 356
1706850 357
1706860 358
1706870 359
1706880 360
1706890 361
1706900 361
1706910 362
1706920 363
1706930 364
1706940 364
1706950 365
1706960 366
1706970 366
1706980 367
1706990 368
1707000 368
1707010 369
1707020 369
1707030 370
1707040 370
1707050 371
1707060 371
1707070 372
1707080 373
1707090 374
1707100 375
1707110 376
1707120 377
1707130 377
1707140 377
1707150 378
1707160 378
1707170 377
1707180 377
1707190 377
1707200 377
1707210 376
1707220 376
1707230 375
1707240 374
1707250 374
1707260 373
1707270 372
1707280 372
1707290 371
1707300 371
1707310 370
1707320 369
1707330 369
1707340 368
1707350 367
1707360 367
1707370 366
1707380 365
1707390 364
1707400 364
1707410 363
1707420 362
1707430 360
1707440 359
1707450 358
1707460 357
1707470 355
1707480 353
1707490 352
1707500 350
1707510 348
1707520 346
1707530 344
1707540 342
1707550 340
1707560 338
1707570 336
1707580 334
1707590 333
1707600 331
1707610 329
1707620 327
1707630 325
1707640 325
1707650 324
1707660 323
1707670 323
1707680 323
1707690 324
1707700 324
1707710 325
1707720 326
1707730 327
1707740 329
1707750 330
1707760 332
1707770 333
1707780 334
1707790 335
1707800 335
1707810 336
1707820 336
1707830 336
1707840 336
1707850 336
1707860 335
1707870 335
1707880 334
1707890 334
1707900 333
1707910 332
1707920 332
1707930 332
1707940 331
1707950 330
1707960 329
1707970 328
1707980 328
1707990 327
1708000 326
1708010 325
1708020 323
1708030 322
1708040 320
1708050 318
1708060 320
1708070 322
1708080 323
1708090 325
1708100 327
1708110 330
1708120 332
1708130 335
1708140 337
1708150 338
1708160 340
1708170 342
1708180 344
1708190 345
1708200 346
1708210 348
1708220 350
1708230 351
1708240 352
1708250 353
1708260 353
1708270 354
1708280 354
1708290 354
1708300 355
1708310 355
1708320 355
1708330 355
1708340 356
1708350 356
1708360 356
1708370 355
1708380 355
1708390 355
1708400 354
1708410 354
1708420 354
1708430 354
1708440 353
1708450 353
1708460 353
1708470 353
1708480 352
1708490 352
1708500 352
1708510 351
1708520 351
1708530 350
1708540 350
1708550 349
1708560 349
1708570 348
1708580 348
1708590 347
1708600 347
1708610 346
1708620 346
1708630 346
1708640 345
1708650 345
1708660 344
1708670 343
1708680 343
1708690 342
1708700 342
1708710 342
1708720 342
1708730 341
1708740 341
1708750 341
1708760 341
1708770 341
1708780 341
1708790 340
1708800 340
1708810 339
1708820 339
1708830 338
1708840 338
1708850 338
1708860 337
1708870 337
1708880 336
1708890 335
1708900 334
1708910 334
1708920 333
1708930 332
1708940 332
1708950 331
1708960 331
1708970 330
1708980 330
1708990 329
1709000 329
1709010 328
1709020 327
1709030 327
1709040 326
1709050 324
1709060 323
1709070 321
1709080 321
1709090 320
1709100 319
1709110 319
1709120 318
1709130 317
1709140 317
1709150 316
1709160 316
1709170 315
1709180 314
1709190 312
1709200 310
1709210 308
1709220 306
1709230 304
1709240 302
1709250 300
1709260 298
1709270 294
1709280 290
1709290 286
1709300 283
1709310 281
1709320 281
1709330 284
1709340 287
1709350 292
1709360 297
1709370 302
1709380 307
1709390 311
1709400 314
1709410 316
1709420 318
1709430 320
1709440 321
1709450 319
1709460 317
1709470 315
1709480 315
1709490 315
1709500 317
1709510 318
1709520 317
1709530 316
1709540 315
1709550 314
1709560 313
1709570 312
1709580 309
1709590 305
1709600 302
1709610 299
1709620 298
1709630 299
1709640 300
1709650 303
1709660 307
1709670 310
1709680 311
1709690 311
1709700 311
1709710 309
1709720 306
1709730 302
1709740 299
1709750 296
1709760 294
1709770 291
1709780 289
1709790 287
1709800 286
1709810 285
1709820 284
1709830 283
1709840 282
1709850 281
1709860 281
1709870 280
1709880 279
1709890 279
1709900 278
1709910 278
1709920 277
1709930 277
1709940 276
1709950 274
1709960 272
1709970 271
1709980 271
1709990 271
1710000 271
1710010 270
1710020 270
1710030 270
1710040 269
1710050 269
1710060 268
1710070 268
1710080 267
1710090 267
1710100 266
1710110 265
1710120 265
1710130 264
1710140 263
1710150 263
1710160 262
1710170 262
1710180 261
1710190 261
1710200 260
1710210 259
1710220 259
1710230 258
1710240 257
1710250 256
1710260 256
1710270 255
1710280 254
1710290 254
1710300 253
1710310 252
1710320 252
1710330 251
1710340 251
1710350 250
1710360 249
1710370 249
1710380 248
1710390 247
1710400 246
1710410 246
1710420 245
1710430 244
1710440 243
1710450 243
1710460 242
1710470 242
1710480 241
1710490 240
1710500 240
1710510 240
1710520 239
1710530 239
1710540 239
1710550 239
1710560 239
1710570 238
1710580 238
1710590 238
1710600 238
1710610 238
1710620 238
1710630 238
1710640 237
1710650 237
1710660 237
1710670 237
1710680 237
1710690 236
1710700 236
1710710 236
1710720 236
1710730 236
1710740 236
1710750 235
1710760 235
1710770 235
1710780 235
1710790 235
1710800 235
1710810 234
1710820 234
1710830 233
1710840 233
1710850 232
1710860 232
1710870 232
1710880 232
1710890 232
1710900 232
1710910 232
1710920 231
1710930 231
1710940 231
1710950 231
1710960 231
1710970 231
1710980 231
1710990 231
1711000 231
1711010 231
1711020 231
1711030 231
1711040 231
1711050 231
1711060 231
1711070 231
1711080 231
1711090 231
1711100 231
1711110 231
1711120 231
1711130 231
1711140 231
1711150 231
1711160 231
1711170 231
1711180 231
1711190 231
1711200 231
1711210 231
1711220 231
1711230 231
1711240 231
1711250 231
1711260 231
1711270 231
1711280 232
1711290 232
1711300 232
1711310 232
1711320 232
1711330 233
1711340 233
1711350 233
1711360 234
1711370 234
1711380 235
1711390 235
1711400 236
1711410 236
1711420 237
1711430 237
1711440 238
1711450 238
1711460 238
1711470 239
1711480 239
1711490 239
1711500 240
1711510 240
1711520 241
1711530 241
1711540 242
1711550 242
1711560 243
1711570 243
1711580 244
1711590 244
1711600 244
1711610 245
1711620 245
1711630 245
1711640 245
1711650 245
1711660 245
1711670 246
1711680 246
1711690 246
1711700 246
1711710 246
1711720 247
1711730 247
1711740 247
1711750 247
1711760 248
1711770 248
1711780 248
1711790 248
1711800 249
1711810 249
1711820 250
1711830 250
1711840 250
1711850 250
1711860 250
1711870 250
1711880 251
1711890 251
1711900 251
1711910 251
1711920 252
1711930 252
1711940 252
1711950 252
1711960 252
1711970 252
1711980 252
1711990 252
1712000 253
1712010 253
1712020 253
1712030 253
1712040 253
1712050 253
1712060 253
1712070 253
1712080 253
1712090 253
1712100 253
1712110 254
1712120 254
1712130 254
1712140 254
1712150 254
1712160 254
1712170 254
1712180 254
1712190 254
1712200 254
1712210 254
1712220 254
1712230 255
1712240 255
1712250 255
1712260 255
1712270 255
1712280 255
1712290 255
1712300 255
1712310 255
1712320 255
1712330 255
1712340 255
1712350 255
1712360 255
1712370 255
1712380 255
1712390 255
1712400 255
1712410 255
1712420 255
1712430 255
1712440 255
1712450 255
1712460 255
1712470 255
1712480 255
1712490 255
1712500 255
1712510 255
1712520 255
1712530 256
1712540 256
1712550 256
1712560 256
1712570 256
1712580 256
1712590 256
1712600 256
1712610 256
1712620 256
1712630 256
1712640 256
1712650 256
1712660 256
1712670 256
1712680 257
1712690 257
1712700 257
1712710 257
1712720 258
1712730 258
1712740 258
1712750 257
1712760 257
1712770 257
1712780 258
1712790 258
1712800 258
1712810 258
1712820 258
1712830 258
1712840 258
1712850 259
1712860 259
1712870 259
1712880 259
1712890 259
1712900 259
1712910 259
1712920 259
1712930 259
1712940 259
1712950 260
1712960 260
1712970 260
1712980 260
1712990 260
1713000 260
1713010 260
1713020 260
1713030 260
1713040 261
1713050 261
1713060 261
1713070 261
1713080 261
1713090 261
1713100 261
1713110 261
1713120 261
1713130 261
1713140 262
1713150 262
1713160 262
1713170 262
1713180 262
1713190 262
1713200 262
1713210 262
1713220 262
1713230 262
1713240 262
1713250 262
1713260 262
1713270 262
1713280 262
1713290 262
1713300 263
1713310 263
1713320 263
1713330 263
1713340 263
1713350 263
1713360 263
1713370 263
1713380 263
1713390 263
1713400 263
1713410 263
1713420 263
1713430 263
1713440 263
1713450 263
1713460 263
1713470 263
1713480 262
1713490 262
1713500 262
1713510 262
1713520 262
1713530 262
1713540 262
1713550 262
1713560 262
1713570 262
1713580 262
1713590 262
1713600 262
1713610 262
1713620 261
1713630 261
1713640 261
1713650 261
1713660 260
1713670 260
1713680 260
1713690 260
1713700 260
1713710 260
1713720 260
1713730 259
1713740 259
1713750 259
1713760 259
1713770 259
1713780 259
1713790 259
1713800 259
1713810 259
1713820 259
1713830 259
1713840 259
1713850 259
1713860 259
1713870 259
1713880 259
1713890 259
1713900 259
1713910 259
1713920 259
1713930 259
1713940 259
1713950 259
1713960 259
1713970 259
1713980 259
1713990 259
1714000 259
1714010 259
1714020 259
1714030 259
1714040 259
1714050 259
1714060 259
1714070 259
1714080 259
1714090 259
1714100 259
1714110 260
1714120 260
1714130 260
1714140 259
1714150 259
1714160 259
1714170 259
1714180 259
1714190 259
1714200 259
1714210 259
1714220 259
1714230 259
1714240 259
1714250 260
1714260 259
1714270 259
1714280 259
1714290 259
1714300 259
1714310 259
1714320 259
1714330 259
1714340 259
1714350 259
1714360 259
1714370 259
1714380 259
1714390 259
1714400 260
1714410 260
1714420 260
1714430 260
1714440 260
1714450 260
1714460 260
1714470 260
1714480 260
1714490 260
1714500 260
1714510 260
1714520 260
1714530 260
1714540 260
1714550 260
1714560 260
1714570 260
1714580 260
1714590 260
1714600 260
1714610 260
1714620 260
1714630 259
1714640 258
1714650 258
1714660 259
1714670 260
1714680 260
1714690 260
1714700 260
1714710 259
1714720 259
1714730 259
1714740 259
1714750 259
1714760 259
1714770 259
1714780 259
1714790 259
1714800 259
1714810 259
1714820 259
1714830 259
1714840 259
1714850 259
1714860 259
1714870 259
1714880 259
1714890 259
1714900 259
1714910 259
1714920 259
1714930 259
1714940 259
1714950 259
1714960 258
1714970 258
1714980 258
1714990 257
1715000 256
1715010 256
1715020 256
1715030 256
1715040 256
1715050 256
1715060 256
1715070 256
1715080 256
1715090 256
1715100 256
1715110 256
1715120 256
1715130 256
1715140 256
1715150 256
1715160 256
1715170 256
1715180 256
1715190 256
1715200 256
1715210 256
1715220 256
1715230 256
1715240 256
1715250 256
1715260 256
1715270 255
1715280 255
1715290 255
1715300 254
1715310 254
1715320 254
1715330 253
1715340 253
1715350 253
1715360 253
1715370 253
1715380 253
1715390 252
1715400 252
1715410 252
1715420 253
1715430 253
1715440 252
1715450 252
1715460 251
1715470 251
1715480 250
1715490 250
1715500 249
1715510 249
1715520 248
1715530 247
1715540 246
1715550 245
1715560 244
1715570 243
1715580 242
1715590 241
1715600 241
1715610 241
1715620 241
1715630 241
1715640 241
1715650 241
1715660 241
1715670 241
1715680 241
1715690 241
1715700 241
1715710 241
1715720 241
1715730 242
1715740 242
1715750 242
1715760 243
1715770 244
1715780 244
1715790 245
1715800 245
1715810 245
1715820 245
1715830 245
1715840 245
1715850 245
1715860 244
1715870 244
1715880 243
1715890 242
1715900 242
1715910 241
1715920 241
1715930 241
1715940 240
1715950 240
1715960 240
1715970 240
1715980 239
1715990 239
1716000 239
1716010 239
1716020 239
1716030 239
1716040 239
1716050 239
1716060 239
1716070 239
1716080 239
1716090 239
1716100 239
1716110 239
1716120 239
1716130 239
1716140 239
1716150 239
1716160 239
1716170 239
1716180 239
1716190 239
1716200 239
1716210 239
1716220 239
1716230 239
1716240 239
1716250 239
1716260 239
1716270 239
1716280 239
1716290 239
1716300 239
1716310 239
1716320 238
1716330 237
1716340 236
1716350 235
1716360 235
1716370 235
1716380 235
1716390 235
1716400 235
1716410 235
1716420 235
1716430 235
1716440 235
1716450 234
1716460 235
1716470 235
1716480 235
1716490 235
1716500 235
1716510 235
1716520 235
1716530 235
1716540 234
1716550 234
1716560 234
1716570 234
1716580 234
1716590 234
1716600 235
1716610 235
1716620 235
1716630 236
1716640 236
1716650 237
1716660 237
1716670 238
1716680 238
1716690 239
1716700 239
1716710 239
1716720 238
1716730 237
1716740 237
1716750 236
1716760 235
1716770 235
1716780 235
1716790 235
1716800 235
1716810 235
1716820 235
1716830 235
1716840 235
1716850 235
1716860 235
1716870 235
1716880 235
1716890 235
1716900 234
1716910 234
1716920 234
1716930 234
1716940 234
1716950 234
1716960 233
1716970 233
1716980 233
1716990 233
1717000 233
1717010 233
1717020 233
1717030 233
1717040 233
1717050 233
1717060 233
1717070 233
1717080 233
1717090 233
1717100 233
1717110 233
1717120 233
1717130 233
1717140 233
1717150 234
1717160 234
1717170 234
1717180 234
1717190 234
1717200 234
1717210 234
1717220 234
1717230 234
1717240 234
1717250 234
1717260 234
1717270 234
1717280 234
1717290 234
1717300 234
1717310 234
1717320 234
1717330 234
1717340 234
1717350 234
1717360 234
1717370 234
1717380 234
1717390 235
1717400 235
1717410 235
1717420 235
1717430 235
1717440 235
1717450 235
1717460 235
1717470 235
1717480 235
1717490 235
1717500 235
1717510 235
1717520 235
1717530 235
1717540 235
1717550 235
1717560 235
1717570 235
1717580 236
1717590 236
1717600 236
1717610 236
1717620 236
1717630 236
1717640 236
1717650 236
1717660 236
1717670 236
1717680 236
1717690 236
1717700 236
1717710 236
1717720 236
1717730 236
1717740 236
1717750 236
1717760 236
1717770 236
1717780 236
1717790 236
1717800 236
1717810 236
1717820 236
1717830 236
1717840 236
1717850 236
1717860 236
1717870 236
1717880 236
1717890 236
1717900 236
1717910 236
1717920 236
1717930 236
1717940 236
1717950 236
1717960 237
1717970 237
1717980 237
1717990 237
1718000 236
1718010 237
1718020 237
1718030 237
1718040 237
1718050 237
1718060 237
1718070 237
1718080 237
1718090 237
1718100 237
1718110 237
1718120 237
1718130 238
1718140 238
1718150 238
1718160 238
1718170 238
1718180 238
1718190 238
1718200 238
1718210 238
1718220 238
1718230 238
1718240 238
1718250 239
1718260 239
1718270 239
1718280 239
1718290 239
1718300 239
1718310 239
1718320 239
1718330 239
1718340 239
1718350 239
1718360 239
1718370 239
1718380 239
1718390 239
1718400 239
1718410 239
1718420 239
1718430 239
1718440 239
1718450 239
1718460 239
1718470 239
1718480 239
1718490 240
1718500 240
1718510 240
1718520 240
1718530 240
1718540 240
1718550 240
1718560 240
1718570 240
1718580 240
1718590 240
1718600 240
1718610 240
1718620 240
1718630 240
1718640 240
1718650 240
1718660 241
1718670 241
1718680 241
1718690 241
1718700 241
1718710 241
1718720 241
1718730 241
1718740 241
1718750 241
1718760 241
1718770 241
1718780 241
1718790 241
1718800 241
1718810 241
1718820 241
1718830 241
1718840 242
1718850 242
1718860 242
1718870 242
1718880 242
1718890 242
1718900 242
1718910 242
1718920 242
1718930 242
1718940 242
1718950 242
1718960 242
1718970 242
1718980 243
1718990 243
1719000 243
1719010 243
1719020 243
1719030 243
1719040 243
1719050 243
1719060 243
1719070 243
1719080 243
1719090 244
1719100 244
1719110 244
1719120 244
1719130 244
1719140 244
1719150 244
1719160 244
1719170 244
1719180 244
1719190 244
1719200 244
1719210 244
1719220 244
1719230 244
1719240 245
1719250 245
1719260 245
1719270 245
1719280 245
1719290 245
1719300 245
1719310 245
1719320 246
1719330 246
1719340 246
1719350 246
1719360 246
1719370 246
1719380 246
1719390 246
1719400 246
1719410 246
1719420 246
1719430 246
1719440 246
1719450 246
1719460 246
1719470 246
1719480 246
1719490 246
1719500 246
1719510 246
1719520 247
1719530 247
1719540 247
1719550 247
1719560 247
1719570 247
1719580 247
1719590 247
1719600 247
1719610 247
1719620 247
1719630 247
1719640 247
1719650 247
1719660 248
1719670 248
1719680 248
1719690 248
1719700 248
1719710 248
1719720 248
1719730 248
1719740 248
1719750 248
1719760 248
1719770 248
1719780 248
1719790 248
1719800 248
1719810 248
1719820 248
1719830 248
1719840 248
1719850 249
1719860 248
1719870 248
1719880 248
1719890 248
1719900 248
1719910 248
1719920 248
1719930 248
1719940 248
1719950 248
1719960 248
1719970 248
1719980 248
1719990 248
