1700000 229
1700010 229
1700020 229
1700030 229
1700040 228
1700050 228
1700060 228
1700070 228
1700080 228
1700090 228
1700100 228
1700110 228
1700120 228
1700130 228
1700140 228
1700150 228
1700160 228
1700170 228
1700180 228
1700190 228
1700200 228
1700210 227
1700220 227
1700230 227
1700240 226
1700250 226
1700260 225
1700270 225
1700280 224
1700290 224
1700300 223
1700310 223
1700320 222
1700330 222
1700340 222
1700350 222
1700360 222
1700370 222
1700380 222
1700390 222
1700400 221
1700410 221
1700420 221
1700430 221
1700440 220
1700450 220
1700460 219
1700470 219
1700480 218
1700490 218
1700500 218
1700510 218
1700520 218
1700530 217
1700540 217
1700550 217
1700560 217
1700570 217
1700580 216
1700590 216
1700600 216
1700610 216
1700620 216
1700630 216
1700640 214
1700650 213
1700660 213
1700670 213
1700680 214
1700690 216
1700700 216
1700710 217
1700720 217
1700730 217
1700740 217
1700750 217
1700760 217
1700770 217
1700780 217
1700790 217
1700800 217
1700810 217
1700820 217
1700830 217
1700840 217
1700850 217
1700860 218
1700870 218
1700880 218
1700890 218
1700900 218
1700910 218
1700920 218
1700930 218
1700940 218
1700950 218
1700960 218
1700970 218
1700980 218
1700990 218
1701000 218
1701010 218
1701020 218
1701030 217
1701040 217
1701050 217
1701060 217
1701070 217
1701080 217
1701090 217
1701100 216
1701110 216
1701120 216
1701130 216
1701140 216
1701150 216
1701160 216
1701170 216
1701180 216
1701190 216
1701200 216
1701210 216
1701220 216
1701230 216
1701240 216
1701250 216
1701260 216
1701270 216
1701280 216
1701290 216
1701300 216
1701310 216
1701320 216
1701330 216
1701340 216
1701350 216
1701360 216
1701370 216
1701380 216
1701390 216
1701400 217
1701410 217
1701420 217
1701430 217
1701440 217
1701450 217
1701460 217
1701470 217
1701480 217
1701490 217
1701500 217
1701510 217
1701520 217
1701530 217
1701540 217
1701550 217
1701560 217
1701570 217
1701580 217
1701590 217
1701600 217
1701610 217
1701620 217
1701630 217
1701640 217
1701650 217
1701660 217
1701670 217
1701680 216
1701690 216
1701700 216
1701710 216
1701720 216
1701730 216
1701740 216
1701750 216
1701760 216
1701770 216
1701780 216
1701790 216
1701800 216
1701810 216
1701820 216
1701830 216
1701840 216
1701850 216
1701860 217
1701870 217
1701880 217
1701890 217
1701900 217
1701910 218
1701920 218
1701930 218
1701940 218
1701950 218
1701960 219
1701970 219
1701980 219
1701990 219
1702000 220
1702010 220
1702020 220
1702030 220
1702040 220
1702050 221
1702060 221
1702070 221
1702080 221
1702090 221
1702100 222
1702110 222
1702120 222
1702130 222
1702140 223
1702150 223
1702160 223
1702170 223
1702180 224
1702190 224
1702200 224
1702210 225
1702220 225
1702230 225
1702240 226
1702250 226
1702260 227
1702270 227
1702280 228
1702290 228
1702300 228
1702310 228
1702320 228
1702330 228
1702340 229
1702350 228
1702360 228
1702370 228
1702380 228
1702390 228
1702400 227
1702410 228
1702420 228
1702430 229
1702440 229
1702450 230
1702460 230
1702470 231
1702480 231
1702490 231
1702500 232
1702510 232
1702520 232
1702530 232
1702540 233
1702550 234
1702560 234
1702570 235
1702580 236
1702590 237
1702600 238
1702610 239
1702620 240
1702630 242
1702640 243
1702650 245
1702660 246
1702670 247
1702680 248
1702690 249
1702700 250
1702710 251
1702720 252
1702730 253
1702740 254
1702750 255
1702760 256
1702770 256
1702780 257
1702790 257
1702800 257
1702810 258
1702820 259
1702830 259
1702840 260
1702850 260
1702860 261
1702870 261
1702880 262
1702890 263
1702900 263
1702910 264
1702920 264
1702930 265
1702940 265
1702950 266
1702960 267
1702970 267
1702980 268
1702990 269
1703000 269
1703010 270
1703020 271
1703030 272
1703040 273
1703050 274
1703060 274
1703070 275
1703080 276
1703090 277
1703100 278
1703110 279
1703120 280
1703130 280
1703140 281
1703150 281
1703160 281
1703170 282
1703180 283
1703190 283
1703200 284
1703210 284
1703220 284
1703230 285
1703240 285
1703250 286
1703260 286
1703270 287
1703280 287
1703290 288
1703300 288
1703310 289
1703320 289
1703330 290
1703340 290
1703350 291
1703360 291
1703370 291
1703380 292
1703390 292
1703400 292
1703410 292
1703420 293
1703430 293
1703440 293
1703450 293
1703460 294
1703470 294
1703480 295
1703490 295
1703500 295
1703510 295
1703520 296
1703530 296
1703540 296
1703550 296
1703560 296
1703570 296
1703580 296
1703590 295
1703600 295
1703610 295
1703620 295
1703630 294
1703640 294
1703650 292
1703660 291
1703670 290
1703680 289
1703690 288
1703700 287
1703710 286
1703720 286
1703730 286
1703740 286
1703750 287
1703760 287
1703770 287
1703780 287
1703790 287
1703800 287
1703810 287
1703820 286
1703830 286
1703840 285
1703850 285
1703860 284
1703870 284
1703880 284
1703890 283
1703900 283
1703910 283
1703920 283
1703930 283
1703940 283
1703950 283
1703960 283
1703970 283
1703980 283
1703990 283
1704000 283
1704010 282
1704020 282
1704030 282
1704040 282
1704050 282
1704060 282
1704070 282
1704080 282
1704090 282
1704100 282
1704110 282
1704120 282
1704130 283
1704140 283
1704150 283
1704160 283
1704170 283
1704180 283
1704190 283
1704200 283
1704210 284
1704220 284
1704230 284
1704240 284
1704250 284
1704260 284
1704270 285
1704280 285
1704290 285
1704300 285
1704310 285
1704320 285
1704330 285
1704340 286
1704350 286
1704360 286
1704370 286
1704380 286
1704390 286
1704400 287
1704410 287
1704420 287
1704430 288
1704440 289
1704450 290
1704460 291
1704470 291
1704480 292
1704490 292
1704500 292
1704510 293
1704520 294
1704530 294
1704540 295
1704550 295
1704560 296
1704570 297
1704580 298
1704590 299
1704600 299
1704610 301
1704620 302
1704630 303
1704640 304
1704650 305
1704660 307
1704670 308
1704680 309
1704690 310
1704700 311
1704710 312
1704720 313
1704730 314
1704740 315
1704750 316
1704760 317
1704770 318
1704780 319
1704790 319
1704800 320
1704810 320
1704820 321
1704830 322
1704840 323
1704850 323
1704860 324
1704870 325
1704880 326
1704890 326
1704900 327
1704910 327
1704920 328
1704930 328
1704940 329
1704950 329
1704960 330
1704970 330
1704980 330
1704990 330
1705000 330
1705010 330
1705020 330
1705030 330
1705040 330
1705050 330
1705060 330
1705070 330
1705080 330
1705090 329
1705100 329
1705110 329
1705120 329
1705130 329
1705140 328
1705150 328
1705160 328
1705170 328
1705180 328
1705190 328
1705200 328
1705210 327
1705220 327
1705230 327
1705240 327
1705250 327
1705260 327
1705270 327
1705280 327
1705290 327
1705300 327
1705310 327
1705320 327
1705330 327
1705340 327
1705350 327
1705360 327
1705370 327
1705380 327
1705390 326
1705400 326
1705410 326
1705420 326
1705430 326
1705440 326
1705450 325
1705460 325
1705470 325
1705480 324
1705490 324
1705500 324
1705510 323
1705520 323
1705530 322
1705540 322
1705550 321
1705560 320
1705570 320
1705580 319
1705590 318
1705600 317
1705610 317
1705620 316
1705630 315
1705640 314
1705650 313
1705660 311
1705670 309
1705680 306
1705690 305
1705700 304
1705710 303
1705720 302
1705730 299
1705740 297
1705750 297
1705760 298
1705770 302
1705780 303
1705790 304
1705800 305
1705810 305
1705820 305
1705830 305
1705840 305
1705850 305
1705860 305
1705870 306
1705880 306
1705890 306
1705900 306
1705910 306
1705920 305
1705930 305
1705940 305
1705950 304
1705960 304
1705970 303
1705980 303
1705990 303
1706000 302
1706010 301
1706020 300
1706030 299
1706040 298
1706050 297
1706060 296
1706070 295
1706080 294
1706090 293
1706100 292
1706110 291
1706120 290
1706130 289
1706140 288
1706150 288
1706160 287
1706170 286
1706180 285
1706190 285
1706200 284
1706210 283
1706220 283
1706230 282
1706240 281
1706250 280
1706260 279
1706270 278
1706280 277
1706290 277
1706300 277
1706310 277
1706320 277
1706330 276
1706340 276
1706350 278
1706360 281
1706370 285
1706380 289
1706390 293
1706400 297
1706410 301
1706420 304
1706430 308
1706440 311
1706450 313
1706460 315
1706470 316
1706480 318
1706490 320
1706500 323
1706510 325
1706520 328
1706530 330
1706540 332
1706550 335
1706560 337
1706570 339
1706580 341
1706590 342
1706600 343
1706610 344
1706620 345
1706630 346
1706640 347
1706650 348
1706660 348
1706670 349
1706680 349
1706690 350
1706700 350
1706710 350
1706720 351
1706730 351
1706740 351
1706750 351
1706760 351
1706770 351
1706780 352
1706790 352
1706800 352
1706810 352
1706820 352
1706830 353
1706840 353
1706850 353
1706860 353
1706870 353
1706880 353
1706890 354
1706900 354
1706910 354
1706920 354
1706930 354
1706940 354
1706950 354
1706960 354
1706970 355
1706980 355
1706990 355
1707000 355
1707010 355
1707020 355
1707030 355
1707040 355
1707050 355
1707060 355
1707070 355
1707080 355
1707090 355
1707100 355
1707110 355
1707120 354
1707130 354
1707140 354
1707150 354
1707160 353
1707170 353
1707180 353
1707190 353
1707200 352
1707210 352
1707220 351
1707230 350
1707240 349
1707250 348
1707260 347
1707270 345
1707280 344
1707290 343
1707300 342
1707310 342
1707320 341
1707330 340
1707340 339
1707350 337
1707360 336
1707370 334
1707380 333
1707390 332
1707400 331
1707410 330
1707420 329
1707430 327
1707440 326
1707450 324
1707460 324
1707470 323
1707480 322
1707490 322
1707500 321
1707510 320
1707520 320
1707530 320
1707540 319
1707550 319
1707560 319
1707570 318
1707580 318
1707590 317
1707600 317
1707610 316
1707620 315
1707630 315
1707640 314
1707650 313
1707660 312
1707670 311
1707680 309
1707690 307
1707700 305
1707710 304
1707720 302
1707730 301
1707740 299
1707750 298
1707760 299
1707770 302
1707780 305
1707790 305
1707800 306
1707810 307
1707820 309
1707830 309
1707840 310
1707850 310
1707860 310
1707870 310
1707880 311
1707890 311
1707900 311
1707910 311
1707920 311
1707930 311
1707940 311
1707950 311
1707960 311
1707970 311
1707980 311
1707990 311
1708000 311
1708010 311
1708020 311
1708030 311
1708040 311
1708050 311
1708060 311
1708070 311
1708080 311
1708090 311
1708100 311
1708110 311
1708120 311
1708130 310
1708140 310
1708150 310
1708160 310
1708170 309
1708180 309
1708190 308
1708200 308
1708210 307
1708220 307
1708230 306
1708240 305
1708250 304
1708260 304
1708270 303
1708280 303
1708290 303
1708300 303
1708310 303
1708320 303
1708330 302
1708340 302
1708350 302
1708360 302
1708370 302
1708380 302
1708390 302
1708400 302
1708410 303
1708420 303
1708430 303
1708440 304
1708450 305
1708460 305
1708470 305
1708480 305
1708490 305
1708500 305
1708510 305
1708520 304
1708530 304
1708540 304
1708550 303
1708560 303
1708570 303
1708580 303
1708590 303
1708600 302
1708610 302
1708620 302
1708630 302
1708640 302
1708650 302
1708660 301
1708670 301
1708680 301
1708690 301
1708700 300
1708710 300
1708720 300
1708730 299
1708740 299
1708750 298
1708760 298
1708770 298
1708780 297
1708790 297
1708800 296
1708810 296
1708820 296
1708830 295
1708840 295
1708850 294
1708860 294
1708870 293
1708880 292
1708890 292
1708900 291
1708910 290
1708920 290
1708930 289
1708940 289
1708950 288
1708960 288
1708970 287
1708980 287
1708990 286
1709000 286
1709010 285
1709020 284
1709030 284
1709040 283
1709050 283
1709060 282
1709070 282
1709080 281
1709090 281
1709100 280
1709110 280
1709120 280
1709130 280
1709140 280
1709150 280
1709160 279
1709170 279
1709180 279
1709190 279
1709200 279
1709210 279
1709220 279
1709230 279
1709240 279
1709250 279
1709260 279
1709270 279
1709280 279
1709290 279
1709300 279
1709310 279
1709320 279
1709330 279
1709340 279
1709350 278
1709360 278
1709370 278
1709380 278
1709390 277
1709400 277
1709410 277
1709420 277
1709430 277
1709440 277
1709450 276
1709460 276
1709470 275
1709480 275
1709490 275
1709500 274
1709510 274
1709520 273
1709530 273
1709540 273
1709550 272
1709560 272
1709570 272
1709580 271
1709590 271
1709600 271
1709610 270
1709620 270
1709630 270
1709640 269
1709650 269
1709660 269
1709670 269
1709680 268
1709690 268
1709700 268
1709710 267
1709720 267
1709730 266
1709740 265
1709750 265
1709760 265
1709770 264
1709780 264
1709790 264
1709800 263
1709810 263
1709820 263
1709830 262
1709840 262
1709850 262
1709860 261
1709870 261
1709880 260
1709890 260
1709900 259
1709910 259
1709920 258
1709930 258
1709940 258
1709950 257
1709960 257
1709970 256
1709980 256
1709990 255
1710000 255
1710010 254
1710020 254
1710030 254
1710040 253
1710050 253
1710060 252
1710070 251
1710080 250
1710090 250
1710100 249
1710110 248
1710120 248
1710130 247
1710140 247
1710150 246
1710160 246
1710170 245
1710180 245
1710190 244
1710200 244
1710210 244
1710220 244
1710230 244
1710240 244
1710250 244
1710260 244
1710270 244
1710280 244
1710290 244
1710300 244
1710310 244
1710320 244
1710330 244
1710340 244
1710350 244
1710360 244
1710370 244
1710380 244
1710390 245
1710400 245
1710410 245
1710420 246
1710430 246
1710440 246
1710450 247
1710460 247
1710470 248
1710480 248
1710490 249
1710500 250
1710510 251
1710520 252
1710530 252
1710540 252
1710550 252
1710560 252
1710570 252
1710580 251
1710590 252
1710600 252
1710610 252
1710620 252
1710630 252
1710640 253
1710650 254
1710660 257
1710670 259
1710680 262
1710690 263
1710700 264
1710710 264
1710720 265
1710730 265
1710740 266
1710750 267
1710760 268
1710770 269
1710780 269
1710790 269
1710800 270
1710810 270
1710820 270
1710830 270
1710840 271
1710850 271
1710860 272
1710870 273
1710880 273
1710890 274
1710900 275
1710910 275
1710920 276
1710930 277
1710940 277
1710950 278
1710960 278
1710970 279
1710980 279
1710990 280
1711000 280
1711010 280
1711020 279
1711030 279
1711040 278
1711050 278
1711060 278
1711070 278
1711080 278
1711090 277
1711100 277
1711110 276
1711120 275
1711130 274
1711140 273
1711150 273
1711160 272
1711170 272
1711180 272
1711190 271
1711200 271
1711210 271
1711220 270
1711230 270
1711240 269
1711250 269
1711260 268
1711270 267
1711280 267
1711290 266
1711300 266
1711310 266
1711320 265
1711330 265
1711340 264
1711350 264
1711360 263
1711370 263
1711380 263
1711390 262
1711400 262
1711410 261
1711420 261
1711430 260
1711440 259
1711450 258
1711460 257
1711470 257
1711480 256
1711490 255
1711500 255
1711510 254
1711520 253
1711530 252
1711540 252
1711550 251
1711560 249
1711570 248
1711580 247
1711590 246
1711600 244
1711610 243
1711620 242
1711630 241
1711640 240
1711650 239
1711660 237
1711670 237
1711680 236
1711690 234
1711700 233
1711710 232
1711720 231
1711730 230
1711740 229
1711750 227
1711760 227
1711770 226
1711780 226
1711790 225
1711800 225
1711810 224
1711820 224
1711830 224
1711840 224
1711850 224
1711860 224
1711870 224
1711880 223
1711890 223
1711900 224
1711910 225
1711920 225
1711930 225
1711940 225
1711950 225
1711960 225
1711970 225
1711980 225
1711990 225
1712000 225
1712010 225
1712020 225
1712030 224
1712040 224
1712050 224
1712060 224
1712070 224
1712080 223
1712090 223
1712100 223
1712110 223
1712120 223
1712130 222
1712140 222
1712150 222
1712160 222
1712170 222
1712180 222
1712190 222
1712200 222
1712210 222
1712220 222
1712230 222
1712240 222
1712250 222
1712260 222
1712270 222
1712280 222
1712290 222
1712300 222
1712310 222
1712320 222
1712330 222
1712340 222
1712350 222
1712360 222
1712370 222
1712380 222
1712390 222
1712400 222
1712410 222
1712420 222
1712430 222
1712440 222
1712450 222
1712460 222
1712470 222
1712480 222
1712490 222
1712500 222
1712510 222
1712520 222
1712530 222
1712540 222
1712550 222
1712560 222
1712570 222
1712580 222
1712590 222
1712600 222
1712610 222
1712620 222
1712630 222
1712640 222
1712650 222
1712660 222
1712670 222
1712680 222
1712690 223
1712700 223
1712710 223
1712720 226
1712730 228
1712740 229
1712750 228
1712760 226
1712770 224
1712780 223
1712790 223
1712800 223
1712810 223
1712820 223
1712830 223
1712840 223
1712850 223
1712860 223
1712870 223
1712880 222
1712890 221
1712900 220
1712910 219
1712920 219
1712930 219
1712940 220
1712950 221
1712960 222
1712970 223
1712980 223
1712990 223
1713000 223
1713010 223
1713020 223
1713030 223
1713040 223
1713050 223
1713060 223
1713070 223
1713080 223
1713090 223
1713100 223
1713110 223
1713120 223
1713130 223
1713140 223
1713150 224
1713160 224
1713170 224
1713180 224
1713190 224
1713200 224
1713210 224
1713220 224
1713230 225
1713240 226
1713250 227
1713260 228
1713270 228
1713280 228
1713290 226
1713300 225
1713310 224
1713320 223
1713330 223
1713340 223
1713350 223
1713360 223
1713370 223
1713380 223
1713390 223
1713400 223
1713410 223
1713420 223
1713430 223
1713440 223
1713450 223
1713460 223
1713470 223
1713480 223
1713490 223
1713500 223
1713510 224
1713520 224
1713530 224
1713540 224
1713550 224
1713560 224
1713570 224
1713580 224
1713590 224
1713600 224
1713610 223
1713620 223
1713630 223
1713640 223
1713650 223
1713660 223
1713670 223
1713680 223
1713690 223
1713700 223
1713710 223
1713720 223
1713730 223
1713740 223
1713750 223
1713760 223
1713770 223
1713780 223
1713790 223
1713800 223
1713810 223
1713820 224
1713830 223
1713840 223
1713850 223
1713860 223
1713870 223
1713880 223
1713890 223
1713900 223
1713910 223
1713920 223
1713930 223
1713940 223
1713950 223
1713960 224
1713970 224
1713980 224
1713990 224
1714000 224
1714010 224
1714020 224
1714030 224
1714040 224
1714050 224
1714060 224
1714070 224
1714080 224
1714090 223
1714100 223
1714110 223
1714120 223
1714130 223
1714140 223
1714150 224
1714160 224
1714170 224
1714180 224
1714190 224
1714200 224
1714210 224
1714220 224
1714230 224
1714240 223
1714250 223
1714260 223
1714270 224
1714280 224
1714290 224
1714300 224
1714310 223
1714320 223
1714330 224
1714340 224
1714350 224
1714360 224
1714370 224
1714380 224
1714390 224
1714400 225
1714410 225
1714420 225
1714430 225
1714440 225
1714450 225
1714460 225
1714470 225
1714480 225
1714490 226
1714500 226
1714510 226
1714520 227
1714530 227
1714540 228
1714550 228
1714560 229
1714570 229
1714580 230
1714590 230
1714600 230
1714610 231
1714620 231
1714630 232
1714640 232
1714650 232
1714660 233
1714670 234
1714680 235
1714690 235
1714700 235
1714710 236
1714720 236
1714730 236
1714740 237
1714750 237
1714760 238
1714770 239
1714780 239
1714790 240
1714800 240
1714810 240
1714820 241
1714830 241
1714840 241
1714850 242
1714860 242
1714870 242
1714880 243
1714890 243
1714900 244
1714910 244
1714920 242
1714930 241
1714940 242
1714950 243
1714960 244
1714970 244
1714980 244
1714990 245
1715000 245
1715010 245
1715020 245
1715030 245
1715040 245
1715050 245
1715060 246
1715070 246
1715080 246
1715090 246
1715100 246
1715110 247
1715120 247
1715130 247
1715140 247
1715150 247
1715160 248
1715170 248
1715180 248
1715190 248
1715200 249
1715210 249
1715220 249
1715230 249
1715240 250
1715250 250
1715260 250
1715270 249
1715280 249
1715290 249
1715300 249
1715310 249
1715320 249
1715330 249
1715340 249
1715350 249
1715360 249
1715370 249
1715380 249
1715390 248
1715400 248
1715410 248
1715420 248
1715430 248
1715440 248
1715450 248
1715460 248
1715470 248
1715480 248
1715490 248
1715500 248
1715510 248
1715520 248
1715530 248
1715540 248
1715550 248
1715560 248
1715570 248
1715580 248
1715590 248
1715600 247
1715610 247
1715620 247
1715630 247
1715640 247
1715650 247
1715660 247
1715670 247
1715680 247
1715690 248
1715700 248
1715710 248
1715720 248
1715730 248
1715740 248
1715750 248
1715760 248
1715770 248
1715780 248
1715790 248
1715800 248
1715810 248
1715820 249
1715830 249
1715840 249
1715850 249
1715860 249
1715870 249
1715880 249
1715890 249
1715900 249
1715910 249
1715920 249
1715930 249
1715940 249
1715950 249
1715960 249
1715970 249
1715980 248
1715990 248
1716000 248
1716010 248
1716020 247
1716030 248
1716040 248
1716050 248
1716060 247
1716070 247
1716080 248
1716090 249
1716100 249
1716110 250
1716120 250
1716130 251
1716140 251
1716150 252
1716160 252
1716170 253
1716180 253
1716190 254
1716200 254
1716210 255
1716220 255
1716230 256
1716240 256
1716250 256
1716260 256
1716270 257
1716280 257
1716290 257
1716300 257
1716310 258
1716320 258
1716330 259
1716340 259
1716350 260
1716360 260
1716370 261
1716380 261
1716390 262
1716400 262
1716410 263
1716420 263
1716430 264
1716440 264
1716450 265
1716460 265
1716470 266
1716480 266
1716490 267
1716500 268
1716510 268
1716520 269
1716530 269
1716540 270
1716550 271
1716560 271
1716570 272
1716580 272
1716590 273
1716600 274
1716610 274
1716620 275
1716630 276
1716640 276
1716650 277
1716660 278
1716670 278
1716680 279
1716690 280
1716700 280
1716710 281
1716720 282
1716730 282
1716740 283
1716750 283
1716760 284
1716770 285
1716780 286
1716790 288
1716800 290
1716810 290
1716820 291
1716830 291
1716840 292
1716850 292
1716860 292
1716870 292
1716880 294
1716890 296
1716900 296
1716910 297
1716920 297
1716930 298
1716940 299
1716950 299
1716960 300
1716970 300
1716980 300
1716990 301
1717000 302
1717010 303
1717020 303
1717030 303
1717040 304
1717050 304
1717060 305
1717070 305
1717080 305
1717090 306
1717100 306
1717110 306
1717120 306
1717130 307
1717140 307
1717150 307
1717160 308
1717170 308
1717180 308
1717190 309
1717200 309
1717210 309
1717220 309
1717230 310
1717240 310
1717250 311
1717260 311
1717270 311
1717280 311
1717290 311
1717300 312
1717310 312
1717320 312
1717330 312
1717340 313
1717350 313
1717360 313
1717370 314
1717380 314
1717390 314
1717400 314
1717410 315
1717420 315
1717430 315
1717440 315
1717450 315
1717460 315
1717470 315
1717480 315
1717490 315
1717500 315
1717510 315
1717520 316
1717530 316
1717540 316
1717550 316
1717560 314
1717570 312
1717580 309
1717590 306
1717600 302
1717610 299
1717620 296
1717630 293
1717640 289
1717650 285
1717660 281
1717670 277
1717680 274
1717690 270
1717700 267
1717710 264
1717720 261
1717730 259
1717740 256
1717750 254
1717760 252
1717770 251
1717780 249
1717790 248
1717800 247
1717810 245
1717820 244
1717830 242
1717840 240
1717850 239
1717860 237
1717870 236
1717880 234
1717890 233
1717900 232
1717910 231
1717920 230
1717930 229
1717940 228
1717950 228
1717960 228
1717970 229
1717980 231
1717990 231
1718000 231
1718010 232
1718020 232
1718030 233
1718040 235
1718050 237
1718060 241
1718070 244
1718080 248
1718090 251
1718100 254
1718110 257
1718120 260
1718130 263
1718140 265
1718150 268
1718160 271
1718170 274
1718180 277
1718190 280
1718200 283
1718210 286
1718220 289
1718230 291
1718240 294
1718250 296
1718260 298
1718270 299
1718280 300
1718290 302
1718300 303
1718310 304
1718320 305
1718330 305
1718340 304
1718350 304
1718360 303
1718370 303
1718380 302
1718390 301
1718400 299
1718410 294
1718420 288
1718430 283
1718440 278
1718450 274
1718460 269
1718470 265
1718480 261
1718490 257
1718500 254
1718510 250
1718520 247
1718530 244
1718540 241
1718550 237
1718560 234
1718570 232
1718580 230
1718590 230
1718600 230
1718610 231
1718620 232
1718630 233
1718640 233
1718650 233
1718660 233
1718670 233
1718680 233
1718690 233
1718700 234
1718710 235
1718720 236
1718730 237
1718740 239
1718750 240
1718760 242
1718770 244
1718780 246
1718790 248
1718800 249
1718810 251
1718820 252
1718830 254
1718840 256
1718850 258
1718860 261
1718870 263
1718880 266
1718890 270
1718900 273
1718910 276
1718920 279
1718930 282
1718940 285
1718950 288
1718960 291
1718970 293
1718980 296
1718990 299
1719000 301
1719010 302
1719020 304
1719030 305
1719040 306
1719050 306
1719060 307
1719070 307
1719080 307
1719090 307
1719100 306
1719110 305
1719120 305
1719130 304
1719140 303
1719150 302
1719160 301
1719170 299
1719180 296
1719190 292
1719200 288
1719210 284
1719220 280
1719230 277
1719240 274
1719250 271
1719260 269
1719270 267
1719280 262
1719290 257
1719300 251
1719310 248
1719320 244
1719330 240
1719340 237
1719350 234
1719360 232
1719370 231
1719380 231
1719390 231
1719400 232
1719410 232
1719420 233
1719430 233
1719440 233
1719450 233
1719460 233
1719470 233
1719480 233
1719490 233
1719500 233
1719510 233
1719520 233
1719530 233
1719540 233
1719550 233
1719560 233
1719570 233
1719580 233
1719590 233
1719600 233
1719610 234
1719620 234
1719630 234
1719640 234
1719650 234
1719660 234
1719670 234
1719680 234
1719690 234
1719700 234
1719710 234
1719720 233
1719730 232
1719740 232
1719750 232
1719760 232
1719770 232
1719780 232
1719790 233
1719800 234
1719810 234
1719820 234
1719830 234
1719840 234
1719850 234
1719860 234
1719870 234
1719880 233
1719890 233
1719900 233
1719910 233
1719920 233
1719930 233
1719940 233
1719950 233
1719960 233
1719970 233
1719980 233
1719990 233
