1700000 229
1700010 229
1700020 229
1700030 229
1700040 228
1700050 228
1700060 228
1700070 228
1700080 227
1700090 227
1700100 227
1700110 227
1700120 227
1700130 227
1700140 227
1700150 227
1700160 227
1700170 227
1700180 227
1700190 227
1700200 227
1700210 227
1700220 226
1700230 225
1700240 224
1700250 224
1700260 224
1700270 224
1700280 224
1700290 223
1700300 223
1700310 222
1700320 222
1700330 222
1700340 222
1700350 221
1700360 221
1700370 221
1700380 221
1700390 221
1700400 221
1700410 221
1700420 220
1700430 220
1700440 219
1700450 219
1700460 219
1700470 219
1700480 218
1700490 218
1700500 218
1700510 218
1700520 218
1700530 218
1700540 217
1700550 217
1700560 217
1700570 217
1700580 217
1700590 216
1700600 216
1700610 216
1700620 216
1700630 216
1700640 216
1700650 215
1700660 214
1700670 213
1700680 213
1700690 214
1700700 215
1700710 216
1700720 216
1700730 216
1700740 216
1700750 216
1700760 216
1700770 216
1700780 216
1700790 217
1700800 217
1700810 217
1700820 217
1700830 218
1700840 218
1700850 218
1700860 218
1700870 218
1700880 218
1700890 218
1700900 218
1700910 218
1700920 218
1700930 218
1700940 218
1700950 218
1700960 218
1700970 218
1700980 218
1700990 217
1701000 217
1701010 217
1701020 217
1701030 217
1701040 217
1701050 217
1701060 217
1701070 217
1701080 216
1701090 216
1701100 216
1701110 216
1701120 216
1701130 216
1701140 216
1701150 216
1701160 216
1701170 216
1701180 216
1701190 216
1701200 216
1701210 216
1701220 216
1701230 216
1701240 216
1701250 216
1701260 216
1701270 216
1701280 216
1701290 216
1701300 216
1701310 216
1701320 216
1701330 215
1701340 216
1701350 216
1701360 216
1701370 216
1701380 216
1701390 216
1701400 216
1701410 216
1701420 216
1701430 216
1701440 217
1701450 217
1701460 217
1701470 217
1701480 217
1701490 217
1701500 217
1701510 217
1701520 217
1701530 217
1701540 217
1701550 217
1701560 217
1701570 217
1701580 216
1701590 216
1701600 216
1701610 216
1701620 217
1701630 217
1701640 217
1701650 217
1701660 216
1701670 216
1701680 216
1701690 216
1701700 216
1701710 216
1701720 216
1701730 216
1701740 216
1701750 216
1701760 216
1701770 216
1701780 216
1701790 216
1701800 216
1701810 216
1701820 216
1701830 216
1701840 216
1701850 216
1701860 216
1701870 217
1701880 217
1701890 217
1701900 217
1701910 217
1701920 217
1701930 218
1701940 218
1701950 218
1701960 218
1701970 219
1701980 219
1701990 219
1702000 219
1702010 219
1702020 220
1702030 220
1702040 220
1702050 220
1702060 221
1702070 221
1702080 221
1702090 221
1702100 222
1702110 222
1702120 222
1702130 222
1702140 222
1702150 223
1702160 223
1702170 223
1702180 223
1702190 223
1702200 224
1702210 224
1702220 224
1702230 225
1702240 225
1702250 226
1702260 226
1702270 226
1702280 226
1702290 226
1702300 226
1702310 226
1702320 226
1702330 226
1702340 226
1702350 226
1702360 226
1702370 226
1702380 226
1702390 227
1702400 227
1702410 228
1702420 228
1702430 229
1702440 230
1702450 230
1702460 231
1702470 232
1702480 233
1702490 233
1702500 233
1702510 233
1702520 234
1702530 235
1702540 235
1702550 237
1702560 238
1702570 239
1702580 239
1702590 240
1702600 242
1702610 244
1702620 245
1702630 247
1702640 248
1702650 250
1702660 250
1702670 251
1702680 252
1702690 252
1702700 253
1702710 253
1702720 254
1702730 255
1702740 255
1702750 256
1702760 256
1702770 257
1702780 257
1702790 258
1702800 258
1702810 259
1702820 259
1702830 260
1702840 260
1702850 261
1702860 262
1702870 262
1702880 263
1702890 264
1702900 264
1702910 265
1702920 266
1702930 266
1702940 267
1702950 268
1702960 269
1702970 269
1702980 270
1702990 271
1703000 271
1703010 272
1703020 273
1703030 274
1703040 276
1703050 277
1703060 278
1703070 279
1703080 280
1703090 281
1703100 282
1703110 282
1703120 283
1703130 283
1703140 283
1703150 284
1703160 284
1703170 285
1703180 285
1703190 286
1703200 287
1703210 287
1703220 288
1703230 288
1703240 288
1703250 289
1703260 289
1703270 290
1703280 290
1703290 291
1703300 292
1703310 292
1703320 293
1703330 293
1703340 293
1703350 293
1703360 294
1703370 294
1703380 294
1703390 294
1703400 294
1703410 294
1703420 295
1703430 295
1703440 295
1703450 295
1703460 295
1703470 295
1703480 296
1703490 296
1703500 296
1703510 296
1703520 296
1703530 296
1703540 296
1703550 296
1703560 296
1703570 296
1703580 296
1703590 296
1703600 295
1703610 295
1703620 294
1703630 293
1703640 292
1703650 291
1703660 289
1703670 288
1703680 286
1703690 284
1703700 283
1703710 282
1703720 281
1703730 281
1703740 281
1703750 281
1703760 281
1703770 281
1703780 281
1703790 281
1703800 281
1703810 281
1703820 281
1703830 281
1703840 280
1703850 280
1703860 280
1703870 279
1703880 279
1703890 279
1703900 279
1703910 279
1703920 279
1703930 279
1703940 279
1703950 279
1703960 279
1703970 279
1703980 279
1703990 279
1704000 279
1704010 280
1704020 280
1704030 280
1704040 280
1704050 280
1704060 280
1704070 280
1704080 280
1704090 280
1704100 280
1704110 280
1704120 280
1704130 280
1704140 280
1704150 280
1704160 281
1704170 281
1704180 281
1704190 282
1704200 282
1704210 282
1704220 283
1704230 283
1704240 283
1704250 283
1704260 283
1704270 283
1704280 284
1704290 285
1704300 285
1704310 285
1704320 286
1704330 286
1704340 287
1704350 287
1704360 287
1704370 288
1704380 288
1704390 288
1704400 288
1704410 289
1704420 290
1704430 291
1704440 293
1704450 293
1704460 294
1704470 295
1704480 295
1704490 295
1704500 295
1704510 296
1704520 296
1704530 296
1704540 296
1704550 296
1704560 296
1704570 296
1704580 297
1704590 297
1704600 298
1704610 298
1704620 299
1704630 301
1704640 303
1704650 305
1704660 306
1704670 307
1704680 307
1704690 308
1704700 309
1704710 311
1704720 312
1704730 313
1704740 314
1704750 315
1704760 316
1704770 317
1704780 318
1704790 319
1704800 319
1704810 320
1704820 321
1704830 321
1704840 322
1704850 323
1704860 323
1704870 324
1704880 325
1704890 325
1704900 326
1704910 326
1704920 327
1704930 327
1704940 328
1704950 329
1704960 329
1704970 329
1704980 329
1704990 329
1705000 329
1705010 329
1705020 329
1705030 329
1705040 329
1705050 329
1705060 329
1705070 329
1705080 329
1705090 329
1705100 329
1705110 328
1705120 328
1705130 328
1705140 328
1705150 328
1705160 328
1705170 328
1705180 327
1705190 327
1705200 327
1705210 327
1705220 327
1705230 327
1705240 327
1705250 327
1705260 327
1705270 327
1705280 326
1705290 326
1705300 326
1705310 326
1705320 325
1705330 325
1705340 325
1705350 324
1705360 324
1705370 324
1705380 324
1705390 324
1705400 324
1705410 324
1705420 324
1705430 323
1705440 323
1705450 323
1705460 323
1705470 322
1705480 322
1705490 322
1705500 321
1705510 321
1705520 321
1705530 320
1705540 320
1705550 319
1705560 318
1705570 318
1705580 317
1705590 317
1705600 316
1705610 315
1705620 315
1705630 314
1705640 313
1705650 312
1705660 311
1705670 310
1705680 309
1705690 308
1705700 307
1705710 306
1705720 305
1705730 303
1705740 301
1705750 298
1705760 296
1705770 294
1705780 295
1705790 298
1705800 300
1705810 301
1705820 301
1705830 301
1705840 300
1705850 301
1705860 301
1705870 301
1705880 301
1705890 301
1705900 301
1705910 301
1705920 301
1705930 301
1705940 301
1705950 300
1705960 300
1705970 300
1705980 299
1705990 299
1706000 298
1706010 298
1706020 297
1706030 296
1706040 294
1706050 293
1706060 292
1706070 292
1706080 292
1706090 291
1706100 291
1706110 290
1706120 289
1706130 288
1706140 287
1706150 287
1706160 286
1706170 285
1706180 285
1706190 284
1706200 283
1706210 283
1706220 282
1706230 281
1706240 280
1706250 279
1706260 279
1706270 278
1706280 278
1706290 277
1706300 277
1706310 277
1706320 277
1706330 276
1706340 276
1706350 276
1706360 277
1706370 280
1706380 284
1706390 288
1706400 291
1706410 294
1706420 296
1706430 298
1706440 300
1706450 303
1706460 305
1706470 307
1706480 309
1706490 312
1706500 315
1706510 318
1706520 321
1706530 324
1706540 326
1706550 329
1706560 332
1706570 334
1706580 337
1706590 339
1706600 341
1706610 343
1706620 345
1706630 346
1706640 347
1706650 348
1706660 349
1706670 350
1706680 350
1706690 351
1706700 351
1706710 352
1706720 352
1706730 353
1706740 353
1706750 353
1706760 353
1706770 354
1706780 354
1706790 354
1706800 354
1706810 354
1706820 354
1706830 354
1706840 354
1706850 354
1706860 354
1706870 353
1706880 353
1706890 353
1706900 353
1706910 353
1706920 353
1706930 353
1706940 353
1706950 353
1706960 353
1706970 353
1706980 353
1706990 353
1707000 352
1707010 352
1707020 352
1707030 352
1707040 352
1707050 351
1707060 351
1707070 351
1707080 351
1707090 351
1707100 350
1707110 350
1707120 350
1707130 350
1707140 349
1707150 349
1707160 349
1707170 348
1707180 348
1707190 348
1707200 347
1707210 347
1707220 346
1707230 345
1707240 344
1707250 343
1707260 342
1707270 341
1707280 340
1707290 339
1707300 338
1707310 337
1707320 336
1707330 335
1707340 333
1707350 332
1707360 331
1707370 328
1707380 326
1707390 323
1707400 323
1707410 321
1707420 319
1707430 319
1707440 318
1707450 317
1707460 316
1707470 316
1707480 316
1707490 315
1707500 315
1707510 315
1707520 315
1707530 316
1707540 316
1707550 316
1707560 316
1707570 316
1707580 316
1707590 316
1707600 315
1707610 315
1707620 314
1707630 314
1707640 313
1707650 313
1707660 312
1707670 311
1707680 310
1707690 309
1707700 307
1707710 305
1707720 304
1707730 301
1707740 300
1707750 299
1707760 299
1707770 300
1707780 300
1707790 301
1707800 301
1707810 301
1707820 302
1707830 303
1707840 304
1707850 304
1707860 304
1707870 305
1707880 306
1707890 307
1707900 308
1707910 308
1707920 308
1707930 308
1707940 309
1707950 309
1707960 309
1707970 310
1707980 310
1707990 310
1708000 310
1708010 310
1708020 310
1708030 310
1708040 310
1708050 310
1708060 310
1708070 310
1708080 310
1708090 310
1708100 310
1708110 310
1708120 310
1708130 310
1708140 310
1708150 309
1708160 309
1708170 309
1708180 309
1708190 308
1708200 308
1708210 307
1708220 307
1708230 306
1708240 305
1708250 305
1708260 304
1708270 303
1708280 302
1708290 302
1708300 301
1708310 300
1708320 300
1708330 299
1708340 299
1708350 298
1708360 298
1708370 297
1708380 297
1708390 297
1708400 296
1708410 296
1708420 296
1708430 296
1708440 296
1708450 298
1708460 299
1708470 300
1708480 300
1708490 300
1708500 299
1708510 299
1708520 300
1708530 300
1708540 300
1708550 299
1708560 299
1708570 299
1708580 299
1708590 299
1708600 299
1708610 299
1708620 299
1708630 299
1708640 299
1708650 299
1708660 299
1708670 299
1708680 299
1708690 298
1708700 298
1708710 298
1708720 298
1708730 297
1708740 297
1708750 297
1708760 297
1708770 296
1708780 296
1708790 296
1708800 296
1708810 296
1708820 295
1708830 295
1708840 295
1708850 294
1708860 294
1708870 293
1708880 293
1708890 292
1708900 292
1708910 291
1708920 291
1708930 290
1708940 290
1708950 289
1708960 289
1708970 288
1708980 288
1708990 287
1709000 287
1709010 286
1709020 286
1709030 285
1709040 284
1709050 284
1709060 283
1709070 283
1709080 282
1709090 282
1709100 281
1709110 280
1709120 280
1709130 279
1709140 279
1709150 278
1709160 278
1709170 277
1709180 277
1709190 277
1709200 276
1709210 276
1709220 276
1709230 275
1709240 275
1709250 275
1709260 275
1709270 275
1709280 275
1709290 275
1709300 275
1709310 275
1709320 275
1709330 275
1709340 275
1709350 275
1709360 275
1709370 275
1709380 275
1709390 275
1709400 274
1709410 274
1709420 274
1709430 274
1709440 274
1709450 274
1709460 274
1709470 274
1709480 273
1709490 273
1709500 273
1709510 273
1709520 272
1709530 272
1709540 272
1709550 272
1709560 271
1709570 271
1709580 271
1709590 270
1709600 270
1709610 270
1709620 269
1709630 269
1709640 269
1709650 269
1709660 268
1709670 268
1709680 268
1709690 268
1709700 267
1709710 266
1709720 266
1709730 265
1709740 265
1709750 265
1709760 264
1709770 264
1709780 263
1709790 263
1709800 263
1709810 262
1709820 262
1709830 261
1709840 261
1709850 261
1709860 260
1709870 260
1709880 259
1709890 259
1709900 258
1709910 258
1709920 257
1709930 257
1709940 256
1709950 256
1709960 255
1709970 255
1709980 254
1709990 254
1710000 253
1710010 253
1710020 252
1710030 252
1710040 251
1710050 251
1710060 250
1710070 250
1710080 249
1710090 248
1710100 248
1710110 247
1710120 247
1710130 246
1710140 246
1710150 246
1710160 246
1710170 246
1710180 246
1710190 246
1710200 246
1710210 245
1710220 245
1710230 245
1710240 245
1710250 246
1710260 246
1710270 246
1710280 246
1710290 246
1710300 246
1710310 246
1710320 246
1710330 246
1710340 246
1710350 246
1710360 246
1710370 246
1710380 246
1710390 246
1710400 246
1710410 247
1710420 247
1710430 248
1710440 248
1710450 249
1710460 249
1710470 250
1710480 250
1710490 251
1710500 252
1710510 253
1710520 252
1710530 253
1710540 253
1710550 252
1710560 253
1710570 254
1710580 254
1710590 254
1710600 255
1710610 257
1710620 259
1710630 262
1710640 264
1710650 265
1710660 266
1710670 267
1710680 268
1710690 269
1710700 270
1710710 271
1710720 272
1710730 272
1710740 273
1710750 273
1710760 274
1710770 274
1710780 274
1710790 274
1710800 275
1710810 275
1710820 276
1710830 276
1710840 276
1710850 277
1710860 278
1710870 279
1710880 280
1710890 281
1710900 282
1710910 283
1710920 284
1710930 285
1710940 285
1710950 286
1710960 287
1710970 287
1710980 288
1710990 288
1711000 288
1711010 288
1711020 288
1711030 288
1711040 288
1711050 288
1711060 287
1711070 287
1711080 286
1711090 285
1711100 284
1711110 284
1711120 283
1711130 282
1711140 281
1711150 280
1711160 279
1711170 278
1711180 277
1711190 276
1711200 275
1711210 275
1711220 274
1711230 274
1711240 273
1711250 272
1711260 272
1711270 272
1711280 272
1711290 271
1711300 270
1711310 269
1711320 268
1711330 268
1711340 267
1711350 267
1711360 266
1711370 266
1711380 266
1711390 265
1711400 265
1711410 265
1711420 264
1711430 264
1711440 264
1711450 263
1711460 263
1711470 262
1711480 260
1711490 260
1711500 259
1711510 258
1711520 258
1711530 257
1711540 256
1711550 255
1711560 253
1711570 252
1711580 251
1711590 249
1711600 248
1711610 247
1711620 245
1711630 244
1711640 242
1711650 241
1711660 239
1711670 238
1711680 237
1711690 236
1711700 234
1711710 233
1711720 232
1711730 231
1711740 230
1711750 229
1711760 228
1711770 227
1711780 226
1711790 225
1711800 225
1711810 224
1711820 224
1711830 224
1711840 224
1711850 224
1711860 224
1711870 224
1711880 223
1711890 223
1711900 223
1711910 224
1711920 224
1711930 224
1711940 224
1711950 225
1711960 225
1711970 225
1711980 224
1711990 224
1712000 224
1712010 224
1712020 224
1712030 223
1712040 223
1712050 223
1712060 223
1712070 223
1712080 223
1712090 223
1712100 223
1712110 223
1712120 223
1712130 222
1712140 222
1712150 222
1712160 222
1712170 222
1712180 222
1712190 222
1712200 222
1712210 222
1712220 222
1712230 222
1712240 222
1712250 222
1712260 222
1712270 222
1712280 222
1712290 222
1712300 222
1712310 222
1712320 222
1712330 222
1712340 222
1712350 222
1712360 222
1712370 222
1712380 222
1712390 222
1712400 222
1712410 222
1712420 222
1712430 222
1712440 222
1712450 222
1712460 222
1712470 222
1712480 222
1712490 222
1712500 222
1712510 222
1712520 222
1712530 222
1712540 222
1712550 222
1712560 222
1712570 222
1712580 222
1712590 222
1712600 222
1712610 222
1712620 222
1712630 222
1712640 221
1712650 221
1712660 221
1712670 222
1712680 223
1712690 225
1712700 227
1712710 227
1712720 224
1712730 223
1712740 223
1712750 223
1712760 223
1712770 223
1712780 223
1712790 223
1712800 223
1712810 223
1712820 223
1712830 224
1712840 223
1712850 222
1712860 220
1712870 219
1712880 219
1712890 219
1712900 219
1712910 219
1712920 219
1712930 219
1712940 219
1712950 219
1712960 219
1712970 220
1712980 221
1712990 220
1713000 220
1713010 220
1713020 220
1713030 220
1713040 220
1713050 220
1713060 220
1713070 220
1713080 220
1713090 220
1713100 220
1713110 220
1713120 220
1713130 220
1713140 222
1713150 223
1713160 224
1713170 224
1713180 224
1713190 225
1713200 226
1713210 227
1713220 227
1713230 226
1713240 225
1713250 225
1713260 224
1713270 223
1713280 223
1713290 223
1713300 223
1713310 223
1713320 223
1713330 223
1713340 223
1713350 223
1713360 223
1713370 223
1713380 223
1713390 223
1713400 223
1713410 223
1713420 223
1713430 223
1713440 223
1713450 223
1713460 223
1713470 223
1713480 223
1713490 223
1713500 224
1713510 224
1713520 224
1713530 224
1713540 224
1713550 223
1713560 223
1713570 223
1713580 223
1713590 223
1713600 223
1713610 223
1713620 223
1713630 223
1713640 223
1713650 223
1713660 223
1713670 223
1713680 223
1713690 223
1713700 223
1713710 223
1713720 223
1713730 223
1713740 223
1713750 223
1713760 223
1713770 223
1713780 223
1713790 223
1713800 223
1713810 223
1713820 223
1713830 223
1713840 223
1713850 223
1713860 223
1713870 223
1713880 223
1713890 223
1713900 223
1713910 223
1713920 223
1713930 223
1713940 223
1713950 223
1713960 223
1713970 224
1713980 224
1713990 224
1714000 224
1714010 224
1714020 224
1714030 224
1714040 224
1714050 223
1714060 223
1714070 223
1714080 223
1714090 223
1714100 223
1714110 223
1714120 223
1714130 223
1714140 223
1714150 223
1714160 223
1714170 224
1714180 224
1714190 224
1714200 223
1714210 223
1714220 223
1714230 223
1714240 223
1714250 223
1714260 223
1714270 223
1714280 224
1714290 224
1714300 224
1714310 224
1714320 224
1714330 224
1714340 224
1714350 224
1714360 224
1714370 224
1714380 224
1714390 224
1714400 225
1714410 225
1714420 225
1714430 225
1714440 225
1714450 226
1714460 226
1714470 226
1714480 226
1714490 226
1714500 227
1714510 227
1714520 227
1714530 227
1714540 228
1714550 228
1714560 228
1714570 229
1714580 229
1714590 230
1714600 230
1714610 230
1714620 231
1714630 231
1714640 232
1714650 232
1714660 232
1714670 234
1714680 235
1714690 235
1714700 236
1714710 236
1714720 237
1714730 237
1714740 237
1714750 238
1714760 238
1714770 239
1714780 240
1714790 240
1714800 241
1714810 241
1714820 241
1714830 242
1714840 242
1714850 242
1714860 243
1714870 243
1714880 244
1714890 244
1714900 245
1714910 245
1714920 245
1714930 245
1714940 245
1714950 245
1714960 244
1714970 244
1714980 245
1714990 245
1715000 246
1715010 246
1715020 246
1715030 246
1715040 247
1715050 247
1715060 247
1715070 248
1715080 248
1715090 249
1715100 249
1715110 249
1715120 249
1715130 250
1715140 250
1715150 250
1715160 250
1715170 250
1715180 250
1715190 250
1715200 250
1715210 250
1715220 250
1715230 250
1715240 250
1715250 250
1715260 251
1715270 250
1715280 250
1715290 250
1715300 250
1715310 250
1715320 250
1715330 250
1715340 250
1715350 250
1715360 250
1715370 250
1715380 250
1715390 250
1715400 250
1715410 250
1715420 250
1715430 250
1715440 250
1715450 250
1715460 250
1715470 250
1715480 250
1715490 250
1715500 250
1715510 250
1715520 250
1715530 250
1715540 250
1715550 250
1715560 250
1715570 250
1715580 250
1715590 249
1715600 249
1715610 249
1715620 249
1715630 249
1715640 249
1715650 249
1715660 249
1715670 249
1715680 249
1715690 249
1715700 250
1715710 250
1715720 250
1715730 250
1715740 250
1715750 250
1715760 250
1715770 250
1715780 250
1715790 250
1715800 250
1715810 250
1715820 250
1715830 251
1715840 251
1715850 251
1715860 251
1715870 251
1715880 251
1715890 251
1715900 251
1715910 251
1715920 251
1715930 251
1715940 251
1715950 251
1715960 251
1715970 250
1715980 250
1715990 250
1716000 250
1716010 249
1716020 248
1716030 248
1716040 248
1716050 248
1716060 248
1716070 248
1716080 248
1716090 249
1716100 250
1716110 250
1716120 251
1716130 252
1716140 253
1716150 253
1716160 253
1716170 254
1716180 255
1716190 255
1716200 256
1716210 256
1716220 257
1716230 257
1716240 257
1716250 258
1716260 258
1716270 258
1716280 258
1716290 259
1716300 259
1716310 259
1716320 259
1716330 260
1716340 260
1716350 260
1716360 261
1716370 261
1716380 262
1716390 263
1716400 263
1716410 264
1716420 264
1716430 265
1716440 265
1716450 266
1716460 266
1716470 267
1716480 267
1716490 268
1716500 268
1716510 269
1716520 270
1716530 270
1716540 271
1716550 271
1716560 272
1716570 273
1716580 273
1716590 274
1716600 275
1716610 275
1716620 276
1716630 277
1716640 278
1716650 279
1716660 279
1716670 280
1716680 281
1716690 281
1716700 282
1716710 282
1716720 283
1716730 284
1716740 284
1716750 285
1716760 286
1716770 286
1716780 288
1716790 290
1716800 291
1716810 291
1716820 291
1716830 291
1716840 292
1716850 292
1716860 292
1716870 293
1716880 295
1716890 296
1716900 297
1716910 298
1716920 298
1716930 299
1716940 300
1716950 301
1716960 302
1716970 303
1716980 304
1716990 305
1717000 305
1717010 305
1717020 305
1717030 305
1717040 305
1717050 306
1717060 306
1717070 306
1717080 306
1717090 307
1717100 307
1717110 307
1717120 308
1717130 308
1717140 308
1717150 308
1717160 308
1717170 309
1717180 309
1717190 309
1717200 309
1717210 310
1717220 310
1717230 310
1717240 311
1717250 311
1717260 311
1717270 312
1717280 312
1717290 312
1717300 312
1717310 312
1717320 313
1717330 313
1717340 313
1717350 313
1717360 314
1717370 314
1717380 314
1717390 314
1717400 314
1717410 314
1717420 314
1717430 314
1717440 314
1717450 314
1717460 314
1717470 314
1717480 314
1717490 314
1717500 314
1717510 314
1717520 314
1717530 314
1717540 314
1717550 312
1717560 310
1717570 307
1717580 303
1717590 300
1717600 296
1717610 292
1717620 288
1717630 284
1717640 280
1717650 276
1717660 272
1717670 268
1717680 265
1717690 262
1717700 259
1717710 256
1717720 254
1717730 251
1717740 250
1717750 248
1717760 246
1717770 245
1717780 244
1717790 243
1717800 241
1717810 240
1717820 239
1717830 237
1717840 236
1717850 234
1717860 233
1717870 232
1717880 232
1717890 231
1717900 230
1717910 230
1717920 229
1717930 228
1717940 228
1717950 229
1717960 230
1717970 231
1717980 231
1717990 232
1718000 233
1718010 235
1718020 238
1718030 241
1718040 244
1718050 248
1718060 251
1718070 255
1718080 258
1718090 261
1718100 264
1718110 268
1718120 271
1718130 274
1718140 277
1718150 280
1718160 283
1718170 285
1718180 288
1718190 291
1718200 293
1718210 295
1718220 297
1718230 298
1718240 299
1718250 300
1718260 301
1718270 302
1718280 303
1718290 304
1718300 305
1718310 306
1718320 306
1718330 307
1718340 307
1718350 307
1718360 307
1718370 306
1718380 305
1718390 304
1718400 301
1718410 297
1718420 293
1718430 288
1718440 284
1718450 280
1718460 276
1718470 272
1718480 268
1718490 264
1718500 261
1718510 257
1718520 253
1718530 250
1718540 246
1718550 243
1718560 240
1718570 237
1718580 234
1718590 232
1718600 230
1718610 230
1718620 230
1718630 230
1718640 231
1718650 232
1718660 233
1718670 233
1718680 233
1718690 233
1718700 233
1718710 234
1718720 234
1718730 234
1718740 235
1718750 236
1718760 238
1718770 239
1718780 241
1718790 243
1718800 245
1718810 247
1718820 248
1718830 250
1718840 252
1718850 254
1718860 256
1718870 258
1718880 261
1718890 264
1718900 267
1718910 270
1718920 273
1718930 276
1718940 278
1718950 281
1718960 283
1718970 286
1718980 288
1718990 290
1719000 291
1719010 293
1719020 294
1719030 296
1719040 296
1719050 297
1719060 297
1719070 297
1719080 297
1719090 296
1719100 296
1719110 296
1719120 296
1719130 295
1719140 294
1719150 291
1719160 287
1719170 284
1719180 279
1719190 274
1719200 270
1719210 266
1719220 263
1719230 260
1719240 258
1719250 255
1719260 251
1719270 247
1719280 243
1719290 239
1719300 235
1719310 233
1719320 231
1719330 231
1719340 231
1719350 231
1719360 232
1719370 232
1719380 233
1719390 233
1719400 233
1719410 233
1719420 233
1719430 233
1719440 233
1719450 233
1719460 233
1719470 233
1719480 234
1719490 234
1719500 234
1719510 234
1719520 234
1719530 235
1719540 235
1719550 235
1719560 235
1719570 235
1719580 235
1719590 235
1719600 235
1719610 235
1719620 234
1719630 234
1719640 233
1719650 233
1719660 233
1719670 233
1719680 234
1719690 234
1719700 234
1719710 234
1719720 234
1719730 234
1719740 234
1719750 234
1719760 234
1719770 234
1719780 233
1719790 232
1719800 232
1719810 232
1719820 232
1719830 232
1719840 233
1719850 233
1719860 234
1719870 234
1719880 234
1719890 234
1719900 234
1719910 234
1719920 234
1719930 234
1719940 234
1719950 234
1719960 234
1719970 234
1719980 234
1719990 234
