1700000 236
1700010 237
1700020 237
1700030 237
1700040 238
1700050 238
1700060 239
1700070 239
1700080 240
1700090 240
1700100 240
1700110 240
1700120 241
1700130 241
1700140 241
1700150 242
1700160 242
1700170 242
1700180 242
1700190 242
1700200 242
1700210 242
1700220 243
1700230 243
1700240 243
1700250 243
1700260 243
1700270 243
1700280 244
1700290 244
1700300 244
1700310 244
1700320 245
1700330 246
1700340 246
1700350 246
1700360 245
1700370 245
1700380 245
1700390 245
1700400 245
1700410 245
1700420 245
1700430 245
1700440 245
1700450 245
1700460 245
1700470 245
1700480 245
1700490 245
1700500 245
1700510 245
1700520 245
1700530 245
1700540 245
1700550 245
1700560 245
1700570 245
1700580 245
1700590 245
1700600 246
1700610 246
1700620 246
1700630 246
1700640 246
1700650 246
1700660 246
1700670 246
1700680 246
1700690 246
1700700 246
1700710 246
1700720 246
1700730 246
1700740 246
1700750 246
1700760 245
1700770 245
1700780 245
1700790 245
1700800 245
1700810 244
1700820 244
1700830 244
1700840 244
1700850 244
1700860 243
1700870 243
1700880 243
1700890 243
1700900 243
1700910 243
1700920 242
1700930 242
1700940 242
1700950 242
1700960 242
1700970 242
1700980 242
1700990 241
1701000 241
1701010 241
1701020 241
1701030 241
1701040 241
1701050 241
1701060 241
1701070 241
1701080 241
1701090 241
1701100 241
1701110 241
1701120 241
1701130 241
1701140 241
1701150 241
1701160 241
1701170 241
1701180 241
1701190 241
1701200 240
1701210 240
1701220 240
1701230 240
1701240 240
1701250 240
1701260 240
1701270 240
1701280 240
1701290 240
1701300 240
1701310 240
1701320 240
1701330 240
1701340 239
1701350 239
1701360 239
1701370 239
1701380 239
1701390 239
1701400 239
1701410 239
1701420 239
1701430 239
1701440 239
1701450 239
1701460 238
1701470 238
1701480 238
1701490 238
1701500 238
1701510 238
1701520 237
1701530 237
1701540 237
1701550 237
1701560 237
1701570 237
1701580 237
1701590 236
1701600 236
1701610 236
1701620 236
1701630 236
1701640 236
1701650 236
1701660 236
1701670 237
1701680 237
1701690 237
1701700 236
1701710 236
1701720 236
1701730 236
1701740 235
1701750 235
1701760 235
1701770 235
1701780 235
1701790 234
1701800 234
1701810 234
1701820 234
1701830 233
1701840 233
1701850 233
1701860 233
1701870 232
1701880 232
1701890 232
1701900 231
1701910 231
1701920 231
1701930 231
1701940 230
1701950 230
1701960 230
1701970 230
1701980 229
1701990 228
1702000 226
1702010 225
1702020 225
1702030 226
1702040 227
1702050 228
1702060 228
1702070 228
1702080 228
1702090 228
1702100 228
1702110 228
1702120 228
1702130 228
1702140 227
1702150 227
1702160 227
1702170 227
1702180 227
1702190 227
1702200 227
1702210 226
1702220 226
1702230 226
1702240 226
1702250 225
1702260 225
1702270 225
1702280 224
1702290 223
1702300 222
1702310 222
1702320 221
1702330 221
1702340 220
1702350 220
1702360 220
1702370 220
1702380 220
1702390 220
1702400 219
1702410 218
1702420 218
1702430 218
1702440 218
1702450 218
1702460 217
1702470 215
1702480 214
1702490 213
1702500 213
1702510 213
1702520 212
1702530 212
1702540 212
1702550 212
1702560 212
1702570 212
1702580 212
1702590 212
1702600 212
1702610 212
1702620 212
1702630 212
1702640 212
1702650 212
1702660 212
1702670 212
1702680 212
1702690 212
1702700 212
1702710 211
1702720 211
1702730 211
1702740 211
1702750 212
1702760 212
1702770 212
1702780 211
1702790 211
1702800 211
1702810 211
1702820 211
1702830 211
1702840 211
1702850 212
1702860 212
1702870 212
1702880 212
1702890 212
1702900 212
1702910 212
1702920 212
1702930 213
1702940 213
1702950 213
1702960 213
1702970 214
1702980 214
1702990 215
1703000 215
1703010 216
1703020 216
1703030 217
1703040 217
1703050 218
1703060 218
1703070 218
1703080 218
1703090 218
1703100 218
1703110 218
1703120 218
1703130 218
1703140 218
1703150 218
1703160 218
1703170 218
1703180 218
1703190 218
1703200 218
1703210 217
1703220 217
1703230 217
1703240 216
1703250 216
1703260 215
1703270 214
1703280 214
1703290 213
1703300 212
1703310 212
1703320 211
1703330 211
1703340 211
1703350 211
1703360 211
1703370 211
1703380 211
1703390 211
1703400 211
1703410 211
1703420 211
1703430 212
1703440 212
1703450 212
1703460 212
1703470 212
1703480 211
1703490 210
1703500 208
1703510 208
1703520 207
1703530 208
1703540 209
1703550 210
1703560 211
1703570 211
1703580 210
1703590 210
1703600 210
1703610 210
1703620 210
1703630 210
1703640 210
1703650 210
1703660 210
1703670 210
1703680 210
1703690 210
1703700 210
1703710 210
1703720 210
1703730 210
1703740 210
1703750 209
1703760 209
1703770 209
1703780 209
1703790 209
1703800 209
1703810 209
1703820 209
1703830 210
1703840 210
1703850 211
1703860 211
1703870 211
1703880 210
1703890 210
1703900 210
1703910 210
1703920 210
1703930 210
1703940 210
1703950 210
1703960 210
1703970 210
1703980 210
1703990 210
1704000 210
1704010 210
1704020 209
1704030 209
1704040 209
1704050 209
1704060 209
1704070 209
1704080 209
1704090 209
1704100 209
1704110 209
1704120 209
1704130 209
1704140 210
1704150 210
1704160 210
1704170 210
1704180 211
1704190 211
1704200 211
1704210 211
1704220 212
1704230 212
1704240 212
1704250 213
1704260 213
1704270 213
1704280 214
1704290 214
1704300 214
1704310 214
1704320 214
1704330 215
1704340 216
1704350 217
1704360 217
1704370 218
1704380 218
1704390 220
1704400 222
1704410 225
1704420 228
1704430 230
1704440 232
1704450 233
1704460 234
1704470 233
1704480 232
1704490 231
1704500 229
1704510 228
1704520 226
1704530 226
1704540 226
1704550 225
1704560 224
1704570 225
1704580 227
1704590 229
1704600 230
1704610 231
1704620 232
1704630 232
1704640 232
1704650 231
1704660 230
1704670 229
1704680 229
1704690 229
1704700 229
1704710 230
1704720 230
1704730 231
1704740 231
1704750 231
1704760 232
1704770 232
1704780 233
1704790 233
1704800 233
1704810 234
1704820 234
1704830 234
1704840 234
1704850 235
1704860 235
1704870 236
1704880 237
1704890 238
1704900 238
1704910 239
1704920 240
1704930 241
1704940 243
1704950 243
1704960 243
1704970 244
1704980 244
1704990 244
1705000 244
1705010 244
1705020 244
1705030 244
1705040 244
1705050 243
1705060 243
1705070 244
1705080 244
1705090 245
1705100 246
1705110 247
1705120 248
1705130 248
1705140 249
1705150 249
1705160 250
1705170 251
1705180 252
1705190 252
1705200 253
1705210 253
1705220 254
1705230 255
1705240 256
1705250 256
1705260 257
1705270 257
1705280 258
1705290 258
1705300 259
1705310 259
1705320 260
1705330 261
1705340 261
1705350 261
1705360 262
1705370 262
1705380 263
1705390 263
1705400 264
1705410 264
1705420 265
1705430 266
1705440 266
1705450 267
1705460 268
1705470 268
1705480 269
1705490 269
1705500 270
1705510 270
1705520 271
1705530 271
1705540 271
1705550 272
1705560 274
1705570 275
1705580 276
1705590 276
1705600 277
1705610 278
1705620 279
1705630 281
1705640 282
1705650 283
1705660 285
1705670 287
1705680 288
1705690 290
1705700 291
1705710 292
1705720 293
1705730 293
1705740 292
1705750 291
1705760 289
1705770 288
1705780 287
1705790 288
1705800 289
1705810 290
1705820 291
1705830 292
1705840 293
1705850 293
1705860 293
1705870 293
1705880 293
1705890 293
1705900 293
1705910 293
1705920 293
1705930 293
1705940 293
1705950 292
1705960 292
1705970 292
1705980 292
1705990 292
1706000 291
1706010 291
1706020 290
1706030 290
1706040 290
1706050 289
1706060 289
1706070 288
1706080 288
1706090 287
1706100 287
1706110 286
1706120 285
1706130 285
1706140 284
1706150 284
1706160 284
1706170 283
1706180 283
1706190 283
1706200 282
1706210 282
1706220 282
1706230 282
1706240 281
1706250 281
1706260 281
1706270 281
1706280 282
1706290 282
1706300 282
1706310 282
1706320 282
1706330 282
1706340 282
1706350 282
1706360 282
1706370 282
1706380 282
1706390 282
1706400 281
1706410 281
1706420 281
1706430 281
1706440 281
1706450 281
1706460 281
1706470 281
1706480 281
1706490 281
1706500 281
1706510 280
1706520 280
1706530 280
1706540 279
1706550 279
1706560 279
1706570 278
1706580 278
1706590 278
1706600 278
1706610 278
1706620 278
1706630 278
1706640 278
1706650 277
1706660 277
1706670 278
1706680 279
1706690 279
1706700 278
1706710 277
1706720 276
1706730 275
1706740 275
1706750 275
1706760 275
1706770 274
1706780 274
1706790 274
1706800 274
1706810 274
1706820 273
1706830 273
1706840 273
1706850 273
1706860 273
1706870 273
1706880 273
1706890 273
1706900 273
1706910 273
1706920 273
1706930 273
1706940 273
1706950 273
1706960 273
1706970 273
1706980 273
1706990 273
1707000 273
1707010 273
1707020 273
1707030 273
1707040 273
1707050 273
1707060 273
1707070 273
1707080 274
1707090 274
1707100 274
1707110 274
1707120 274
1707130 275
1707140 275
1707150 275
1707160 275
1707170 275
1707180 275
1707190 275
1707200 276
1707210 276
1707220 276
1707230 276
1707240 276
1707250 276
1707260 276
1707270 276
1707280 276
1707290 276
1707300 276
1707310 276
1707320 276
1707330 276
1707340 276
1707350 275
1707360 275
1707370 275
1707380 275
1707390 275
1707400 275
1707410 275
1707420 275
1707430 275
1707440 275
1707450 275
1707460 275
1707470 275
1707480 274
1707490 274
1707500 274
1707510 274
1707520 274
1707530 273
1707540 273
1707550 273
1707560 272
1707570 272
1707580 272
1707590 272
1707600 271
1707610 271
1707620 271
1707630 271
1707640 270
1707650 270
1707660 270
1707670 270
1707680 269
1707690 269
1707700 269
1707710 268
1707720 268
1707730 268
1707740 268
1707750 267
1707760 267
1707770 266
1707780 266
1707790 265
1707800 265
1707810 264
1707820 264
1707830 264
1707840 263
1707850 263
1707860 263
1707870 263
1707880 263
1707890 263
1707900 263
1707910 262
1707920 262
1707930 262
1707940 262
1707950 262
1707960 262
1707970 261
1707980 261
1707990 261
1708000 260
1708010 260
1708020 260
1708030 259
1708040 259
1708050 259
1708060 258
1708070 258
1708080 258
1708090 258
1708100 257
1708110 256
1708120 254
1708130 251
1708140 250
1708150 250
1708160 250
1708170 250
1708180 251
1708190 251
1708200 251
1708210 251
1708220 251
1708230 251
1708240 251
1708250 251
1708260 251
1708270 251
1708280 251
1708290 251
1708300 251
1708310 251
1708320 251
1708330 251
1708340 251
1708350 251
1708360 251
1708370 251
1708380 251
1708390 251
1708400 251
1708410 251
1708420 251
1708430 250
1708440 250
1708450 250
1708460 249
1708470 249
1708480 249
1708490 248
1708500 248
1708510 248
1708520 248
1708530 248
1708540 248
1708550 248
1708560 249
1708570 249
1708580 249
1708590 249
1708600 249
1708610 249
1708620 249
1708630 249
1708640 249
1708650 248
1708660 247
1708670 246
1708680 246
1708690 246
1708700 247
1708710 247
1708720 247
1708730 246
1708740 245
1708750 245
1708760 244
1708770 244
1708780 244
1708790 244
1708800 244
1708810 243
1708820 243
1708830 243
1708840 243
1708850 243
1708860 243
1708870 242
1708880 242
1708890 242
1708900 242
1708910 242
1708920 242
1708930 241
1708940 241
1708950 241
1708960 241
1708970 241
1708980 241
1708990 241
1709000 241
1709010 241
1709020 241
1709030 241
1709040 241
1709050 241
1709060 241
1709070 241
1709080 241
1709090 241
1709100 241
1709110 241
1709120 241
1709130 241
1709140 241
1709150 241
1709160 241
1709170 241
1709180 241
1709190 241
1709200 241
1709210 241
1709220 243
1709230 244
1709240 244
1709250 244
1709260 245
1709270 246
1709280 248
1709290 250
1709300 252
1709310 253
1709320 254
1709330 254
1709340 255
1709350 255
1709360 255
1709370 255
1709380 255
1709390 255
1709400 256
1709410 257
1709420 258
1709430 261
1709440 263
1709450 266
1709460 267
1709470 269
1709480 270
1709490 270
1709500 270
1709510 270
1709520 270
1709530 270
1709540 269
1709550 269
1709560 268
1709570 268
1709580 267
1709590 267
1709600 267
1709610 267
1709620 266
1709630 266
1709640 266
1709650 266
1709660 266
1709670 266
1709680 266
1709690 266
1709700 267
1709710 267
1709720 267
1709730 267
1709740 268
1709750 268
1709760 269
1709770 270
1709780 271
1709790 272
1709800 273
1709810 274
1709820 275
1709830 276
1709840 277
1709850 278
1709860 279
1709870 279
1709880 280
1709890 281
1709900 281
1709910 282
1709920 284
1709930 286
1709940 288
1709950 290
1709960 292
1709970 293
1709980 294
1709990 294
1710000 292
1710010 289
1710020 286
1710030 284
1710040 281
1710050 279
1710060 278
1710070 276
1710080 275
1710090 274
1710100 273
1710110 272
1710120 272
1710130 272
1710140 272
1710150 271
1710160 271
1710170 270
1710180 270
1710190 269
1710200 268
1710210 268
1710220 267
1710230 266
1710240 266
1710250 266
1710260 266
1710270 266
1710280 266
1710290 265
1710300 264
1710310 263
1710320 262
1710330 261
1710340 259
1710350 259
1710360 258
1710370 257
1710380 257
1710390 256
1710400 256
1710410 255
1710420 254
1710430 254
1710440 253
1710450 252
1710460 251
1710470 250
1710480 250
1710490 249
1710500 248
1710510 248
1710520 248
1710530 248
1710540 248
1710550 247
1710560 247
1710570 247
1710580 247
1710590 247
1710600 247
1710610 246
1710620 246
1710630 246
1710640 246
1710650 246
1710660 246
1710670 245
1710680 245
1710690 245
1710700 245
1710710 244
1710720 244
1710730 242
1710740 240
1710750 237
1710760 235
1710770 232
1710780 230
1710790 228
1710800 227
1710810 228
1710820 229
1710830 230
1710840 233
1710850 235
1710860 237
1710870 237
1710880 236
1710890 235
1710900 234
1710910 233
1710920 232
1710930 231
1710940 229
1710950 227
1710960 227
1710970 226
1710980 226
1710990 226
1711000 226
1711010 225
1711020 224
1711030 223
1711040 222
1711050 222
1711060 221
1711070 220
1711080 219
1711090 218
1711100 217
1711110 216
1711120 215
1711130 214
1711140 214
1711150 214
1711160 214
1711170 213
1711180 213
1711190 213
1711200 213
1711210 213
1711220 213
1711230 213
1711240 213
1711250 214
1711260 214
1711270 214
1711280 214
1711290 214
1711300 214
1711310 214
1711320 213
1711330 213
1711340 213
1711350 214
1711360 214
1711370 214
1711380 214
1711390 214
1711400 215
1711410 215
1711420 215
1711430 215
1711440 215
1711450 215
1711460 215
1711470 215
1711480 214
1711490 214
1711500 214
1711510 214
1711520 215
1711530 215
1711540 215
1711550 214
1711560 215
1711570 216
1711580 217
1711590 217
1711600 216
1711610 216
1711620 215
1711630 215
1711640 215
1711650 215
1711660 215
1711670 215
1711680 215
1711690 215
1711700 215
1711710 215
1711720 216
1711730 216
1711740 217
1711750 217
1711760 217
1711770 217
1711780 217
1711790 217
1711800 217
1711810 217
1711820 216
1711830 216
1711840 215
1711850 215
1711860 215
1711870 216
1711880 216
1711890 216
1711900 216
1711910 215
1711920 215
1711930 215
1711940 215
1711950 215
1711960 215
1711970 215
1711980 215
1711990 215
1712000 215
1712010 215
1712020 215
1712030 215
1712040 215
1712050 215
1712060 215
1712070 215
1712080 215
1712090 215
1712100 215
1712110 215
1712120 215
1712130 215
1712140 215
1712150 216
1712160 217
1712170 218
1712180 219
1712190 220
1712200 220
1712210 218
1712220 218
1712230 217
1712240 217
1712250 218
1712260 220
1712270 222
1712280 220
1712290 219
1712300 219
1712310 219
1712320 219
1712330 219
1712340 219
1712350 219
1712360 219
1712370 220
1712380 220
1712390 220
1712400 220
1712410 220
1712420 219
1712430 219
1712440 219
1712450 219
1712460 219
1712470 219
1712480 219
1712490 219
1712500 219
1712510 219
1712520 219
1712530 219
1712540 219
1712550 219
1712560 219
1712570 218
1712580 217
1712590 217
1712600 218
1712610 218
1712620 218
1712630 218
1712640 219
1712650 219
1712660 219
1712670 220
1712680 220
1712690 220
1712700 220
1712710 220
1712720 220
1712730 220
1712740 220
1712750 220
1712760 220
1712770 220
1712780 220
1712790 220
1712800 220
1712810 221
1712820 221
1712830 221
1712840 221
1712850 222
1712860 223
1712870 226
1712880 230
1712890 233
1712900 234
1712910 233
1712920 231
1712930 228
1712940 227
1712950 227
1712960 227
1712970 227
1712980 227
1712990 226
1713000 226
1713010 226
1713020 226
1713030 226
1713040 226
1713050 226
1713060 226
1713070 226
1713080 226
1713090 225
1713100 225
1713110 225
1713120 225
1713130 227
1713140 229
1713150 233
1713160 236
1713170 240
1713180 242
1713190 242
1713200 243
1713210 243
1713220 243
1713230 242
1713240 241
1713250 241
1713260 241
1713270 242
1713280 240
1713290 239
1713300 238
1713310 240
1713320 242
1713330 245
1713340 247
1713350 247
1713360 246
1713370 246
1713380 246
1713390 248
1713400 249
1713410 250
1713420 252
1713430 253
1713440 254
1713450 254
1713460 255
1713470 255
1713480 256
1713490 256
1713500 257
1713510 257
1713520 257
1713530 258
1713540 258
1713550 259
1713560 259
1713570 259
1713580 260
1713590 261
1713600 261
1713610 262
1713620 262
1713630 262
1713640 262
1713650 263
1713660 264
1713670 265
1713680 266
1713690 266
1713700 267
1713710 267
1713720 268
1713730 269
1713740 270
1713750 270
1713760 271
1713770 271
1713780 272
1713790 272
1713800 273
1713810 273
1713820 273
1713830 274
1713840 274
1713850 275
1713860 275
1713870 276
1713880 276
1713890 277
1713900 277
1713910 277
1713920 277
1713930 278
1713940 278
1713950 278
1713960 278
1713970 278
1713980 279
1713990 279
1714000 280
1714010 280
1714020 281
1714030 281
1714040 282
1714050 282
1714060 282
1714070 283
1714080 283
1714090 283
1714100 283
1714110 284
1714120 284
1714130 285
1714140 285
1714150 285
1714160 285
1714170 285
1714180 285
1714190 285
1714200 286
1714210 286
1714220 286
1714230 286
1714240 286
1714250 286
1714260 286
1714270 286
1714280 286
1714290 286
1714300 286
1714310 286
1714320 286
1714330 285
1714340 285
1714350 285
1714360 285
1714370 285
1714380 284
1714390 284
1714400 283
1714410 283
1714420 283
1714430 283
1714440 282
1714450 282
1714460 282
1714470 281
1714480 281
1714490 280
1714500 280
1714510 279
1714520 278
1714530 278
1714540 277
1714550 276
1714560 275
1714570 272
1714580 269
1714590 265
1714600 261
1714610 257
1714620 252
1714630 248
1714640 244
1714650 241
1714660 238
1714670 235
1714680 233
1714690 231
1714700 229
1714710 227
1714720 225
1714730 224
1714740 223
1714750 222
1714760 221
1714770 221
1714780 222
1714790 222
1714800 224
1714810 225
1714820 226
1714830 226
1714840 226
1714850 226
1714860 225
1714870 225
1714880 225
1714890 225
1714900 225
1714910 225
1714920 225
1714930 225
1714940 225
1714950 225
1714960 226
1714970 226
1714980 226
1714990 226
1715000 226
1715010 226
1715020 226
1715030 226
1715040 226
1715050 226
1715060 226
1715070 226
1715080 226
1715090 226
1715100 226
1715110 226
1715120 226
1715130 226
1715140 226
1715150 226
1715160 226
1715170 226
1715180 226
1715190 226
1715200 226
1715210 226
1715220 226
1715230 226
1715240 227
1715250 227
1715260 227
1715270 226
1715280 225
1715290 223
1715300 222
1715310 222
1715320 222
1715330 223
1715340 224
1715350 225
1715360 225
1715370 224
1715380 224
1715390 224
1715400 224
1715410 225
1715420 226
1715430 226
1715440 226
1715450 226
1715460 226
1715470 226
1715480 226
1715490 226
1715500 226
1715510 227
1715520 227
1715530 227
1715540 227
1715550 228
1715560 228
1715570 228
1715580 228
1715590 228
1715600 228
1715610 228
1715620 227
1715630 227
1715640 227
1715650 227
1715660 227
1715670 227
1715680 227
1715690 227
1715700 227
1715710 227
1715720 228
1715730 227
1715740 228
1715750 228
1715760 228
1715770 228
1715780 228
1715790 228
1715800 228
1715810 228
1715820 228
1715830 228
1715840 228
1715850 228
1715860 229
1715870 229
1715880 229
1715890 229
1715900 229
1715910 229
1715920 229
1715930 229
1715940 229
1715950 229
1715960 229
1715970 229
1715980 229
1715990 229
1716000 229
1716010 230
1716020 230
1716030 230
1716040 230
1716050 230
1716060 230
1716070 231
1716080 231
1716090 231
1716100 231
1716110 231
1716120 232
1716130 232
1716140 232
1716150 233
1716160 233
1716170 234
1716180 234
1716190 235
1716200 235
1716210 236
1716220 237
1716230 237
1716240 238
1716250 239
1716260 240
1716270 241
1716280 242
1716290 243
1716300 243
1716310 244
1716320 244
1716330 244
1716340 244
1716350 244
1716360 244
1716370 244
1716380 244
1716390 244
1716400 244
1716410 243
1716420 242
1716430 242
1716440 242
1716450 242
1716460 242
1716470 242
1716480 243
1716490 243
1716500 244
1716510 245
1716520 246
1716530 247
1716540 248
1716550 248
1716560 249
1716570 250
1716580 251
1716590 252
1716600 253
1716610 254
1716620 255
1716630 255
1716640 257
1716650 258
1716660 260
1716670 262
1716680 264
1716690 264
1716700 265
1716710 267
1716720 268
1716730 269
1716740 271
1716750 273
1716760 273
1716770 274
1716780 275
1716790 277
1716800 279
1716810 281
1716820 283
1716830 285
1716840 288
1716850 289
1716860 290
1716870 291
1716880 292
1716890 293
1716900 294
1716910 296
1716920 297
1716930 297
1716940 299
1716950 301
1716960 304
1716970 305
1716980 306
1716990 307
1717000 308
1717010 309
1717020 310
1717030 310
1717040 312
1717050 313
1717060 315
1717070 317
1717080 319
1717090 320
1717100 321
1717110 321
1717120 322
1717130 323
1717140 323
1717150 324
1717160 325
1717170 325
1717180 326
1717190 326
1717200 326
1717210 326
1717220 327
1717230 327
1717240 327
1717250 327
1717260 327
1717270 328
1717280 328
1717290 328
1717300 328
1717310 328
1717320 328
1717330 328
1717340 329
1717350 329
1717360 329
1717370 329
1717380 329
1717390 329
1717400 330
1717410 330
1717420 330
1717430 330
1717440 330
1717450 330
1717460 330
1717470 331
1717480 331
1717490 331
1717500 331
1717510 331
1717520 331
1717530 331
1717540 331
1717550 331
1717560 331
1717570 332
1717580 332
1717590 332
1717600 332
1717610 332
1717620 332
1717630 333
1717640 333
1717650 333
1717660 334
1717670 334
1717680 335
1717690 335
1717700 335
1717710 336
1717720 336
1717730 336
1717740 337
1717750 337
1717760 337
1717770 337
1717780 338
1717790 338
1717800 338
1717810 338
1717820 338
1717830 339
1717840 339
1717850 339
1717860 340
1717870 340
1717880 341
1717890 341
1717900 341
1717910 341
1717920 342
1717930 342
1717940 342
1717950 343
1717960 343
1717970 343
1717980 343
1717990 343
1718000 343
1718010 343
1718020 343
1718030 343
1718040 343
1718050 343
1718060 343
1718070 343
1718080 343
1718090 343
1718100 342
1718110 342
1718120 341
1718130 341
1718140 341
1718150 341
1718160 340
1718170 340
1718180 340
1718190 340
1718200 339
1718210 339
1718220 338
1718230 338
1718240 337
1718250 337
1718260 337
1718270 337
1718280 337
1718290 337
1718300 337
1718310 336
1718320 336
1718330 336
1718340 336
1718350 336
1718360 335
1718370 335
1718380 334
1718390 334
1718400 335
1718410 336
1718420 336
1718430 337
1718440 337
1718450 337
1718460 338
1718470 338
1718480 338
1718490 338
1718500 339
1718510 339
1718520 339
1718530 339
1718540 340
1718550 340
1718560 340
1718570 340
1718580 340
1718590 340
1718600 341
1718610 341
1718620 341
1718630 341
1718640 341
1718650 341
1718660 341
1718670 341
1718680 341
1718690 341
1718700 341
1718710 342
1718720 342
1718730 342
1718740 342
1718750 342
1718760 342
1718770 342
1718780 342
1718790 342
1718800 342
1718810 342
1718820 342
1718830 342
1718840 342
1718850 342
1718860 342
1718870 342
1718880 342
1718890 342
1718900 341
1718910 341
1718920 341
1718930 341
1718940 341
1718950 341
1718960 341
1718970 341
1718980 341
1718990 341
1719000 341
1719010 341
1719020 341
1719030 341
1719040 341
1719050 341
1719060 341
1719070 341
1719080 341
1719090 341
1719100 342
1719110 342
1719120 342
1719130 342
1719140 342
1719150 342
1719160 343
1719170 343
1719180 343
1719190 343
1719200 343
1719210 343
1719220 343
1719230 343
1719240 343
1719250 343
1719260 343
1719270 343
1719280 343
1719290 343
1719300 343
1719310 344
1719320 344
1719330 344
1719340 344
1719350 344
1719360 344
1719370 344
1719380 345
1719390 345
1719400 345
1719410 345
1719420 345
1719430 345
1719440 345
1719450 345
1719460 346
1719470 346
1719480 346
1719490 346
1719500 346
1719510 346
1719520 346
1719530 346
1719540 346
1719550 346
1719560 346
1719570 347
1719580 347
1719590 347
1719600 347
1719610 347
1719620 347
1719630 347
1719640 347
1719650 347
1719660 347
1719670 347
1719680 347
1719690 347
1719700 347
1719710 347
1719720 347
1719730 348
1719740 348
1719750 348
1719760 348
1719770 348
1719780 348
1719790 348
1719800 348
1719810 348
1719820 348
1719830 348
1719840 348
1719850 348
1719860 348
1719870 348
1719880 348
1719890 348
1719900 348
1719910 347
1719920 347
1719930 347
1719940 347
1719950 347
1719960 347
1719970 347
1719980 347
1719990 347
