1700000 249
1700010 249
1700020 249
1700030 249
1700040 249
1700050 249
1700060 249
1700070 249
1700080 249
1700090 249
1700100 249
1700110 249
1700120 249
1700130 249
1700140 248
1700150 248
1700160 248
1700170 248
1700180 248
1700190 248
1700200 248
1700210 248
1700220 248
1700230 248
1700240 248
1700250 248
1700260 248
1700270 247
1700280 247
1700290 247
1700300 247
1700310 247
1700320 247
1700330 247
1700340 247
1700350 247
1700360 246
1700370 246
1700380 246
1700390 246
1700400 246
1700410 246
1700420 246
1700430 246
1700440 246
1700450 245
1700460 245
1700470 245
1700480 245
1700490 245
1700500 245
1700510 245
1700520 244
1700530 244
1700540 244
1700550 244
1700560 244
1700570 244
1700580 244
1700590 244
1700600 244
1700610 243
1700620 243
1700630 243
1700640 243
1700650 243
1700660 243
1700670 242
1700680 242
1700690 242
1700700 242
1700710 242
1700720 242
1700730 242
1700740 242
1700750 242
1700760 242
1700770 242
1700780 242
1700790 242
1700800 242
1700810 241
1700820 242
1700830 242
1700840 242
1700850 242
1700860 242
1700870 242
1700880 242
1700890 241
1700900 241
1700910 240
1700920 238
1700930 235
1700940 233
1700950 231
1700960 229
1700970 228
1700980 228
1700990 229
1701000 229
1701010 229
1701020 229
1701030 229
1701040 228
1701050 228
1701060 228
1701070 228
1701080 228
1701090 227
1701100 227
1701110 227
1701120 227
1701130 227
1701140 226
1701150 226
1701160 226
1701170 226
1701180 226
1701190 226
1701200 226
1701210 225
1701220 225
1701230 225
1701240 225
1701250 225
1701260 225
1701270 225
1701280 225
1701290 224
1701300 224
1701310 224
1701320 224
1701330 224
1701340 224
1701350 224
1701360 224
1701370 223
1701380 223
1701390 223
1701400 223
1701410 223
1701420 223
1701430 223
1701440 223
1701450 223
1701460 222
1701470 222
1701480 222
1701490 222
1701500 222
1701510 222
1701520 221
1701530 221
1701540 221
1701550 220
1701560 220
1701570 219
1701580 218
1701590 216
1701600 214
1701610 213
1701620 213
1701630 213
1701640 213
1701650 213
1701660 214
1701670 215
1701680 216
1701690 216
1701700 216
1701710 215
1701720 215
1701730 214
1701740 214
1701750 214
1701760 215
1701770 214
1701780 213
1701790 213
1701800 213
1701810 213
1701820 213
1701830 213
1701840 213
1701850 213
1701860 213
1701870 213
1701880 213
1701890 213
1701900 213
1701910 213
1701920 213
1701930 213
1701940 213
1701950 213
1701960 213
1701970 213
1701980 213
1701990 213
1702000 213
1702010 212
1702020 211
1702030 210
1702040 210
1702050 210
1702060 212
1702070 213
1702080 213
1702090 213
1702100 213
1702110 213
1702120 213
1702130 213
1702140 213
1702150 213
1702160 213
1702170 213
1702180 213
1702190 213
1702200 213
1702210 212
1702220 212
1702230 212
1702240 212
1702250 212
1702260 212
1702270 212
1702280 212
1702290 212
1702300 212
1702310 212
1702320 212
1702330 212
1702340 212
1702350 212
1702360 212
1702370 212
1702380 212
1702390 212
1702400 212
1702410 212
1702420 212
1702430 212
1702440 213
1702450 213
1702460 213
1702470 213
1702480 213
1702490 212
1702500 212
1702510 212
1702520 212
1702530 212
1702540 212
1702550 212
1702560 212
1702570 212
1702580 212
1702590 212
1702600 212
1702610 212
1702620 212
1702630 212
1702640 212
1702650 212
1702660 212
1702670 213
1702680 213
1702690 213
1702700 213
1702710 213
1702720 212
1702730 212
1702740 212
1702750 212
1702760 212
1702770 212
1702780 212
1702790 212
1702800 212
1702810 212
1702820 211
1702830 211
1702840 211
1702850 211
1702860 211
1702870 211
1702880 211
1702890 211
1702900 211
1702910 211
1702920 211
1702930 211
1702940 211
1702950 211
1702960 211
1702970 211
1702980 210
1702990 210
1703000 210
1703010 210
1703020 210
1703030 210
1703040 211
1703050 211
1703060 211
1703070 211
1703080 211
1703090 211
1703100 211
1703110 211
1703120 211
1703130 211
1703140 211
1703150 211
1703160 211
1703170 211
1703180 211
1703190 211
1703200 211
1703210 211
1703220 211
1703230 211
1703240 211
1703250 211
1703260 211
1703270 211
1703280 211
1703290 211
1703300 212
1703310 212
1703320 212
1703330 212
1703340 212
1703350 212
1703360 213
1703370 213
1703380 214
1703390 217
1703400 220
1703410 223
1703420 226
1703430 230
1703440 233
1703450 238
1703460 242
1703470 247
1703480 250
1703490 253
1703500 255
1703510 257
1703520 258
1703530 260
1703540 262
1703550 263
1703560 264
1703570 265
1703580 266
1703590 266
1703600 266
1703610 267
1703620 268
1703630 270
1703640 271
1703650 270
1703660 268
1703670 266
1703680 266
1703690 266
1703700 266
1703710 266
1703720 267
1703730 267
1703740 267
1703750 267
1703760 268
1703770 268
1703780 268
1703790 268
1703800 267
1703810 267
1703820 266
1703830 266
1703840 265
1703850 264
1703860 263
1703870 261
1703880 260
1703890 260
1703900 260
1703910 259
1703920 257
1703930 254
1703940 252
1703950 252
1703960 249
1703970 246
1703980 244
1703990 243
1704000 243
1704010 243
1704020 243
1704030 244
1704040 245
1704050 246
1704060 247
1704070 248
1704080 249
1704090 250
1704100 251
1704110 253
1704120 255
1704130 257
1704140 259
1704150 261
1704160 262
1704170 264
1704180 266
1704190 268
1704200 269
1704210 271
1704220 272
1704230 273
1704240 274
1704250 275
1704260 276
1704270 277
1704280 277
1704290 278
1704300 279
1704310 279
1704320 280
1704330 280
1704340 280
1704350 280
1704360 280
1704370 280
1704380 280
1704390 280
1704400 280
1704410 279
1704420 278
1704430 278
1704440 276
1704450 274
1704460 272
1704470 268
1704480 265
1704490 262
1704500 259
1704510 257
1704520 255
1704530 254
1704540 252
1704550 251
1704560 251
1704570 250
1704580 251
1704590 251
1704600 251
1704610 251
1704620 251
1704630 251
1704640 252
1704650 252
1704660 252
1704670 253
1704680 253
1704690 253
1704700 255
1704710 258
1704720 259
1704730 260
1704740 260
1704750 263
1704760 267
1704770 270
1704780 274
1704790 279
1704800 283
1704810 286
1704820 288
1704830 290
1704840 292
1704850 294
1704860 295
1704870 297
1704880 297
1704890 298
1704900 298
1704910 299
1704920 299
1704930 299
1704940 299
1704950 299
1704960 299
1704970 299
1704980 299
1704990 299
1705000 299
1705010 299
1705020 299
1705030 299
1705040 298
1705050 298
1705060 298
1705070 298
1705080 299
1705090 299
1705100 299
1705110 299
1705120 299
1705130 299
1705140 298
1705150 298
1705160 298
1705170 298
1705180 298
1705190 297
1705200 297
1705210 297
1705220 295
1705230 293
1705240 292
1705250 295
1705260 296
1705270 297
1705280 297
1705290 297
1705300 296
1705310 296
1705320 295
1705330 295
1705340 295
1705350 295
1705360 295
1705370 295
1705380 295
1705390 295
1705400 295
1705410 295
1705420 295
1705430 295
1705440 295
1705450 295
1705460 295
1705470 295
1705480 295
1705490 295
1705500 295
1705510 295
1705520 295
1705530 295
1705540 295
1705550 296
1705560 295
1705570 295
1705580 295
1705590 295
1705600 295
1705610 294
1705620 294
1705630 294
1705640 294
1705650 294
1705660 294
1705670 295
1705680 295
1705690 295
1705700 296
1705710 296
1705720 296
1705730 296
1705740 296
1705750 296
1705760 296
1705770 296
1705780 296
1705790 296
1705800 296
1705810 296
1705820 296
1705830 293
1705840 290
1705850 289
1705860 289
1705870 289
1705880 290
1705890 293
1705900 296
1705910 296
1705920 297
1705930 297
1705940 297
1705950 297
1705960 298
1705970 297
1705980 297
1705990 297
1706000 296
1706010 295
1706020 295
1706030 296
1706040 297
1706050 298
1706060 299
1706070 298
1706080 298
1706090 298
1706100 298
1706110 298
1706120 298
1706130 298
1706140 299
1706150 299
1706160 299
1706170 300
1706180 300
1706190 300
1706200 300
1706210 301
1706220 301
1706230 301
1706240 301
1706250 301
1706260 301
1706270 301
1706280 301
1706290 301
1706300 301
1706310 301
1706320 301
1706330 301
1706340 301
1706350 301
1706360 301
1706370 301
1706380 301
1706390 301
1706400 301
1706410 301
1706420 301
1706430 301
1706440 301
1706450 301
1706460 301
1706470 301
1706480 301
1706490 301
1706500 301
1706510 301
1706520 301
1706530 301
1706540 301
1706550 301
1706560 301
1706570 301
1706580 301
1706590 301
1706600 300
1706610 300
1706620 300
1706630 300
1706640 300
1706650 299
1706660 299
1706670 299
1706680 299
1706690 299
1706700 299
1706710 299
1706720 299
1706730 298
1706740 298
1706750 298
1706760 298
1706770 297
1706780 297
1706790 297
1706800 297
1706810 296
1706820 296
1706830 296
1706840 295
1706850 295
1706860 294
1706870 294
1706880 293
1706890 292
1706900 292
1706910 291
1706920 290
1706930 290
1706940 289
1706950 288
1706960 287
1706970 287
1706980 286
1706990 285
1707000 285
1707010 284
1707020 283
1707030 283
1707040 282
1707050 281
1707060 281
1707070 280
1707080 279
1707090 279
1707100 278
1707110 277
1707120 277
1707130 276
1707140 275
1707150 274
1707160 274
1707170 273
1707180 272
1707190 272
1707200 271
1707210 271
1707220 270
1707230 270
1707240 270
1707250 270
1707260 270
1707270 270
1707280 270
1707290 270
1707300 270
1707310 270
1707320 271
1707330 271
1707340 271
1707350 271
1707360 271
1707370 271
1707380 271
1707390 271
1707400 271
1707410 271
1707420 271
1707430 271
1707440 271
1707450 271
1707460 271
1707470 271
1707480 271
1707490 271
1707500 271
1707510 271
1707520 271
1707530 271
1707540 270
1707550 270
1707560 270
1707570 270
1707580 270
1707590 269
1707600 269
1707610 269
1707620 269
1707630 269
1707640 268
1707650 268
1707660 268
1707670 268
1707680 268
1707690 267
1707700 267
1707710 267
1707720 266
1707730 266
1707740 266
1707750 265
1707760 265
1707770 265
1707780 264
1707790 264
1707800 264
1707810 264
1707820 263
1707830 263
1707840 263
1707850 262
1707860 262
1707870 262
1707880 261
1707890 261
1707900 260
1707910 260
1707920 260
1707930 259
1707940 259
1707950 259
1707960 258
1707970 258
1707980 258
1707990 258
1708000 257
1708010 257
1708020 257
1708030 257
1708040 256
1708050 256
1708060 256
1708070 256
1708080 255
1708090 255
1708100 255
1708110 255
1708120 255
1708130 255
1708140 255
1708150 255
1708160 255
1708170 255
1708180 255
1708190 255
1708200 255
1708210 254
1708220 254
1708230 254
1708240 254
1708250 254
1708260 254
1708270 254
1708280 254
1708290 254
1708300 254
1708310 254
1708320 253
1708330 253
1708340 253
1708350 253
1708360 253
1708370 253
1708380 253
1708390 252
1708400 252
1708410 252
1708420 252
1708430 252
1708440 252
1708450 252
1708460 252
1708470 252
1708480 252
1708490 252
1708500 252
1708510 252
1708520 252
1708530 252
1708540 252
1708550 253
1708560 253
1708570 253
1708580 253
1708590 253
1708600 254
1708610 254
1708620 254
1708630 254
1708640 254
1708650 254
1708660 254
1708670 254
1708680 254
1708690 254
1708700 254
1708710 254
1708720 254
1708730 254
1708740 254
1708750 254
1708760 254
1708770 254
1708780 253
1708790 253
1708800 253
1708810 253
1708820 253
1708830 253
1708840 253
1708850 252
1708860 252
1708870 252
1708880 252
1708890 251
1708900 251
1708910 251
1708920 251
1708930 251
1708940 250
1708950 250
1708960 250
1708970 250
1708980 249
1708990 249
1709000 249
1709010 248
1709020 248
1709030 248
1709040 247
1709050 247
1709060 247
1709070 246
1709080 246
1709090 246
1709100 246
1709110 246
1709120 246
1709130 245
1709140 245
1709150 245
1709160 245
1709170 245
1709180 245
1709190 245
1709200 245
1709210 244
1709220 244
1709230 244
1709240 244
1709250 245
1709260 245
1709270 245
1709280 245
1709290 245
1709300 245
1709310 246
1709320 246
1709330 246
1709340 247
1709350 247
1709360 247
1709370 247
1709380 248
1709390 248
1709400 247
1709410 247
1709420 247
1709430 247
1709440 248
1709450 248
1709460 248
1709470 248
1709480 249
1709490 250
1709500 251
1709510 251
1709520 251
1709530 251
1709540 252
1709550 252
1709560 252
1709570 252
1709580 252
1709590 252
1709600 253
1709610 253
1709620 253
1709630 254
1709640 254
1709650 254
1709660 255
1709670 255
1709680 255
1709690 255
1709700 256
1709710 256
1709720 256
1709730 256
1709740 257
1709750 257
1709760 257
1709770 257
1709780 257
1709790 258
1709800 258
1709810 258
1709820 258
1709830 259
1709840 259
1709850 259
1709860 259
1709870 260
1709880 260
1709890 261
1709900 263
1709910 263
1709920 264
1709930 264
1709940 264
1709950 264
1709960 263
1709970 262
1709980 261
1709990 262
1710000 264
1710010 265
1710020 266
1710030 266
1710040 267
1710050 267
1710060 268
1710070 268
1710080 269
1710090 269
1710100 270
1710110 270
1710120 270
1710130 271
1710140 271
1710150 272
1710160 272
1710170 273
1710180 274
1710190 274
1710200 275
1710210 276
1710220 277
1710230 277
1710240 278
1710250 279
1710260 280
1710270 281
1710280 282
1710290 284
1710300 285
1710310 287
1710320 288
1710330 289
1710340 290
1710350 291
1710360 290
1710370 290
1710380 290
1710390 290
1710400 290
1710410 290
1710420 289
1710430 289
1710440 288
1710450 288
1710460 288
1710470 288
1710480 289
1710490 289
1710500 289
1710510 290
1710520 291
1710530 292
1710540 293
1710550 295
1710560 297
1710570 299
1710580 300
1710590 301
1710600 301
1710610 301
1710620 300
1710630 298
1710640 297
1710650 295
1710660 294
1710670 292
1710680 291
1710690 290
1710700 289
1710710 288
1710720 286
1710730 285
1710740 284
1710750 282
1710760 281
1710770 279
1710780 278
1710790 276
1710800 274
1710810 273
1710820 272
1710830 271
1710840 269
1710850 268
1710860 267
1710870 266
1710880 266
1710890 265
1710900 265
1710910 264
1710920 264
1710930 264
1710940 264
1710950 264
1710960 265
1710970 265
1710980 266
1710990 267
1711000 267
1711010 267
1711020 267
1711030 265
1711040 264
1711050 263
1711060 262
1711070 261
1711080 260
1711090 259
1711100 258
1711110 257
1711120 255
1711130 254
1711140 253
1711150 252
1711160 250
1711170 249
1711180 247
1711190 244
1711200 242
1711210 238
1711220 235
1711230 230
1711240 227
1711250 225
1711260 224
1711270 223
1711280 223
1711290 223
1711300 222
1711310 222
1711320 222
1711330 222
1711340 223
1711350 223
1711360 223
1711370 223
1711380 223
1711390 224
1711400 224
1711410 224
1711420 224
1711430 224
1711440 224
1711450 223
1711460 223
1711470 223
1711480 223
1711490 222
1711500 222
1711510 222
1711520 223
1711530 225
1711540 225
1711550 225
1711560 225
1711570 225
1711580 225
1711590 225
1711600 224
1711610 222
1711620 220
1711630 219
1711640 218
1711650 217
1711660 217
1711670 217
1711680 217
1711690 218
1711700 218
1711710 219
1711720 219
1711730 219
1711740 219
1711750 219
1711760 219
1711770 220
1711780 220
1711790 220
1711800 220
1711810 220
1711820 220
1711830 220
1711840 220
1711850 220
1711860 220
1711870 220
1711880 220
1711890 220
1711900 220
1711910 220
1711920 220
1711930 220
1711940 220
1711950 220
1711960 219
1711970 218
1711980 217
1711990 217
1712000 217
1712010 217
1712020 217
1712030 217
1712040 217
1712050 217
1712060 217
1712070 216
1712080 216
1712090 216
1712100 216
1712110 216
1712120 216
1712130 216
1712140 216
1712150 216
1712160 216
1712170 216
1712180 216
1712190 216
1712200 216
1712210 216
1712220 216
1712230 217
1712240 217
1712250 217
1712260 217
1712270 217
1712280 217
1712290 217
1712300 217
1712310 217
1712320 217
1712330 217
1712340 217
1712350 217
1712360 217
1712370 217
1712380 217
1712390 217
1712400 218
1712410 218
1712420 218
1712430 218
1712440 218
1712450 218
1712460 218
1712470 218
1712480 218
1712490 218
1712500 218
1712510 218
1712520 218
1712530 218
1712540 218
1712550 218
1712560 217
1712570 217
1712580 217
1712590 216
1712600 216
1712610 216
1712620 216
1712630 216
1712640 216
1712650 216
1712660 216
1712670 216
1712680 216
1712690 216
1712700 216
1712710 216
1712720 217
1712730 217
1712740 218
1712750 218
1712760 218
1712770 218
1712780 218
1712790 218
1712800 218
1712810 218
1712820 218
1712830 218
1712840 218
1712850 218
1712860 218
1712870 218
1712880 218
1712890 218
1712900 218
1712910 218
1712920 218
1712930 218
1712940 218
1712950 218
1712960 218
1712970 218
1712980 218
1712990 218
1713000 219
1713010 219
1713020 219
1713030 219
1713040 219
1713050 219
1713060 219
1713070 219
1713080 219
1713090 219
1713100 219
1713110 219
1713120 219
1713130 219
1713140 219
1713150 219
1713160 219
1713170 219
1713180 219
1713190 219
1713200 219
1713210 219
1713220 220
1713230 220
1713240 220
1713250 220
1713260 220
1713270 220
1713280 220
1713290 220
1713300 220
1713310 220
1713320 220
1713330 220
1713340 219
1713350 219
1713360 218
1713370 218
1713380 219
1713390 219
1713400 220
1713410 221
1713420 221
1713430 222
1713440 223
1713450 223
1713460 223
1713470 223
1713480 223
1713490 223
1713500 223
1713510 223
1713520 223
1713530 223
1713540 223
1713550 223
1713560 223
1713570 223
1713580 223
1713590 223
1713600 222
1713610 222
1713620 222
1713630 222
1713640 222
1713650 223
1713660 223
1713670 224
1713680 225
1713690 225
1713700 227
1713710 228
1713720 230
1713730 230
1713740 231
1713750 231
1713760 231
1713770 232
1713780 233
1713790 234
1713800 235
1713810 236
1713820 238
1713830 239
1713840 238
1713850 238
1713860 238
1713870 240
1713880 240
1713890 240
1713900 240
1713910 240
1713920 240
1713930 240
1713940 240
1713950 240
1713960 240
1713970 241
1713980 241
1713990 241
1714000 241
1714010 241
1714020 241
1714030 241
1714040 242
1714050 242
1714060 242
1714070 242
1714080 242
1714090 242
1714100 242
1714110 242
1714120 242
1714130 243
1714140 243
1714150 243
1714160 243
1714170 243
1714180 243
1714190 243
1714200 243
1714210 244
1714220 244
1714230 244
1714240 244
1714250 245
1714260 245
1714270 245
1714280 245
1714290 245
1714300 244
1714310 241
1714320 238
1714330 233
1714340 229
1714350 225
1714360 222
1714370 221
1714380 221
1714390 221
1714400 222
1714410 222
1714420 222
1714430 222
1714440 222
1714450 222
1714460 222
1714470 222
1714480 221
1714490 220
1714500 220
1714510 221
1714520 222
1714530 222
1714540 223
1714550 223
1714560 224
1714570 224
1714580 224
1714590 224
1714600 224
1714610 223
1714620 223
1714630 223
1714640 223
1714650 223
1714660 223
1714670 223
1714680 223
1714690 223
1714700 222
1714710 222
1714720 222
1714730 223
1714740 224
1714750 224
1714760 224
1714770 224
1714780 224
1714790 223
1714800 224
1714810 224
1714820 224
1714830 224
1714840 224
1714850 224
1714860 224
1714870 224
1714880 224
1714890 224
1714900 225
1714910 225
1714920 226
1714930 226
1714940 226
1714950 227
1714960 228
1714970 229
1714980 231
1714990 234
1715000 237
1715010 241
1715020 243
1715030 245
1715040 247
1715050 249
1715060 250
1715070 252
1715080 253
1715090 253
1715100 254
1715110 254
1715120 255
1715130 256
1715140 256
1715150 257
1715160 257
1715170 258
1715180 258
1715190 259
1715200 259
1715210 259
1715220 260
1715230 260
1715240 261
1715250 261
1715260 262
1715270 262
1715280 262
1715290 263
1715300 263
1715310 263
1715320 264
1715330 264
1715340 265
1715350 265
1715360 265
1715370 265
1715380 265
1715390 265
1715400 265
1715410 265
1715420 265
1715430 265
1715440 265
1715450 265
1715460 265
1715470 264
1715480 264
1715490 264
1715500 263
1715510 263
1715520 262
1715530 262
1715540 261
1715550 260
1715560 260
1715570 259
1715580 258
1715590 257
1715600 257
1715610 256
1715620 255
1715630 252
1715640 249
1715650 244
1715660 238
1715670 233
1715680 230
1715690 228
1715700 228
1715710 228
1715720 228
1715730 228
1715740 228
1715750 228
1715760 228
1715770 228
1715780 228
1715790 228
1715800 228
1715810 228
1715820 228
1715830 228
1715840 228
1715850 228
1715860 228
1715870 228
1715880 228
1715890 228
1715900 228
1715910 228
1715920 228
1715930 228
1715940 228
1715950 228
1715960 229
1715970 229
1715980 229
1715990 229
1716000 229
1716010 229
1716020 229
1716030 229
1716040 229
1716050 229
1716060 229
1716070 229
1716080 229
1716090 229
1716100 229
1716110 229
1716120 229
1716130 229
1716140 229
1716150 229
1716160 229
1716170 229
1716180 229
1716190 229
1716200 229
1716210 229
1716220 229
1716230 229
1716240 229
1716250 229
1716260 229
1716270 229
1716280 229
1716290 229
1716300 229
1716310 229
1716320 229
1716330 229
1716340 230
1716350 230
1716360 230
1716370 230
1716380 230
1716390 230
1716400 230
1716410 230
1716420 230
1716430 230
1716440 231
1716450 231
1716460 232
1716470 231
1716480 231
1716490 231
1716500 231
1716510 231
1716520 231
1716530 231
1716540 231
1716550 231
1716560 231
1716570 231
1716580 231
1716590 231
1716600 231
1716610 230
1716620 230
1716630 230
1716640 230
1716650 230
1716660 230
1716670 230
1716680 230
1716690 230
1716700 230
1716710 230
1716720 230
1716730 230
1716740 229
1716750 229
1716760 228
1716770 228
1716780 227
1716790 226
1716800 226
1716810 226
1716820 226
1716830 226
1716840 227
1716850 228
1716860 228
1716870 229
1716880 229
1716890 230
1716900 231
1716910 233
1716920 237
1716930 240
1716940 243
1716950 246
1716960 249
1716970 252
1716980 255
1716990 257
1717000 261
1717010 263
1717020 265
1717030 267
1717040 269
1717050 271
1717060 272
1717070 273
1717080 275
1717090 277
1717100 278
1717110 280
1717120 282
1717130 284
1717140 285
1717150 286
1717160 288
1717170 289
1717180 290
1717190 291
1717200 292
1717210 294
1717220 295
1717230 296
1717240 297
1717250 297
1717260 298
1717270 298
1717280 299
1717290 299
1717300 300
1717310 300
1717320 301
1717330 301
1717340 301
1717350 302
1717360 302
1717370 302
1717380 303
1717390 303
1717400 304
1717410 305
1717420 305
1717430 306
1717440 306
1717450 306
1717460 307
1717470 307
1717480 307
1717490 307
1717500 308
1717510 308
1717520 309
1717530 310
1717540 310
1717550 310
1717560 311
1717570 311
1717580 312
1717590 312
1717600 313
1717610 313
1717620 313
1717630 314
1717640 314
1717650 314
1717660 314
1717670 315
1717680 315
1717690 316
1717700 318
1717710 320
1717720 321
1717730 321
1717740 322
1717750 323
1717760 324
1717770 325
1717780 326
1717790 327
1717800 327
1717810 327
1717820 328
1717830 328
1717840 328
1717850 329
1717860 329
1717870 330
1717880 330
1717890 330
1717900 331
1717910 331
1717920 332
1717930 332
1717940 333
1717950 333
1717960 333
1717970 334
1717980 334
1717990 334
1718000 334
1718010 334
1718020 334
1718030 334
1718040 334
1718050 334
1718060 334
1718070 334
1718080 334
1718090 334
1718100 334
1718110 334
1718120 334
1718130 334
1718140 334
1718150 334
1718160 334
1718170 334
1718180 334
1718190 334
1718200 333
1718210 333
1718220 333
1718230 333
1718240 333
1718250 333
1718260 333
1718270 333
1718280 333
1718290 333
1718300 333
1718310 333
1718320 333
1718330 333
1718340 333
1718350 333
1718360 333
1718370 333
1718380 333
1718390 333
1718400 333
1718410 333
1718420 333
1718430 333
1718440 333
1718450 333
1718460 333
1718470 334
1718480 334
1718490 334
1718500 335
1718510 335
1718520 335
1718530 335
1718540 335
1718550 335
1718560 335
1718570 336
1718580 336
1718590 336
1718600 336
1718610 337
1718620 337
1718630 337
1718640 338
1718650 338
1718660 339
1718670 339
1718680 339
1718690 340
1718700 340
1718710 340
1718720 340
1718730 340
1718740 341
1718750 341
1718760 341
1718770 341
1718780 341
1718790 341
1718800 342
1718810 342
1718820 342
1718830 342
1718840 342
1718850 342
1718860 342
1718870 342
1718880 343
1718890 343
1718900 343
1718910 343
1718920 343
1718930 344
1718940 344
1718950 344
1718960 344
1718970 344
1718980 345
1718990 345
1719000 345
1719010 345
1719020 345
1719030 345
1719040 345
1719050 345
1719060 345
1719070 345
1719080 345
1719090 345
1719100 345
1719110 345
1719120 345
1719130 345
1719140 345
1719150 345
1719160 345
1719170 344
1719180 344
1719190 344
1719200 344
1719210 344
1719220 344
1719230 344
1719240 343
1719250 343
1719260 343
1719270 343
1719280 343
1719290 342
1719300 342
1719310 342
1719320 342
1719330 342
1719340 341
1719350 341
1719360 341
1719370 341
1719380 341
1719390 341
1719400 341
1719410 340
1719420 340
1719430 340
1719440 340
1719450 340
1719460 340
1719470 339
1719480 339
1719490 339
1719500 338
1719510 338
1719520 338
1719530 337
1719540 337
1719550 337
1719560 336
1719570 335
1719580 335
1719590 335
1719600 334
1719610 334
1719620 333
1719630 332
1719640 331
1719650 331
1719660 330
1719670 329
1719680 328
1719690 327
1719700 327
1719710 326
1719720 325
1719730 324
1719740 323
1719750 322
1719760 322
1719770 321
1719780 320
1719790 320
1719800 320
1719810 320
1719820 321
1719830 322
1719840 323
1719850 324
1719860 325
1719870 325
1719880 326
1719890 326
1719900 326
1719910 327
1719920 327
1719930 327
1719940 327
1719950 327
1719960 328
1719970 328
1719980 328
1719990 328
