1700000 212
1700010 212
1700020 211
1700030 211
1700040 211
1700050 212
1700060 212
1700070 212
1700080 212
1700090 212
1700100 212
1700110 212
1700120 212
1700130 212
1700140 212
1700150 212
1700160 212
1700170 212
1700180 212
1700190 211
1700200 211
1700210 210
1700220 210
1700230 209
1700240 209
1700250 209
1700260 209
1700270 210
1700280 210
1700290 210
1700300 210
1700310 209
1700320 209
1700330 209
1700340 208
1700350 208
1700360 208
1700370 208
1700380 209
1700390 209
1700400 210
1700410 210
1700420 210
1700430 210
1700440 210
1700450 210
1700460 210
1700470 210
1700480 210
1700490 210
1700500 210
1700510 210
1700520 210
1700530 210
1700540 211
1700550 211
1700560 212
1700570 212
1700580 212
1700590 212
1700600 212
1700610 212
1700620 212
1700630 212
1700640 212
1700650 212
1700660 212
1700670 211
1700680 211
1700690 211
1700700 211
1700710 211
1700720 210
1700730 210
1700740 210
1700750 210
1700760 211
1700770 211
1700780 211
1700790 211
1700800 211
1700810 211
1700820 211
1700830 211
1700840 211
1700850 211
1700860 211
1700870 211
1700880 211
1700890 212
1700900 212
1700910 212
1700920 212
1700930 212
1700940 212
1700950 212
1700960 212
1700970 212
1700980 212
1700990 212
1701000 212
1701010 213
1701020 213
1701030 213
1701040 213
1701050 213
1701060 213
1701070 213
1701080 213
1701090 213
1701100 213
1701110 213
1701120 213
1701130 213
1701140 213
1701150 213
1701160 213
1701170 213
1701180 213
1701190 213
1701200 213
1701210 213
1701220 213
1701230 213
1701240 213
1701250 213
1701260 213
1701270 213
1701280 213
1701290 214
1701300 214
1701310 214
1701320 214
1701330 214
1701340 214
1701350 215
1701360 216
1701370 218
1701380 220
1701390 221
1701400 221
1701410 221
1701420 221
1701430 221
1701440 221
1701450 222
1701460 222
1701470 222
1701480 222
1701490 222
1701500 223
1701510 223
1701520 223
1701530 223
1701540 223
1701550 223
1701560 223
1701570 223
1701580 223
1701590 223
1701600 223
1701610 223
1701620 223
1701630 223
1701640 222
1701650 221
1701660 221
1701670 221
1701680 221
1701690 221
1701700 221
1701710 221
1701720 220
1701730 220
1701740 220
1701750 220
1701760 220
1701770 220
1701780 220
1701790 220
1701800 219
1701810 219
1701820 219
1701830 219
1701840 218
1701850 218
1701860 219
1701870 220
1701880 222
1701890 222
1701900 221
1701910 221
1701920 221
1701930 221
1701940 220
1701950 219
1701960 218
1701970 217
1701980 217
1701990 217
1702000 217
1702010 217
1702020 217
1702030 217
1702040 217
1702050 217
1702060 217
1702070 217
1702080 216
1702090 216
1702100 216
1702110 216
1702120 216
1702130 216
1702140 216
1702150 215
1702160 215
1702170 215
1702180 215
1702190 215
1702200 215
1702210 215
1702220 215
1702230 215
1702240 215
1702250 215
1702260 215
1702270 214
1702280 214
1702290 214
1702300 214
1702310 214
1702320 214
1702330 214
1702340 214
1702350 214
1702360 214
1702370 214
1702380 214
1702390 213
1702400 213
1702410 213
1702420 213
1702430 213
1702440 213
1702450 213
1702460 214
1702470 214
1702480 214
1702490 214
1702500 214
1702510 214
1702520 214
1702530 213
1702540 213
1702550 213
1702560 213
1702570 213
1702580 213
1702590 213
1702600 213
1702610 213
1702620 213
1702630 213
1702640 213
1702650 213
1702660 213
1702670 213
1702680 213
1702690 213
1702700 213
1702710 213
1702720 213
1702730 213
1702740 213
1702750 213
1702760 213
1702770 213
1702780 213
1702790 213
1702800 213
1702810 213
1702820 213
1702830 213
1702840 213
1702850 213
1702860 213
1702870 213
1702880 213
1702890 213
1702900 213
1702910 213
1702920 213
1702930 213
1702940 213
1702950 213
1702960 213
1702970 213
1702980 213
1702990 213
1703000 213
1703010 213
1703020 213
1703030 213
1703040 213
1703050 213
1703060 213
1703070 213
1703080 213
1703090 213
1703100 212
1703110 212
1703120 212
1703130 212
1703140 212
1703150 212
1703160 212
1703170 212
1703180 212
1703190 212
1703200 212
1703210 212
1703220 212
1703230 212
1703240 212
1703250 212
1703260 212
1703270 212
1703280 212
1703290 213
1703300 213
1703310 213
1703320 213
1703330 213
1703340 213
1703350 213
1703360 213
1703370 212
1703380 212
1703390 212
1703400 212
1703410 212
1703420 212
1703430 212
1703440 212
1703450 212
1703460 212
1703470 212
1703480 212
1703490 212
1703500 212
1703510 212
1703520 212
1703530 212
1703540 212
1703550 212
1703560 212
1703570 212
1703580 212
1703590 212
1703600 212
1703610 212
1703620 211
1703630 211
1703640 211
1703650 211
1703660 211
1703670 211
1703680 212
1703690 212
1703700 212
1703710 212
1703720 212
1703730 212
1703740 212
1703750 212
1703760 212
1703770 212
1703780 212
1703790 212
1703800 212
1703810 212
1703820 212
1703830 212
1703840 212
1703850 212
1703860 211
1703870 211
1703880 211
1703890 210
1703900 210
1703910 210
1703920 211
1703930 210
1703940 210
1703950 209
1703960 209
1703970 209
1703980 209
1703990 209
1704000 209
1704010 209
1704020 209
1704030 209
1704040 210
1704050 210
1704060 210
1704070 210
1704080 211
1704090 211
1704100 211
1704110 211
1704120 211
1704130 211
1704140 211
1704150 211
1704160 211
1704170 211
1704180 211
1704190 211
1704200 211
1704210 211
1704220 211
1704230 211
1704240 211
1704250 211
1704260 211
1704270 210
1704280 210
1704290 210
1704300 210
1704310 209
1704320 209
1704330 209
1704340 209
1704350 209
1704360 209
1704370 209
1704380 209
1704390 209
1704400 209
1704410 209
1704420 209
1704430 209
1704440 209
1704450 209
1704460 209
1704470 209
1704480 209
1704490 209
1704500 209
1704510 210
1704520 210
1704530 212
1704540 212
1704550 211
1704560 208
1704570 207
1704580 206
1704590 206
1704600 206
1704610 207
1704620 208
1704630 210
1704640 211
1704650 212
1704660 213
1704670 213
1704680 213
1704690 214
1704700 215
1704710 217
1704720 219
1704730 220
1704740 223
1704750 226
1704760 230
1704770 234
1704780 238
1704790 242
1704800 245
1704810 247
1704820 249
1704830 250
1704840 251
1704850 252
1704860 253
1704870 254
1704880 254
1704890 255
1704900 256
1704910 257
1704920 258
1704930 259
1704940 260
1704950 260
1704960 261
1704970 261
1704980 262
1704990 262
1705000 263
1705010 263
1705020 263
1705030 264
1705040 264
1705050 264
1705060 265
1705070 265
1705080 265
1705090 265
1705100 265
1705110 266
1705120 266
1705130 266
1705140 266
1705150 266
1705160 266
1705170 266
1705180 266
1705190 266
1705200 266
1705210 266
1705220 266
1705230 266
1705240 266
1705250 266
1705260 266
1705270 265
1705280 265
1705290 265
1705300 265
1705310 265
1705320 265
1705330 265
1705340 265
1705350 264
1705360 264
1705370 264
1705380 264
1705390 264
1705400 264
1705410 264
1705420 264
1705430 264
1705440 264
1705450 264
1705460 264
1705470 264
1705480 264
1705490 264
1705500 264
1705510 263
1705520 263
1705530 263
1705540 263
1705550 263
1705560 263
1705570 263
1705580 263
1705590 263
1705600 263
1705610 263
1705620 263
1705630 263
1705640 263
1705650 263
1705660 263
1705670 263
1705680 262
1705690 262
1705700 262
1705710 262
1705720 262
1705730 262
1705740 262
1705750 262
1705760 262
1705770 262
1705780 262
1705790 262
1705800 262
1705810 262
1705820 261
1705830 261
1705840 260
1705850 261
1705860 261
1705870 261
1705880 261
1705890 261
1705900 261
1705910 261
1705920 260
1705930 260
1705940 260
1705950 260
1705960 260
1705970 260
1705980 260
1705990 260
1706000 260
1706010 260
1706020 260
1706030 260
1706040 260
1706050 261
1706060 261
1706070 261
1706080 261
1706090 261
1706100 261
1706110 260
1706120 260
1706130 260
1706140 260
1706150 260
1706160 260
1706170 260
1706180 260
1706190 260
1706200 260
1706210 260
1706220 260
1706230 260
1706240 260
1706250 260
1706260 260
1706270 260
1706280 260
1706290 260
1706300 260
1706310 260
1706320 259
1706330 259
1706340 259
1706350 259
1706360 259
1706370 259
1706380 259
1706390 259
1706400 259
1706410 259
1706420 258
1706430 258
1706440 258
1706450 258
1706460 257
1706470 257
1706480 257
1706490 257
1706500 257
1706510 257
1706520 257
1706530 257
1706540 257
1706550 257
1706560 256
1706570 256
1706580 256
1706590 256
1706600 256
1706610 255
1706620 256
1706630 256
1706640 256
1706650 256
1706660 257
1706670 257
1706680 257
1706690 257
1706700 257
1706710 257
1706720 257
1706730 257
1706740 257
1706750 257
1706760 256
1706770 255
1706780 256
1706790 256
1706800 256
1706810 257
1706820 256
1706830 256
1706840 256
1706850 256
1706860 256
1706870 256
1706880 256
1706890 256
1706900 256
1706910 256
1706920 256
1706930 256
1706940 256
1706950 257
1706960 257
1706970 257
1706980 257
1706990 257
1707000 257
1707010 257
1707020 256
1707030 256
1707040 256
1707050 256
1707060 256
1707070 256
1707080 256
1707090 256
1707100 256
1707110 256
1707120 256
1707130 256
1707140 256
1707150 256
1707160 256
1707170 256
1707180 255
1707190 255
1707200 255
1707210 255
1707220 255
1707230 255
1707240 255
1707250 254
1707260 254
1707270 254
1707280 254
1707290 254
1707300 254
1707310 254
1707320 253
1707330 253
1707340 253
1707350 252
1707360 252
1707370 252
1707380 251
1707390 251
1707400 251
1707410 251
1707420 250
1707430 250
1707440 250
1707450 250
1707460 250
1707470 250
1707480 250
1707490 250
1707500 250
1707510 249
1707520 249
1707530 249
1707540 249
1707550 249
1707560 249
1707570 248
1707580 248
1707590 247
1707600 247
1707610 247
1707620 246
1707630 246
1707640 246
1707650 246
1707660 246
1707670 246
1707680 245
1707690 245
1707700 245
1707710 245
1707720 245
1707730 245
1707740 245
1707750 245
1707760 245
1707770 244
1707780 243
1707790 242
1707800 241
1707810 241
1707820 242
1707830 243
1707840 244
1707850 245
1707860 245
1707870 245
1707880 245
1707890 245
1707900 245
1707910 245
1707920 245
1707930 245
1707940 245
1707950 245
1707960 245
1707970 245
1707980 245
1707990 245
1708000 245
1708010 245
1708020 245
1708030 245
1708040 246
1708050 246
1708060 246
1708070 246
1708080 246
1708090 246
1708100 246
1708110 246
1708120 246
1708130 246
1708140 246
1708150 245
1708160 245
1708170 245
1708180 245
1708190 245
1708200 245
1708210 245
1708220 245
1708230 244
1708240 244
1708250 244
1708260 244
1708270 244
1708280 244
1708290 244
1708300 244
1708310 243
1708320 243
1708330 243
1708340 243
1708350 243
1708360 243
1708370 243
1708380 243
1708390 242
1708400 242
1708410 242
1708420 242
1708430 242
1708440 242
1708450 242
1708460 242
1708470 242
1708480 242
1708490 242
1708500 242
1708510 243
1708520 243
1708530 243
1708540 243
1708550 242
1708560 243
1708570 243
1708580 243
1708590 243
1708600 243
1708610 244
1708620 244
1708630 244
1708640 245
1708650 245
1708660 245
1708670 243
1708680 242
1708690 241
1708700 240
1708710 240
1708720 240
1708730 240
1708740 240
1708750 240
1708760 240
1708770 242
1708780 242
1708790 241
1708800 241
1708810 240
1708820 240
1708830 240
1708840 240
1708850 240
1708860 240
1708870 240
1708880 240
1708890 241
1708900 241
1708910 241
1708920 241
1708930 241
1708940 242
1708950 242
1708960 241
1708970 241
1708980 241
1708990 241
1709000 241
1709010 241
1709020 241
1709030 241
1709040 241
1709050 241
1709060 241
1709070 242
1709080 242
1709090 242
1709100 242
1709110 242
1709120 242
1709130 242
1709140 242
1709150 242
1709160 242
1709170 242
1709180 242
1709190 242
1709200 242
1709210 242
1709220 239
1709230 238
1709240 236
1709250 236
1709260 236
1709270 236
1709280 237
1709290 237
1709300 237
1709310 237
1709320 237
1709330 237
1709340 237
1709350 237
1709360 237
1709370 236
1709380 236
1709390 236
1709400 236
1709410 236
1709420 236
1709430 236
1709440 236
1709450 236
1709460 236
1709470 236
1709480 235
1709490 235
1709500 235
1709510 234
1709520 234
1709530 235
1709540 236
1709550 236
1709560 237
1709570 238
1709580 238
1709590 238
1709600 239
1709610 239
1709620 239
1709630 239
1709640 240
1709650 242
1709660 245
1709670 247
1709680 250
1709690 254
1709700 257
1709710 260
1709720 262
1709730 266
1709740 270
1709750 274
1709760 277
1709770 280
1709780 282
1709790 280
1709800 278
1709810 275
1709820 272
1709830 269
1709840 266
1709850 264
1709860 261
1709870 258
1709880 256
1709890 254
1709900 251
1709910 249
1709920 247
1709930 244
1709940 242
1709950 240
1709960 238
1709970 238
1709980 239
1709990 240
1710000 241
1710010 241
1710020 241
1710030 238
1710040 236
1710050 234
1710060 233
1710070 231
1710080 228
1710090 225
1710100 223
1710110 220
1710120 219
1710130 218
1710140 218
1710150 220
1710160 221
1710170 224
1710180 226
1710190 227
1710200 227
1710210 226
1710220 224
1710230 222
1710240 220
1710250 218
1710260 218
1710270 217
1710280 216
1710290 216
1710300 215
1710310 215
1710320 215
1710330 215
1710340 215
1710350 215
1710360 215
1710370 215
1710380 215
1710390 215
1710400 215
1710410 215
1710420 215
1710430 215
1710440 215
1710450 215
1710460 214
1710470 214
1710480 214
1710490 214
1710500 214
1710510 214
1710520 214
1710530 214
1710540 214
1710550 214
1710560 214
1710570 214
1710580 214
1710590 215
1710600 215
1710610 215
1710620 215
1710630 215
1710640 215
1710650 215
1710660 215
1710670 214
1710680 214
1710690 214
1710700 215
1710710 215
1710720 214
1710730 213
1710740 212
1710750 212
1710760 212
1710770 212
1710780 212
1710790 213
1710800 213
1710810 214
1710820 214
1710830 214
1710840 214
1710850 215
1710860 215
1710870 215
1710880 215
1710890 215
1710900 214
1710910 213
1710920 213
1710930 213
1710940 213
1710950 213
1710960 213
1710970 213
1710980 213
1710990 213
1711000 213
1711010 213
1711020 212
1711030 212
1711040 212
1711050 212
1711060 212
1711070 212
1711080 212
1711090 212
1711100 212
1711110 212
1711120 212
1711130 212
1711140 212
1711150 212
1711160 212
1711170 213
1711180 214
1711190 215
1711200 215
1711210 216
1711220 216
1711230 216
1711240 216
1711250 216
1711260 216
1711270 215
1711280 215
1711290 215
1711300 215
1711310 216
1711320 216
1711330 216
1711340 216
1711350 216
1711360 216
1711370 216
1711380 217
1711390 217
1711400 217
1711410 217
1711420 217
1711430 217
1711440 217
1711450 217
1711460 217
1711470 217
1711480 217
1711490 218
1711500 217
1711510 217
1711520 217
1711530 218
1711540 218
1711550 218
1711560 218
1711570 218
1711580 218
1711590 218
1711600 218
1711610 218
1711620 218
1711630 218
1711640 218
1711650 218
1711660 218
1711670 218
1711680 218
1711690 218
1711700 218
1711710 218
1711720 218
1711730 218
1711740 218
1711750 218
1711760 218
1711770 218
1711780 218
1711790 218
1711800 218
1711810 218
1711820 218
1711830 218
1711840 218
1711850 218
1711860 218
1711870 218
1711880 218
1711890 218
1711900 218
1711910 218
1711920 218
1711930 218
1711940 218
1711950 218
1711960 218
1711970 218
1711980 218
1711990 218
1712000 218
1712010 218
1712020 218
1712030 218
1712040 218
1712050 218
1712060 218
1712070 218
1712080 218
1712090 218
1712100 218
1712110 218
1712120 218
1712130 218
1712140 219
1712150 219
1712160 219
1712170 219
1712180 219
1712190 219
1712200 219
1712210 219
1712220 219
1712230 219
1712240 220
1712250 220
1712260 220
1712270 220
1712280 221
1712290 221
1712300 221
1712310 220
1712320 220
1712330 221
1712340 221
1712350 221
1712360 221
1712370 220
1712380 220
1712390 220
1712400 220
1712410 220
1712420 220
1712430 220
1712440 221
1712450 222
1712460 224
1712470 226
1712480 228
1712490 229
1712500 230
1712510 230
1712520 230
1712530 230
1712540 230
1712550 231
1712560 232
1712570 233
1712580 233
1712590 232
1712600 229
1712610 226
1712620 223
1712630 221
1712640 220
1712650 220
1712660 220
1712670 220
1712680 220
1712690 220
1712700 220
1712710 221
1712720 221
1712730 221
1712740 222
1712750 222
1712760 222
1712770 223
1712780 223
1712790 224
1712800 225
1712810 226
1712820 228
1712830 230
1712840 233
1712850 237
1712860 239
1712870 240
1712880 240
1712890 241
1712900 242
1712910 242
1712920 243
1712930 243
1712940 244
1712950 244
1712960 245
1712970 246
1712980 247
1712990 248
1713000 249
1713010 250
1713020 250
1713030 251
1713040 252
1713050 253
1713060 253
1713070 254
1713080 255
1713090 255
1713100 256
1713110 256
1713120 256
1713130 257
1713140 257
1713150 257
1713160 257
1713170 258
1713180 258
1713190 258
1713200 259
1713210 259
1713220 260
1713230 260
1713240 260
1713250 260
1713260 260
1713270 260
1713280 260
1713290 260
1713300 260
1713310 259
1713320 258
1713330 258
1713340 255
1713350 254
1713360 255
1713370 259
1713380 263
1713390 264
1713400 265
1713410 267
1713420 270
1713430 272
1713440 273
1713450 274
1713460 275
1713470 276
1713480 277
1713490 278
1713500 279
1713510 280
1713520 281
1713530 282
1713540 283
1713550 284
1713560 285
1713570 286
1713580 286
1713590 287
1713600 288
1713610 290
1713620 291
1713630 292
1713640 293
1713650 294
1713660 295
1713670 295
1713680 296
1713690 296
1713700 297
1713710 298
1713720 298
1713730 299
1713740 300
1713750 300
1713760 301
1713770 303
1713780 303
1713790 303
1713800 304
1713810 304
1713820 305
1713830 305
1713840 306
1713850 307
1713860 307
1713870 308
1713880 308
1713890 309
1713900 309
1713910 310
1713920 310
1713930 311
1713940 311
1713950 312
1713960 312
1713970 313
1713980 314
1713990 314
1714000 314
1714010 315
1714020 315
1714030 316
1714040 316
1714050 317
1714060 317
1714070 317
1714080 318
1714090 318
1714100 318
1714110 318
1714120 319
1714130 319
1714140 319
1714150 320
1714160 320
1714170 320
1714180 320
1714190 321
1714200 321
1714210 321
1714220 321
1714230 321
1714240 321
1714250 322
1714260 322
1714270 322
1714280 322
1714290 322
1714300 322
1714310 322
1714320 322
1714330 322
1714340 322
1714350 322
1714360 322
1714370 322
1714380 322
1714390 322
1714400 322
1714410 322
1714420 322
1714430 322
1714440 321
1714450 321
1714460 321
1714470 321
1714480 321
1714490 320
1714500 320
1714510 320
1714520 319
1714530 319
1714540 319
1714550 319
1714560 318
1714570 318
1714580 317
1714590 317
1714600 316
1714610 316
1714620 315
1714630 314
1714640 314
1714650 313
1714660 313
1714670 312
1714680 311
1714690 310
1714700 309
1714710 308
1714720 308
1714730 307
1714740 306
1714750 306
1714760 305
1714770 304
1714780 302
1714790 301
1714800 301
1714810 300
1714820 299
1714830 297
1714840 297
1714850 295
1714860 293
1714870 291
1714880 290
1714890 289
1714900 286
1714910 283
1714920 280
1714930 277
1714940 275
1714950 272
1714960 268
1714970 265
1714980 261
1714990 258
1715000 254
1715010 250
1715020 247
1715030 243
1715040 240
1715050 238
1715060 235
1715070 230
1715080 228
1715090 226
1715100 226
1715110 226
1715120 226
1715130 226
1715140 226
1715150 226
1715160 226
1715170 226
1715180 226
1715190 226
1715200 226
1715210 226
1715220 227
1715230 227
1715240 227
1715250 227
1715260 227
1715270 227
1715280 227
1715290 227
1715300 227
1715310 227
1715320 227
1715330 227
1715340 227
1715350 227
1715360 227
1715370 228
1715380 228
1715390 228
1715400 228
1715410 228
1715420 229
1715430 229
1715440 229
1715450 230
1715460 230
1715470 231
1715480 231
1715490 231
1715500 232
1715510 232
1715520 232
1715530 231
1715540 231
1715550 231
1715560 232
1715570 232
1715580 233
1715590 234
1715600 234
1715610 235
1715620 236
1715630 236
1715640 237
1715650 238
1715660 239
1715670 240
1715680 240
1715690 241
1715700 242
1715710 242
1715720 243
1715730 244
1715740 244
1715750 245
1715760 246
1715770 246
1715780 247
1715790 247
1715800 248
1715810 248
1715820 249
1715830 249
1715840 250
1715850 250
1715860 251
1715870 252
1715880 252
1715890 253
1715900 253
1715910 254
1715920 255
1715930 255
1715940 256
1715950 256
1715960 257
1715970 257
1715980 258
1715990 259
1716000 259
1716010 260
1716020 260
1716030 261
1716040 261
1716050 261
1716060 262
1716070 262
1716080 263
1716090 263
1716100 264
1716110 264
1716120 265
1716130 265
1716140 266
1716150 266
1716160 267
1716170 267
1716180 267
1716190 268
1716200 268
1716210 268
1716220 269
1716230 269
1716240 269
1716250 270
1716260 270
1716270 270
1716280 270
1716290 271
1716300 271
1716310 271
1716320 272
1716330 272
1716340 272
1716350 272
1716360 272
1716370 272
1716380 272
1716390 272
1716400 272
1716410 272
1716420 272
1716430 271
1716440 271
1716450 271
1716460 270
1716470 270
1716480 269
1716490 268
1716500 268
1716510 268
1716520 267
1716530 266
1716540 265
1716550 265
1716560 266
1716570 266
1716580 267
1716590 268
1716600 268
1716610 269
1716620 270
1716630 271
1716640 271
1716650 272
1716660 273
1716670 274
1716680 275
1716690 276
1716700 277
1716710 278
1716720 279
1716730 280
1716740 281
1716750 282
1716760 283
1716770 284
1716780 285
1716790 286
1716800 287
1716810 288
1716820 289
1716830 290
1716840 291
1716850 292
1716860 293
1716870 293
1716880 294
1716890 295
1716900 297
1716910 299
1716920 301
1716930 302
1716940 304
1716950 305
1716960 307
1716970 308
1716980 309
1716990 310
1717000 311
1717010 311
1717020 312
1717030 312
1717040 313
1717050 313
1717060 313
1717070 313
1717080 313
1717090 312
1717100 311
1717110 310
1717120 310
1717130 310
1717140 310
1717150 310
1717160 311
1717170 313
1717180 315
1717190 317
1717200 319
1717210 321
1717220 323
1717230 324
1717240 325
1717250 326
1717260 328
1717270 329
1717280 330
1717290 330
1717300 331
1717310 332
1717320 332
1717330 333
1717340 334
1717350 334
1717360 335
1717370 336
1717380 336
1717390 337
1717400 337
1717410 337
1717420 338
1717430 338
1717440 339
1717450 339
1717460 340
1717470 340
1717480 341
1717490 341
1717500 341
1717510 341
1717520 342
1717530 342
1717540 343
1717550 343
1717560 343
1717570 344
1717580 344
1717590 344
1717600 345
1717610 345
1717620 345
1717630 346
1717640 346
1717650 346
1717660 347
1717670 347
1717680 348
1717690 348
1717700 348
1717710 349
1717720 349
1717730 349
1717740 349
1717750 350
1717760 350
1717770 350
1717780 351
1717790 351
1717800 351
1717810 351
1717820 352
1717830 352
1717840 352
1717850 353
1717860 353
1717870 353
1717880 353
1717890 354
1717900 354
1717910 354
1717920 354
1717930 355
1717940 355
1717950 355
1717960 355
1717970 356
1717980 356
1717990 356
1718000 356
1718010 357
1718020 357
1718030 357
1718040 357
1718050 357
1718060 357
1718070 357
1718080 357
1718090 358
1718100 358
1718110 358
1718120 358
1718130 358
1718140 358
1718150 358
1718160 358
1718170 358
1718180 358
1718190 358
1718200 358
1718210 358
1718220 358
1718230 358
1718240 358
1718250 358
1718260 358
1718270 358
1718280 358
1718290 358
1718300 358
1718310 358
1718320 358
1718330 358
1718340 358
1718350 358
1718360 358
1718370 358
1718380 358
1718390 358
1718400 358
1718410 357
1718420 357
1718430 358
1718440 358
1718450 358
1718460 358
1718470 358
1718480 358
1718490 357
1718500 357
1718510 357
1718520 357
1718530 357
1718540 357
1718550 357
1718560 357
1718570 357
1718580 357
1718590 357
1718600 357
1718610 357
1718620 357
1718630 357
1718640 357
1718650 357
1718660 357
1718670 356
1718680 356
1718690 356
1718700 355
1718710 355
1718720 355
1718730 354
1718740 354
1718750 354
1718760 354
1718770 354
1718780 354
1718790 354
1718800 354
1718810 354
1718820 354
1718830 354
1718840 354
1718850 354
1718860 354
1718870 354
1718880 354
1718890 354
1718900 354
1718910 354
1718920 354
1718930 354
1718940 354
1718950 354
1718960 354
1718970 354
1718980 353
1718990 353
1719000 353
1719010 353
1719020 353
1719030 354
1719040 354
1719050 354
1719060 354
1719070 354
1719080 354
1719090 354
1719100 354
1719110 354
1719120 354
1719130 354
1719140 354
1719150 354
1719160 354
1719170 354
1719180 354
1719190 354
1719200 354
1719210 354
1719220 354
1719230 354
1719240 354
1719250 354
1719260 354
1719270 354
1719280 354
1719290 354
1719300 354
1719310 354
1719320 354
1719330 354
1719340 354
1719350 354
1719360 354
1719370 354
1719380 354
1719390 354
1719400 354
1719410 354
1719420 353
1719430 353
1719440 353
1719450 353
1719460 353
1719470 353
1719480 353
1719490 353
1719500 353
1719510 353
1719520 353
1719530 353
1719540 353
1719550 354
1719560 354
1719570 354
1719580 354
1719590 354
1719600 354
1719610 354
1719620 354
1719630 354
1719640 354
1719650 354
1719660 354
1719670 354
1719680 354
1719690 354
1719700 355
1719710 355
1719720 355
1719730 355
1719740 355
1719750 355
1719760 355
1719770 355
1719780 355
1719790 355
1719800 355
1719810 355
1719820 355
1719830 355
1719840 355
1719850 355
1719860 355
1719870 355
1719880 355
1719890 355
1719900 355
1719910 355
1719920 355
1719930 355
1719940 355
1719950 356
1719960 356
1719970 356
1719980 356
1719990 355
