1700000 211
1700010 211
1700020 210
1700030 210
1700040 210
1700050 210
1700060 210
1700070 210
1700080 210
1700090 210
1700100 210
1700110 210
1700120 210
1700130 210
1700140 210
1700150 210
1700160 210
1700170 210
1700180 210
1700190 210
1700200 210
1700210 210
1700220 210
1700230 210
1700240 210
1700250 210
1700260 210
1700270 210
1700280 210
1700290 210
1700300 210
1700310 210
1700320 210
1700330 210
1700340 210
1700350 210
1700360 210
1700370 210
1700380 210
1700390 211
1700400 211
1700410 211
1700420 210
1700430 210
1700440 210
1700450 210
1700460 210
1700470 210
1700480 210
1700490 210
1700500 210
1700510 210
1700520 210
1700530 210
1700540 210
1700550 210
1700560 210
1700570 210
1700580 210
1700590 210
1700600 209
1700610 209
1700620 209
1700630 209
1700640 209
1700650 209
1700660 209
1700670 209
1700680 208
1700690 208
1700700 208
1700710 209
1700720 209
1700730 209
1700740 209
1700750 209
1700760 209
1700770 209
1700780 209
1700790 209
1700800 209
1700810 209
1700820 209
1700830 209
1700840 209
1700850 209
1700860 209
1700870 209
1700880 209
1700890 208
1700900 208
1700910 208
1700920 208
1700930 208
1700940 208
1700950 207
1700960 207
1700970 208
1700980 208
1700990 209
1701000 209
1701010 209
1701020 209
1701030 209
1701040 209
1701050 209
1701060 209
1701070 209
1701080 209
1701090 209
1701100 209
1701110 210
1701120 210
1701130 210
1701140 210
1701150 210
1701160 210
1701170 210
1701180 210
1701190 209
1701200 209
1701210 210
1701220 210
1701230 210
1701240 210
1701250 210
1701260 210
1701270 210
1701280 210
1701290 211
1701300 211
1701310 211
1701320 211
1701330 211
1701340 211
1701350 211
1701360 211
1701370 211
1701380 211
1701390 211
1701400 211
1701410 211
1701420 211
1701430 211
1701440 211
1701450 211
1701460 211
1701470 211
1701480 211
1701490 211
1701500 211
1701510 211
1701520 211
1701530 211
1701540 211
1701550 211
1701560 211
1701570 211
1701580 212
1701590 212
1701600 212
1701610 212
1701620 212
1701630 212
1701640 212
1701650 212
1701660 213
1701670 213
1701680 213
1701690 213
1701700 213
1701710 213
1701720 213
1701730 213
1701740 213
1701750 213
1701760 212
1701770 212
1701780 212
1701790 212
1701800 212
1701810 211
1701820 211
1701830 211
1701840 211
1701850 210
1701860 210
1701870 209
1701880 209
1701890 210
1701900 210
1701910 210
1701920 210
1701930 210
1701940 210
1701950 210
1701960 209
1701970 209
1701980 209
1701990 209
1702000 209
1702010 209
1702020 208
1702030 208
1702040 209
1702050 208
1702060 209
1702070 209
1702080 209
1702090 209
1702100 209
1702110 210
1702120 210
1702130 210
1702140 211
1702150 211
1702160 211
1702170 211
1702180 211
1702190 211
1702200 211
1702210 211
1702220 211
1702230 210
1702240 209
1702250 208
1702260 207
1702270 207
1702280 208
1702290 209
1702300 210
1702310 211
1702320 211
1702330 211
1702340 212
1702350 212
1702360 213
1702370 213
1702380 214
1702390 215
1702400 215
1702410 216
1702420 216
1702430 216
1702440 216
1702450 216
1702460 216
1702470 216
1702480 216
1702490 216
1702500 216
1702510 216
1702520 217
1702530 217
1702540 217
1702550 217
1702560 216
1702570 216
1702580 217
1702590 217
1702600 217
1702610 217
1702620 217
1702630 217
1702640 217
1702650 217
1702660 217
1702670 217
1702680 217
1702690 217
1702700 217
1702710 217
1702720 217
1702730 217
1702740 217
1702750 217
1702760 217
1702770 217
1702780 217
1702790 217
1702800 217
1702810 217
1702820 217
1702830 217
1702840 217
1702850 217
1702860 217
1702870 217
1702880 217
1702890 217
1702900 217
1702910 217
1702920 217
1702930 217
1702940 217
1702950 217
1702960 217
1702970 217
1702980 217
1702990 217
1703000 217
1703010 218
1703020 218
1703030 217
1703040 217
1703050 217
1703060 217
1703070 218
1703080 218
1703090 218
1703100 218
1703110 218
1703120 217
1703130 217
1703140 217
1703150 217
1703160 216
1703170 216
1703180 215
1703190 217
1703200 217
1703210 217
1703220 217
1703230 217
1703240 217
1703250 217
1703260 217
1703270 217
1703280 218
1703290 218
1703300 218
1703310 218
1703320 218
1703330 218
1703340 218
1703350 218
1703360 218
1703370 219
1703380 219
1703390 219
1703400 218
1703410 218
1703420 218
1703430 218
1703440 218
1703450 218
1703460 218
1703470 218
1703480 218
1703490 218
1703500 218
1703510 218
1703520 218
1703530 218
1703540 218
1703550 218
1703560 218
1703570 218
1703580 218
1703590 218
1703600 218
1703610 218
1703620 218
1703630 218
1703640 218
1703650 218
1703660 218
1703670 218
1703680 218
1703690 218
1703700 219
1703710 219
1703720 219
1703730 219
1703740 218
1703750 218
1703760 219
1703770 220
1703780 221
1703790 221
1703800 221
1703810 222
1703820 222
1703830 222
1703840 222
1703850 222
1703860 222
1703870 222
1703880 222
1703890 222
1703900 222
1703910 222
1703920 222
1703930 222
1703940 222
1703950 222
1703960 222
1703970 222
1703980 222
1703990 222
1704000 222
1704010 222
1704020 222
1704030 221
1704040 221
1704050 221
1704060 220
1704070 220
1704080 220
1704090 219
1704100 219
1704110 218
1704120 218
1704130 218
1704140 217
1704150 216
1704160 216
1704170 215
1704180 214
1704190 214
1704200 213
1704210 213
1704220 212
1704230 212
1704240 212
1704250 211
1704260 211
1704270 209
1704280 209
1704290 209
1704300 209
1704310 209
1704320 209
1704330 208
1704340 208
1704350 208
1704360 208
1704370 207
1704380 207
1704390 207
1704400 207
1704410 208
1704420 208
1704430 208
1704440 208
1704450 209
1704460 209
1704470 209
1704480 209
1704490 209
1704500 209
1704510 209
1704520 209
1704530 209
1704540 209
1704550 209
1704560 209
1704570 209
1704580 209
1704590 209
1704600 209
1704610 209
1704620 209
1704630 209
1704640 209
1704650 209
1704660 209
1704670 209
1704680 209
1704690 209
1704700 209
1704710 209
1704720 209
1704730 209
1704740 209
1704750 209
1704760 209
1704770 209
1704780 209
1704790 209
1704800 209
1704810 209
1704820 210
1704830 210
1704840 210
1704850 210
1704860 210
1704870 210
1704880 210
1704890 210
1704900 209
1704910 209
1704920 209
1704930 209
1704940 209
1704950 208
1704960 207
1704970 206
1704980 206
1704990 206
1705000 207
1705010 208
1705020 210
1705030 211
1705040 211
1705050 212
1705060 213
1705070 215
1705080 217
1705090 219
1705100 221
1705110 223
1705120 225
1705130 227
1705140 232
1705150 235
1705160 237
1705170 237
1705180 240
1705190 242
1705200 242
1705210 243
1705220 244
1705230 246
1705240 247
1705250 249
1705260 251
1705270 252
1705280 252
1705290 253
1705300 253
1705310 254
1705320 254
1705330 254
1705340 255
1705350 255
1705360 255
1705370 255
1705380 255
1705390 256
1705400 256
1705410 256
1705420 256
1705430 257
1705440 257
1705450 257
1705460 257
1705470 258
1705480 258
1705490 258
1705500 258
1705510 258
1705520 258
1705530 258
1705540 258
1705550 258
1705560 258
1705570 258
1705580 257
1705590 256
1705600 253
1705610 251
1705620 249
1705630 248
1705640 247
1705650 247
1705660 247
1705670 247
1705680 246
1705690 246
1705700 246
1705710 246
1705720 246
1705730 246
1705740 246
1705750 246
1705760 245
1705770 245
1705780 245
1705790 245
1705800 245
1705810 244
1705820 244
1705830 244
1705840 244
1705850 244
1705860 244
1705870 244
1705880 244
1705890 245
1705900 245
1705910 246
1705920 247
1705930 248
1705940 249
1705950 250
1705960 251
1705970 251
1705980 252
1705990 253
1706000 254
1706010 255
1706020 255
1706030 255
1706040 255
1706050 255
1706060 255
1706070 255
1706080 255
1706090 256
1706100 256
1706110 256
1706120 256
1706130 256
1706140 256
1706150 256
1706160 256
1706170 257
1706180 257
1706190 257
1706200 257
1706210 257
1706220 257
1706230 257
1706240 257
1706250 258
1706260 258
1706270 259
1706280 260
1706290 259
1706300 258
1706310 258
1706320 258
1706330 258
1706340 258
1706350 258
1706360 258
1706370 258
1706380 258
1706390 258
1706400 258
1706410 258
1706420 258
1706430 258
1706440 258
1706450 258
1706460 258
1706470 258
1706480 259
1706490 259
1706500 259
1706510 258
1706520 258
1706530 258
1706540 258
1706550 258
1706560 258
1706570 258
1706580 258
1706590 258
1706600 258
1706610 258
1706620 258
1706630 257
1706640 257
1706650 257
1706660 257
1706670 257
1706680 257
1706690 256
1706700 256
1706710 256
1706720 256
1706730 256
1706740 254
1706750 254
1706760 255
1706770 255
1706780 256
1706790 256
1706800 256
1706810 256
1706820 256
1706830 256
1706840 256
1706850 256
1706860 256
1706870 256
1706880 256
1706890 256
1706900 256
1706910 256
1706920 256
1706930 256
1706940 256
1706950 256
1706960 256
1706970 255
1706980 255
1706990 255
1707000 255
1707010 255
1707020 255
1707030 255
1707040 255
1707050 254
1707060 254
1707070 254
1707080 254
1707090 254
1707100 254
1707110 254
1707120 254
1707130 254
1707140 253
1707150 253
1707160 253
1707170 253
1707180 253
1707190 253
1707200 253
1707210 253
1707220 252
1707230 252
1707240 252
1707250 252
1707260 252
1707270 252
1707280 251
1707290 251
1707300 251
1707310 251
1707320 250
1707330 250
1707340 250
1707350 250
1707360 249
1707370 249
1707380 249
1707390 249
1707400 248
1707410 248
1707420 248
1707430 247
1707440 247
1707450 247
1707460 247
1707470 247
1707480 247
1707490 247
1707500 247
1707510 247
1707520 247
1707530 246
1707540 246
1707550 246
1707560 246
1707570 246
1707580 246
1707590 246
1707600 245
1707610 245
1707620 245
1707630 245
1707640 244
1707650 244
1707660 244
1707670 244
1707680 244
1707690 243
1707700 243
1707710 243
1707720 243
1707730 242
1707740 242
1707750 242
1707760 242
1707770 242
1707780 241
1707790 241
1707800 241
1707810 241
1707820 240
1707830 240
1707840 240
1707850 240
1707860 240
1707870 239
1707880 239
1707890 239
1707900 239
1707910 239
1707920 238
1707930 238
1707940 238
1707950 238
1707960 237
1707970 237
1707980 237
1707990 237
1708000 237
1708010 237
1708020 236
1708030 236
1708040 236
1708050 236
1708060 236
1708070 236
1708080 236
1708090 236
1708100 236
1708110 235
1708120 235
1708130 235
1708140 235
1708150 235
1708160 235
1708170 235
1708180 235
1708190 234
1708200 234
1708210 234
1708220 234
1708230 234
1708240 234
1708250 234
1708260 234
1708270 234
1708280 233
1708290 233
1708300 233
1708310 233
1708320 233
1708330 233
1708340 233
1708350 233
1708360 233
1708370 233
1708380 233
1708390 233
1708400 233
1708410 233
1708420 233
1708430 233
1708440 233
1708450 233
1708460 233
1708470 232
1708480 232
1708490 232
1708500 233
1708510 233
1708520 233
1708530 233
1708540 233
1708550 234
1708560 235
1708570 238
1708580 239
1708590 239
1708600 237
1708610 235
1708620 233
1708630 233
1708640 233
1708650 232
1708660 233
1708670 233
1708680 233
1708690 233
1708700 233
1708710 233
1708720 233
1708730 233
1708740 233
1708750 233
1708760 233
1708770 233
1708780 233
1708790 233
1708800 233
1708810 233
1708820 233
1708830 233
1708840 233
1708850 233
1708860 233
1708870 233
1708880 233
1708890 233
1708900 233
1708910 233
1708920 233
1708930 233
1708940 233
1708950 233
1708960 233
1708970 233
1708980 233
1708990 233
1709000 233
1709010 233
1709020 233
1709030 233
1709040 233
1709050 233
1709060 233
1709070 233
1709080 233
1709090 233
1709100 233
1709110 232
1709120 232
1709130 232
1709140 232
1709150 232
1709160 232
1709170 232
1709180 232
1709190 232
1709200 233
1709210 233
1709220 233
1709230 233
1709240 233
1709250 233
1709260 234
1709270 234
1709280 235
1709290 236
1709300 236
1709310 236
1709320 236
1709330 235
1709340 234
1709350 233
1709360 233
1709370 232
1709380 231
1709390 231
1709400 231
1709410 231
1709420 235
1709430 240
1709440 247
1709450 252
1709460 255
1709470 257
1709480 259
1709490 259
1709500 259
1709510 259
1709520 258
1709530 259
1709540 263
1709550 269
1709560 273
1709570 277
1709580 281
1709590 284
1709600 286
1709610 286
1709620 284
1709630 282
1709640 279
1709650 277
1709660 274
1709670 272
1709680 269
1709690 267
1709700 264
1709710 262
1709720 260
1709730 258
1709740 256
1709750 254
1709760 252
1709770 250
1709780 248
1709790 245
1709800 242
1709810 239
1709820 237
1709830 234
1709840 231
1709850 227
1709860 223
1709870 221
1709880 219
1709890 219
1709900 219
1709910 218
1709920 216
1709930 215
1709940 214
1709950 214
1709960 214
1709970 214
1709980 214
1709990 214
1710000 214
1710010 214
1710020 214
1710030 214
1710040 214
1710050 214
1710060 213
1710070 213
1710080 213
1710090 213
1710100 213
1710110 213
1710120 213
1710130 213
1710140 213
1710150 213
1710160 213
1710170 213
1710180 213
1710190 213
1710200 213
1710210 214
1710220 214
1710230 214
1710240 214
1710250 214
1710260 213
1710270 213
1710280 213
1710290 212
1710300 212
1710310 213
1710320 213
1710330 213
1710340 213
1710350 213
1710360 213
1710370 214
1710380 214
1710390 214
1710400 214
1710410 214
1710420 214
1710430 214
1710440 214
1710450 214
1710460 214
1710470 213
1710480 212
1710490 211
1710500 212
1710510 213
1710520 214
1710530 214
1710540 214
1710550 214
1710560 214
1710570 214
1710580 214
1710590 214
1710600 214
1710610 214
1710620 214
1710630 214
1710640 213
1710650 214
1710660 214
1710670 214
1710680 214
1710690 214
1710700 214
1710710 214
1710720 214
1710730 214
1710740 214
1710750 214
1710760 214
1710770 214
1710780 214
1710790 214
1710800 214
1710810 214
1710820 214
1710830 214
1710840 214
1710850 214
1710860 214
1710870 214
1710880 214
1710890 214
1710900 214
1710910 214
1710920 214
1710930 214
1710940 214
1710950 214
1710960 214
1710970 214
1710980 215
1710990 215
1711000 215
1711010 215
1711020 215
1711030 215
1711040 215
1711050 216
1711060 216
1711070 216
1711080 216
1711090 216
1711100 216
1711110 216
1711120 216
1711130 216
1711140 216
1711150 216
1711160 216
1711170 217
1711180 217
1711190 217
1711200 217
1711210 217
1711220 217
1711230 217
1711240 217
1711250 217
1711260 217
1711270 217
1711280 217
1711290 217
1711300 217
1711310 217
1711320 218
1711330 218
1711340 218
1711350 218
1711360 218
1711370 218
1711380 217
1711390 217
1711400 217
1711410 217
1711420 217
1711430 217
1711440 217
1711450 217
1711460 217
1711470 217
1711480 217
1711490 217
1711500 217
1711510 217
1711520 217
1711530 217
1711540 217
1711550 217
1711560 217
1711570 217
1711580 217
1711590 217
1711600 217
1711610 217
1711620 217
1711630 217
1711640 218
1711650 218
1711660 218
1711670 218
1711680 218
1711690 218
1711700 218
1711710 218
1711720 218
1711730 218
1711740 218
1711750 218
1711760 218
1711770 218
1711780 218
1711790 218
1711800 218
1711810 218
1711820 218
1711830 218
1711840 218
1711850 218
1711860 218
1711870 218
1711880 218
1711890 218
1711900 218
1711910 218
1711920 218
1711930 218
1711940 218
1711950 218
1711960 218
1711970 218
1711980 218
1711990 218
1712000 218
1712010 218
1712020 218
1712030 219
1712040 220
1712050 221
1712060 223
1712070 226
1712080 228
1712090 230
1712100 232
1712110 233
1712120 234
1712130 235
1712140 236
1712150 237
1712160 238
1712170 239
1712180 241
1712190 242
1712200 244
1712210 245
1712220 245
1712230 245
1712240 245
1712250 245
1712260 245
1712270 246
1712280 246
1712290 248
1712300 250
1712310 252
1712320 254
1712330 256
1712340 258
1712350 260
1712360 261
1712370 262
1712380 263
1712390 264
1712400 265
1712410 267
1712420 268
1712430 269
1712440 271
1712450 272
1712460 274
1712470 275
1712480 276
1712490 277
1712500 278
1712510 279
1712520 280
1712530 281
1712540 282
1712550 283
1712560 284
1712570 284
1712580 284
1712590 284
1712600 283
1712610 282
1712620 281
1712630 280
1712640 278
1712650 276
1712660 274
1712670 271
1712680 269
1712690 267
1712700 265
1712710 264
1712720 263
1712730 263
1712740 263
1712750 266
1712760 267
1712770 269
1712780 270
1712790 271
1712800 272
1712810 273
1712820 274
1712830 274
1712840 275
1712850 275
1712860 276
1712870 277
1712880 277
1712890 278
1712900 278
1712910 279
1712920 280
1712930 280
1712940 281
1712950 282
1712960 282
1712970 283
1712980 283
1712990 284
1713000 284
1713010 284
1713020 284
1713030 284
1713040 285
1713050 286
1713060 286
1713070 287
1713080 287
1713090 287
1713100 288
1713110 288
1713120 288
1713130 289
1713140 289
1713150 289
1713160 290
1713170 290
1713180 291
1713190 291
1713200 292
1713210 292
1713220 293
1713230 293
1713240 293
1713250 294
1713260 294
1713270 295
1713280 295
1713290 295
1713300 296
1713310 296
1713320 297
1713330 297
1713340 297
1713350 297
1713360 297
1713370 297
1713380 297
1713390 295
1713400 291
1713410 291
1713420 291
1713430 292
1713440 291
1713450 291
1713460 291
1713470 291
1713480 291
1713490 290
1713500 291
1713510 292
1713520 293
1713530 295
1713540 296
1713550 297
1713560 298
1713570 300
1713580 301
1713590 301
1713600 302
1713610 303
1713620 304
1713630 305
1713640 307
1713650 309
1713660 310
1713670 312
1713680 314
1713690 315
1713700 316
1713710 317
1713720 318
1713730 319
1713740 320
1713750 321
1713760 322
1713770 323
1713780 324
1713790 325
1713800 327
1713810 328
1713820 329
1713830 329
1713840 329
1713850 330
1713860 330
1713870 331
1713880 331
1713890 332
1713900 332
1713910 333
1713920 333
1713930 333
1713940 334
1713950 334
1713960 335
1713970 335
1713980 335
1713990 335
1714000 336
1714010 336
1714020 336
1714030 336
1714040 336
1714050 336
1714060 336
1714070 337
1714080 337
1714090 337
1714100 337
1714110 337
1714120 337
1714130 337
1714140 337
1714150 337
1714160 337
1714170 337
1714180 337
1714190 337
1714200 337
1714210 337
1714220 337
1714230 337
1714240 337
1714250 337
1714260 337
1714270 337
1714280 337
1714290 337
1714300 337
1714310 337
1714320 337
1714330 338
1714340 338
1714350 338
1714360 339
1714370 339
1714380 340
1714390 340
1714400 341
1714410 341
1714420 342
1714430 343
1714440 344
1714450 345
1714460 345
1714470 346
1714480 346
1714490 347
1714500 347
1714510 348
1714520 348
1714530 348
1714540 349
1714550 349
1714560 349
1714570 349
1714580 349
1714590 348
1714600 348
1714610 347
1714620 346
1714630 345
1714640 345
1714650 343
1714660 342
1714670 341
1714680 339
1714690 338
1714700 336
1714710 335
1714720 334
1714730 332
1714740 331
1714750 329
1714760 327
1714770 326
1714780 324
1714790 320
1714800 318
1714810 315
1714820 313
1714830 310
1714840 308
1714850 306
1714860 305
1714870 304
1714880 302
1714890 301
1714900 301
1714910 299
1714920 297
1714930 294
1714940 292
1714950 290
1714960 288
1714970 287
1714980 286
1714990 285
1715000 284
1715010 283
1715020 282
1715030 280
1715040 279
1715050 278
1715060 276
1715070 275
1715080 274
1715090 272
1715100 270
1715110 268
1715120 266
1715130 264
1715140 260
1715150 259
1715160 257
1715170 254
1715180 252
1715190 251
1715200 250
1715210 249
1715220 248
1715230 247
1715240 247
1715250 247
1715260 246
1715270 246
1715280 246
1715290 245
1715300 245
1715310 245
1715320 245
1715330 244
1715340 244
1715350 244
1715360 244
1715370 243
1715380 243
1715390 242
1715400 242
1715410 241
1715420 241
1715430 241
1715440 240
1715450 240
1715460 239
1715470 239
1715480 238
1715490 238
1715500 238
1715510 238
1715520 237
1715530 237
1715540 237
1715550 236
1715560 236
1715570 235
1715580 235
1715590 234
1715600 234
1715610 235
1715620 236
1715630 236
1715640 237
1715650 238
1715660 239
1715670 239
1715680 240
1715690 241
1715700 242
1715710 243
1715720 244
1715730 245
1715740 246
1715750 247
1715760 248
1715770 249
1715780 250
1715790 251
1715800 251
1715810 252
1715820 253
1715830 253
1715840 254
1715850 255
1715860 255
1715870 256
1715880 256
1715890 257
1715900 258
1715910 258
1715920 259
1715930 259
1715940 259
1715950 259
1715960 259
1715970 259
1715980 259
1715990 259
1716000 259
1716010 259
1716020 259
1716030 259
1716040 259
1716050 260
1716060 260
1716070 260
1716080 260
1716090 260
1716100 261
1716110 261
1716120 261
1716130 262
1716140 262
1716150 263
1716160 263
1716170 264
1716180 265
1716190 265
1716200 266
1716210 266
1716220 267
1716230 267
1716240 268
1716250 269
1716260 269
1716270 270
1716280 271
1716290 272
1716300 272
1716310 273
1716320 274
1716330 274
1716340 275
1716350 276
1716360 276
1716370 277
1716380 277
1716390 277
1716400 278
1716410 278
1716420 279
1716430 279
1716440 280
1716450 280
1716460 281
1716470 281
1716480 281
1716490 282
1716500 282
1716510 282
1716520 283
1716530 283
1716540 284
1716550 284
1716560 284
1716570 284
1716580 284
1716590 284
1716600 284
1716610 284
1716620 284
1716630 283
1716640 283
1716650 282
1716660 282
1716670 281
1716680 281
1716690 281
1716700 281
1716710 282
1716720 282
1716730 283
1716740 284
1716750 285
1716760 286
1716770 286
1716780 287
1716790 288
1716800 289
1716810 290
1716820 291
1716830 291
1716840 292
1716850 293
1716860 294
1716870 295
1716880 296
1716890 296
1716900 297
1716910 298
1716920 299
1716930 300
1716940 301
1716950 302
1716960 302
1716970 303
1716980 304
1716990 305
1717000 306
1717010 307
1717020 307
1717030 308
1717040 309
1717050 310
1717060 310
1717070 311
1717080 312
1717090 313
1717100 314
1717110 316
1717120 317
1717130 319
1717140 320
1717150 322
1717160 323
1717170 324
1717180 325
1717190 326
1717200 327
1717210 328
1717220 329
1717230 331
1717240 332
1717250 333
1717260 334
1717270 335
1717280 336
1717290 337
1717300 337
1717310 338
1717320 338
1717330 339
1717340 340
1717350 340
1717360 341
1717370 341
1717380 342
1717390 342
1717400 343
1717410 343
1717420 343
1717430 344
1717440 344
1717450 345
1717460 345
1717470 345
1717480 346
1717490 346
1717500 347
1717510 347
1717520 347
1717530 347
1717540 348
1717550 348
1717560 348
1717570 349
1717580 349
1717590 349
1717600 350
1717610 350
1717620 351
1717630 351
1717640 351
1717650 352
1717660 352
1717670 352
1717680 353
1717690 353
1717700 353
1717710 354
1717720 354
1717730 354
1717740 355
1717750 355
1717760 355
1717770 355
1717780 355
1717790 356
1717800 356
1717810 356
1717820 356
1717830 356
1717840 357
1717850 357
1717860 357
1717870 357
1717880 358
1717890 358
1717900 358
1717910 359
1717920 359
1717930 359
1717940 360
1717950 360
1717960 360
1717970 361
1717980 361
1717990 361
1718000 361
1718010 362
1718020 362
1718030 362
1718040 363
1718050 363
1718060 364
1718070 364
1718080 364
1718090 364
1718100 364
1718110 365
1718120 365
1718130 365
1718140 365
1718150 366
1718160 366
1718170 366
1718180 366
1718190 366
1718200 366
1718210 367
1718220 367
1718230 367
1718240 367
1718250 367
1718260 367
1718270 367
1718280 367
1718290 367
1718300 368
1718310 368
1718320 368
1718330 368
1718340 368
1718350 368
1718360 368
1718370 368
1718380 368
1718390 368
1718400 368
1718410 368
1718420 368
1718430 368
1718440 368
1718450 368
1718460 368
1718470 367
1718480 367
1718490 367
1718500 367
1718510 367
1718520 367
1718530 367
1718540 367
1718550 367
1718560 367
1718570 367
1718580 367
1718590 367
1718600 367
1718610 367
1718620 367
1718630 366
1718640 366
1718650 366
1718660 366
1718670 366
1718680 366
1718690 366
1718700 366
1718710 366
1718720 365
1718730 365
1718740 365
1718750 365
1718760 365
1718770 365
1718780 366
1718790 366
1718800 367
1718810 367
1718820 367
1718830 367
1718840 367
1718850 367
1718860 367
1718870 367
1718880 367
1718890 368
1718900 368
1718910 367
1718920 367
1718930 367
1718940 367
1718950 367
1718960 367
1718970 367
1718980 367
1718990 366
1719000 366
1719010 366
1719020 366
1719030 366
1719040 366
1719050 366
1719060 366
1719070 366
1719080 366
1719090 366
1719100 366
1719110 366
1719120 366
1719130 366
1719140 366
1719150 366
1719160 365
1719170 365
1719180 365
1719190 365
1719200 365
1719210 365
1719220 365
1719230 365
1719240 365
1719250 364
1719260 364
1719270 364
1719280 364
1719290 364
1719300 364
1719310 363
1719320 363
1719330 363
1719340 363
1719350 363
1719360 363
1719370 364
1719380 364
1719390 364
1719400 363
1719410 363
1719420 363
1719430 363
1719440 363
1719450 363
1719460 363
1719470 363
1719480 363
1719490 363
1719500 363
1719510 363
1719520 363
1719530 363
1719540 363
1719550 363
1719560 363
1719570 363
1719580 363
1719590 363
1719600 363
1719610 363
1719620 363
1719630 363
1719640 363
1719650 363
1719660 363
1719670 362
1719680 362
1719690 362
1719700 362
1719710 362
1719720 362
1719730 362
1719740 362
1719750 362
1719760 362
1719770 362
1719780 362
1719790 362
1719800 362
1719810 362
1719820 362
1719830 362
1719840 362
1719850 362
1719860 362
1719870 362
1719880 362
1719890 362
1719900 362
1719910 362
1719920 362
1719930 362
1719940 362
1719950 362
1719960 362
1719970 362
1719980 362
1719990 363
