1700000 214
1700010 214
1700020 214
1700030 214
1700040 213
1700050 213
1700060 213
1700070 212
1700080 212
1700090 212
1700100 212
1700110 212
1700120 212
1700130 212
1700140 212
1700150 212
1700160 211
1700170 211
1700180 211
1700190 211
1700200 211
1700210 211
1700220 211
1700230 211
1700240 211
1700250 211
1700260 211
1700270 211
1700280 211
1700290 211
1700300 211
1700310 211
1700320 211
1700330 211
1700340 211
1700350 211
1700360 211
1700370 210
1700380 210
1700390 210
1700400 210
1700410 210
1700420 210
1700430 210
1700440 210
1700450 210
1700460 210
1700470 210
1700480 210
1700490 210
1700500 210
1700510 210
1700520 210
1700530 209
1700540 209
1700550 209
1700560 209
1700570 209
1700580 209
1700590 209
1700600 209
1700610 209
1700620 209
1700630 209
1700640 209
1700650 209
1700660 210
1700670 210
1700680 210
1700690 210
1700700 210
1700710 211
1700720 211
1700730 211
1700740 212
1700750 212
1700760 212
1700770 213
1700780 213
1700790 213
1700800 214
1700810 214
1700820 214
1700830 215
1700840 215
1700850 215
1700860 215
1700870 215
1700880 215
1700890 216
1700900 216
1700910 216
1700920 216
1700930 216
1700940 216
1700950 216
1700960 216
1700970 216
1700980 216
1700990 216
1701000 216
1701010 216
1701020 216
1701030 216
1701040 216
1701050 216
1701060 216
1701070 216
1701080 216
1701090 216
1701100 216
1701110 216
1701120 216
1701130 216
1701140 216
1701150 216
1701160 216
1701170 216
1701180 216
1701190 216
1701200 216
1701210 216
1701220 216
1701230 216
1701240 216
1701250 216
1701260 216
1701270 216
1701280 216
1701290 216
1701300 216
1701310 216
1701320 216
1701330 216
1701340 216
1701350 216
1701360 215
1701370 215
1701380 215
1701390 215
1701400 215
1701410 215
1701420 215
1701430 215
1701440 215
1701450 215
1701460 215
1701470 215
1701480 215
1701490 216
1701500 216
1701510 216
1701520 216
1701530 217
1701540 217
1701550 217
1701560 217
1701570 217
1701580 217
1701590 216
1701600 216
1701610 216
1701620 215
1701630 215
1701640 214
1701650 213
1701660 213
1701670 212
1701680 212
1701690 212
1701700 211
1701710 211
1701720 210
1701730 210
1701740 210
1701750 210
1701760 210
1701770 209
1701780 209
1701790 209
1701800 209
1701810 209
1701820 209
1701830 209
1701840 209
1701850 209
1701860 209
1701870 209
1701880 209
1701890 209
1701900 209
1701910 209
1701920 209
1701930 209
1701940 209
1701950 209
1701960 209
1701970 209
1701980 209
1701990 209
1702000 209
1702010 209
1702020 209
1702030 209
1702040 208
1702050 207
1702060 207
1702070 207
1702080 206
1702090 206
1702100 206
1702110 206
1702120 206
1702130 206
1702140 206
1702150 206
1702160 206
1702170 206
1702180 206
1702190 206
1702200 206
1702210 206
1702220 207
1702230 207
1702240 207
1702250 208
1702260 208
1702270 208
1702280 209
1702290 209
1702300 209
1702310 209
1702320 209
1702330 209
1702340 209
1702350 209
1702360 209
1702370 209
1702380 209
1702390 209
1702400 209
1702410 209
1702420 209
1702430 209
1702440 209
1702450 209
1702460 209
1702470 209
1702480 209
1702490 209
1702500 209
1702510 209
1702520 209
1702530 209
1702540 209
1702550 209
1702560 209
1702570 209
1702580 209
1702590 209
1702600 209
1702610 209
1702620 209
1702630 208
1702640 208
1702650 208
1702660 208
1702670 208
1702680 208
1702690 208
1702700 208
1702710 208
1702720 208
1702730 208
1702740 208
1702750 208
1702760 208
1702770 208
1702780 208
1702790 209
1702800 209
1702810 209
1702820 209
1702830 209
1702840 209
1702850 209
1702860 209
1702870 209
1702880 210
1702890 210
1702900 210
1702910 211
1702920 211
1702930 211
1702940 211
1702950 211
1702960 211
1702970 211
1702980 211
1702990 211
1703000 211
1703010 211
1703020 211
1703030 211
1703040 211
1703050 211
1703060 211
1703070 211
1703080 211
1703090 212
1703100 213
1703110 213
1703120 213
1703130 213
1703140 214
1703150 214
1703160 214
1703170 215
1703180 215
1703190 215
1703200 215
1703210 215
1703220 216
1703230 216
1703240 216
1703250 216
1703260 216
1703270 216
1703280 216
1703290 216
1703300 216
1703310 216
1703320 216
1703330 216
1703340 216
1703350 216
1703360 216
1703370 216
1703380 216
1703390 216
1703400 216
1703410 216
1703420 216
1703430 216
1703440 216
1703450 216
1703460 217
1703470 218
1703480 219
1703490 219
1703500 219
1703510 220
1703520 220
1703530 220
1703540 220
1703550 220
1703560 220
1703570 220
1703580 219
1703590 219
1703600 219
1703610 219
1703620 219
1703630 219
1703640 219
1703650 219
1703660 218
1703670 218
1703680 218
1703690 217
1703700 217
1703710 216
1703720 216
1703730 216
1703740 215
1703750 215
1703760 214
1703770 214
1703780 213
1703790 213
1703800 212
1703810 212
1703820 212
1703830 212
1703840 212
1703850 211
1703860 211
1703870 211
1703880 211
1703890 211
1703900 210
1703910 210
1703920 210
1703930 210
1703940 210
1703950 209
1703960 209
1703970 209
1703980 209
1703990 209
1704000 209
1704010 209
1704020 208
1704030 207
1704040 206
1704050 205
1704060 204
1704070 203
1704080 203
1704090 203
1704100 203
1704110 203
1704120 203
1704130 203
1704140 203
1704150 203
1704160 203
1704170 203
1704180 203
1704190 203
1704200 203
1704210 203
1704220 203
1704230 203
1704240 203
1704250 203
1704260 203
1704270 203
1704280 203
1704290 203
1704300 203
1704310 203
1704320 203
1704330 203
1704340 203
1704350 203
1704360 203
1704370 203
1704380 203
1704390 203
1704400 203
1704410 203
1704420 203
1704430 203
1704440 203
1704450 203
1704460 203
1704470 203
1704480 203
1704490 203
1704500 203
1704510 203
1704520 203
1704530 203
1704540 203
1704550 203
1704560 203
1704570 203
1704580 203
1704590 203
1704600 203
1704610 203
1704620 203
1704630 203
1704640 203
1704650 203
1704660 203
1704670 203
1704680 203
1704690 203
1704700 203
1704710 203
1704720 203
1704730 203
1704740 203
1704750 203
1704760 203
1704770 203
1704780 203
1704790 203
1704800 203
1704810 203
1704820 203
1704830 203
1704840 203
1704850 203
1704860 203
1704870 203
1704880 203
1704890 203
1704900 203
1704910 203
1704920 203
1704930 203
1704940 203
1704950 203
1704960 203
1704970 203
1704980 203
1704990 203
1705000 203
1705010 203
1705020 203
1705030 203
1705040 203
1705050 203
1705060 203
1705070 203
1705080 203
1705090 203
1705100 203
1705110 203
1705120 203
1705130 203
1705140 203
1705150 203
1705160 203
1705170 203
1705180 203
1705190 203
1705200 204
1705210 206
1705220 208
1705230 209
1705240 210
1705250 211
1705260 212
1705270 213
1705280 214
1705290 214
1705300 215
1705310 215
1705320 215
1705330 215
1705340 216
1705350 216
1705360 216
1705370 216
1705380 215
1705390 215
1705400 214
1705410 213
1705420 211
1705430 210
1705440 209
1705450 208
1705460 208
1705470 208
1705480 207
1705490 207
1705500 208
1705510 208
1705520 208
1705530 210
1705540 211
1705550 211
1705560 209
1705570 209
1705580 208
1705590 208
1705600 208
1705610 208
1705620 208
1705630 208
1705640 208
1705650 208
1705660 208
1705670 208
1705680 208
1705690 208
1705700 208
1705710 208
1705720 208
1705730 208
1705740 208
1705750 209
1705760 209
1705770 209
1705780 209
1705790 209
1705800 208
1705810 208
1705820 208
1705830 208
1705840 208
1705850 208
1705860 207
1705870 207
1705880 208
1705890 209
1705900 209
1705910 209
1705920 209
1705930 208
1705940 208
1705950 207
1705960 208
1705970 208
1705980 208
1705990 208
1706000 207
1706010 207
1706020 207
1706030 207
1706040 208
1706050 208
1706060 208
1706070 208
1706080 208
1706090 208
1706100 207
1706110 207
1706120 206
1706130 206
1706140 206
1706150 206
1706160 206
1706170 206
1706180 206
1706190 206
1706200 206
1706210 206
1706220 206
1706230 206
1706240 207
1706250 209
1706260 209
1706270 210
1706280 210
1706290 210
1706300 210
1706310 210
1706320 211
1706330 211
1706340 211
1706350 211
1706360 211
1706370 211
1706380 211
1706390 211
1706400 211
1706410 211
1706420 211
1706430 211
1706440 211
1706450 211
1706460 211
1706470 211
1706480 211
1706490 211
1706500 211
1706510 212
1706520 212
1706530 212
1706540 212
1706550 212
1706560 212
1706570 212
1706580 212
1706590 212
1706600 213
1706610 213
1706620 213
1706630 213
1706640 214
1706650 214
1706660 214
1706670 214
1706680 214
1706690 214
1706700 214
1706710 214
1706720 215
1706730 215
1706740 215
1706750 215
1706760 216
1706770 216
1706780 216
1706790 216
1706800 216
1706810 216
1706820 217
1706830 217
1706840 217
1706850 217
1706860 217
1706870 217
1706880 217
1706890 217
1706900 217
1706910 218
1706920 218
1706930 218
1706940 218
1706950 218
1706960 218
1706970 218
1706980 219
1706990 219
1707000 219
1707010 219
1707020 219
1707030 219
1707040 219
1707050 219
1707060 219
1707070 219
1707080 220
1707090 220
1707100 221
1707110 222
1707120 223
1707130 223
1707140 223
1707150 224
1707160 224
1707170 224
1707180 224
1707190 224
1707200 225
1707210 225
1707220 226
1707230 227
1707240 227
1707250 228
1707260 228
1707270 228
1707280 229
1707290 229
1707300 230
1707310 231
1707320 231
1707330 231
1707340 232
1707350 233
1707360 234
1707370 235
1707380 235
1707390 236
1707400 237
1707410 238
1707420 239
1707430 241
1707440 242
1707450 243
1707460 243
1707470 244
1707480 244
1707490 244
1707500 245
1707510 245
1707520 246
1707530 246
1707540 246
1707550 246
1707560 247
1707570 247
1707580 247
1707590 247
1707600 247
1707610 247
1707620 248
1707630 248
1707640 248
1707650 248
1707660 248
1707670 248
1707680 248
1707690 248
1707700 248
1707710 248
1707720 248
1707730 248
1707740 248
1707750 248
1707760 248
1707770 248
1707780 248
1707790 249
1707800 249
1707810 249
1707820 249
1707830 249
1707840 249
1707850 249
1707860 249
1707870 249
1707880 249
1707890 249
1707900 249
1707910 249
1707920 249
1707930 248
1707940 248
1707950 248
1707960 248
1707970 248
1707980 248
1707990 248
1708000 249
1708010 249
1708020 249
1708030 249
1708040 249
1708050 249
1708060 249
1708070 250
1708080 250
1708090 250
1708100 250
1708110 250
1708120 250
1708130 250
1708140 250
1708150 250
1708160 250
1708170 251
1708180 251
1708190 251
1708200 251
1708210 251
1708220 251
1708230 251
1708240 251
1708250 251
1708260 251
1708270 251
1708280 252
1708290 252
1708300 252
1708310 252
1708320 252
1708330 252
1708340 252
1708350 252
1708360 252
1708370 252
1708380 252
1708390 252
1708400 252
1708410 252
1708420 252
1708430 252
1708440 252
1708450 252
1708460 252
1708470 252
1708480 252
1708490 252
1708500 252
1708510 252
1708520 252
1708530 252
1708540 252
1708550 252
1708560 252
1708570 252
1708580 252
1708590 252
1708600 252
1708610 252
1708620 252
1708630 252
1708640 252
1708650 252
1708660 252
1708670 252
1708680 252
1708690 252
1708700 253
1708710 255
1708720 256
1708730 256
1708740 254
1708750 252
1708760 251
1708770 251
1708780 251
1708790 251
1708800 251
1708810 251
1708820 251
1708830 251
1708840 251
1708850 251
1708860 251
1708870 251
1708880 250
1708890 250
1708900 249
1708910 249
1708920 249
1708930 248
1708940 248
1708950 248
1708960 248
1708970 247
1708980 247
1708990 246
1709000 245
1709010 245
1709020 245
1709030 245
1709040 245
1709050 245
1709060 246
1709070 246
1709080 246
1709090 246
1709100 245
1709110 245
1709120 244
1709130 243
1709140 243
1709150 242
1709160 241
1709170 240
1709180 240
1709190 239
1709200 239
1709210 238
1709220 238
1709230 237
1709240 236
1709250 236
1709260 235
1709270 235
1709280 235
1709290 234
1709300 234
1709310 233
1709320 233
1709330 232
1709340 232
1709350 232
1709360 231
1709370 231
1709380 231
1709390 230
1709400 229
1709410 228
1709420 227
1709430 225
1709440 224
1709450 223
1709460 222
1709470 222
1709480 221
1709490 219
1709500 218
1709510 217
1709520 217
1709530 216
1709540 216
1709550 215
1709560 215
1709570 214
1709580 214
1709590 213
1709600 213
1709610 213
1709620 213
1709630 213
1709640 213
1709650 213
1709660 212
1709670 212
1709680 212
1709690 212
1709700 212
1709710 212
1709720 212
1709730 212
1709740 212
1709750 212
1709760 212
1709770 212
1709780 211
1709790 211
1709800 211
1709810 212
1709820 212
1709830 212
1709840 212
1709850 212
1709860 212
1709870 212
1709880 212
1709890 212
1709900 212
1709910 212
1709920 212
1709930 212
1709940 212
1709950 212
1709960 212
1709970 212
1709980 211
1709990 211
1710000 211
1710010 212
1710020 212
1710030 212
1710040 212
1710050 212
1710060 212
1710070 212
1710080 212
1710090 213
1710100 213
1710110 213
1710120 212
1710130 212
1710140 212
1710150 212
1710160 212
1710170 212
1710180 212
1710190 212
1710200 212
1710210 212
1710220 212
1710230 212
1710240 212
1710250 212
1710260 212
1710270 212
1710280 212
1710290 212
1710300 212
1710310 212
1710320 212
1710330 212
1710340 212
1710350 212
1710360 212
1710370 212
1710380 212
1710390 212
1710400 212
1710410 212
1710420 212
1710430 212
1710440 212
1710450 212
1710460 212
1710470 212
1710480 213
1710490 213
1710500 213
1710510 213
1710520 213
1710530 213
1710540 213
1710550 213
1710560 213
1710570 213
1710580 213
1710590 213
1710600 213
1710610 213
1710620 213
1710630 213
1710640 213
1710650 213
1710660 213
1710670 213
1710680 213
1710690 214
1710700 214
1710710 214
1710720 213
1710730 213
1710740 213
1710750 213
1710760 213
1710770 213
1710780 213
1710790 213
1710800 213
1710810 213
1710820 213
1710830 213
1710840 213
1710850 213
1710860 213
1710870 214
1710880 214
1710890 214
1710900 214
1710910 214
1710920 214
1710930 214
1710940 214
1710950 214
1710960 214
1710970 214
1710980 214
1710990 214
1711000 214
1711010 214
1711020 214
1711030 214
1711040 215
1711050 215
1711060 215
1711070 215
1711080 215
1711090 215
1711100 215
1711110 215
1711120 215
1711130 216
1711140 216
1711150 216
1711160 217
1711170 217
1711180 217
1711190 218
1711200 218
1711210 218
1711220 219
1711230 219
1711240 219
1711250 219
1711260 219
1711270 220
1711280 220
1711290 221
1711300 223
1711310 226
1711320 229
1711330 230
1711340 231
1711350 231
1711360 231
1711370 231
1711380 232
1711390 232
1711400 233
1711410 233
1711420 234
1711430 235
1711440 236
1711450 236
1711460 237
1711470 238
1711480 238
1711490 239
1711500 239
1711510 240
1711520 240
1711530 241
1711540 241
1711550 241
1711560 242
1711570 242
1711580 242
1711590 243
1711600 243
1711610 244
1711620 245
1711630 245
1711640 246
1711650 247
1711660 247
1711670 247
1711680 248
1711690 248
1711700 248
1711710 248
1711720 249
1711730 249
1711740 249
1711750 249
1711760 249
1711770 249
1711780 249
1711790 250
1711800 250
1711810 250
1711820 251
1711830 251
1711840 251
1711850 252
1711860 252
1711870 252
1711880 252
1711890 252
1711900 252
1711910 252
1711920 252
1711930 253
1711940 253
1711950 254
1711960 255
1711970 256
1711980 257
1711990 258
1712000 259
1712010 259
1712020 260
1712030 260
1712040 261
1712050 261
1712060 262
1712070 263
1712080 263
1712090 264
1712100 264
1712110 264
1712120 264
1712130 263
1712140 261
1712150 259
1712160 258
1712170 256
1712180 255
1712190 255
1712200 256
1712210 258
1712220 260
1712230 263
1712240 265
1712250 266
1712260 268
1712270 268
1712280 268
1712290 268
1712300 269
1712310 269
1712320 268
1712330 268
1712340 268
1712350 267
1712360 267
1712370 266
1712380 266
1712390 265
1712400 264
1712410 263
1712420 261
1712430 259
1712440 257
1712450 253
1712460 251
1712470 249
1712480 248
1712490 248
1712500 249
1712510 249
1712520 249
1712530 249
1712540 249
1712550 249
1712560 250
1712570 250
1712580 251
1712590 252
1712600 254
1712610 256
1712620 257
1712630 258
1712640 260
1712650 261
1712660 262
1712670 263
1712680 264
1712690 265
1712700 266
1712710 266
1712720 268
1712730 269
1712740 270
1712750 270
1712760 270
1712770 271
1712780 272
1712790 273
1712800 274
1712810 275
1712820 277
1712830 278
1712840 280
1712850 282
1712860 283
1712870 284
1712880 286
1712890 286
1712900 287
1712910 287
1712920 286
1712930 286
1712940 286
1712950 286
1712960 286
1712970 286
1712980 286
1712990 286
1713000 287
1713010 287
1713020 288
1713030 287
1713040 287
1713050 287
1713060 287
1713070 287
1713080 287
1713090 287
1713100 287
1713110 287
1713120 287
1713130 287
1713140 287
1713150 287
1713160 287
1713170 287
1713180 286
1713190 286
1713200 285
1713210 285
1713220 285
1713230 285
1713240 285
1713250 284
1713260 283
1713270 282
1713280 281
1713290 281
1713300 280
1713310 279
1713320 277
1713330 276
1713340 276
1713350 276
1713360 276
1713370 276
1713380 277
1713390 277
1713400 277
1713410 277
1713420 277
1713430 277
1713440 278
1713450 278
1713460 278
1713470 278
1713480 279
1713490 279
1713500 279
1713510 280
1713520 280
1713530 280
1713540 281
1713550 281
1713560 281
1713570 282
1713580 282
1713590 282
1713600 283
1713610 283
1713620 284
1713630 284
1713640 285
1713650 285
1713660 285
1713670 286
1713680 286
1713690 287
1713700 287
1713710 287
1713720 287
1713730 288
1713740 288
1713750 288
1713760 288
1713770 288
1713780 289
1713790 289
1713800 289
1713810 290
1713820 290
1713830 292
1713840 293
1713850 294
1713860 294
1713870 295
1713880 296
1713890 297
1713900 298
1713910 299
1713920 300
1713930 301
1713940 302
1713950 303
1713960 303
1713970 304
1713980 305
1713990 306
1714000 307
1714010 308
1714020 309
1714030 311
1714040 312
1714050 314
1714060 316
1714070 317
1714080 319
1714090 320
1714100 321
1714110 322
1714120 324
1714130 325
1714140 327
1714150 329
1714160 330
1714170 332
1714180 334
1714190 336
1714200 337
1714210 339
1714220 340
1714230 341
1714240 342
1714250 343
1714260 344
1714270 345
1714280 346
1714290 347
1714300 348
1714310 349
1714320 350
1714330 351
1714340 351
1714350 352
1714360 352
1714370 353
1714380 354
1714390 354
1714400 355
1714410 355
1714420 355
1714430 356
1714440 356
1714450 357
1714460 357
1714470 357
1714480 358
1714490 358
1714500 358
1714510 358
1714520 359
1714530 359
1714540 359
1714550 359
1714560 359
1714570 359
1714580 360
1714590 360
1714600 360
1714610 360
1714620 360
1714630 360
1714640 360
1714650 360
1714660 360
1714670 359
1714680 359
1714690 359
1714700 358
1714710 357
1714720 357
1714730 356
1714740 355
1714750 354
1714760 353
1714770 353
1714780 352
1714790 351
1714800 350
1714810 348
1714820 347
1714830 346
1714840 344
1714850 343
1714860 340
1714870 338
1714880 337
1714890 336
1714900 336
1714910 334
1714920 333
1714930 333
1714940 332
1714950 332
1714960 331
1714970 330
1714980 329
1714990 327
1715000 326
1715010 326
1715020 325
1715030 325
1715040 324
1715050 323
1715060 322
1715070 322
1715080 321
1715090 320
1715100 320
1715110 319
1715120 318
1715130 317
1715140 316
1715150 316
1715160 316
1715170 315
1715180 315
1715190 315
1715200 314
1715210 314
1715220 313
1715230 312
1715240 312
1715250 311
1715260 311
1715270 310
1715280 310
1715290 309
1715300 309
1715310 308
1715320 308
1715330 307
1715340 306
1715350 306
1715360 305
1715370 304
1715380 304
1715390 303
1715400 303
1715410 302
1715420 301
1715430 301
1715440 301
1715450 300
1715460 300
1715470 299
1715480 299
1715490 299
1715500 298
1715510 298
1715520 297
1715530 297
1715540 296
1715550 296
1715560 295
1715570 294
1715580 293
1715590 293
1715600 292
1715610 291
1715620 290
1715630 289
1715640 288
1715650 288
1715660 287
1715670 286
1715680 284
1715690 283
1715700 282
1715710 281
1715720 280
1715730 279
1715740 278
1715750 277
1715760 274
1715770 271
1715780 267
1715790 265
1715800 263
1715810 262
1715820 262
1715830 261
1715840 261
1715850 259
1715860 257
1715870 256
1715880 256
1715890 256
1715900 256
1715910 257
1715920 257
1715930 258
1715940 259
1715950 260
1715960 261
1715970 261
1715980 262
1715990 262
1716000 262
1716010 262
1716020 262
1716030 262
1716040 262
1716050 262
1716060 262
1716070 261
1716080 261
1716090 261
1716100 261
1716110 262
1716120 262
1716130 262
1716140 262
1716150 263
1716160 263
1716170 263
1716180 263
1716190 263
1716200 264
1716210 264
1716220 264
1716230 264
1716240 264
1716250 264
1716260 264
1716270 264
1716280 265
1716290 265
1716300 265
1716310 265
1716320 265
1716330 265
1716340 264
1716350 264
1716360 264
1716370 265
1716380 265
1716390 264
1716400 264
1716410 264
1716420 264
1716430 264
1716440 264
1716450 264
1716460 265
1716470 265
1716480 265
1716490 265
1716500 264
1716510 263
1716520 263
1716530 263
1716540 263
1716550 263
1716560 264
1716570 264
1716580 265
1716590 265
1716600 266
1716610 266
1716620 265
1716630 265
1716640 265
1716650 265
1716660 266
1716670 267
1716680 269
1716690 270
1716700 271
1716710 269
1716720 268
1716730 268
1716740 269
1716750 270
1716760 272
1716770 273
1716780 273
1716790 274
1716800 274
1716810 274
1716820 274
1716830 275
1716840 276
1716850 277
1716860 278
1716870 278
1716880 279
1716890 279
1716900 280
1716910 281
1716920 283
1716930 284
1716940 285
1716950 285
1716960 286
1716970 288
1716980 290
1716990 292
1717000 293
1717010 295
1717020 297
1717030 300
1717040 301
1717050 302
1717060 303
1717070 305
1717080 305
1717090 306
1717100 306
1717110 307
1717120 309
1717130 311
1717140 313
1717150 313
1717160 314
1717170 314
1717180 315
1717190 315
1717200 316
1717210 316
1717220 317
1717230 318
1717240 318
1717250 319
1717260 319
1717270 319
1717280 319
1717290 319
1717300 320
1717310 320
1717320 320
1717330 320
1717340 320
1717350 320
1717360 320
1717370 320
1717380 320
1717390 320
1717400 320
1717410 320
1717420 320
1717430 320
1717440 320
1717450 320
1717460 321
1717470 321
1717480 322
1717490 322
1717500 323
1717510 324
1717520 325
1717530 326
1717540 327
1717550 328
1717560 328
1717570 329
1717580 330
1717590 331
1717600 332
1717610 332
1717620 333
1717630 335
1717640 336
1717650 337
1717660 338
1717670 339
1717680 341
1717690 342
1717700 344
1717710 345
1717720 346
1717730 347
1717740 348
1717750 349
1717760 351
1717770 352
1717780 353
1717790 354
1717800 355
1717810 355
1717820 356
1717830 357
1717840 357
1717850 358
1717860 358
1717870 359
1717880 359
1717890 359
1717900 360
1717910 360
1717920 361
1717930 361
1717940 361
1717950 362
1717960 362
1717970 362
1717980 363
1717990 363
1718000 363
1718010 364
1718020 364
1718030 365
1718040 365
1718050 365
1718060 366
1718070 366
1718080 366
1718090 366
1718100 367
1718110 367
1718120 368
1718130 368
1718140 368
1718150 369
1718160 369
1718170 369
1718180 370
1718190 370
1718200 370
1718210 371
1718220 371
1718230 372
1718240 372
1718250 372
1718260 373
1718270 373
1718280 374
1718290 374
1718300 374
1718310 374
1718320 375
1718330 375
1718340 375
1718350 375
1718360 376
1718370 376
1718380 376
1718390 377
1718400 377
1718410 377
1718420 378
1718430 378
1718440 378
1718450 379
1718460 379
1718470 379
1718480 379
1718490 380
1718500 380
1718510 380
1718520 381
1718530 381
1718540 381
1718550 381
1718560 382
1718570 382
1718580 382
1718590 382
1718600 383
1718610 383
1718620 383
1718630 384
1718640 384
1718650 384
1718660 384
1718670 384
1718680 385
1718690 385
1718700 385
1718710 385
1718720 385
1718730 385
1718740 386
1718750 386
1718760 386
1718770 386
1718780 386
1718790 386
1718800 386
1718810 386
1718820 387
1718830 387
1718840 387
1718850 387
1718860 387
1718870 387
1718880 388
1718890 388
1718900 388
1718910 388
1718920 388
1718930 388
1718940 388
1718950 388
1718960 388
1718970 389
1718980 389
1718990 389
1719000 389
1719010 389
1719020 389
1719030 389
1719040 389
1719050 389
1719060 389
1719070 389
1719080 389
1719090 389
1719100 389
1719110 389
1719120 389
1719130 389
1719140 389
1719150 389
1719160 389
1719170 389
1719180 389
1719190 389
1719200 389
1719210 389
1719220 389
1719230 389
1719240 389
1719250 389
1719260 389
1719270 389
1719280 389
1719290 389
1719300 389
1719310 389
1719320 388
1719330 388
1719340 388
1719350 388
1719360 388
1719370 387
1719380 387
1719390 387
1719400 387
1719410 387
1719420 387
1719430 387
1719440 387
1719450 387
1719460 387
1719470 387
1719480 387
1719490 387
1719500 387
1719510 388
1719520 388
1719530 388
1719540 388
1719550 388
1719560 388
1719570 388
1719580 388
1719590 388
1719600 388
1719610 388
1719620 388
1719630 388
1719640 388
1719650 388
1719660 388
1719670 387
1719680 387
1719690 387
1719700 387
1719710 387
1719720 387
1719730 387
1719740 387
1719750 387
1719760 387
1719770 386
1719780 386
1719790 386
1719800 386
1719810 385
1719820 385
1719830 384
1719840 383
1719850 382
1719860 381
1719870 380
1719880 378
1719890 376
1719900 374
1719910 372
1719920 372
1719930 371
1719940 370
1719950 369
1719960 368
1719970 367
1719980 366
1719990 365
