1700000 239
1700010 237
1700020 234
1700030 231
1700040 227
1700050 224
1700060 222
1700070 221
1700080 221
1700090 220
1700100 219
1700110 218
1700120 218
1700130 218
1700140 217
1700150 217
1700160 217
1700170 217
1700180 217
1700190 217
1700200 217
1700210 217
1700220 217
1700230 217
1700240 216
1700250 216
1700260 216
1700270 216
1700280 216
1700290 216
1700300 216
1700310 216
1700320 216
1700330 216
1700340 216
1700350 216
1700360 216
1700370 216
1700380 216
1700390 215
1700400 215
1700410 215
1700420 215
1700430 215
1700440 214
1700450 214
1700460 214
1700470 214
1700480 214
1700490 213
1700500 213
1700510 213
1700520 213
1700530 212
1700540 212
1700550 212
1700560 212
1700570 212
1700580 212
1700590 211
1700600 211
1700610 211
1700620 211
1700630 211
1700640 211
1700650 211
1700660 211
1700670 210
1700680 210
1700690 210
1700700 210
1700710 210
1700720 210
1700730 210
1700740 210
1700750 210
1700760 209
1700770 209
1700780 209
1700790 209
1700800 209
1700810 209
1700820 209
1700830 209
1700840 209
1700850 209
1700860 209
1700870 210
1700880 210
1700890 210
1700900 210
1700910 210
1700920 210
1700930 210
1700940 210
1700950 211
1700960 211
1700970 211
1700980 211
1700990 211
1701000 211
1701010 212
1701020 212
1701030 212
1701040 212
1701050 212
1701060 212
1701070 212
1701080 212
1701090 212
1701100 213
1701110 213
1701120 213
1701130 213
1701140 212
1701150 212
1701160 212
1701170 212
1701180 212
1701190 212
1701200 212
1701210 212
1701220 212
1701230 212
1701240 212
1701250 212
1701260 212
1701270 213
1701280 213
1701290 214
1701300 214
1701310 214
1701320 215
1701330 215
1701340 215
1701350 216
1701360 216
1701370 216
1701380 216
1701390 216
1701400 216
1701410 216
1701420 216
1701430 217
1701440 217
1701450 217
1701460 217
1701470 217
1701480 217
1701490 217
1701500 217
1701510 217
1701520 217
1701530 217
1701540 216
1701550 216
1701560 216
1701570 215
1701580 215
1701590 214
1701600 213
1701610 213
1701620 212
1701630 212
1701640 211
1701650 211
1701660 211
1701670 210
1701680 210
1701690 210
1701700 209
1701710 209
1701720 209
1701730 209
1701740 209
1701750 208
1701760 208
1701770 208
1701780 207
1701790 207
1701800 207
1701810 207
1701820 207
1701830 207
1701840 207
1701850 207
1701860 207
1701870 207
1701880 207
1701890 207
1701900 207
1701910 207
1701920 207
1701930 208
1701940 208
1701950 209
1701960 209
1701970 209
1701980 209
1701990 209
1702000 209
1702010 209
1702020 209
1702030 208
1702040 207
1702050 206
1702060 206
1702070 206
1702080 206
1702090 206
1702100 206
1702110 206
1702120 206
1702130 206
1702140 206
1702150 206
1702160 206
1702170 206
1702180 206
1702190 206
1702200 206
1702210 206
1702220 206
1702230 206
1702240 206
1702250 206
1702260 206
1702270 206
1702280 206
1702290 206
1702300 206
1702310 206
1702320 206
1702330 206
1702340 206
1702350 206
1702360 206
1702370 207
1702380 207
1702390 207
1702400 207
1702410 207
1702420 207
1702430 207
1702440 207
1702450 207
1702460 207
1702470 207
1702480 207
1702490 207
1702500 207
1702510 207
1702520 207
1702530 207
1702540 207
1702550 207
1702560 207
1702570 206
1702580 206
1702590 206
1702600 206
1702610 206
1702620 206
1702630 206
1702640 206
1702650 206
1702660 206
1702670 206
1702680 206
1702690 206
1702700 206
1702710 206
1702720 206
1702730 206
1702740 206
1702750 206
1702760 206
1702770 206
1702780 206
1702790 206
1702800 207
1702810 207
1702820 207
1702830 208
1702840 208
1702850 208
1702860 208
1702870 208
1702880 208
1702890 208
1702900 208
1702910 208
1702920 208
1702930 208
1702940 208
1702950 208
1702960 208
1702970 208
1702980 208
1702990 208
1703000 208
1703010 208
1703020 208
1703030 208
1703040 209
1703050 209
1703060 209
1703070 209
1703080 209
1703090 209
1703100 209
1703110 209
1703120 210
1703130 210
1703140 210
1703150 210
1703160 210
1703170 210
1703180 210
1703190 211
1703200 210
1703210 210
1703220 210
1703230 210
1703240 211
1703250 211
1703260 211
1703270 211
1703280 211
1703290 210
1703300 210
1703310 210
1703320 210
1703330 210
1703340 211
1703350 212
1703360 213
1703370 213
1703380 212
1703390 212
1703400 212
1703410 212
1703420 211
1703430 211
1703440 211
1703450 211
1703460 212
1703470 213
1703480 213
1703490 213
1703500 214
1703510 214
1703520 214
1703530 214
1703540 215
1703550 215
1703560 215
1703570 215
1703580 215
1703590 215
1703600 215
1703610 215
1703620 216
1703630 216
1703640 216
1703650 216
1703660 216
1703670 216
1703680 216
1703690 216
1703700 216
1703710 216
1703720 216
1703730 216
1703740 216
1703750 216
1703760 216
1703770 216
1703780 216
1703790 216
1703800 216
1703810 215
1703820 215
1703830 215
1703840 215
1703850 215
1703860 215
1703870 215
1703880 215
1703890 215
1703900 215
1703910 214
1703920 214
1703930 214
1703940 214
1703950 213
1703960 213
1703970 213
1703980 212
1703990 212
1704000 212
1704010 211
1704020 211
1704030 211
1704040 210
1704050 210
1704060 209
1704070 209
1704080 209
1704090 209
1704100 208
1704110 208
1704120 207
1704130 206
1704140 205
1704150 205
1704160 204
1704170 203
1704180 203
1704190 203
1704200 203
1704210 203
1704220 203
1704230 203
1704240 203
1704250 203
1704260 203
1704270 203
1704280 203
1704290 203
1704300 203
1704310 203
1704320 203
1704330 203
1704340 203
1704350 203
1704360 203
1704370 203
1704380 203
1704390 203
1704400 203
1704410 203
1704420 203
1704430 203
1704440 203
1704450 203
1704460 203
1704470 203
1704480 203
1704490 203
1704500 203
1704510 203
1704520 203
1704530 203
1704540 203
1704550 203
1704560 203
1704570 203
1704580 203
1704590 203
1704600 203
1704610 203
1704620 203
1704630 203
1704640 203
1704650 203
1704660 203
1704670 203
1704680 203
1704690 203
1704700 203
1704710 203
1704720 203
1704730 203
1704740 203
1704750 203
1704760 203
1704770 203
1704780 203
1704790 203
1704800 203
1704810 203
1704820 203
1704830 203
1704840 203
1704850 203
1704860 203
1704870 203
1704880 203
1704890 203
1704900 203
1704910 203
1704920 203
1704930 203
1704940 203
1704950 203
1704960 203
1704970 203
1704980 203
1704990 203
1705000 203
1705010 203
1705020 203
1705030 203
1705040 203
1705050 203
1705060 203
1705070 203
1705080 203
1705090 203
1705100 203
1705110 203
1705120 203
1705130 203
1705140 203
1705150 203
1705160 203
1705170 203
1705180 203
1705190 203
1705200 203
1705210 203
1705220 203
1705230 203
1705240 203
1705250 205
1705260 206
1705270 208
1705280 209
1705290 210
1705300 211
1705310 212
1705320 213
1705330 214
1705340 215
1705350 215
1705360 216
1705370 216
1705380 216
1705390 216
1705400 216
1705410 215
1705420 215
1705430 214
1705440 213
1705450 212
1705460 211
1705470 210
1705480 209
1705490 209
1705500 210
1705510 211
1705520 210
1705530 210
1705540 209
1705550 208
1705560 208
1705570 208
1705580 208
1705590 208
1705600 208
1705610 208
1705620 208
1705630 208
1705640 208
1705650 208
1705660 208
1705670 208
1705680 208
1705690 208
1705700 208
1705710 208
1705720 208
1705730 208
1705740 208
1705750 208
1705760 208
1705770 208
1705780 208
1705790 208
1705800 208
1705810 208
1705820 208
1705830 208
1705840 209
1705850 209
1705860 209
1705870 209
1705880 208
1705890 208
1705900 207
1705910 207
1705920 207
1705930 208
1705940 208
1705950 208
1705960 208
1705970 208
1705980 208
1705990 208
1706000 208
1706010 208
1706020 208
1706030 208
1706040 208
1706050 208
1706060 208
1706070 208
1706080 208
1706090 208
1706100 208
1706110 208
1706120 208
1706130 208
1706140 208
1706150 207
1706160 207
1706170 206
1706180 206
1706190 206
1706200 206
1706210 206
1706220 206
1706230 206
1706240 206
1706250 206
1706260 206
1706270 206
1706280 207
1706290 208
1706300 209
1706310 210
1706320 209
1706330 209
1706340 209
1706350 209
1706360 209
1706370 209
1706380 209
1706390 210
1706400 210
1706410 210
1706420 210
1706430 211
1706440 211
1706450 212
1706460 212
1706470 212
1706480 213
1706490 213
1706500 214
1706510 214
1706520 215
1706530 215
1706540 216
1706550 216
1706560 217
1706570 217
1706580 217
1706590 217
1706600 217
1706610 218
1706620 218
1706630 217
1706640 217
1706650 218
1706660 218
1706670 218
1706680 218
1706690 217
1706700 217
1706710 217
1706720 217
1706730 217
1706740 217
1706750 217
1706760 218
1706770 218
1706780 218
1706790 218
1706800 219
1706810 219
1706820 219
1706830 220
1706840 220
1706850 220
1706860 220
1706870 220
1706880 220
1706890 221
1706900 221
1706910 221
1706920 221
1706930 221
1706940 221
1706950 221
1706960 222
1706970 222
1706980 222
1706990 222
1707000 222
1707010 223
1707020 223
1707030 223
1707040 223
1707050 223
1707060 224
1707070 224
1707080 224
1707090 224
1707100 224
1707110 224
1707120 225
1707130 225
1707140 226
1707150 226
1707160 226
1707170 226
1707180 227
1707190 226
1707200 226
1707210 226
1707220 227
1707230 227
1707240 228
1707250 228
1707260 229
1707270 229
1707280 230
1707290 230
1707300 231
1707310 232
1707320 232
1707330 232
1707340 233
1707350 233
1707360 234
1707370 235
1707380 236
1707390 237
1707400 237
1707410 238
1707420 239
1707430 240
1707440 240
1707450 241
1707460 242
1707470 243
1707480 243
1707490 243
1707500 244
1707510 244
1707520 245
1707530 245
1707540 245
1707550 245
1707560 245
1707570 246
1707580 246
1707590 246
1707600 246
1707610 247
1707620 247
1707630 247
1707640 247
1707650 247
1707660 248
1707670 248
1707680 248
1707690 248
1707700 248
1707710 248
1707720 248
1707730 247
1707740 247
1707750 247
1707760 247
1707770 247
1707780 248
1707790 248
1707800 248
1707810 248
1707820 248
1707830 248
1707840 249
1707850 249
1707860 249
1707870 249
1707880 249
1707890 250
1707900 250
1707910 251
1707920 251
1707930 251
1707940 252
1707950 252
1707960 252
1707970 252
1707980 252
1707990 252
1708000 252
1708010 252
1708020 251
1708030 251
1708040 251
1708050 251
1708060 251
1708070 252
1708080 252
1708090 252
1708100 252
1708110 252
1708120 251
1708130 251
1708140 251
1708150 251
1708160 251
1708170 251
1708180 251
1708190 251
1708200 252
1708210 252
1708220 252
1708230 252
1708240 252
1708250 252
1708260 252
1708270 252
1708280 252
1708290 252
1708300 252
1708310 252
1708320 252
1708330 252
1708340 252
1708350 252
1708360 252
1708370 252
1708380 252
1708390 252
1708400 252
1708410 252
1708420 252
1708430 252
1708440 252
1708450 252
1708460 252
1708470 252
1708480 252
1708490 252
1708500 252
1708510 252
1708520 252
1708530 252
1708540 252
1708550 252
1708560 252
1708570 252
1708580 252
1708590 252
1708600 252
1708610 252
1708620 252
1708630 252
1708640 252
1708650 252
1708660 252
1708670 252
1708680 253
1708690 255
1708700 256
1708710 256
1708720 254
1708730 252
1708740 251
1708750 251
1708760 251
1708770 251
1708780 251
1708790 251
1708800 251
1708810 251
1708820 251
1708830 250
1708840 251
1708850 251
1708860 251
1708870 250
1708880 250
1708890 249
1708900 248
1708910 248
1708920 248
1708930 248
1708940 247
1708950 246
1708960 246
1708970 245
1708980 245
1708990 245
1709000 245
1709010 245
1709020 245
1709030 245
1709040 245
1709050 245
1709060 245
1709070 244
1709080 244
1709090 243
1709100 243
1709110 243
1709120 242
1709130 242
1709140 241
1709150 241
1709160 240
1709170 240
1709180 239
1709190 237
1709200 237
1709210 237
1709220 237
1709230 237
1709240 237
1709250 237
1709260 236
1709270 236
1709280 236
1709290 235
1709300 235
1709310 235
1709320 234
1709330 234
1709340 233
1709350 233
1709360 233
1709370 232
1709380 231
1709390 230
1709400 229
1709410 228
1709420 228
1709430 227
1709440 226
1709450 225
1709460 224
1709470 223
1709480 222
1709490 222
1709500 221
1709510 220
1709520 219
1709530 218
1709540 218
1709550 217
1709560 217
1709570 217
1709580 216
1709590 216
1709600 215
1709610 214
1709620 214
1709630 213
1709640 213
1709650 213
1709660 213
1709670 213
1709680 213
1709690 213
1709700 213
1709710 213
1709720 213
1709730 213
1709740 213
1709750 213
1709760 213
1709770 213
1709780 212
1709790 212
1709800 211
1709810 211
1709820 211
1709830 211
1709840 212
1709850 212
1709860 212
1709870 211
1709880 212
1709890 212
1709900 212
1709910 212
1709920 212
1709930 212
1709940 212
1709950 212
1709960 211
1709970 211
1709980 211
1709990 211
1710000 212
1710010 212
1710020 212
1710030 212
1710040 212
1710050 212
1710060 212
1710070 212
1710080 212
1710090 212
1710100 212
1710110 212
1710120 212
1710130 213
1710140 213
1710150 212
1710160 212
1710170 212
1710180 212
1710190 212
1710200 212
1710210 212
1710220 212
1710230 212
1710240 212
1710250 212
1710260 212
1710270 212
1710280 212
1710290 212
1710300 212
1710310 212
1710320 212
1710330 212
1710340 212
1710350 212
1710360 212
1710370 212
1710380 212
1710390 212
1710400 212
1710410 212
1710420 212
1710430 212
1710440 212
1710450 212
1710460 212
1710470 212
1710480 212
1710490 212
1710500 212
1710510 212
1710520 212
1710530 212
1710540 213
1710550 213
1710560 213
1710570 213
1710580 213
1710590 213
1710600 213
1710610 213
1710620 213
1710630 213
1710640 213
1710650 213
1710660 213
1710670 213
1710680 213
1710690 213
1710700 213
1710710 213
1710720 213
1710730 213
1710740 213
1710750 213
1710760 213
1710770 213
1710780 213
1710790 213
1710800 213
1710810 213
1710820 214
1710830 213
1710840 213
1710850 213
1710860 213
1710870 214
1710880 214
1710890 214
1710900 214
1710910 214
1710920 214
1710930 214
1710940 214
1710950 214
1710960 214
1710970 214
1710980 214
1710990 214
1711000 214
1711010 215
1711020 215
1711030 215
1711040 215
1711050 215
1711060 215
1711070 215
1711080 215
1711090 216
1711100 216
1711110 216
1711120 216
1711130 216
1711140 217
1711150 217
1711160 217
1711170 217
1711180 218
1711190 218
1711200 218
1711210 219
1711220 219
1711230 219
1711240 220
1711250 220
1711260 222
1711270 223
1711280 225
1711290 227
1711300 229
1711310 230
1711320 231
1711330 231
1711340 231
1711350 232
1711360 233
1711370 233
1711380 234
1711390 235
1711400 235
1711410 236
1711420 237
1711430 238
1711440 238
1711450 239
1711460 239
1711470 240
1711480 240
1711490 241
1711500 242
1711510 242
1711520 243
1711530 243
1711540 244
1711550 244
1711560 245
1711570 245
1711580 246
1711590 247
1711600 247
1711610 248
1711620 249
1711630 249
1711640 250
1711650 251
1711660 251
1711670 252
1711680 253
1711690 253
1711700 254
1711710 254
1711720 255
1711730 255
1711740 255
1711750 256
1711760 256
1711770 256
1711780 256
1711790 256
1711800 256
1711810 256
1711820 256
1711830 257
1711840 257
1711850 257
1711860 258
1711870 258
1711880 258
1711890 258
1711900 258
1711910 259
1711920 258
1711930 258
1711940 258
1711950 259
1711960 259
1711970 260
1711980 260
1711990 261
1712000 261
1712010 262
1712020 263
1712030 264
1712040 264
1712050 265
1712060 265
1712070 266
1712080 267
1712090 268
1712100 269
1712110 269
1712120 269
1712130 270
1712140 270
1712150 270
1712160 270
1712170 270
1712180 269
1712190 268
1712200 267
1712210 267
1712220 268
1712230 270
1712240 271
1712250 272
1712260 273
1712270 273
1712280 273
1712290 273
1712300 272
1712310 272
1712320 272
1712330 271
1712340 271
1712350 270
1712360 270
1712370 269
1712380 268
1712390 267
1712400 267
1712410 266
1712420 264
1712430 263
1712440 261
1712450 259
1712460 258
1712470 256
1712480 254
1712490 252
1712500 251
1712510 251
1712520 251
1712530 251
1712540 251
1712550 251
1712560 251
1712570 251
1712580 252
1712590 252
1712600 252
1712610 252
1712620 253
1712630 253
1712640 254
1712650 255
1712660 256
1712670 257
1712680 258
1712690 259
1712700 260
1712710 261
1712720 263
1712730 264
1712740 265
1712750 266
1712760 267
1712770 268
1712780 269
1712790 270
1712800 271
1712810 272
1712820 273
1712830 274
1712840 276
1712850 278
1712860 279
1712870 281
1712880 282
1712890 283
1712900 284
1712910 285
1712920 286
1712930 287
1712940 288
1712950 289
1712960 289
1712970 290
1712980 290
1712990 290
1713000 290
1713010 290
1713020 291
1713030 291
1713040 291
1713050 291
1713060 291
1713070 291
1713080 291
1713090 291
1713100 291
1713110 292
1713120 292
1713130 292
1713140 292
1713150 292
1713160 292
1713170 292
1713180 292
1713190 292
1713200 292
1713210 292
1713220 292
1713230 293
1713240 293
1713250 293
1713260 293
1713270 293
1713280 293
1713290 292
1713300 291
1713310 290
1713320 289
1713330 288
1713340 287
1713350 287
1713360 286
1713370 285
1713380 284
1713390 284
1713400 283
1713410 282
1713420 281
1713430 281
1713440 281
1713450 282
1713460 282
1713470 282
1713480 282
1713490 283
1713500 283
1713510 282
1713520 283
1713530 283
1713540 283
1713550 283
1713560 283
1713570 283
1713580 284
1713590 284
1713600 284
1713610 284
1713620 285
1713630 286
1713640 286
1713650 286
1713660 287
1713670 287
1713680 287
1713690 287
1713700 287
1713710 288
1713720 288
1713730 288
1713740 289
1713750 289
1713760 289
1713770 290
1713780 290
1713790 290
1713800 291
1713810 291
1713820 291
1713830 292
1713840 293
1713850 295
1713860 296
1713870 297
1713880 297
1713890 298
1713900 298
1713910 299
1713920 299
1713930 300
1713940 302
1713950 302
1713960 302
1713970 303
1713980 303
1713990 303
1714000 303
1714010 304
1714020 305
1714030 306
1714040 308
1714050 309
1714060 310
1714070 312
1714080 313
1714090 315
1714100 316
1714110 318
1714120 319
1714130 320
1714140 322
1714150 323
1714160 325
1714170 326
1714180 327
1714190 329
1714200 331
1714210 333
1714220 334
1714230 335
1714240 336
1714250 336
1714260 337
1714270 338
1714280 339
1714290 340
1714300 342
1714310 342
1714320 343
1714330 344
1714340 345
1714350 346
1714360 346
1714370 347
1714380 348
1714390 348
1714400 349
1714410 350
1714420 350
1714430 351
1714440 351
1714450 352
1714460 352
1714470 353
1714480 353
1714490 354
1714500 354
1714510 355
1714520 355
1714530 356
1714540 356
1714550 357
1714560 358
1714570 358
1714580 359
1714590 360
1714600 360
1714610 360
1714620 360
1714630 360
1714640 360
1714650 360
1714660 360
1714670 360
1714680 359
1714690 359
1714700 358
1714710 358
1714720 357
1714730 356
1714740 356
1714750 355
1714760 355
1714770 354
1714780 353
1714790 352
1714800 351
1714810 351
1714820 350
1714830 348
1714840 347
1714850 346
1714860 345
1714870 344
1714880 343
1714890 342
1714900 341
1714910 340
1714920 340
1714930 339
1714940 338
1714950 337
1714960 335
1714970 335
1714980 334
1714990 333
1715000 333
1715010 332
1715020 331
1715030 330
1715040 329
1715050 327
1715060 326
1715070 325
1715080 324
1715090 323
1715100 323
1715110 322
1715120 322
1715130 321
1715140 320
1715150 320
1715160 319
1715170 318
1715180 317
1715190 317
1715200 316
1715210 315
1715220 314
1715230 314
1715240 312
1715250 311
1715260 310
1715270 309
1715280 309
1715290 308
1715300 307
1715310 306
1715320 305
1715330 304
1715340 302
1715350 301
1715360 300
1715370 299
1715380 298
1715390 297
1715400 296
1715410 295
1715420 295
1715430 294
1715440 294
1715450 294
1715460 294
1715470 293
1715480 293
1715490 293
1715500 293
1715510 293
1715520 293
1715530 293
1715540 292
1715550 292
1715560 292
1715570 292
1715580 291
1715590 290
1715600 290
1715610 289
1715620 288
1715630 287
1715640 286
1715650 285
1715660 285
1715670 284
1715680 283
1715690 281
1715700 280
1715710 278
1715720 276
1715730 274
1715740 272
1715750 270
1715760 267
1715770 266
1715780 265
1715790 264
1715800 264
1715810 263
1715820 262
1715830 259
1715840 258
1715850 258
1715860 258
1715870 259
1715880 259
1715890 259
1715900 260
1715910 261
1715920 261
1715930 262
1715940 263
1715950 263
1715960 264
1715970 264
1715980 264
1715990 265
1716000 265
1716010 265
1716020 265
1716030 265
1716040 265
1716050 265
1716060 265
1716070 264
1716080 264
1716090 264
1716100 263
1716110 264
1716120 264
1716130 266
1716140 266
1716150 266
1716160 266
1716170 266
1716180 266
1716190 266
1716200 266
1716210 266
1716220 267
1716230 267
1716240 267
1716250 267
1716260 267
1716270 267
1716280 267
1716290 267
1716300 267
1716310 267
1716320 267
1716330 266
1716340 266
1716350 266
1716360 267
1716370 267
1716380 267
1716390 267
1716400 267
1716410 267
1716420 267
1716430 267
1716440 267
1716450 267
1716460 267
1716470 267
1716480 268
1716490 268
1716500 269
1716510 269
1716520 269
1716530 269
1716540 270
1716550 270
1716560 270
1716570 270
1716580 270
1716590 271
1716600 271
1716610 271
1716620 272
1716630 272
1716640 272
1716650 273
1716660 273
1716670 273
1716680 272
1716690 272
1716700 272
1716710 272
1716720 273
1716730 273
1716740 273
1716750 274
1716760 274
1716770 273
1716780 273
1716790 273
1716800 273
1716810 272
1716820 272
1716830 272
1716840 272
1716850 273
1716860 274
1716870 275
1716880 277
1716890 278
1716900 280
1716910 281
1716920 283
1716930 285
1716940 287
1716950 288
1716960 290
1716970 292
1716980 295
1716990 298
1717000 300
1717010 302
1717020 303
1717030 304
1717040 306
1717050 307
1717060 308
1717070 310
1717080 311
1717090 312
1717100 312
1717110 313
1717120 314
1717130 315
1717140 316
1717150 316
1717160 317
1717170 317
1717180 318
1717190 318
1717200 319
1717210 320
1717220 321
1717230 322
1717240 323
1717250 324
1717260 324
1717270 324
1717280 324
1717290 324
1717300 324
1717310 324
1717320 324
1717330 324
1717340 324
1717350 324
1717360 324
1717370 324
1717380 324
1717390 324
1717400 323
1717410 323
1717420 323
1717430 323
1717440 323
1717450 323
1717460 323
1717470 324
1717480 324
1717490 324
1717500 324
1717510 324
1717520 325
1717530 325
1717540 326
1717550 326
1717560 327
1717570 328
1717580 329
1717590 329
1717600 330
1717610 331
1717620 332
1717630 333
1717640 334
1717650 335
1717660 336
1717670 338
1717680 339
1717690 340
1717700 341
1717710 343
1717720 344
1717730 345
1717740 346
1717750 348
1717760 349
1717770 350
1717780 351
1717790 352
1717800 352
1717810 353
1717820 353
1717830 354
1717840 354
1717850 355
1717860 355
1717870 356
1717880 356
1717890 357
1717900 357
1717910 358
1717920 358
1717930 358
1717940 359
1717950 359
1717960 360
1717970 360
1717980 360
1717990 360
1718000 361
1718010 361
1718020 362
1718030 362
1718040 362
1718050 363
1718060 363
1718070 363
1718080 364
1718090 364
1718100 365
1718110 365
1718120 366
1718130 366
1718140 366
1718150 367
1718160 367
1718170 368
1718180 368
1718190 368
1718200 369
1718210 369
1718220 369
1718230 370
1718240 370
1718250 370
1718260 371
1718270 371
1718280 372
1718290 372
1718300 372
1718310 373
1718320 373
1718330 373
1718340 374
1718350 374
1718360 374
1718370 375
1718380 375
1718390 376
1718400 376
1718410 377
1718420 377
1718430 377
1718440 378
1718450 378
1718460 378
1718470 379
1718480 379
1718490 379
1718500 379
1718510 380
1718520 380
1718530 380
1718540 380
1718550 381
1718560 381
1718570 381
1718580 382
1718590 382
1718600 382
1718610 382
1718620 383
1718630 383
1718640 383
1718650 383
1718660 383
1718670 384
1718680 384
1718690 384
1718700 384
1718710 385
1718720 385
1718730 385
1718740 385
1718750 385
1718760 386
1718770 386
1718780 386
1718790 386
1718800 387
1718810 387
1718820 387
1718830 388
1718840 388
1718850 388
1718860 388
1718870 388
1718880 389
1718890 389
1718900 389
1718910 389
1718920 389
1718930 390
1718940 390
1718950 390
1718960 390
1718970 390
1718980 390
1718990 390
1719000 391
1719010 391
1719020 391
1719030 391
1719040 391
1719050 391
1719060 391
1719070 391
1719080 391
1719090 391
1719100 391
1719110 391
1719120 391
1719130 391
1719140 391
1719150 391
1719160 392
1719170 392
1719180 392
1719190 392
1719200 392
1719210 392
1719220 392
1719230 392
1719240 392
1719250 392
1719260 392
1719270 392
1719280 392
1719290 392
1719300 392
1719310 391
1719320 391
1719330 391
1719340 391
1719350 391
1719360 391
1719370 391
1719380 390
1719390 390
1719400 390
1719410 390
1719420 390
1719430 391
1719440 391
1719450 391
1719460 391
1719470 391
1719480 392
1719490 392
1719500 392
1719510 392
1719520 393
1719530 393
1719540 394
1719550 394
1719560 394
1719570 394
1719580 394
1719590 394
1719600 394
1719610 394
1719620 394
1719630 394
1719640 394
1719650 393
1719660 393
1719670 393
1719680 392
1719690 392
1719700 392
1719710 392
1719720 392
1719730 392
1719740 392
1719750 392
1719760 391
1719770 391
1719780 391
1719790 391
1719800 390
1719810 390
1719820 390
1719830 389
1719840 389
1719850 388
1719860 387
1719870 386
1719880 384
1719890 382
1719900 379
1719910 377
1719920 375
1719930 374
1719940 373
1719950 371
1719960 370
1719970 370
1719980 369
1719990 368
