1700000 261
1700010 261
1700020 261
1700030 261
1700040 261
1700050 261
1700060 261
1700070 261
1700080 261
1700090 261
1700100 261
1700110 261
1700120 261
1700130 262
1700140 262
1700150 262
1700160 262
1700170 263
1700180 263
1700190 263
1700200 264
1700210 264
1700220 264
1700230 265
1700240 265
1700250 266
1700260 266
1700270 266
1700280 266
1700290 267
1700300 267
1700310 267
1700320 267
1700330 267
1700340 267
1700350 266
1700360 266
1700370 266
1700380 266
1700390 266
1700400 266
1700410 266
1700420 266
1700430 266
1700440 266
1700450 266
1700460 266
1700470 266
1700480 266
1700490 266
1700500 266
1700510 266
1700520 266
1700530 266
1700540 266
1700550 266
1700560 266
1700570 266
1700580 266
1700590 266
1700600 266
1700610 266
1700620 266
1700630 266
1700640 266
1700650 266
1700660 266
1700670 266
1700680 266
1700690 266
1700700 266
1700710 266
1700720 266
1700730 266
1700740 266
1700750 266
1700760 266
1700770 265
1700780 264
1700790 264
1700800 264
1700810 265
1700820 265
1700830 265
1700840 264
1700850 264
1700860 264
1700870 265
1700880 265
1700890 265
1700900 266
1700910 267
1700920 268
1700930 268
1700940 268
1700950 268
1700960 268
1700970 268
1700980 268
1700990 268
1701000 268
1701010 268
1701020 268
1701030 268
1701040 268
1701050 267
1701060 267
1701070 267
1701080 267
1701090 267
1701100 267
1701110 267
1701120 267
1701130 267
1701140 267
1701150 267
1701160 267
1701170 267
1701180 267
1701190 267
1701200 267
1701210 266
1701220 266
1701230 266
1701240 266
1701250 266
1701260 265
1701270 265
1701280 264
1701290 263
1701300 263
1701310 262
1701320 261
1701330 261
1701340 260
1701350 259
1701360 257
1701370 259
1701380 261
1701390 262
1701400 262
1701410 262
1701420 263
1701430 263
1701440 263
1701450 263
1701460 264
1701470 264
1701480 264
1701490 264
1701500 264
1701510 264
1701520 265
1701530 265
1701540 265
1701550 265
1701560 266
1701570 266
1701580 266
1701590 267
1701600 267
1701610 267
1701620 268
1701630 268
1701640 268
1701650 269
1701660 269
1701670 269
1701680 270
1701690 270
1701700 270
1701710 270
1701720 271
1701730 271
1701740 271
1701750 272
1701760 272
1701770 272
1701780 272
1701790 272
1701800 272
1701810 273
1701820 273
1701830 273
1701840 273
1701850 274
1701860 274
1701870 274
1701880 274
1701890 273
1701900 272
1701910 272
1701920 271
1701930 269
1701940 268
1701950 268
1701960 267
1701970 266
1701980 266
1701990 266
1702000 265
1702010 265
1702020 266
1702030 266
1702040 266
1702050 266
1702060 265
1702070 265
1702080 264
1702090 263
1702100 262
1702110 261
1702120 259
1702130 258
1702140 256
1702150 254
1702160 253
1702170 252
1702180 252
1702190 251
1702200 250
1702210 249
1702220 248
1702230 247
1702240 247
1702250 245
1702260 244
1702270 243
1702280 241
1702290 239
1702300 235
1702310 233
1702320 231
1702330 229
1702340 226
1702350 223
1702360 222
1702370 221
1702380 220
1702390 220
1702400 219
1702410 217
1702420 217
1702430 215
1702440 214
1702450 213
1702460 213
1702470 213
1702480 213
1702490 213
1702500 212
1702510 212
1702520 212
1702530 211
1702540 211
1702550 211
1702560 211
1702570 211
1702580 211
1702590 211
1702600 211
1702610 211
1702620 211
1702630 211
1702640 211
1702650 211
1702660 211
1702670 211
1702680 211
1702690 211
1702700 211
1702710 211
1702720 211
1702730 211
1702740 211
1702750 211
1702760 211
1702770 211
1702780 211
1702790 211
1702800 211
1702810 211
1702820 212
1702830 212
1702840 212
1702850 212
1702860 212
1702870 210
1702880 208
1702890 207
1702900 207
1702910 209
1702920 211
1702930 211
1702940 211
1702950 210
1702960 210
1702970 210
1702980 210
1702990 209
1703000 209
1703010 209
1703020 209
1703030 209
1703040 209
1703050 209
1703060 209
1703070 209
1703080 209
1703090 209
1703100 209
1703110 210
1703120 210
1703130 210
1703140 210
1703150 210
1703160 210
1703170 210
1703180 210
1703190 210
1703200 210
1703210 210
1703220 210
1703230 210
1703240 210
1703250 210
1703260 210
1703270 209
1703280 209
1703290 209
1703300 209
1703310 209
1703320 209
1703330 209
1703340 209
1703350 208
1703360 208
1703370 208
1703380 208
1703390 208
1703400 208
1703410 208
1703420 208
1703430 208
1703440 207
1703450 207
1703460 207
1703470 206
1703480 206
1703490 206
1703500 206
1703510 206
1703520 206
1703530 206
1703540 206
1703550 206
1703560 206
1703570 206
1703580 206
1703590 206
1703600 206
1703610 206
1703620 206
1703630 206
1703640 206
1703650 206
1703660 206
1703670 206
1703680 206
1703690 206
1703700 206
1703710 206
1703720 206
1703730 206
1703740 206
1703750 206
1703760 206
1703770 206
1703780 206
1703790 206
1703800 206
1703810 206
1703820 206
1703830 206
1703840 206
1703850 206
1703860 206
1703870 206
1703880 206
1703890 206
1703900 206
1703910 206
1703920 206
1703930 206
1703940 206
1703950 206
1703960 206
1703970 206
1703980 206
1703990 206
1704000 206
1704010 206
1704020 206
1704030 206
1704040 206
1704050 206
1704060 206
1704070 206
1704080 206
1704090 206
1704100 206
1704110 206
1704120 206
1704130 206
1704140 206
1704150 206
1704160 206
1704170 206
1704180 206
1704190 206
1704200 206
1704210 206
1704220 206
1704230 206
1704240 206
1704250 206
1704260 206
1704270 206
1704280 206
1704290 206
1704300 206
1704310 206
1704320 206
1704330 206
1704340 206
1704350 206
1704360 206
1704370 206
1704380 206
1704390 206
1704400 206
1704410 206
1704420 206
1704430 206
1704440 206
1704450 206
1704460 206
1704470 206
1704480 206
1704490 206
1704500 206
1704510 206
1704520 206
1704530 206
1704540 206
1704550 206
1704560 206
1704570 206
1704580 206
1704590 206
1704600 206
1704610 205
1704620 205
1704630 205
1704640 204
1704650 204
1704660 204
1704670 205
1704680 207
1704690 208
1704700 208
1704710 209
1704720 209
1704730 209
1704740 209
1704750 209
1704760 209
1704770 208
1704780 206
1704790 204
1704800 203
1704810 203
1704820 203
1704830 203
1704840 203
1704850 203
1704860 203
1704870 203
1704880 203
1704890 203
1704900 203
1704910 203
1704920 203
1704930 203
1704940 203
1704950 203
1704960 203
1704970 203
1704980 203
1704990 203
1705000 203
1705010 203
1705020 203
1705030 203
1705040 203
1705050 203
1705060 203
1705070 203
1705080 203
1705090 203
1705100 203
1705110 203
1705120 203
1705130 203
1705140 203
1705150 203
1705160 203
1705170 203
1705180 203
1705190 203
1705200 203
1705210 203
1705220 203
1705230 203
1705240 203
1705250 203
1705260 203
1705270 203
1705280 203
1705290 203
1705300 203
1705310 203
1705320 203
1705330 203
1705340 203
1705350 203
1705360 203
1705370 203
1705380 203
1705390 203
1705400 203
1705410 203
1705420 203
1705430 203
1705440 203
1705450 203
1705460 203
1705470 203
1705480 203
1705490 203
1705500 203
1705510 203
1705520 203
1705530 203
1705540 203
1705550 203
1705560 203
1705570 203
1705580 203
1705590 204
1705600 206
1705610 207
1705620 209
1705630 210
1705640 211
1705650 212
1705660 213
1705670 214
1705680 215
1705690 215
1705700 215
1705710 215
1705720 215
1705730 214
1705740 213
1705750 212
1705760 211
1705770 210
1705780 209
1705790 208
1705800 208
1705810 208
1705820 208
1705830 208
1705840 208
1705850 208
1705860 208
1705870 207
1705880 207
1705890 207
1705900 208
1705910 208
1705920 208
1705930 208
1705940 208
1705950 208
1705960 208
1705970 207
1705980 207
1705990 208
1706000 208
1706010 208
1706020 208
1706030 208
1706040 208
1706050 208
1706060 208
1706070 208
1706080 208
1706090 208
1706100 208
1706110 208
1706120 208
1706130 208
1706140 208
1706150 208
1706160 208
1706170 208
1706180 208
1706190 209
1706200 209
1706210 209
1706220 208
1706230 208
1706240 208
1706250 208
1706260 208
1706270 208
1706280 208
1706290 208
1706300 209
1706310 210
1706320 210
1706330 210
1706340 210
1706350 210
1706360 210
1706370 210
1706380 209
1706390 209
1706400 208
1706410 208
1706420 207
1706430 207
1706440 206
1706450 206
1706460 206
1706470 206
1706480 206
1706490 206
1706500 206
1706510 207
1706520 208
1706530 209
1706540 209
1706550 209
1706560 210
1706570 210
1706580 211
1706590 211
1706600 211
1706610 211
1706620 211
1706630 211
1706640 211
1706650 212
1706660 213
1706670 215
1706680 217
1706690 221
1706700 226
1706710 231
1706720 236
1706730 240
1706740 244
1706750 246
1706760 247
1706770 248
1706780 248
1706790 249
1706800 249
1706810 250
1706820 250
1706830 251
1706840 251
1706850 251
1706860 252
1706870 253
1706880 253
1706890 253
1706900 253
1706910 253
1706920 253
1706930 253
1706940 253
1706950 253
1706960 255
1706970 256
1706980 257
1706990 257
1707000 257
1707010 257
1707020 257
1707030 257
1707040 259
1707050 261
1707060 262
1707070 262
1707080 263
1707090 265
1707100 267
1707110 267
1707120 267
1707130 266
1707140 267
1707150 266
1707160 266
1707170 266
1707180 266
1707190 267
1707200 267
1707210 267
1707220 267
1707230 267
1707240 267
1707250 267
1707260 267
1707270 267
1707280 267
1707290 267
1707300 267
1707310 267
1707320 267
1707330 267
1707340 267
1707350 267
1707360 267
1707370 267
1707380 267
1707390 267
1707400 267
1707410 267
1707420 267
1707430 267
1707440 267
1707450 267
1707460 267
1707470 266
1707480 266
1707490 265
1707500 265
1707510 265
1707520 266
1707530 267
1707540 268
1707550 268
1707560 267
1707570 267
1707580 267
1707590 267
1707600 267
1707610 267
1707620 267
1707630 267
1707640 267
1707650 267
1707660 267
1707670 267
1707680 266
1707690 266
1707700 266
1707710 266
1707720 266
1707730 266
1707740 266
1707750 266
1707760 265
1707770 266
1707780 266
1707790 265
1707800 264
1707810 262
1707820 261
1707830 262
1707840 263
1707850 264
1707860 265
1707870 265
1707880 265
1707890 265
1707900 265
1707910 265
1707920 265
1707930 265
1707940 265
1707950 265
1707960 265
1707970 264
1707980 264
1707990 264
1708000 264
1708010 264
1708020 264
1708030 264
1708040 263
1708050 263
1708060 263
1708070 262
1708080 262
1708090 262
1708100 262
1708110 262
1708120 262
1708130 262
1708140 262
1708150 261
1708160 261
1708170 260
1708180 260
1708190 260
1708200 260
1708210 260
1708220 259
1708230 259
1708240 259
1708250 258
1708260 258
1708270 258
1708280 258
1708290 258
1708300 257
1708310 257
1708320 257
1708330 257
1708340 256
1708350 256
1708360 255
1708370 255
1708380 254
1708390 254
1708400 254
1708410 254
1708420 254
1708430 254
1708440 254
1708450 254
1708460 254
1708470 254
1708480 254
1708490 254
1708500 254
1708510 254
1708520 254
1708530 254
1708540 255
1708550 257
1708560 258
1708570 256
1708580 254
1708590 253
1708600 253
1708610 253
1708620 253
1708630 253
1708640 253
1708650 253
1708660 253
1708670 253
1708680 252
1708690 251
1708700 251
1708710 251
1708720 251
1708730 250
1708740 249
1708750 248
1708760 247
1708770 247
1708780 247
1708790 246
1708800 246
1708810 246
1708820 245
1708830 245
1708840 245
1708850 244
1708860 244
1708870 244
1708880 243
1708890 243
1708900 243
1708910 244
1708920 243
1708930 243
1708940 243
1708950 243
1708960 243
1708970 243
1708980 243
1708990 243
1709000 243
1709010 243
1709020 243
1709030 243
1709040 243
1709050 243
1709060 243
1709070 243
1709080 244
1709090 244
1709100 244
1709110 244
1709120 244
1709130 244
1709140 244
1709150 244
1709160 244
1709170 244
1709180 244
1709190 243
1709200 243
1709210 243
1709220 243
1709230 243
1709240 243
1709250 242
1709260 242
1709270 242
1709280 241
1709290 241
1709300 241
1709310 241
1709320 240
1709330 240
1709340 240
1709350 239
1709360 239
1709370 239
1709380 239
1709390 239
1709400 239
1709410 239
1709420 239
1709430 238
1709440 238
1709450 238
1709460 238
1709470 238
1709480 238
1709490 238
1709500 238
1709510 238
1709520 238
1709530 239
1709540 239
1709550 239
1709560 240
1709570 240
1709580 240
1709590 240
1709600 240
1709610 241
1709620 241
1709630 241
1709640 241
1709650 241
1709660 241
1709670 241
1709680 240
1709690 240
1709700 240
1709710 240
1709720 241
1709730 241
1709740 241
1709750 240
1709760 238
1709770 234
1709780 228
1709790 221
1709800 214
1709810 212
1709820 211
1709830 210
1709840 210
1709850 209
1709860 208
1709870 208
1709880 208
1709890 208
1709900 209
1709910 210
1709920 211
1709930 211
1709940 211
1709950 211
1709960 211
1709970 211
1709980 211
1709990 211
1710000 211
1710010 211
1710020 211
1710030 211
1710040 211
1710050 212
1710060 212
1710070 212
1710080 213
1710090 213
1710100 214
1710110 214
1710120 214
1710130 214
1710140 214
1710150 214
1710160 213
1710170 213
1710180 213
1710190 213
1710200 212
1710210 212
1710220 212
1710230 212
1710240 212
1710250 212
1710260 212
1710270 212
1710280 212
1710290 212
1710300 212
1710310 212
1710320 212
1710330 212
1710340 212
1710350 212
1710360 212
1710370 212
1710380 212
1710390 212
1710400 212
1710410 212
1710420 212
1710430 212
1710440 212
1710450 212
1710460 212
1710470 212
1710480 212
1710490 212
1710500 212
1710510 213
1710520 213
1710530 213
1710540 213
1710550 214
1710560 214
1710570 214
1710580 214
1710590 214
1710600 214
1710610 214
1710620 214
1710630 214
1710640 214
1710650 214
1710660 214
1710670 214
1710680 214
1710690 214
1710700 215
1710710 215
1710720 215
1710730 215
1710740 215
1710750 215
1710760 215
1710770 216
1710780 216
1710790 216
1710800 216
1710810 216
1710820 215
1710830 215
1710840 215
1710850 215
1710860 216
1710870 216
1710880 216
1710890 216
1710900 216
1710910 216
1710920 216
1710930 216
1710940 216
1710950 216
1710960 216
1710970 217
1710980 217
1710990 218
1711000 219
1711010 220
1711020 220
1711030 220
1711040 221
1711050 222
1711060 224
1711070 225
1711080 225
1711090 225
1711100 225
1711110 226
1711120 226
1711130 227
1711140 228
1711150 228
1711160 228
1711170 228
1711180 228
1711190 229
1711200 231
1711210 232
1711220 232
1711230 232
1711240 233
1711250 233
1711260 233
1711270 233
1711280 234
1711290 234
1711300 234
1711310 234
1711320 235
1711330 236
1711340 236
1711350 237
1711360 237
1711370 238
1711380 238
1711390 238
1711400 239
1711410 239
1711420 240
1711430 241
1711440 242
1711450 242
1711460 243
1711470 244
1711480 245
1711490 246
1711500 247
1711510 247
1711520 248
1711530 249
1711540 250
1711550 252
1711560 253
1711570 254
1711580 255
1711590 256
1711600 257
1711610 258
1711620 259
1711630 260
1711640 262
1711650 263
1711660 264
1711670 265
1711680 266
1711690 267
1711700 269
1711710 270
1711720 271
1711730 272
1711740 273
1711750 274
1711760 275
1711770 276
1711780 277
1711790 278
1711800 279
1711810 279
1711820 280
1711830 281
1711840 283
1711850 284
1711860 285
1711870 286
1711880 286
1711890 287
1711900 288
1711910 289
1711920 290
1711930 291
1711940 291
1711950 292
1711960 292
1711970 293
1711980 293
1711990 294
1712000 294
1712010 294
1712020 294
1712030 294
1712040 294
1712050 293
1712060 293
1712070 293
1712080 293
1712090 292
1712100 292
1712110 292
1712120 291
1712130 291
1712140 290
1712150 290
1712160 290
1712170 290
1712180 289
1712190 289
1712200 289
1712210 288
1712220 288
1712230 288
1712240 287
1712250 287
1712260 286
1712270 286
1712280 286
1712290 285
1712300 284
1712310 284
1712320 283
1712330 283
1712340 283
1712350 282
1712360 282
1712370 281
1712380 281
1712390 280
1712400 280
1712410 279
1712420 279
1712430 278
1712440 278
1712450 277
1712460 276
1712470 276
1712480 276
1712490 276
1712500 276
1712510 276
1712520 276
1712530 276
1712540 276
1712550 276
1712560 276
1712570 276
1712580 276
1712590 275
1712600 275
1712610 275
1712620 274
1712630 274
1712640 273
1712650 272
1712660 270
1712670 270
1712680 269
1712690 268
1712700 268
1712710 267
1712720 267
1712730 266
1712740 266
1712750 266
1712760 265
1712770 265
1712780 264
1712790 264
1712800 265
1712810 267
1712820 269
1712830 271
1712840 272
1712850 272
1712860 272
1712870 272
1712880 272
1712890 273
1712900 273
1712910 273
1712920 274
1712930 275
1712940 276
1712950 277
1712960 277
1712970 278
1712980 279
1712990 280
1713000 280
1713010 281
1713020 282
1713030 283
1713040 283
1713050 283
1713060 282
1713070 280
1713080 278
1713090 278
1713100 278
1713110 279
1713120 280
1713130 280
1713140 281
1713150 282
1713160 283
1713170 283
1713180 284
1713190 285
1713200 285
1713210 286
1713220 287
1713230 287
1713240 288
1713250 289
1713260 289
1713270 290
1713280 290
1713290 291
1713300 291
1713310 292
1713320 293
1713330 293
1713340 294
1713350 294
1713360 295
1713370 296
1713380 297
1713390 299
1713400 302
1713410 306
1713420 308
1713430 309
1713440 308
1713450 307
1713460 307
1713470 310
1713480 312
1713490 315
1713500 316
1713510 317
1713520 317
1713530 318
1713540 319
1713550 319
1713560 319
1713570 320
1713580 320
1713590 320
1713600 320
1713610 320
1713620 320
1713630 321
1713640 321
1713650 321
1713660 321
1713670 321
1713680 322
1713690 322
1713700 322
1713710 322
1713720 322
1713730 323
1713740 323
1713750 323
1713760 323
1713770 323
1713780 323
1713790 323
1713800 323
1713810 323
1713820 323
1713830 322
1713840 322
1713850 321
1713860 320
1713870 320
1713880 319
1713890 318
1713900 317
1713910 316
1713920 316
1713930 315
1713940 314
1713950 314
1713960 315
1713970 316
1713980 317
1713990 318
1714000 319
1714010 320
1714020 321
1714030 323
1714040 325
1714050 326
1714060 328
1714070 329
1714080 330
1714090 332
1714100 333
1714110 334
1714120 336
1714130 337
1714140 338
1714150 339
1714160 341
1714170 342
1714180 343
1714190 344
1714200 345
1714210 346
1714220 347
1714230 348
1714240 349
1714250 350
1714260 351
1714270 352
1714280 353
1714290 354
1714300 355
1714310 356
1714320 357
1714330 357
1714340 358
1714350 359
1714360 360
1714370 361
1714380 361
1714390 362
1714400 363
1714410 363
1714420 364
1714430 364
1714440 365
1714450 365
1714460 365
1714470 366
1714480 366
1714490 367
1714500 368
1714510 368
1714520 368
1714530 369
1714540 369
1714550 370
1714560 370
1714570 370
1714580 371
1714590 371
1714600 372
1714610 372
1714620 372
1714630 373
1714640 373
1714650 374
1714660 374
1714670 375
1714680 375
1714690 376
1714700 376
1714710 376
1714720 376
1714730 376
1714740 376
1714750 376
1714760 376
1714770 376
1714780 375
1714790 375
1714800 375
1714810 374
1714820 374
1714830 374
1714840 373
1714850 373
1714860 372
1714870 371
1714880 370
1714890 369
1714900 369
1714910 368
1714920 367
1714930 366
1714940 365
1714950 364
1714960 363
1714970 362
1714980 361
1714990 360
1715000 359
1715010 358
1715020 357
1715030 355
1715040 353
1715050 352
1715060 351
1715070 350
1715080 348
1715090 346
1715100 344
1715110 343
1715120 342
1715130 341
1715140 340
1715150 338
1715160 336
1715170 334
1715180 332
1715190 331
1715200 330
1715210 328
1715220 327
1715230 326
1715240 324
1715250 323
1715260 322
1715270 320
1715280 319
1715290 317
1715300 316
1715310 315
1715320 313
1715330 312
1715340 310
1715350 308
1715360 306
1715370 305
1715380 303
1715390 301
1715400 300
1715410 298
1715420 296
1715430 295
1715440 293
1715450 292
1715460 290
1715470 289
1715480 287
1715490 286
1715500 285
1715510 284
1715520 282
1715530 280
1715540 278
1715550 276
1715560 275
1715570 274
1715580 273
1715590 272
1715600 271
1715610 270
1715620 269
1715630 269
1715640 270
1715650 270
1715660 271
1715670 272
1715680 272
1715690 273
1715700 273
1715710 273
1715720 274
1715730 274
1715740 275
1715750 275
1715760 275
1715770 275
1715780 275
1715790 275
1715800 275
1715810 276
1715820 276
1715830 276
1715840 277
1715850 277
1715860 278
1715870 278
1715880 278
1715890 279
1715900 280
1715910 280
1715920 281
1715930 282
1715940 283
1715950 283
1715960 284
1715970 285
1715980 286
1715990 287
1716000 288
1716010 289
1716020 290
1716030 291
1716040 293
1716050 294
1716060 295
1716070 295
1716080 295
1716090 295
1716100 295
1716110 295
1716120 294
1716130 294
1716140 293
1716150 293
1716160 293
1716170 293
1716180 293
1716190 292
1716200 292
1716210 292
1716220 292
1716230 292
1716240 292
1716250 291
1716260 291
1716270 290
1716280 290
1716290 289
1716300 289
1716310 289
1716320 289
1716330 290
1716340 290
1716350 290
1716360 291
1716370 291
1716380 291
1716390 291
1716400 291
1716410 291
1716420 291
1716430 291
1716440 291
1716450 291
1716460 291
1716470 290
1716480 290
1716490 290
1716500 290
1716510 290
1716520 290
1716530 290
1716540 291
1716550 291
1716560 291
1716570 291
1716580 291
1716590 291
1716600 291
1716610 292
1716620 292
1716630 292
1716640 292
1716650 292
1716660 293
1716670 293
1716680 294
1716690 294
1716700 294
1716710 294
1716720 294
1716730 294
1716740 294
1716750 294
1716760 295
1716770 295
1716780 295
1716790 296
1716800 296
1716810 296
1716820 296
1716830 297
1716840 297
1716850 298
1716860 299
1716870 299
1716880 300
1716890 300
1716900 300
1716910 300
1716920 300
1716930 300
1716940 300
1716950 301
1716960 301
1716970 301
1716980 300
1716990 300
1717000 299
1717010 298
1717020 297
1717030 294
1717040 289
1717050 289
1717060 291
1717070 294
1717080 297
1717090 299
1717100 301
1717110 305
1717120 308
1717130 312
1717140 315
1717150 319
1717160 322
1717170 325
1717180 327
1717190 329
1717200 331
1717210 333
1717220 334
1717230 336
1717240 337
1717250 338
1717260 339
1717270 339
1717280 340
1717290 341
1717300 341
1717310 341
1717320 342
1717330 342
1717340 342
1717350 342
1717360 342
1717370 342
1717380 342
1717390 342
1717400 342
1717410 342
1717420 342
1717430 342
1717440 342
1717450 343
1717460 343
1717470 343
1717480 343
1717490 343
1717500 343
1717510 344
1717520 344
1717530 344
1717540 344
1717550 344
1717560 345
1717570 345
1717580 345
1717590 345
1717600 345
1717610 346
1717620 346
1717630 346
1717640 346
1717650 346
1717660 347
1717670 347
1717680 347
1717690 348
1717700 348
1717710 348
1717720 349
1717730 349
1717740 349
1717750 349
1717760 349
1717770 349
1717780 349
1717790 350
1717800 350
1717810 350
1717820 350
1717830 350
1717840 351
1717850 351
1717860 351
1717870 351
1717880 351
1717890 351
1717900 352
1717910 352
1717920 352
1717930 352
1717940 352
1717950 353
1717960 353
1717970 353
1717980 353
1717990 353
1718000 354
1718010 354
1718020 354
1718030 354
1718040 354
1718050 354
1718060 354
1718070 355
1718080 355
1718090 356
1718100 356
1718110 357
1718120 357
1718130 358
1718140 358
1718150 359
1718160 359
1718170 360
1718180 360
1718190 361
1718200 361
1718210 362
1718220 362
1718230 363
1718240 363
1718250 364
1718260 364
1718270 365
1718280 365
1718290 365
1718300 366
1718310 366
1718320 366
1718330 366
1718340 367
1718350 367
1718360 367
1718370 368
1718380 368
1718390 369
1718400 369
1718410 370
1718420 371
1718430 371
1718440 372
1718450 372
1718460 373
1718470 373
1718480 374
1718490 374
1718500 375
1718510 375
1718520 376
1718530 376
1718540 377
1718550 377
1718560 378
1718570 378
1718580 379
1718590 379
1718600 380
1718610 380
1718620 380
1718630 381
1718640 381
1718650 382
1718660 383
1718670 383
1718680 384
1718690 384
1718700 385
1718710 385
1718720 386
1718730 386
1718740 387
1718750 387
1718760 388
1718770 388
1718780 389
1718790 389
1718800 390
1718810 390
1718820 390
1718830 391
1718840 391
1718850 391
1718860 392
1718870 392
1718880 392
1718890 392
1718900 393
1718910 393
1718920 393
1718930 393
1718940 393
1718950 393
1718960 394
1718970 394
1718980 394
1718990 394
1719000 394
1719010 395
1719020 395
1719030 395
1719040 395
1719050 395
1719060 395
1719070 395
1719080 396
1719090 396
1719100 396
1719110 396
1719120 396
1719130 396
1719140 396
1719150 396
1719160 396
1719170 396
1719180 396
1719190 396
1719200 396
1719210 396
1719220 397
1719230 397
1719240 397
1719250 397
1719260 397
1719270 398
1719280 398
1719290 398
1719300 398
1719310 398
1719320 398
1719330 399
1719340 399
1719350 399
1719360 399
1719370 399
1719380 399
1719390 400
1719400 400
1719410 400
1719420 400
1719430 400
1719440 400
1719450 401
1719460 401
1719470 401
1719480 401
1719490 401
1719500 402
1719510 402
1719520 402
1719530 402
1719540 403
1719550 403
1719560 403
1719570 404
1719580 404
1719590 404
1719600 404
1719610 404
1719620 404
1719630 403
1719640 403
1719650 403
1719660 402
1719670 402
1719680 401
1719690 401
1719700 400
1719710 400
1719720 399
1719730 398
1719740 397
1719750 397
1719760 396
1719770 396
1719780 395
1719790 394
1719800 394
1719810 393
1719820 393
1719830 392
1719840 391
1719850 391
1719860 391
1719870 390
1719880 390
1719890 390
1719900 390
1719910 389
1719920 389
1719930 389
1719940 389
1719950 389
1719960 388
1719970 388
1719980 388
1719990 388
