1700000 305
1700010 305
1700020 304
1700030 304
1700040 303
1700050 303
1700060 302
1700070 302
1700080 302
1700090 301
1700100 301
1700110 300
1700120 300
1700130 300
1700140 299
1700150 299
1700160 298
1700170 298
1700180 297
1700190 297
1700200 296
1700210 295
1700220 295
1700230 294
1700240 294
1700250 293
1700260 293
1700270 292
1700280 291
1700290 291
1700300 290
1700310 290
1700320 290
1700330 289
1700340 289
1700350 289
1700360 288
1700370 288
1700380 287
1700390 287
1700400 287
1700410 287
1700420 287
1700430 286
1700440 286
1700450 286
1700460 285
1700470 285
1700480 285
1700490 285
1700500 285
1700510 284
1700520 284
1700530 284
1700540 283
1700550 283
1700560 283
1700570 283
1700580 282
1700590 281
1700600 281
1700610 280
1700620 279
1700630 279
1700640 278
1700650 278
1700660 278
1700670 277
1700680 277
1700690 277
1700700 277
1700710 277
1700720 277
1700730 277
1700740 276
1700750 276
1700760 275
1700770 275
1700780 275
1700790 274
1700800 274
1700810 274
1700820 274
1700830 274
1700840 274
1700850 274
1700860 273
1700870 273
1700880 272
1700890 271
1700900 270
1700910 269
1700920 268
1700930 267
1700940 267
1700950 266
1700960 266
1700970 265
1700980 265
1700990 265
1701000 266
1701010 266
1701020 266
1701030 267
1701040 268
1701050 269
1701060 270
1701070 271
1701080 271
1701090 271
1701100 272
1701110 272
1701120 272
1701130 272
1701140 272
1701150 272
1701160 272
1701170 272
1701180 272
1701190 272
1701200 271
1701210 271
1701220 271
1701230 271
1701240 271
1701250 270
1701260 269
1701270 269
1701280 268
1701290 268
1701300 268
1701310 268
1701320 268
1701330 268
1701340 268
1701350 268
1701360 267
1701370 264
1701380 260
1701390 255
1701400 253
1701410 252
1701420 251
1701430 250
1701440 248
1701450 247
1701460 245
1701470 244
1701480 244
1701490 243
1701500 243
1701510 243
1701520 244
1701530 244
1701540 243
1701550 242
1701560 242
1701570 242
1701580 244
1701590 246
1701600 248
1701610 250
1701620 252
1701630 254
1701640 257
1701650 261
1701660 266
1701670 270
1701680 273
1701690 275
1701700 277
1701710 279
1701720 280
1701730 283
1701740 286
1701750 288
1701760 290
1701770 291
1701780 292
1701790 291
1701800 291
1701810 292
1701820 293
1701830 294
1701840 295
1701850 295
1701860 296
1701870 296
1701880 295
1701890 294
1701900 293
1701910 291
1701920 290
1701930 289
1701940 289
1701950 289
1701960 289
1701970 289
1701980 289
1701990 289
1702000 289
1702010 290
1702020 292
1702030 293
1702040 294
1702050 295
1702060 296
1702070 297
1702080 298
1702090 299
1702100 299
1702110 300
1702120 301
1702130 302
1702140 303
1702150 304
1702160 305
1702170 306
1702180 307
1702190 308
1702200 309
1702210 309
1702220 310
1702230 311
1702240 312
1702250 313
1702260 313
1702270 314
1702280 315
1702290 316
1702300 317
1702310 318
1702320 319
1702330 320
1702340 321
1702350 322
1702360 322
1702370 323
1702380 324
1702390 326
1702400 327
1702410 328
1702420 329
1702430 329
1702440 330
1702450 331
1702460 332
1702470 333
1702480 334
1702490 336
1702500 337
1702510 338
1702520 339
1702530 340
1702540 341
1702550 342
1702560 343
1702570 344
1702580 346
1702590 347
1702600 348
1702610 349
1702620 351
1702630 352
1702640 353
1702650 354
1702660 355
1702670 355
1702680 356
1702690 356
1702700 357
1702710 357
1702720 357
1702730 357
1702740 357
1702750 358
1702760 358
1702770 359
1702780 359
1702790 360
1702800 360
1702810 360
1702820 361
1702830 361
1702840 361
1702850 362
1702860 362
1702870 362
1702880 362
1702890 362
1702900 362
1702910 362
1702920 362
1702930 362
1702940 362
1702950 362
1702960 362
1702970 362
1702980 362
1702990 362
1703000 362
1703010 362
1703020 362
1703030 362
1703040 362
1703050 361
1703060 361
1703070 361
1703080 361
1703090 361
1703100 361
1703110 361
1703120 361
1703130 361
1703140 361
1703150 361
1703160 360
1703170 360
1703180 360
1703190 360
1703200 359
1703210 359
1703220 359
1703230 360
1703240 360
1703250 360
1703260 360
1703270 360
1703280 360
1703290 360
1703300 359
1703310 359
1703320 359
1703330 358
1703340 358
1703350 358
1703360 357
1703370 357
1703380 356
1703390 356
1703400 356
1703410 355
1703420 354
1703430 354
1703440 353
1703450 353
1703460 352
1703470 351
1703480 351
1703490 350
1703500 350
1703510 349
1703520 349
1703530 348
1703540 348
1703550 348
1703560 347
1703570 347
1703580 346
1703590 346
1703600 346
1703610 346
1703620 346
1703630 346
1703640 346
1703650 346
1703660 346
1703670 345
1703680 345
1703690 345
1703700 345
1703710 345
1703720 345
1703730 345
1703740 344
1703750 344
1703760 344
1703770 344
1703780 344
1703790 344
1703800 344
1703810 344
1703820 344
1703830 344
1703840 344
1703850 344
1703860 344
1703870 344
1703880 344
1703890 344
1703900 344
1703910 344
1703920 344
1703930 344
1703940 344
1703950 344
1703960 344
1703970 344
1703980 344
1703990 344
1704000 344
1704010 344
1704020 344
1704030 344
1704040 344
1704050 344
1704060 344
1704070 344
1704080 344
1704090 344
1704100 345
1704110 345
1704120 345
1704130 346
1704140 346
1704150 346
1704160 346
1704170 346
1704180 346
1704190 347
1704200 347
1704210 347
1704220 347
1704230 348
1704240 348
1704250 348
1704260 349
1704270 349
1704280 349
1704290 350
1704300 350
1704310 350
1704320 351
1704330 351
1704340 351
1704350 351
1704360 351
1704370 352
1704380 352
1704390 352
1704400 353
1704410 353
1704420 354
1704430 354
1704440 354
1704450 354
1704460 355
1704470 355
1704480 355
1704490 356
1704500 356
1704510 356
1704520 356
1704530 356
1704540 356
1704550 356
1704560 356
1704570 356
1704580 356
1704590 356
1704600 356
1704610 356
1704620 356
1704630 356
1704640 356
1704650 356
1704660 356
1704670 356
1704680 356
1704690 356
1704700 356
1704710 355
1704720 355
1704730 355
1704740 355
1704750 355
1704760 355
1704770 355
1704780 354
1704790 354
1704800 354
1704810 354
1704820 354
1704830 354
1704840 354
1704850 354
1704860 353
1704870 353
1704880 353
1704890 352
1704900 352
1704910 352
1704920 351
1704930 351
1704940 351
1704950 350
1704960 350
1704970 349
1704980 349
1704990 348
1705000 347
1705010 347
1705020 346
1705030 346
1705040 345
1705050 344
1705060 344
1705070 342
1705080 342
1705090 341
1705100 340
1705110 338
1705120 336
1705130 336
1705140 335
1705150 335
1705160 335
1705170 334
1705180 333
1705190 332
1705200 331
1705210 329
1705220 327
1705230 325
1705240 323
1705250 321
1705260 320
1705270 319
1705280 317
1705290 315
1705300 314
1705310 313
1705320 313
1705330 312
1705340 311
1705350 311
1705360 310
1705370 310
1705380 310
1705390 309
1705400 309
1705410 309
1705420 309
1705430 309
1705440 309
1705450 308
1705460 307
1705470 307
1705480 305
1705490 304
1705500 303
1705510 301
1705520 299
1705530 297
1705540 295
1705550 293
1705560 291
1705570 289
1705580 288
1705590 287
1705600 286
1705610 284
1705620 283
1705630 282
1705640 281
1705650 280
1705660 279
1705670 277
1705680 276
1705690 274
1705700 273
1705710 271
1705720 271
1705730 271
1705740 271
1705750 270
1705760 269
1705770 268
1705780 269
1705790 268
1705800 268
1705810 268
1705820 269
1705830 269
1705840 268
1705850 268
1705860 267
1705870 267
1705880 267
1705890 266
1705900 266
1705910 266
1705920 265
1705930 265
1705940 265
1705950 265
1705960 265
1705970 264
1705980 264
1705990 263
1706000 263
1706010 262
1706020 262
1706030 262
1706040 261
1706050 261
1706060 261
1706070 261
1706080 260
1706090 260
1706100 260
1706110 260
1706120 259
1706130 259
1706140 259
1706150 259
1706160 258
1706170 258
1706180 258
1706190 257
1706200 257
1706210 257
1706220 257
1706230 257
1706240 257
1706250 256
1706260 256
1706270 256
1706280 255
1706290 255
1706300 254
1706310 254
1706320 253
1706330 253
1706340 253
1706350 252
1706360 252
1706370 252
1706380 252
1706390 252
1706400 252
1706410 252
1706420 252
1706430 252
1706440 251
1706450 250
1706460 250
1706470 249
1706480 249
1706490 249
1706500 248
1706510 248
1706520 248
1706530 248
1706540 247
1706550 245
1706560 244
1706570 243
1706580 241
1706590 239
1706600 237
1706610 236
1706620 236
1706630 235
1706640 235
1706650 234
1706660 233
1706670 231
1706680 229
1706690 228
1706700 226
1706710 226
1706720 226
1706730 227
1706740 227
1706750 228
1706760 228
1706770 229
1706780 230
1706790 231
1706800 232
1706810 232
1706820 233
1706830 233
1706840 233
1706850 233
1706860 233
1706870 234
1706880 234
1706890 235
1706900 236
1706910 238
1706920 239
1706930 240
1706940 241
1706950 241
1706960 242
1706970 242
1706980 242
1706990 243
1707000 243
1707010 243
1707020 243
1707030 243
1707040 243
1707050 243
1707060 243
1707070 243
1707080 243
1707090 242
1707100 242
1707110 242
1707120 242
1707130 242
1707140 242
1707150 242
1707160 242
1707170 242
1707180 242
1707190 242
1707200 241
1707210 241
1707220 241
1707230 241
1707240 241
1707250 241
1707260 241
1707270 241
1707280 241
1707290 241
1707300 241
1707310 240
1707320 240
1707330 240
1707340 240
1707350 240
1707360 240
1707370 239
1707380 240
1707390 239
1707400 239
1707410 238
1707420 237
1707430 237
1707440 236
1707450 235
1707460 233
1707470 233
1707480 233
1707490 233
1707500 233
1707510 233
1707520 233
1707530 233
1707540 232
1707550 232
1707560 231
1707570 231
1707580 231
1707590 230
1707600 230
1707610 230
1707620 228
1707630 226
1707640 223
1707650 220
1707660 217
1707670 215
1707680 213
1707690 211
1707700 210
1707710 210
1707720 209
1707730 209
1707740 209
1707750 209
1707760 208
1707770 209
1707780 209
1707790 210
1707800 210
1707810 210
1707820 210
1707830 210
1707840 210
1707850 210
1707860 210
1707870 210
1707880 210
1707890 210
1707900 210
1707910 210
1707920 210
1707930 209
1707940 209
1707950 209
1707960 209
1707970 209
1707980 209
1707990 209
1708000 209
1708010 209
1708020 209
1708030 209
1708040 209
1708050 209
1708060 210
1708070 210
1708080 210
1708090 210
1708100 210
1708110 210
1708120 209
1708130 209
1708140 210
1708150 210
1708160 210
1708170 209
1708180 209
1708190 209
1708200 209
1708210 209
1708220 209
1708230 209
1708240 208
1708250 208
1708260 207
1708270 207
1708280 206
1708290 205
1708300 204
1708310 203
1708320 203
1708330 202
1708340 202
1708350 202
1708360 202
1708370 202
1708380 202
1708390 202
1708400 202
1708410 202
1708420 202
1708430 202
1708440 202
1708450 202
1708460 202
1708470 202
1708480 202
1708490 202
1708500 202
1708510 202
1708520 202
1708530 202
1708540 202
1708550 202
1708560 202
1708570 202
1708580 202
1708590 202
1708600 202
1708610 202
1708620 202
1708630 202
1708640 202
1708650 202
1708660 202
1708670 202
1708680 202
1708690 202
1708700 202
1708710 202
1708720 202
1708730 202
1708740 202
1708750 202
1708760 202
1708770 202
1708780 202
1708790 202
1708800 202
1708810 202
1708820 202
1708830 202
1708840 202
1708850 202
1708860 202
1708870 202
1708880 202
1708890 202
1708900 202
1708910 202
1708920 202
1708930 202
1708940 202
1708950 202
1708960 202
1708970 202
1708980 202
1708990 202
1709000 202
1709010 203
1709020 205
1709030 207
1709040 209
1709050 211
1709060 214
1709070 217
1709080 222
1709090 226
1709100 231
1709110 235
1709120 238
1709130 241
1709140 242
1709150 242
1709160 243
1709170 244
1709180 244
1709190 245
1709200 246
1709210 246
1709220 247
1709230 248
1709240 249
1709250 249
1709260 250
1709270 251
1709280 252
1709290 253
1709300 253
1709310 254
1709320 255
1709330 256
1709340 256
1709350 257
1709360 258
1709370 259
1709380 260
1709390 261
1709400 261
1709410 261
1709420 262
1709430 263
1709440 263
1709450 264
1709460 265
1709470 265
1709480 266
1709490 266
1709500 267
1709510 268
1709520 268
1709530 269
1709540 270
1709550 270
1709560 271
1709570 271
1709580 272
1709590 272
1709600 273
1709610 273
1709620 274
1709630 274
1709640 275
1709650 275
1709660 276
1709670 277
1709680 277
1709690 278
1709700 278
1709710 279
1709720 279
1709730 280
1709740 280
1709750 281
1709760 281
1709770 282
1709780 282
1709790 283
1709800 283
1709810 283
1709820 283
1709830 283
1709840 284
1709850 284
1709860 284
1709870 284
1709880 285
1709890 285
1709900 285
1709910 285
1709920 286
1709930 286
1709940 286
1709950 286
1709960 286
1709970 286
1709980 286
1709990 286
1710000 286
1710010 285
1710020 284
1710030 283
1710040 281
1710050 280
1710060 278
1710070 276
1710080 276
1710090 277
1710100 278
1710110 280
1710120 281
1710130 283
1710140 285
1710150 287
1710160 289
1710170 290
1710180 291
1710190 292
1710200 293
1710210 294
1710220 294
1710230 295
1710240 295
1710250 296
1710260 296
1710270 297
1710280 297
1710290 298
1710300 298
1710310 298
1710320 299
1710330 299
1710340 300
1710350 300
1710360 301
1710370 301
1710380 301
1710390 301
1710400 302
1710410 302
1710420 302
1710430 302
1710440 303
1710450 303
1710460 303
1710470 304
1710480 304
1710490 305
1710500 305
1710510 306
1710520 306
1710530 307
1710540 307
1710550 307
1710560 307
1710570 308
1710580 308
1710590 308
1710600 309
1710610 309
1710620 309
1710630 309
1710640 309
1710650 310
1710660 310
1710670 310
1710680 310
1710690 310
1710700 310
1710710 310
1710720 310
1710730 310
1710740 310
1710750 310
1710760 309
1710770 310
1710780 311
1710790 311
1710800 310
1710810 310
1710820 310
1710830 309
1710840 309
1710850 309
1710860 309
1710870 308
1710880 308
1710890 308
1710900 307
1710910 307
1710920 307
1710930 307
1710940 306
1710950 306
1710960 306
1710970 305
1710980 305
1710990 305
1711000 304
1711010 304
1711020 304
1711030 304
1711040 304
1711050 304
1711060 303
1711070 303
1711080 303
1711090 303
1711100 303
1711110 303
1711120 303
1711130 302
1711140 302
1711150 302
1711160 302
1711170 303
1711180 303
1711190 303
1711200 303
1711210 303
1711220 303
1711230 303
1711240 303
1711250 303
1711260 303
1711270 303
1711280 303
1711290 303
1711300 303
1711310 302
1711320 302
1711330 302
1711340 302
1711350 302
1711360 302
1711370 302
1711380 302
1711390 302
1711400 301
1711410 301
1711420 300
1711430 299
1711440 298
1711450 297
1711460 297
1711470 297
1711480 296
1711490 296
1711500 295
1711510 295
1711520 292
1711530 289
1711540 286
1711550 284
1711560 282
1711570 279
1711580 276
1711590 273
1711600 270
1711610 266
1711620 263
1711630 259
1711640 254
1711650 250
1711660 246
1711670 246
1711680 247
1711690 248
1711700 248
1711710 247
1711720 247
1711730 247
1711740 246
1711750 246
1711760 246
1711770 246
1711780 247
1711790 247
1711800 247
1711810 248
1711820 248
1711830 248
1711840 248
1711850 248
1711860 247
1711870 248
1711880 250
1711890 252
1711900 253
1711910 254
1711920 254
1711930 255
1711940 256
1711950 257
1711960 261
1711970 264
1711980 268
1711990 272
1712000 274
1712010 276
1712020 276
1712030 276
1712040 276
1712050 276
1712060 276
1712070 276
1712080 277
1712090 277
1712100 278
1712110 278
1712120 277
1712130 276
1712140 276
1712150 275
1712160 274
1712170 274
1712180 274
1712190 274
1712200 274
1712210 274
1712220 274
1712230 275
1712240 275
1712250 276
1712260 278
1712270 279
1712280 280
1712290 281
1712300 282
1712310 284
1712320 285
1712330 286
1712340 287
1712350 289
1712360 290
1712370 292
1712380 294
1712390 297
1712400 299
1712410 301
1712420 304
1712430 306
1712440 307
1712450 309
1712460 310
1712470 311
1712480 313
1712490 314
1712500 315
1712510 316
1712520 317
1712530 318
1712540 319
1712550 320
1712560 321
1712570 322
1712580 323
1712590 324
1712600 325
1712610 326
1712620 327
1712630 328
1712640 328
1712650 329
1712660 329
1712670 330
1712680 330
1712690 330
1712700 331
1712710 331
1712720 331
1712730 332
1712740 332
1712750 331
1712760 331
1712770 330
1712780 327
1712790 325
1712800 322
1712810 320
1712820 318
1712830 316
1712840 313
1712850 312
1712860 310
1712870 308
1712880 307
1712890 306
1712900 303
1712910 302
1712920 303
1712930 306
1712940 309
1712950 312
1712960 315
1712970 318
1712980 321
1712990 324
1713000 327
1713010 329
1713020 331
1713030 333
1713040 335
1713050 337
1713060 338
1713070 340
1713080 342
1713090 343
1713100 344
1713110 345
1713120 346
1713130 346
1713140 346
1713150 346
1713160 346
1713170 346
1713180 345
1713190 344
1713200 342
1713210 341
1713220 340
1713230 338
1713240 337
1713250 335
1713260 334
1713270 333
1713280 333
1713290 332
1713300 331
1713310 331
1713320 330
1713330 329
1713340 328
1713350 328
1713360 328
1713370 328
1713380 328
1713390 328
1713400 328
1713410 328
1713420 328
1713430 328
1713440 328
1713450 328
1713460 327
1713470 327
1713480 326
1713490 326
1713500 325
1713510 324
1713520 324
1713530 324
1713540 323
1713550 323
1713560 324
1713570 324
1713580 324
1713590 325
1713600 325
1713610 325
1713620 326
1713630 327
1713640 328
1713650 329
1713660 330
1713670 331
1713680 332
1713690 332
1713700 333
1713710 333
1713720 334
1713730 334
1713740 334
1713750 334
1713760 334
1713770 333
1713780 333
1713790 332
1713800 331
1713810 330
1713820 329
1713830 327
1713840 325
1713850 323
1713860 323
1713870 323
1713880 323
1713890 323
1713900 323
1713910 322
1713920 322
1713930 322
1713940 322
1713950 321
1713960 321
1713970 321
1713980 321
1713990 321
1714000 320
1714010 319
1714020 318
1714030 317
1714040 318
1714050 319
1714060 320
1714070 321
1714080 322
1714090 323
1714100 323
1714110 324
1714120 325
1714130 325
1714140 326
1714150 326
1714160 326
1714170 326
1714180 327
1714190 327
1714200 327
1714210 326
1714220 327
1714230 329
1714240 332
1714250 334
1714260 335
1714270 337
1714280 338
1714290 338
1714300 339
1714310 339
1714320 339
1714330 339
1714340 339
1714350 339
1714360 339
1714370 339
1714380 339
1714390 338
1714400 337
1714410 336
1714420 336
1714430 336
1714440 336
1714450 335
1714460 335
1714470 334
1714480 334
1714490 334
1714500 334
1714510 334
1714520 334
1714530 334
1714540 334
1714550 334
1714560 333
1714570 331
1714580 329
1714590 328
1714600 330
1714610 332
1714620 334
1714630 336
1714640 338
1714650 340
1714660 342
1714670 344
1714680 345
1714690 346
1714700 346
1714710 346
1714720 345
1714730 345
1714740 344
1714750 343
1714760 341
1714770 339
1714780 338
1714790 337
1714800 337
1714810 337
1714820 336
1714830 335
1714840 333
1714850 333
1714860 334
1714870 336
1714880 336
1714890 337
1714900 338
1714910 339
1714920 339
1714930 340
1714940 341
1714950 342
1714960 342
1714970 343
1714980 344
1714990 344
1715000 344
1715010 344
1715020 344
1715030 344
1715040 345
1715050 345
1715060 345
1715070 345
1715080 345
1715090 346
1715100 346
1715110 346
1715120 347
1715130 349
1715140 350
1715150 352
1715160 353
1715170 355
1715180 356
1715190 357
1715200 359
1715210 360
1715220 361
1715230 362
1715240 363
1715250 363
1715260 364
1715270 365
1715280 365
1715290 366
1715300 367
1715310 367
1715320 368
1715330 368
1715340 369
1715350 369
1715360 370
1715370 370
1715380 371
1715390 371
1715400 371
1715410 372
1715420 372
1715430 373
1715440 373
1715450 374
1715460 374
1715470 374
1715480 375
1715490 375
1715500 376
1715510 376
1715520 377
1715530 377
1715540 377
1715550 377
1715560 378
1715570 378
1715580 379
1715590 380
1715600 381
1715610 381
1715620 382
1715630 382
1715640 383
1715650 383
1715660 383
1715670 383
1715680 382
1715690 381
1715700 380
1715710 379
1715720 377
1715730 374
1715740 372
1715750 370
1715760 369
1715770 367
1715780 366
1715790 365
1715800 364
1715810 363
1715820 363
1715830 362
1715840 362
1715850 361
1715860 361
1715870 361
1715880 360
1715890 360
1715900 359
1715910 359
1715920 359
1715930 359
1715940 360
1715950 362
1715960 365
1715970 367
1715980 368
1715990 369
1716000 370
1716010 371
1716020 372
1716030 373
1716040 373
1716050 374
1716060 376
1716070 377
1716080 378
1716090 379
1716100 380
1716110 381
1716120 381
1716130 381
1716140 381
1716150 380
1716160 379
1716170 378
1716180 378
1716190 377
1716200 376
1716210 375
1716220 375
1716230 374
1716240 373
1716250 372
1716260 371
1716270 369
1716280 368
1716290 367
1716300 367
1716310 367
1716320 367
1716330 368
1716340 370
1716350 371
1716360 371
1716370 372
1716380 372
1716390 373
1716400 373
1716410 374
1716420 374
1716430 375
1716440 375
1716450 375
1716460 375
1716470 376
1716480 377
1716490 377
1716500 376
1716510 376
1716520 376
1716530 375
1716540 375
1716550 374
1716560 374
1716570 374
1716580 374
1716590 374
1716600 373
1716610 373
1716620 373
1716630 373
1716640 373
1716650 373
1716660 373
1716670 373
1716680 373
1716690 373
1716700 372
1716710 372
1716720 372
1716730 372
1716740 372
1716750 372
1716760 372
1716770 372
1716780 371
1716790 371
1716800 371
1716810 371
1716820 371
1716830 370
1716840 370
1716850 370
1716860 370
1716870 370
1716880 370
1716890 370
1716900 369
1716910 369
1716920 369
1716930 369
1716940 369
1716950 369
1716960 369
1716970 369
1716980 369
1716990 369
1717000 369
1717010 369
1717020 369
1717030 369
1717040 369
1717050 368
1717060 366
1717070 369
1717080 370
1717090 371
1717100 371
1717110 371
1717120 371
1717130 371
1717140 372
1717150 372
1717160 372
1717170 372
1717180 372
1717190 373
1717200 373
1717210 374
1717220 374
1717230 374
1717240 375
1717250 375
1717260 376
1717270 377
1717280 377
1717290 377
1717300 378
1717310 378
1717320 379
1717330 379
1717340 379
1717350 380
1717360 381
1717370 381
1717380 382
1717390 382
1717400 383
1717410 383
1717420 383
1717430 384
1717440 384
1717450 384
1717460 385
1717470 385
1717480 386
1717490 386
1717500 387
1717510 387
1717520 388
1717530 388
1717540 388
1717550 389
1717560 390
1717570 390
1717580 391
1717590 391
1717600 392
1717610 392
1717620 393
1717630 395
1717640 395
1717650 396
1717660 397
1717670 398
1717680 399
1717690 400
1717700 401
1717710 402
1717720 402
1717730 403
1717740 404
1717750 404
1717760 405
1717770 406
1717780 406
1717790 406
1717800 407
1717810 407
1717820 407
1717830 408
1717840 408
1717850 408
1717860 409
1717870 409
1717880 409
1717890 409
1717900 410
1717910 410
1717920 410
1717930 410
1717940 411
1717950 411
1717960 412
1717970 412
1717980 413
1717990 413
1718000 413
1718010 414
1718020 414
1718030 415
1718040 415
1718050 416
1718060 416
1718070 416
1718080 416
1718090 417
1718100 417
1718110 417
1718120 418
1718130 418
1718140 418
1718150 417
1718160 417
1718170 416
1718180 418
1718190 419
1718200 421
1718210 421
1718220 422
1718230 422
1718240 423
1718250 423
1718260 423
1718270 424
1718280 424
1718290 425
1718300 425
1718310 425
1718320 426
1718330 426
1718340 426
1718350 426
1718360 427
1718370 427
1718380 427
1718390 427
1718400 427
1718410 427
1718420 427
1718430 427
1718440 428
1718450 428
1718460 428
1718470 428
1718480 428
1718490 428
1718500 428
1718510 427
1718520 427
1718530 427
1718540 427
1718550 427
1718560 427
1718570 426
1718580 426
1718590 426
1718600 425
1718610 425
1718620 424
1718630 423
1718640 422
1718650 422
1718660 421
1718670 420
1718680 420
1718690 419
1718700 419
1718710 418
1718720 418
1718730 417
1718740 417
1718750 416
1718760 416
1718770 415
1718780 415
1718790 414
1718800 413
1718810 412
1718820 411
1718830 409
1718840 407
1718850 405
1718860 403
1718870 401
1718880 399
1718890 397
1718900 396
1718910 394
1718920 393
1718930 392
1718940 391
1718950 390
1718960 389
1718970 388
1718980 387
1718990 387
1719000 386
1719010 386
1719020 386
1719030 386
1719040 386
1719050 386
1719060 386
1719070 387
1719080 387
1719090 388
1719100 389
1719110 390
1719120 391
1719130 391
1719140 392
1719150 392
1719160 392
1719170 392
1719180 392
1719190 391
1719200 391
1719210 390
1719220 389
1719230 388
1719240 387
1719250 386
1719260 385
1719270 384
1719280 383
1719290 381
1719300 380
1719310 379
1719320 378
1719330 377
1719340 377
1719350 377
1719360 377
1719370 377
1719380 377
1719390 378
1719400 378
1719410 379
1719420 379
1719430 380
1719440 380
1719450 381
1719460 381
1719470 382
1719480 383
1719490 384
1719500 384
1719510 386
1719520 387
1719530 388
1719540 389
1719550 389
1719560 389
1719570 390
1719580 390
1719590 391
1719600 391
1719610 392
1719620 393
1719630 394
1719640 395
1719650 396
1719660 397
1719670 399
1719680 400
1719690 401
1719700 402
1719710 404
1719720 405
1719730 406
1719740 407
1719750 408
1719760 410
1719770 411
1719780 412
1719790 413
1719800 414
1719810 415
1719820 417
1719830 418
1719840 419
1719850 420
1719860 421
1719870 422
1719880 423
1719890 424
1719900 424
1719910 425
1719920 426
1719930 427
1719940 427
1719950 428
1719960 429
1719970 429
1719980 429
1719990 430
