1700000 306
1700010 304
1700020 303
1700030 302
1700040 300
1700050 299
1700060 298
1700070 296
1700080 295
1700090 294
1700100 293
1700110 292
1700120 291
1700130 290
1700140 289
1700150 287
1700160 287
1700170 288
1700180 288
1700190 287
1700200 286
1700210 285
1700220 283
1700230 282
1700240 281
1700250 279
1700260 278
1700270 276
1700280 275
1700290 274
1700300 274
1700310 273
1700320 273
1700330 272
1700340 272
1700350 271
1700360 271
1700370 272
1700380 273
1700390 274
1700400 273
1700410 273
1700420 272
1700430 272
1700440 273
1700450 273
1700460 273
1700470 274
1700480 274
1700490 275
1700500 276
1700510 276
1700520 279
1700530 283
1700540 289
1700550 295
1700560 301
1700570 306
1700580 309
1700590 311
1700600 313
1700610 316
1700620 318
1700630 320
1700640 322
1700650 323
1700660 323
1700670 322
1700680 321
1700690 321
1700700 321
1700710 320
1700720 320
1700730 321
1700740 322
1700750 324
1700760 327
1700770 330
1700780 333
1700790 335
1700800 338
1700810 340
1700820 342
1700830 344
1700840 346
1700850 348
1700860 349
1700870 351
1700880 352
1700890 353
1700900 354
1700910 355
1700920 355
1700930 355
1700940 355
1700950 355
1700960 354
1700970 354
1700980 354
1700990 354
1701000 354
1701010 355
1701020 355
1701030 357
1701040 358
1701050 360
1701060 361
1701070 363
1701080 366
1701090 368
1701100 370
1701110 372
1701120 375
1701130 377
1701140 380
1701150 381
1701160 383
1701170 385
1701180 388
1701190 391
1701200 393
1701210 396
1701220 398
1701230 401
1701240 403
1701250 406
1701260 408
1701270 411
1701280 413
1701290 415
1701300 418
1701310 420
1701320 423
1701330 425
1701340 427
1701350 429
1701360 431
1701370 433
1701380 435
1701390 437
1701400 439
1701410 441
1701420 443
1701430 444
1701440 446
1701450 447
1701460 448
1701470 449
1701480 450
1701490 450
1701500 450
1701510 450
1701520 449
1701530 449
1701540 449
1701550 449
1701560 449
1701570 450
1701580 449
1701590 449
1701600 448
1701610 448
1701620 448
1701630 449
1701640 449
1701650 449
1701660 449
1701670 449
1701680 449
1701690 449
1701700 449
1701710 448
1701720 448
1701730 448
1701740 448
1701750 447
1701760 447
1701770 447
1701780 447
1701790 447
1701800 447
1701810 447
1701820 448
1701830 448
1701840 448
1701850 448
1701860 449
1701870 449
1701880 449
1701890 450
1701900 450
1701910 451
1701920 451
1701930 452
1701940 452
1701950 453
1701960 454
1701970 454
1701980 455
1701990 455
1702000 456
1702010 456
1702020 457
1702030 458
1702040 458
1702050 459
1702060 460
1702070 461
1702080 462
1702090 462
1702100 463
1702110 463
1702120 464
1702130 464
1702140 465
1702150 465
1702160 466
1702170 466
1702180 467
1702190 467
1702200 468
1702210 468
1702220 469
1702230 470
1702240 470
1702250 471
1702260 472
1702270 473
1702280 474
1702290 474
1702300 475
1702310 475
1702320 476
1702330 476
1702340 476
1702350 476
1702360 476
1702370 476
1702380 476
1702390 476
1702400 476
1702410 476
1702420 476
1702430 476
1702440 475
1702450 475
1702460 475
1702470 475
1702480 475
1702490 475
1702500 474
1702510 474
1702520 474
1702530 473
1702540 473
1702550 473
1702560 473
1702570 472
1702580 472
1702590 472
1702600 471
1702610 471
1702620 471
1702630 470
1702640 470
1702650 470
1702660 470
1702670 469
1702680 469
1702690 469
1702700 469
1702710 468
1702720 468
1702730 468
1702740 468
1702750 467
1702760 467
1702770 467
1702780 467
1702790 467
1702800 466
1702810 466
1702820 466
1702830 466
1702840 465
1702850 465
1702860 465
1702870 464
1702880 464
1702890 464
1702900 463
1702910 463
1702920 463
1702930 462
1702940 462
1702950 462
1702960 462
1702970 461
1702980 461
1702990 460
1703000 460
1703010 459
1703020 458
1703030 456
1703040 456
1703050 456
1703060 456
1703070 456
1703080 456
1703090 456
1703100 456
1703110 457
1703120 457
1703130 458
1703140 459
1703150 459
1703160 460
1703170 461
1703180 461
1703190 462
1703200 463
1703210 464
1703220 465
1703230 466
1703240 468
1703250 469
1703260 470
1703270 470
1703280 471
1703290 471
1703300 471
1703310 471
1703320 471
1703330 471
1703340 470
1703350 469
1703360 469
1703370 468
1703380 466
1703390 465
1703400 464
1703410 462
1703420 461
1703430 460
1703440 459
1703450 458
1703460 457
1703470 456
1703480 455
1703490 454
1703500 453
1703510 453
1703520 452
1703530 452
1703540 451
1703550 451
1703560 451
1703570 451
1703580 450
1703590 450
1703600 450
1703610 449
1703620 449
1703630 449
1703640 449
1703650 449
1703660 449
1703670 449
1703680 449
1703690 449
1703700 449
1703710 449
1703720 449
1703730 449
1703740 449
1703750 450
1703760 450
1703770 450
1703780 451
1703790 451
1703800 451
1703810 452
1703820 452
1703830 452
1703840 452
1703850 452
1703860 453
1703870 453
1703880 453
1703890 453
1703900 453
1703910 453
1703920 454
1703930 454
1703940 454
1703950 454
1703960 454
1703970 454
1703980 455
1703990 455
1704000 455
1704010 455
1704020 455
1704030 455
1704040 455
1704050 455
1704060 456
1704070 456
1704080 457
1704090 457
1704100 457
1704110 457
1704120 457
1704130 457
1704140 457
1704150 457
1704160 457
1704170 457
1704180 457
1704190 457
1704200 457
1704210 457
1704220 457
1704230 457
1704240 457
1704250 457
1704260 457
1704270 457
1704280 457
1704290 457
1704300 457
1704310 457
1704320 457
1704330 456
1704340 456
1704350 455
1704360 455
1704370 455
1704380 454
1704390 454
1704400 453
1704410 453
1704420 452
1704430 452
1704440 451
1704450 451
1704460 450
1704470 449
1704480 448
1704490 447
1704500 446
1704510 445
1704520 444
1704530 443
1704540 442
1704550 440
1704560 439
1704570 438
1704580 437
1704590 436
1704600 436
1704610 435
1704620 434
1704630 434
1704640 435
1704650 435
1704660 435
1704670 435
1704680 435
1704690 435
1704700 435
1704710 435
1704720 435
1704730 434
1704740 434
1704750 434
1704760 434
1704770 433
1704780 433
1704790 433
1704800 433
1704810 432
1704820 432
1704830 432
1704840 432
1704850 431
1704860 431
1704870 431
1704880 430
1704890 430
1704900 429
1704910 429
1704920 428
1704930 427
1704940 426
1704950 426
1704960 425
1704970 424
1704980 423
1704990 422
1705000 422
1705010 421
1705020 420
1705030 419
1705040 419
1705050 418
1705060 417
1705070 416
1705080 416
1705090 415
1705100 414
1705110 413
1705120 413
1705130 412
1705140 411
1705150 411
1705160 410
1705170 409
1705180 408
1705190 408
1705200 407
1705210 406
1705220 406
1705230 405
1705240 404
1705250 404
1705260 404
1705270 403
1705280 403
1705290 403
1705300 403
1705310 403
1705320 403
1705330 403
1705340 402
1705350 402
1705360 402
1705370 401
1705380 401
1705390 400
1705400 399
1705410 398
1705420 397
1705430 396
1705440 395
1705450 394
1705460 393
1705470 392
1705480 391
1705490 390
1705500 389
1705510 388
1705520 387
1705530 387
1705540 386
1705550 385
1705560 384
1705570 383
1705580 381
1705590 380
1705600 379
1705610 378
1705620 377
1705630 375
1705640 373
1705650 370
1705660 367
1705670 364
1705680 361
1705690 358
1705700 355
1705710 353
1705720 351
1705730 349
1705740 346
1705750 343
1705760 340
1705770 343
1705780 345
1705790 347
1705800 349
1705810 351
1705820 353
1705830 356
1705840 358
1705850 360
1705860 363
1705870 366
1705880 368
1705890 371
1705900 374
1705910 376
1705920 378
1705930 380
1705940 381
1705950 381
1705960 382
1705970 383
1705980 383
1705990 382
1706000 382
1706010 382
1706020 381
1706030 381
1706040 380
1706050 379
1706060 378
1706070 378
1706080 377
1706090 376
1706100 375
1706110 375
1706120 374
1706130 373
1706140 373
1706150 371
1706160 370
1706170 368
1706180 367
1706190 366
1706200 365
1706210 364
1706220 363
1706230 362
1706240 361
1706250 360
1706260 358
1706270 357
1706280 356
1706290 355
1706300 353
1706310 352
1706320 351
1706330 350
1706340 348
1706350 347
1706360 346
1706370 345
1706380 343
1706390 342
1706400 341
1706410 340
1706420 339
1706430 337
1706440 336
1706450 335
1706460 334
1706470 333
1706480 332
1706490 331
1706500 329
1706510 328
1706520 327
1706530 326
1706540 324
1706550 323
1706560 322
1706570 320
1706580 318
1706590 316
1706600 314
1706610 312
1706620 310
1706630 308
1706640 306
1706650 304
1706660 302
1706670 300
1706680 298
1706690 296
1706700 294
1706710 291
1706720 289
1706730 286
1706740 284
1706750 283
1706760 280
1706770 278
1706780 278
1706790 279
1706800 279
1706810 279
1706820 278
1706830 277
1706840 277
1706850 276
1706860 276
1706870 275
1706880 274
1706890 272
1706900 271
1706910 269
1706920 267
1706930 266
1706940 265
1706950 264
1706960 263
1706970 263
1706980 262
1706990 262
1707000 262
1707010 262
1707020 263
1707030 263
1707040 263
1707050 264
1707060 264
1707070 265
1707080 265
1707090 266
1707100 267
1707110 269
1707120 272
1707130 275
1707140 279
1707150 281
1707160 282
1707170 280
1707180 278
1707190 277
1707200 278
1707210 282
1707220 286
1707230 290
1707240 294
1707250 298
1707260 302
1707270 306
1707280 310
1707290 314
1707300 318
1707310 322
1707320 326
1707330 330
1707340 334
1707350 338
1707360 342
1707370 345
1707380 348
1707390 351
1707400 354
1707410 357
1707420 359
1707430 361
1707440 363
1707450 363
1707460 364
1707470 364
1707480 364
1707490 364
1707500 363
1707510 363
1707520 363
1707530 362
1707540 362
1707550 362
1707560 361
1707570 360
1707580 360
1707590 359
1707600 359
1707610 358
1707620 357
1707630 357
1707640 356
1707650 355
1707660 355
1707670 354
1707680 353
1707690 352
1707700 351
1707710 350
1707720 348
1707730 347
1707740 345
1707750 344
1707760 342
1707770 340
1707780 340
1707790 339
1707800 338
1707810 337
1707820 336
1707830 335
1707840 335
1707850 334
1707860 333
1707870 333
1707880 332
1707890 332
1707900 332
1707910 332
1707920 331
1707930 331
1707940 331
1707950 331
1707960 331
1707970 331
1707980 331
1707990 332
1708000 332
1708010 332
1708020 332
1708030 332
1708040 332
1708050 332
1708060 331
1708070 331
1708080 331
1708090 331
1708100 330
1708110 330
1708120 330
1708130 329
1708140 329
1708150 328
1708160 328
1708170 327
1708180 327
1708190 326
1708200 326
1708210 325
1708220 325
1708230 324
1708240 324
1708250 324
1708260 323
1708270 323
1708280 322
1708290 322
1708300 321
1708310 320
1708320 320
1708330 319
1708340 319
1708350 318
1708360 318
1708370 317
1708380 316
1708390 316
1708400 315
1708410 314
1708420 314
1708430 313
1708440 313
1708450 312
1708460 311
1708470 310
1708480 310
1708490 309
1708500 308
1708510 308
1708520 307
1708530 306
1708540 305
1708550 305
1708560 304
1708570 303
1708580 302
1708590 301
1708600 301
1708610 300
1708620 299
1708630 298
1708640 297
1708650 297
1708660 296
1708670 296
1708680 295
1708690 295
1708700 294
1708710 294
1708720 293
1708730 292
1708740 291
1708750 291
1708760 290
1708770 289
1708780 287
1708790 287
1708800 286
1708810 286
1708820 285
1708830 284
1708840 282
1708850 279
1708860 277
1708870 276
1708880 275
1708890 275
1708900 273
1708910 272
1708920 270
1708930 270
1708940 270
1708950 270
1708960 270
1708970 270
1708980 270
1708990 269
1709000 269
1709010 269
1709020 268
1709030 268
1709040 270
1709050 271
1709060 272
1709070 272
1709080 272
1709090 272
1709100 273
1709110 273
1709120 273
1709130 273
1709140 273
1709150 273
1709160 273
1709170 272
1709180 272
1709190 272
1709200 271
1709210 271
1709220 270
1709230 270
1709240 270
1709250 269
1709260 269
1709270 268
1709280 268
1709290 267
1709300 267
1709310 267
1709320 266
1709330 266
1709340 265
1709350 265
1709360 264
1709370 263
1709380 263
1709390 263
1709400 262
1709410 262
1709420 261
1709430 261
1709440 261
1709450 260
1709460 260
1709470 259
1709480 259
1709490 259
1709500 258
1709510 258
1709520 257
1709530 257
1709540 257
1709550 256
1709560 256
1709570 255
1709580 255
1709590 254
1709600 254
1709610 254
1709620 253
1709630 253
1709640 252
1709650 252
1709660 252
1709670 251
1709680 251
1709690 251
1709700 250
1709710 250
1709720 250
1709730 250
1709740 249
1709750 249
1709760 249
1709770 249
1709780 248
1709790 248
1709800 248
1709810 248
1709820 248
1709830 248
1709840 248
1709850 247
1709860 246
1709870 246
1709880 246
1709890 245
1709900 245
1709910 245
1709920 245
1709930 245
1709940 245
1709950 245
1709960 244
1709970 244
1709980 243
1709990 242
1710000 242
1710010 242
1710020 241
1710030 241
1710040 240
1710050 240
1710060 240
1710070 239
1710080 239
1710090 239
1710100 238
1710110 238
1710120 237
1710130 237
1710140 236
1710150 236
1710160 235
1710170 234
1710180 234
1710190 233
1710200 232
1710210 229
1710220 226
1710230 223
1710240 221
1710250 219
1710260 217
1710270 217
1710280 216
1710290 216
1710300 215
1710310 216
1710320 216
1710330 217
1710340 216
1710350 216
1710360 215
1710370 214
1710380 214
1710390 214
1710400 214
1710410 215
1710420 213
1710430 212
1710440 211
1710450 211
1710460 211
1710470 210
1710480 210
1710490 210
1710500 210
1710510 210
1710520 209
1710530 209
1710540 209
1710550 209
1710560 209
1710570 209
1710580 209
1710590 210
1710600 210
1710610 209
1710620 209
1710630 209
1710640 209
1710650 208
1710660 208
1710670 208
1710680 208
1710690 208
1710700 208
1710710 208
1710720 208
1710730 208
1710740 208
1710750 208
1710760 207
1710770 207
1710780 207
1710790 208
1710800 208
1710810 208
1710820 208
1710830 208
1710840 208
1710850 208
1710860 207
1710870 206
1710880 206
1710890 206
1710900 206
1710910 206
1710920 206
1710930 206
1710940 206
1710950 207
1710960 207
1710970 207
1710980 207
1710990 207
1711000 207
1711010 207
1711020 207
1711030 206
1711040 204
1711050 202
1711060 201
1711070 201
1711080 203
1711090 204
1711100 205
1711110 206
1711120 206
1711130 207
1711140 206
1711150 205
1711160 203
1711170 202
1711180 202
1711190 202
1711200 202
1711210 202
1711220 202
1711230 202
1711240 202
1711250 202
1711260 202
1711270 202
1711280 202
1711290 202
1711300 202
1711310 202
1711320 202
1711330 202
1711340 202
1711350 202
1711360 202
1711370 202
1711380 202
1711390 202
1711400 202
1711410 202
1711420 202
1711430 202
1711440 202
1711450 202
1711460 202
1711470 202
1711480 202
1711490 202
1711500 202
1711510 202
1711520 202
1711530 202
1711540 202
1711550 202
1711560 202
1711570 202
1711580 202
1711590 202
1711600 202
1711610 202
1711620 202
1711630 202
1711640 202
1711650 202
1711660 202
1711670 202
1711680 202
1711690 202
1711700 202
1711710 202
1711720 202
1711730 202
1711740 202
1711750 203
1711760 205
1711770 207
1711780 210
1711790 213
1711800 220
1711810 226
1711820 231
1711830 232
1711840 233
1711850 234
1711860 235
1711870 236
1711880 237
1711890 239
1711900 240
1711910 242
1711920 245
1711930 248
1711940 249
1711950 251
1711960 253
1711970 256
1711980 259
1711990 261
1712000 264
1712010 266
1712020 268
1712030 271
1712040 275
1712050 278
1712060 280
1712070 282
1712080 284
1712090 286
1712100 288
1712110 290
1712120 292
1712130 295
1712140 298
1712150 301
1712160 304
1712170 307
1712180 310
1712190 312
1712200 314
1712210 316
1712220 318
1712230 320
1712240 322
1712250 324
1712260 326
1712270 329
1712280 331
1712290 333
1712300 335
1712310 337
1712320 338
1712330 339
1712340 338
1712350 337
1712360 335
1712370 333
1712380 331
1712390 329
1712400 329
1712410 328
1712420 327
1712430 327
1712440 326
1712450 326
1712460 325
1712470 325
1712480 324
1712490 324
1712500 324
1712510 324
1712520 324
1712530 325
1712540 325
1712550 326
1712560 328
1712570 330
1712580 333
1712590 335
1712600 337
1712610 339
1712620 341
1712630 344
1712640 346
1712650 349
1712660 351
1712670 354
1712680 357
1712690 360
1712700 362
1712710 365
1712720 368
1712730 371
1712740 373
1712750 376
1712760 378
1712770 380
1712780 383
1712790 385
1712800 388
1712810 391
1712820 393
1712830 396
1712840 398
1712850 400
1712860 402
1712870 403
1712880 403
1712890 403
1712900 402
1712910 400
1712920 398
1712930 396
1712940 394
1712950 393
1712960 391
1712970 390
1712980 390
1712990 389
1713000 389
1713010 388
1713020 388
1713030 387
1713040 386
1713050 386
1713060 386
1713070 385
1713080 385
1713090 385
1713100 386
1713110 386
1713120 387
1713130 387
1713140 387
1713150 387
1713160 387
1713170 387
1713180 386
1713190 385
1713200 384
1713210 384
1713220 383
1713230 383
1713240 383
1713250 382
1713260 381
1713270 381
1713280 381
1713290 382
1713300 385
1713310 387
1713320 389
1713330 391
1713340 393
1713350 394
1713360 395
1713370 397
1713380 399
1713390 400
1713400 402
1713410 403
1713420 405
1713430 407
1713440 408
1713450 409
1713460 410
1713470 410
1713480 409
1713490 408
1713500 408
1713510 408
1713520 408
1713530 409
1713540 411
1713550 412
1713560 414
1713570 416
1713580 418
1713590 420
1713600 421
1713610 423
1713620 425
1713630 427
1713640 429
1713650 431
1713660 432
1713670 434
1713680 435
1713690 437
1713700 438
1713710 440
1713720 441
1713730 443
1713740 444
1713750 444
1713760 445
1713770 446
1713780 448
1713790 449
1713800 450
1713810 451
1713820 452
1713830 454
1713840 455
1713850 457
1713860 459
1713870 460
1713880 461
1713890 462
1713900 463
1713910 464
1713920 464
1713930 465
1713940 465
1713950 466
1713960 466
1713970 467
1713980 467
1713990 468
1714000 468
1714010 469
1714020 470
1714030 470
1714040 471
1714050 471
1714060 472
1714070 472
1714080 473
1714090 473
1714100 473
1714110 474
1714120 474
1714130 475
1714140 475
1714150 475
1714160 475
1714170 476
1714180 476
1714190 476
1714200 476
1714210 476
1714220 476
1714230 476
1714240 476
1714250 476
1714260 476
1714270 476
1714280 476
1714290 476
1714300 476
1714310 476
1714320 476
1714330 476
1714340 476
1714350 475
1714360 475
1714370 475
1714380 474
1714390 474
1714400 473
1714410 473
1714420 471
1714430 470
1714440 468
1714450 466
1714460 464
1714470 462
1714480 460
1714490 459
1714500 458
1714510 457
1714520 456
1714530 455
1714540 454
1714550 455
1714560 456
1714570 458
1714580 459
1714590 460
1714600 462
1714610 463
1714620 463
1714630 464
1714640 465
1714650 465
1714660 465
1714670 465
1714680 465
1714690 465
1714700 465
1714710 464
1714720 464
1714730 464
1714740 464
1714750 464
1714760 464
1714770 464
1714780 464
1714790 464
1714800 464
1714810 464
1714820 464
1714830 464
1714840 464
1714850 464
1714860 465
1714870 465
1714880 465
1714890 465
1714900 466
1714910 466
1714920 466
1714930 466
1714940 466
1714950 467
1714960 468
1714970 469
1714980 470
1714990 471
1715000 471
1715010 472
1715020 473
1715030 474
1715040 475
1715050 476
1715060 477
1715070 478
1715080 479
1715090 480
1715100 481
1715110 482
1715120 484
1715130 485
1715140 486
1715150 488
1715160 489
1715170 490
1715180 492
1715190 492
1715200 493
1715210 494
1715220 495
1715230 496
1715240 496
1715250 497
1715260 497
1715270 498
1715280 498
1715290 499
1715300 499
1715310 499
1715320 499
1715330 499
1715340 499
1715350 499
1715360 499
1715370 499
1715380 499
1715390 498
1715400 498
1715410 498
1715420 498
1715430 497
1715440 497
1715450 497
1715460 497
1715470 497
1715480 496
1715490 496
1715500 496
1715510 496
1715520 496
1715530 495
1715540 495
1715550 495
1715560 495
1715570 495
1715580 494
1715590 494
1715600 494
1715610 494
1715620 494
1715630 493
1715640 493
1715650 492
1715660 492
1715670 492
1715680 491
1715690 490
1715700 490
1715710 489
1715720 489
1715730 489
1715740 489
1715750 488
1715760 488
1715770 488
1715780 488
1715790 488
1715800 487
1715810 487
1715820 486
1715830 486
1715840 485
1715850 485
1715860 484
1715870 484
1715880 483
1715890 483
1715900 483
1715910 482
1715920 482
1715930 481
1715940 481
1715950 480
1715960 479
1715970 479
1715980 478
1715990 478
1716000 478
1716010 477
1716020 477
1716030 477
1716040 476
1716050 476
1716060 475
1716070 475
1716080 474
1716090 474
1716100 473
1716110 472
1716120 471
1716130 471
1716140 470
1716150 469
1716160 468
1716170 467
1716180 466
1716190 464
1716200 463
1716210 462
1716220 460
1716230 459
1716240 458
1716250 456
1716260 455
1716270 454
1716280 453
1716290 452
1716300 450
1716310 448
1716320 446
1716330 445
1716340 444
1716350 443
1716360 442
1716370 441
1716380 441
1716390 441
1716400 442
1716410 443
1716420 443
1716430 443
1716440 443
1716450 442
1716460 442
1716470 441
1716480 441
1716490 441
1716500 441
1716510 441
1716520 440
1716530 440
1716540 440
1716550 440
1716560 439
1716570 436
1716580 435
1716590 438
1716600 439
1716610 440
1716620 441
1716630 442
1716640 443
1716650 444
1716660 445
1716670 447
1716680 448
1716690 449
1716700 450
1716710 450
1716720 451
1716730 451
1716740 451
1716750 451
1716760 450
1716770 449
1716780 448
1716790 447
1716800 445
1716810 443
1716820 442
1716830 440
1716840 438
1716850 437
1716860 435
1716870 434
1716880 433
1716890 431
1716900 430
1716910 428
1716920 427
1716930 425
1716940 422
1716950 420
1716960 418
1716970 415
1716980 413
1716990 411
1717000 408
1717010 406
1717020 404
1717030 402
1717040 399
1717050 397
1717060 395
1717070 394
1717080 392
1717090 390
1717100 388
1717110 387
1717120 385
1717130 384
1717140 385
1717150 386
1717160 387
1717170 389
1717180 390
1717190 392
1717200 393
1717210 394
1717220 396
1717230 398
1717240 400
1717250 402
1717260 405
1717270 407
1717280 409
1717290 412
1717300 414
1717310 417
1717320 420
1717330 422
1717340 424
1717350 426
1717360 429
1717370 431
1717380 432
1717390 434
1717400 436
1717410 438
1717420 439
1717430 440
1717440 442
1717450 443
1717460 445
1717470 446
1717480 447
1717490 448
1717500 450
1717510 452
1717520 454
1717530 456
1717540 458
1717550 459
1717560 461
1717570 462
1717580 463
1717590 464
1717600 465
1717610 466
1717620 467
1717630 468
1717640 469
1717650 470
1717660 470
1717670 471
1717680 472
1717690 473
1717700 474
1717710 474
1717720 475
1717730 475
1717740 476
1717750 477
1717760 477
1717770 478
1717780 479
1717790 480
1717800 480
1717810 481
1717820 481
1717830 481
1717840 481
1717850 480
1717860 480
1717870 480
1717880 479
1717890 479
1717900 478
1717910 478
1717920 477
1717930 476
1717940 476
1717950 475
1717960 474
1717970 473
1717980 472
1717990 471
1718000 470
1718010 468
1718020 467
1718030 466
1718040 465
1718050 464
1718060 462
1718070 461
1718080 460
1718090 459
1718100 458
1718110 457
1718120 455
1718130 454
1718140 453
1718150 452
1718160 451
1718170 450
1718180 449
1718190 448
1718200 447
1718210 447
1718220 446
1718230 445
1718240 444
1718250 443
1718260 442
1718270 441
1718280 440
1718290 439
1718300 438
1718310 437
1718320 436
1718330 434
1718340 431
1718350 429
1718360 426
1718370 423
1718380 420
1718390 418
1718400 415
1718410 412
1718420 410
1718430 408
1718440 406
1718450 405
1718460 403
1718470 401
1718480 400
1718490 398
1718500 397
1718510 396
1718520 395
1718530 395
1718540 394
1718550 393
1718560 392
1718570 391
1718580 390
1718590 390
1718600 390
1718610 389
1718620 389
1718630 389
1718640 388
1718650 388
1718660 387
1718670 387
1718680 387
1718690 386
1718700 385
1718710 384
1718720 383
1718730 382
1718740 382
1718750 381
1718760 381
1718770 380
1718780 379
1718790 378
1718800 377
1718810 376
1718820 374
1718830 372
1718840 369
1718850 366
1718860 364
1718870 362
1718880 360
1718890 358
1718900 356
1718910 355
1718920 354
1718930 353
1718940 353
1718950 353
1718960 353
1718970 352
1718980 352
1718990 352
1719000 352
1719010 352
1719020 352
1719030 351
1719040 351
1719050 351
1719060 351
1719070 351
1719080 351
1719090 351
1719100 351
1719110 351
1719120 351
1719130 352
1719140 352
1719150 352
1719160 353
1719170 353
1719180 353
1719190 353
1719200 353
1719210 352
1719220 352
1719230 352
1719240 352
1719250 352
1719260 352
1719270 352
1719280 352
1719290 352
1719300 352
1719310 352
1719320 352
1719330 352
1719340 352
1719350 352
1719360 353
1719370 353
1719380 354
1719390 355
1719400 355
1719410 356
1719420 357
1719430 357
1719440 358
1719450 358
1719460 359
1719470 359
1719480 360
1719490 360
1719500 361
1719510 362
1719520 363
1719530 365
1719540 366
1719550 367
1719560 368
1719570 370
1719580 371
1719590 373
1719600 374
1719610 376
1719620 378
1719630 380
1719640 383
1719650 386
1719660 388
1719670 389
1719680 391
1719690 393
1719700 395
1719710 396
1719720 398
1719730 399
1719740 399
1719750 400
1719760 400
1719770 400
1719780 400
1719790 400
1719800 401
1719810 401
1719820 402
1719830 402
1719840 403
1719850 403
1719860 404
1719870 405
1719880 406
1719890 407
1719900 409
1719910 411
1719920 413
1719930 415
1719940 417
1719950 419
1719960 421
1719970 423
1719980 424
1719990 425
