1700000 396
1700010 395
1700020 395
1700030 394
1700040 394
1700050 393
1700060 392
1700070 392
1700080 391
1700090 390
1700100 389
1700110 388
1700120 387
1700130 386
1700140 385
1700150 383
1700160 381
1700170 379
1700180 376
1700190 373
1700200 369
1700210 366
1700220 363
1700230 360
1700240 358
1700250 355
1700260 352
1700270 348
1700280 345
1700290 341
1700300 337
1700310 334
1700320 331
1700330 328
1700340 325
1700350 323
1700360 321
1700370 318
1700380 316
1700390 313
1700400 311
1700410 308
1700420 306
1700430 304
1700440 303
1700450 303
1700460 302
1700470 302
1700480 301
1700490 300
1700500 300
1700510 299
1700520 298
1700530 298
1700540 298
1700550 297
1700560 297
1700570 296
1700580 296
1700590 296
1700600 295
1700610 295
1700620 294
1700630 293
1700640 292
1700650 293
1700660 293
1700670 293
1700680 293
1700690 293
1700700 294
1700710 293
1700720 293
1700730 293
1700740 293
1700750 293
1700760 293
1700770 294
1700780 295
1700790 299
1700800 304
1700810 307
1700820 308
1700830 309
1700840 310
1700850 311
1700860 313
1700870 315
1700880 318
1700890 320
1700900 323
1700910 326
1700920 328
1700930 331
1700940 333
1700950 334
1700960 336
1700970 337
1700980 339
1700990 340
1701000 342
1701010 344
1701020 346
1701030 347
1701040 349
1701050 351
1701060 352
1701070 353
1701080 353
1701090 353
1701100 353
1701110 352
1701120 352
1701130 352
1701140 352
1701150 352
1701160 352
1701170 352
1701180 351
1701190 350
1701200 348
1701210 345
1701220 342
1701230 339
1701240 336
1701250 334
1701260 332
1701270 330
1701280 330
1701290 329
1701300 329
1701310 329
1701320 329
1701330 329
1701340 329
1701350 329
1701360 329
1701370 332
1701380 335
1701390 337
1701400 340
1701410 342
1701420 345
1701430 347
1701440 349
1701450 351
1701460 353
1701470 355
1701480 357
1701490 359
1701500 361
1701510 363
1701520 365
1701530 367
1701540 368
1701550 371
1701560 373
1701570 376
1701580 378
1701590 379
1701600 379
1701610 380
1701620 382
1701630 383
1701640 384
1701650 386
1701660 387
1701670 388
1701680 389
1701690 390
1701700 390
1701710 391
1701720 392
1701730 393
1701740 394
1701750 395
1701760 396
1701770 396
1701780 395
1701790 393
1701800 391
1701810 389
1701820 386
1701830 384
1701840 381
1701850 378
1701860 375
1701870 372
1701880 370
1701890 367
1701900 364
1701910 362
1701920 359
1701930 357
1701940 356
1701950 355
1701960 353
1701970 352
1701980 351
1701990 349
1702000 347
1702010 346
1702020 348
1702030 350
1702040 351
1702050 354
1702060 357
1702070 360
1702080 361
1702090 362
1702100 363
1702110 364
1702120 365
1702130 366
1702140 367
1702150 368
1702160 369
1702170 370
1702180 371
1702190 372
1702200 373
1702210 375
1702220 376
1702230 378
1702240 380
1702250 381
1702260 382
1702270 383
1702280 384
1702290 385
1702300 385
1702310 386
1702320 386
1702330 386
1702340 387
1702350 387
1702360 388
1702370 388
1702380 387
1702390 387
1702400 387
1702410 386
1702420 386
1702430 385
1702440 385
1702450 386
1702460 387
1702470 389
1702480 391
1702490 392
1702500 393
1702510 393
1702520 394
1702530 394
1702540 395
1702550 396
1702560 396
1702570 397
1702580 398
1702590 399
1702600 400
1702610 401
1702620 401
1702630 403
1702640 404
1702650 406
1702660 408
1702670 409
1702680 411
1702690 412
1702700 414
1702710 415
1702720 417
1702730 418
1702740 420
1702750 422
1702760 423
1702770 424
1702780 424
1702790 425
1702800 425
1702810 426
1702820 427
1702830 427
1702840 426
1702850 426
1702860 425
1702870 425
1702880 425
1702890 424
1702900 425
1702910 425
1702920 425
1702930 425
1702940 425
1702950 426
1702960 426
1702970 427
1702980 427
1702990 428
1703000 428
1703010 429
1703020 430
1703030 432
1703040 433
1703050 435
1703060 437
1703070 438
1703080 440
1703090 442
1703100 444
1703110 446
1703120 448
1703130 450
1703140 452
1703150 454
1703160 456
1703170 458
1703180 459
1703190 461
1703200 462
1703210 464
1703220 466
1703230 467
1703240 469
1703250 471
1703260 473
1703270 474
1703280 476
1703290 478
1703300 479
1703310 480
1703320 480
1703330 480
1703340 479
1703350 478
1703360 478
1703370 477
1703380 476
1703390 476
1703400 475
1703410 475
1703420 474
1703430 473
1703440 472
1703450 471
1703460 470
1703470 470
1703480 469
1703490 468
1703500 468
1703510 467
1703520 467
1703530 467
1703540 466
1703550 466
1703560 466
1703570 466
1703580 466
1703590 466
1703600 466
1703610 466
1703620 466
1703630 466
1703640 465
1703650 465
1703660 465
1703670 465
1703680 464
1703690 463
1703700 462
1703710 461
1703720 459
1703730 458
1703740 457
1703750 456
1703760 454
1703770 453
1703780 452
1703790 451
1703800 450
1703810 448
1703820 447
1703830 446
1703840 444
1703850 443
1703860 441
1703870 439
1703880 436
1703890 433
1703900 429
1703910 426
1703920 422
1703930 419
1703940 416
1703950 412
1703960 407
1703970 404
1703980 402
1703990 400
1704000 398
1704010 397
1704020 396
1704030 396
1704040 396
1704050 396
1704060 395
1704070 393
1704080 391
1704090 389
1704100 388
1704110 386
1704120 385
1704130 383
1704140 381
1704150 380
1704160 379
1704170 377
1704180 377
1704190 378
1704200 378
1704210 378
1704220 379
1704230 380
1704240 381
1704250 381
1704260 380
1704270 377
1704280 374
1704290 370
1704300 367
1704310 363
1704320 359
1704330 354
1704340 351
1704350 349
1704360 350
1704370 351
1704380 352
1704390 354
1704400 358
1704410 363
1704420 367
1704430 371
1704440 375
1704450 379
1704460 382
1704470 385
1704480 388
1704490 391
1704500 394
1704510 396
1704520 398
1704530 400
1704540 403
1704550 405
1704560 407
1704570 409
1704580 411
1704590 414
1704600 416
1704610 418
1704620 420
1704630 422
1704640 425
1704650 426
1704660 428
1704670 430
1704680 431
1704690 433
1704700 435
1704710 437
1704720 439
1704730 442
1704740 444
1704750 446
1704760 448
1704770 450
1704780 451
1704790 453
1704800 455
1704810 456
1704820 457
1704830 459
1704840 459
1704850 460
1704860 460
1704870 460
1704880 459
1704890 459
1704900 459
1704910 460
1704920 460
1704930 461
1704940 462
1704950 462
1704960 462
1704970 462
1704980 462
1704990 462
1705000 462
1705010 462
1705020 462
1705030 461
1705040 461
1705050 460
1705060 460
1705070 460
1705080 459
1705090 459
1705100 458
1705110 458
1705120 458
1705130 457
1705140 457
1705150 457
1705160 457
1705170 458
1705180 458
1705190 459
1705200 459
1705210 460
1705220 461
1705230 461
1705240 462
1705250 462
1705260 463
1705270 464
1705280 464
1705290 465
1705300 465
1705310 465
1705320 466
1705330 466
1705340 466
1705350 467
1705360 467
1705370 467
1705380 468
1705390 468
1705400 469
1705410 469
1705420 470
1705430 470
1705440 470
1705450 471
1705460 471
1705470 471
1705480 472
1705490 472
1705500 472
1705510 472
1705520 473
1705530 473
1705540 473
1705550 473
1705560 473
1705570 473
1705580 473
1705590 473
1705600 473
1705610 474
1705620 474
1705630 474
1705640 474
1705650 474
1705660 474
1705670 475
1705680 475
1705690 475
1705700 476
1705710 476
1705720 476
1705730 477
1705740 477
1705750 477
1705760 477
1705770 477
1705780 478
1705790 478
1705800 478
1705810 478
1705820 478
1705830 478
1705840 478
1705850 478
1705860 478
1705870 478
1705880 478
1705890 479
1705900 479
1705910 479
1705920 479
1705930 479
1705940 479
1705950 479
1705960 479
1705970 479
1705980 479
1705990 479
1706000 480
1706010 480
1706020 480
1706030 479
1706040 478
1706050 477
1706060 476
1706070 475
1706080 474
1706090 473
1706100 473
1706110 472
1706120 471
1706130 471
1706140 470
1706150 469
1706160 469
1706170 468
1706180 467
1706190 465
1706200 464
1706210 462
1706220 460
1706230 458
1706240 456
1706250 453
1706260 451
1706270 448
1706280 446
1706290 444
1706300 442
1706310 439
1706320 436
1706330 432
1706340 428
1706350 426
1706360 424
1706370 422
1706380 421
1706390 420
1706400 418
1706410 417
1706420 416
1706430 415
1706440 414
1706450 412
1706460 410
1706470 408
1706480 406
1706490 403
1706500 400
1706510 397
1706520 393
1706530 391
1706540 391
1706550 394
1706560 395
1706570 396
1706580 398
1706590 399
1706600 402
1706610 405
1706620 408
1706630 411
1706640 414
1706650 416
1706660 419
1706670 422
1706680 425
1706690 428
1706700 431
1706710 433
1706720 435
1706730 436
1706740 437
1706750 437
1706760 437
1706770 437
1706780 437
1706790 437
1706800 437
1706810 437
1706820 436
1706830 436
1706840 436
1706850 436
1706860 436
1706870 436
1706880 436
1706890 436
1706900 436
1706910 437
1706920 437
1706930 437
1706940 438
1706950 438
1706960 438
1706970 439
1706980 440
1706990 440
1707000 441
1707010 443
1707020 444
1707030 444
1707040 444
1707050 443
1707060 443
1707070 442
1707080 441
1707090 440
1707100 439
1707110 438
1707120 436
1707130 434
1707140 433
1707150 432
1707160 430
1707170 429
1707180 427
1707190 426
1707200 426
1707210 425
1707220 423
1707230 422
1707240 421
1707250 419
1707260 418
1707270 416
1707280 415
1707290 413
1707300 411
1707310 410
1707320 408
1707330 407
1707340 404
1707350 402
1707360 400
1707370 398
1707380 396
1707390 393
1707400 391
1707410 389
1707420 388
1707430 387
1707440 386
1707450 386
1707460 386
1707470 386
1707480 385
1707490 384
1707500 383
1707510 382
1707520 381
1707530 381
1707540 379
1707550 378
1707560 377
1707570 375
1707580 374
1707590 372
1707600 369
1707610 365
1707620 361
1707630 360
1707640 360
1707650 363
1707660 366
1707670 367
1707680 367
1707690 368
1707700 368
1707710 368
1707720 369
1707730 368
1707740 368
1707750 368
1707760 367
1707770 367
1707780 366
1707790 365
1707800 364
1707810 363
1707820 362
1707830 360
1707840 359
1707850 358
1707860 357
1707870 357
1707880 356
1707890 356
1707900 355
1707910 355
1707920 354
1707930 354
1707940 353
1707950 352
1707960 351
1707970 350
1707980 349
1707990 347
1708000 346
1708010 344
1708020 342
1708030 340
1708040 338
1708050 336
1708060 333
1708070 331
1708080 329
1708090 327
1708100 326
1708110 324
1708120 323
1708130 321
1708140 320
1708150 318
1708160 317
1708170 315
1708180 313
1708190 312
1708200 309
1708210 307
1708220 304
1708230 302
1708240 301
1708250 301
1708260 301
1708270 301
1708280 301
1708290 301
1708300 301
1708310 300
1708320 303
1708330 305
1708340 309
1708350 312
1708360 315
1708370 318
1708380 321
1708390 324
1708400 326
1708410 329
1708420 331
1708430 333
1708440 336
1708450 339
1708460 341
1708470 344
1708480 346
1708490 349
1708500 351
1708510 353
1708520 355
1708530 357
1708540 359
1708550 360
1708560 362
1708570 364
1708580 365
1708590 366
1708600 367
1708610 368
1708620 368
1708630 369
1708640 369
1708650 369
1708660 369
1708670 369
1708680 370
1708690 370
1708700 370
1708710 370
1708720 370
1708730 370
1708740 370
1708750 370
1708760 371
1708770 371
1708780 371
1708790 371
1708800 371
1708810 371
1708820 370
1708830 370
1708840 370
1708850 369
1708860 369
1708870 368
1708880 367
1708890 367
1708900 366
1708910 364
1708920 363
1708930 363
1708940 362
1708950 361
1708960 359
1708970 358
1708980 356
1708990 354
1709000 352
1709010 349
1709020 347
1709030 344
1709040 342
1709050 341
1709060 339
1709070 337
1709080 335
1709090 333
1709100 331
1709110 329
1709120 326
1709130 324
1709140 322
1709150 320
1709160 318
1709170 316
1709180 314
1709190 312
1709200 309
1709210 306
1709220 304
1709230 302
1709240 298
1709250 298
1709260 299
1709270 302
1709280 305
1709290 307
1709300 310
1709310 312
1709320 315
1709330 317
1709340 320
1709350 322
1709360 325
1709370 327
1709380 330
1709390 333
1709400 336
1709410 340
1709420 343
1709430 346
1709440 350
1709450 353
1709460 356
1709470 358
1709480 360
1709490 363
1709500 365
1709510 366
1709520 368
1709530 370
1709540 371
1709550 372
1709560 373
1709570 374
1709580 375
1709590 375
1709600 375
1709610 375
1709620 374
1709630 374
1709640 374
1709650 374
1709660 374
1709670 374
1709680 374
1709690 374
1709700 374
1709710 374
1709720 373
1709730 373
1709740 373
1709750 374
1709760 374
1709770 374
1709780 374
1709790 374
1709800 374
1709810 374
1709820 374
1709830 374
1709840 374
1709850 374
1709860 374
1709870 374
1709880 374
1709890 375
1709900 375
1709910 376
1709920 377
1709930 378
1709940 378
1709950 379
1709960 379
1709970 380
1709980 381
1709990 382
1710000 383
1710010 384
1710020 385
1710030 385
1710040 386
1710050 386
1710060 387
1710070 387
1710080 388
1710090 388
1710100 388
1710110 388
1710120 389
1710130 389
1710140 389
1710150 389
1710160 389
1710170 389
1710180 389
1710190 388
1710200 388
1710210 387
1710220 385
1710230 383
1710240 381
1710250 381
1710260 383
1710270 384
1710280 384
1710290 384
1710300 382
1710310 380
1710320 378
1710330 376
1710340 374
1710350 371
1710360 369
1710370 367
1710380 364
1710390 362
1710400 360
1710410 358
1710420 357
1710430 355
1710440 354
1710450 352
1710460 351
1710470 351
1710480 354
1710490 357
1710500 360
1710510 363
1710520 367
1710530 370
1710540 373
1710550 376
1710560 378
1710570 380
1710580 383
1710590 385
1710600 387
1710610 389
1710620 390
1710630 392
1710640 394
1710650 395
1710660 396
1710670 398
1710680 399
1710690 400
1710700 402
1710710 403
1710720 405
1710730 407
1710740 408
1710750 410
1710760 412
1710770 414
1710780 416
1710790 417
1710800 419
1710810 420
1710820 422
1710830 423
1710840 424
1710850 426
1710860 427
1710870 429
1710880 430
1710890 431
1710900 432
1710910 433
1710920 434
1710930 435
1710940 436
1710950 436
1710960 437
1710970 437
1710980 437
1710990 437
1711000 436
1711010 435
1711020 434
1711030 432
1711040 430
1711050 428
1711060 425
1711070 423
1711080 420
1711090 417
1711100 413
1711110 409
1711120 405
1711130 401
1711140 398
1711150 396
1711160 395
1711170 394
1711180 394
1711190 394
1711200 393
1711210 393
1711220 393
1711230 393
1711240 392
1711250 392
1711260 392
1711270 392
1711280 392
1711290 392
1711300 391
1711310 391
1711320 391
1711330 390
1711340 389
1711350 387
1711360 385
1711370 383
1711380 381
1711390 379
1711400 376
1711410 373
1711420 369
1711430 365
1711440 362
1711450 358
1711460 354
1711470 350
1711480 346
1711490 343
1711500 340
1711510 337
1711520 334
1711530 330
1711540 327
1711550 323
1711560 320
1711570 318
1711580 317
1711590 317
1711600 316
1711610 313
1711620 309
1711630 305
1711640 301
1711650 300
1711660 299
1711670 297
1711680 293
1711690 289
1711700 285
1711710 282
1711720 280
1711730 279
1711740 279
1711750 278
1711760 275
1711770 270
1711780 265
1711790 260
1711800 256
1711810 252
1711820 249
1711830 246
1711840 242
1711850 238
1711860 235
1711870 232
1711880 229
1711890 226
1711900 223
1711910 220
1711920 219
1711930 217
1711940 215
1711950 213
1711960 212
1711970 210
1711980 209
1711990 209
1712000 208
1712010 208
1712020 207
1712030 207
1712040 207
1712050 206
1712060 205
1712070 205
1712080 205
1712090 205
1712100 205
1712110 205
1712120 205
1712130 205
1712140 205
1712150 205
1712160 205
1712170 205
1712180 205
1712190 204
1712200 203
1712210 203
1712220 204
1712230 205
1712240 206
1712250 206
1712260 206
1712270 206
1712280 207
1712290 207
1712300 207
1712310 206
1712320 206
1712330 207
1712340 207
1712350 207
1712360 206
1712370 206
1712380 206
1712390 206
1712400 205
1712410 204
1712420 202
1712430 201
1712440 201
1712450 201
1712460 201
1712470 201
1712480 201
1712490 201
1712500 201
1712510 201
1712520 201
1712530 201
1712540 201
1712550 201
1712560 201
1712570 201
1712580 201
1712590 201
1712600 201
1712610 201
1712620 201
1712630 201
1712640 201
1712650 201
1712660 201
1712670 201
1712680 201
1712690 201
1712700 201
1712710 201
1712720 201
1712730 201
1712740 201
1712750 201
1712760 201
1712770 201
1712780 201
1712790 201
1712800 201
1712810 201
1712820 201
1712830 201
1712840 201
1712850 201
1712860 201
1712870 201
1712880 201
1712890 201
1712900 201
1712910 202
1712920 204
1712930 206
1712940 206
1712950 207
1712960 207
1712970 207
1712980 207
1712990 207
1713000 207
1713010 207
1713020 207
1713030 207
1713040 207
1713050 207
1713060 207
1713070 207
1713080 207
1713090 207
1713100 206
1713110 206
1713120 205
1713130 204
1713140 204
1713150 203
1713160 203
1713170 202
1713180 202
1713190 202
1713200 202
1713210 202
1713220 203
1713230 205
1713240 206
1713250 207
1713260 207
1713270 208
1713280 208
1713290 208
1713300 209
1713310 209
1713320 209
1713330 210
1713340 211
1713350 214
1713360 216
1713370 218
1713380 219
1713390 223
1713400 227
1713410 232
1713420 237
1713430 240
1713440 241
1713450 242
1713460 242
1713470 243
1713480 243
1713490 245
1713500 247
1713510 250
1713520 254
1713530 257
1713540 260
1713550 262
1713560 266
1713570 269
1713580 272
1713590 275
1713600 277
1713610 279
1713620 282
1713630 285
1713640 288
1713650 292
1713660 297
1713670 302
1713680 307
1713690 311
1713700 316
1713710 321
1713720 325
1713730 330
1713740 334
1713750 338
1713760 341
1713770 342
1713780 340
1713790 337
1713800 333
1713810 329
1713820 324
1713830 319
1713840 314
1713850 310
1713860 306
1713870 303
1713880 300
1713890 298
1713900 295
1713910 292
1713920 289
1713930 286
1713940 283
1713950 280
1713960 278
1713970 279
1713980 282
1713990 286
1714000 291
1714010 295
1714020 300
1714030 304
1714040 308
1714050 312
1714060 315
1714070 318
1714080 320
1714090 322
1714100 324
1714110 326
1714120 328
1714130 331
1714140 333
1714150 336
1714160 338
1714170 340
1714180 342
1714190 344
1714200 347
1714210 350
1714220 353
1714230 356
1714240 359
1714250 363
1714260 365
1714270 367
1714280 370
1714290 373
1714300 377
1714310 381
1714320 385
1714330 388
1714340 392
1714350 396
1714360 400
1714370 404
1714380 408
1714390 411
1714400 415
1714410 418
1714420 422
1714430 424
1714440 427
1714450 429
1714460 430
1714470 429
1714480 428
1714490 426
1714500 424
1714510 422
1714520 420
1714530 417
1714540 413
1714550 410
1714560 406
1714570 404
1714580 401
1714590 399
1714600 397
1714610 395
1714620 394
1714630 393
1714640 393
1714650 393
1714660 393
1714670 394
1714680 393
1714690 393
1714700 393
1714710 394
1714720 395
1714730 397
1714740 400
1714750 401
1714760 403
1714770 406
1714780 408
1714790 411
1714800 416
1714810 420
1714820 425
1714830 430
1714840 434
1714850 439
1714860 443
1714870 447
1714880 450
1714890 454
1714900 459
1714910 463
1714920 467
1714930 470
1714940 474
1714950 477
1714960 481
1714970 484
1714980 487
1714990 490
1715000 491
1715010 492
1715020 492
1715030 493
1715040 493
1715050 493
1715060 493
1715070 491
1715080 490
1715090 489
1715100 489
1715110 490
1715120 490
1715130 490
1715140 490
1715150 490
1715160 491
1715170 492
1715180 493
1715190 495
1715200 496
1715210 497
1715220 499
1715230 500
1715240 501
1715250 503
1715260 504
1715270 506
1715280 507
1715290 508
1715300 510
1715310 511
1715320 511
1715330 512
1715340 513
1715350 514
1715360 514
1715370 514
1715380 514
1715390 514
1715400 513
1715410 513
1715420 513
1715430 513
1715440 513
1715450 513
1715460 513
1715470 513
1715480 513
1715490 513
1715500 514
1715510 514
1715520 514
1715530 515
1715540 515
1715550 514
1715560 514
1715570 514
1715580 515
1715590 515
1715600 515
1715610 515
1715620 515
1715630 515
1715640 515
1715650 515
1715660 514
1715670 514
1715680 514
1715690 513
1715700 513
1715710 513
1715720 513
1715730 513
1715740 512
1715750 512
1715760 512
1715770 511
1715780 511
1715790 511
1715800 511
1715810 510
1715820 510
1715830 510
1715840 511
1715850 511
1715860 511
1715870 511
1715880 511
1715890 511
1715900 511
1715910 511
1715920 512
1715930 512
1715940 512
1715950 512
1715960 512
1715970 512
1715980 512
1715990 512
1716000 512
1716010 511
1716020 511
1716030 511
1716040 511
1716050 511
1716060 511
1716070 511
1716080 511
1716090 511
1716100 511
1716110 510
1716120 510
1716130 510
1716140 510
1716150 509
1716160 509
1716170 509
1716180 508
1716190 508
1716200 508
1716210 507
1716220 507
1716230 507
1716240 507
1716250 507
1716260 507
1716270 507
1716280 507
1716290 507
1716300 507
1716310 507
1716320 508
1716330 508
1716340 508
1716350 508
1716360 508
1716370 508
1716380 509
1716390 508
1716400 508
1716410 508
1716420 508
1716430 507
1716440 507
1716450 506
1716460 506
1716470 505
1716480 504
1716490 503
1716500 503
1716510 502
1716520 501
1716530 500
1716540 499
1716550 498
1716560 497
1716570 496
1716580 495
1716590 495
1716600 494
1716610 493
1716620 493
1716630 492
1716640 491
1716650 490
1716660 490
1716670 489
1716680 488
1716690 487
1716700 486
1716710 486
1716720 485
1716730 484
1716740 483
1716750 482
1716760 481
1716770 480
1716780 479
1716790 478
1716800 477
1716810 476
1716820 476
1716830 475
1716840 474
1716850 473
1716860 473
1716870 472
1716880 471
1716890 470
1716900 469
1716910 469
1716920 468
1716930 468
1716940 467
1716950 466
1716960 465
1716970 464
1716980 462
1716990 461
1717000 459
1717010 457
1717020 455
1717030 453
1717040 450
1717050 447
1717060 444
1717070 442
1717080 439
1717090 437
1717100 435
1717110 433
1717120 431
1717130 429
1717140 428
1717150 427
1717160 426
1717170 426
1717180 426
1717190 426
1717200 426
1717210 426
1717220 424
1717230 423
1717240 421
1717250 419
1717260 417
1717270 416
1717280 415
1717290 415
1717300 415
1717310 415
1717320 416
1717330 417
1717340 419
1717350 421
1717360 422
1717370 423
1717380 423
1717390 423
1717400 423
1717410 423
1717420 423
1717430 422
1717440 421
1717450 419
1717460 417
1717470 414
1717480 411
1717490 408
1717500 405
1717510 402
1717520 398
1717530 395
1717540 391
1717550 388
1717560 384
1717570 381
1717580 377
1717590 374
1717600 371
1717610 368
1717620 365
1717630 362
1717640 360
1717650 357
1717660 354
1717670 352
1717680 350
1717690 348
1717700 345
1717710 343
1717720 341
1717730 339
1717740 337
1717750 335
1717760 333
1717770 330
1717780 328
1717790 327
1717800 325
1717810 322
1717820 319
1717830 316
1717840 314
1717850 312
1717860 311
1717870 312
1717880 312
1717890 313
1717900 315
1717910 315
1717920 315
1717930 315
1717940 315
1717950 316
1717960 316
1717970 319
1717980 323
1717990 327
1718000 331
1718010 333
1718020 336
1718030 339
1718040 342
1718050 345
1718060 347
1718070 349
1718080 351
1718090 353
1718100 356
1718110 359
1718120 361
1718130 364
1718140 367
1718150 369
1718160 371
1718170 373
1718180 373
1718190 373
1718200 372
1718210 371
1718220 370
1718230 369
1718240 366
1718250 363
1718260 359
1718270 356
1718280 355
1718290 353
1718300 352
1718310 350
1718320 349
1718330 347
1718340 345
1718350 343
1718360 342
1718370 341
1718380 340
1718390 340
1718400 340
1718410 339
1718420 340
1718430 340
1718440 341
1718450 342
1718460 343
1718470 343
1718480 344
1718490 345
1718500 346
1718510 347
1718520 348
1718530 349
1718540 351
1718550 353
1718560 355
1718570 358
1718580 361
1718590 364
1718600 366
1718610 369
1718620 372
1718630 374
1718640 377
1718650 379
1718660 381
1718670 384
1718680 386
1718690 388
1718700 391
1718710 394
1718720 397
1718730 400
1718740 403
1718750 405
1718760 408
1718770 410
1718780 412
1718790 414
1718800 415
1718810 416
1718820 416
1718830 416
1718840 414
1718850 411
1718860 407
1718870 403
1718880 400
1718890 396
1718900 393
1718910 391
1718920 389
1718930 388
1718940 387
1718950 386
1718960 385
1718970 384
1718980 384
1718990 385
1719000 385
1719010 386
1719020 387
1719030 389
1719040 390
1719050 391
1719060 392
1719070 393
1719080 394
1719090 394
1719100 395
1719110 395
1719120 395
1719130 396
1719140 396
1719150 396
1719160 396
1719170 396
1719180 396
1719190 396
1719200 396
1719210 395
1719220 395
1719230 394
1719240 393
1719250 392
1719260 391
1719270 389
1719280 387
1719290 385
1719300 382
1719310 380
1719320 378
1719330 376
1719340 375
1719350 372
1719360 371
1719370 369
1719380 368
1719390 368
1719400 369
1719410 370
1719420 372
1719430 375
1719440 377
1719450 380
1719460 382
1719470 384
1719480 385
1719490 387
1719500 388
1719510 390
1719520 392
1719530 394
1719540 396
1719550 398
1719560 400
1719570 402
1719580 404
1719590 407
1719600 409
1719610 411
1719620 413
1719630 415
1719640 417
1719650 419
1719660 421
1719670 423
1719680 425
1719690 427
1719700 429
1719710 431
1719720 432
1719730 434
1719740 435
1719750 436
1719760 438
1719770 439
1719780 440
1719790 441
1719800 441
1719810 442
1719820 443
1719830 443
1719840 443
1719850 444
1719860 444
1719870 444
1719880 444
1719890 444
1719900 445
1719910 445
1719920 445
1719930 446
1719940 446
1719950 446
1719960 447
1719970 447
1719980 447
1719990 447
