1700000 373
1700010 375
1700020 377
1700030 378
1700040 381
1700050 383
1700060 386
1700070 388
1700080 391
1700090 393
1700100 395
1700110 396
1700120 397
1700130 398
1700140 398
1700150 399
1700160 401
1700170 402
1700180 403
1700190 404
1700200 405
1700210 406
1700220 406
1700230 407
1700240 407
1700250 408
1700260 408
1700270 409
1700280 410
1700290 410
1700300 410
1700310 410
1700320 410
1700330 410
1700340 410
1700350 409
1700360 408
1700370 407
1700380 406
1700390 405
1700400 403
1700410 402
1700420 401
1700430 400
1700440 399
1700450 398
1700460 397
1700470 395
1700480 394
1700490 393
1700500 392
1700510 391
1700520 389
1700530 388
1700540 386
1700550 384
1700560 382
1700570 379
1700580 376
1700590 373
1700600 370
1700610 369
1700620 367
1700630 365
1700640 363
1700650 361
1700660 360
1700670 358
1700680 356
1700690 355
1700700 353
1700710 351
1700720 350
1700730 347
1700740 345
1700750 342
1700760 339
1700770 337
1700780 334
1700790 331
1700800 328
1700810 326
1700820 324
1700830 322
1700840 320
1700850 318
1700860 316
1700870 314
1700880 312
1700890 310
1700900 309
1700910 308
1700920 307
1700930 306
1700940 305
1700950 305
1700960 303
1700970 302
1700980 300
1700990 298
1701000 296
1701010 293
1701020 292
1701030 291
1701040 290
1701050 290
1701060 290
1701070 289
1701080 289
1701090 289
1701100 289
1701110 289
1701120 289
1701130 289
1701140 289
1701150 289
1701160 288
1701170 288
1701180 288
1701190 288
1701200 288
1701210 288
1701220 288
1701230 288
1701240 287
1701250 287
1701260 287
1701270 287
1701280 286
1701290 287
1701300 287
1701310 288
1701320 288
1701330 288
1701340 288
1701350 288
1701360 288
1701370 288
1701380 288
1701390 288
1701400 288
1701410 289
1701420 291
1701430 293
1701440 297
1701450 302
1701460 307
1701470 310
1701480 314
1701490 319
1701500 324
1701510 330
1701520 336
1701530 341
1701540 346
1701550 351
1701560 355
1701570 357
1701580 359
1701590 361
1701600 363
1701610 365
1701620 368
1701630 371
1701640 374
1701650 375
1701660 375
1701670 373
1701680 371
1701690 368
1701700 366
1701710 363
1701720 359
1701730 356
1701740 353
1701750 349
1701760 346
1701770 343
1701780 339
1701790 336
1701800 333
1701810 330
1701820 327
1701830 323
1701840 321
1701850 322
1701860 325
1701870 327
1701880 329
1701890 332
1701900 334
1701910 337
1701920 339
1701930 342
1701940 345
1701950 348
1701960 351
1701970 355
1701980 358
1701990 360
1702000 362
1702010 364
1702020 365
1702030 367
1702040 368
1702050 369
1702060 370
1702070 370
1702080 371
1702090 371
1702100 371
1702110 371
1702120 371
1702130 370
1702140 370
1702150 369
1702160 369
1702170 369
1702180 369
1702190 368
1702200 368
1702210 368
1702220 368
1702230 368
1702240 368
1702250 369
1702260 369
1702270 369
1702280 370
1702290 370
1702300 370
1702310 371
1702320 371
1702330 371
1702340 371
1702350 371
1702360 370
1702370 370
1702380 370
1702390 370
1702400 371
1702410 371
1702420 371
1702430 369
1702440 367
1702450 366
1702460 366
1702470 365
1702480 365
1702490 367
1702500 370
1702510 374
1702520 377
1702530 379
1702540 382
1702550 384
1702560 387
1702570 389
1702580 391
1702590 394
1702600 396
1702610 398
1702620 400
1702630 403
1702640 405
1702650 407
1702660 409
1702670 411
1702680 413
1702690 414
1702700 416
1702710 418
1702720 420
1702730 422
1702740 425
1702750 428
1702760 430
1702770 432
1702780 434
1702790 435
1702800 437
1702810 438
1702820 438
1702830 438
1702840 438
1702850 438
1702860 437
1702870 436
1702880 436
1702890 435
1702900 434
1702910 433
1702920 432
1702930 431
1702940 430
1702950 430
1702960 429
1702970 429
1702980 428
1702990 426
1703000 425
1703010 423
1703020 422
1703030 421
1703040 421
1703050 421
1703060 420
1703070 420
1703080 420
1703090 419
1703100 419
1703110 419
1703120 419
1703130 419
1703140 418
1703150 418
1703160 418
1703170 418
1703180 418
1703190 417
1703200 417
1703210 417
1703220 417
1703230 417
1703240 416
1703250 416
1703260 416
1703270 416
1703280 416
1703290 416
1703300 416
1703310 416
1703320 415
1703330 415
1703340 415
1703350 415
1703360 415
1703370 415
1703380 415
1703390 416
1703400 416
1703410 416
1703420 416
1703430 416
1703440 416
1703450 416
1703460 416
1703470 416
1703480 416
1703490 417
1703500 417
1703510 417
1703520 417
1703530 417
1703540 417
1703550 417
1703560 417
1703570 417
1703580 417
1703590 417
1703600 416
1703610 416
1703620 416
1703630 415
1703640 414
1703650 413
1703660 412
1703670 410
1703680 408
1703690 405
1703700 403
1703710 401
1703720 398
1703730 396
1703740 394
1703750 392
1703760 390
1703770 388
1703780 387
1703790 386
1703800 384
1703810 383
1703820 381
1703830 379
1703840 377
1703850 375
1703860 372
1703870 370
1703880 367
1703890 364
1703900 362
1703910 360
1703920 358
1703930 356
1703940 354
1703950 352
1703960 349
1703970 345
1703980 341
1703990 336
1704000 334
1704010 334
1704020 334
1704030 335
1704040 335
1704050 335
1704060 334
1704070 334
1704080 335
1704090 335
1704100 335
1704110 336
1704120 336
1704130 336
1704140 336
1704150 336
1704160 336
1704170 336
1704180 337
1704190 337
1704200 337
1704210 339
1704220 341
1704230 344
1704240 347
1704250 351
1704260 354
1704270 357
1704280 360
1704290 364
1704300 367
1704310 371
1704320 375
1704330 380
1704340 384
1704350 389
1704360 393
1704370 396
1704380 400
1704390 404
1704400 408
1704410 411
1704420 415
1704430 418
1704440 420
1704450 421
1704460 421
1704470 420
1704480 418
1704490 416
1704500 415
1704510 413
1704520 412
1704530 411
1704540 410
1704550 409
1704560 408
1704570 408
1704580 408
1704590 408
1704600 409
1704610 411
1704620 413
1704630 414
1704640 416
1704650 418
1704660 420
1704670 422
1704680 424
1704690 426
1704700 428
1704710 430
1704720 433
1704730 435
1704740 437
1704750 439
1704760 441
1704770 444
1704780 446
1704790 449
1704800 451
1704810 453
1704820 455
1704830 457
1704840 459
1704850 461
1704860 463
1704870 465
1704880 468
1704890 470
1704900 472
1704910 475
1704920 477
1704930 479
1704940 481
1704950 483
1704960 485
1704970 486
1704980 488
1704990 490
1705000 492
1705010 493
1705020 494
1705030 495
1705040 495
1705050 494
1705060 493
1705070 493
1705080 492
1705090 492
1705100 491
1705110 490
1705120 490
1705130 489
1705140 488
1705150 487
1705160 486
1705170 486
1705180 485
1705190 485
1705200 484
1705210 483
1705220 482
1705230 480
1705240 478
1705250 475
1705260 472
1705270 469
1705280 467
1705290 465
1705300 464
1705310 464
1705320 464
1705330 464
1705340 464
1705350 465
1705360 466
1705370 467
1705380 468
1705390 469
1705400 470
1705410 469
1705420 469
1705430 468
1705440 468
1705450 467
1705460 467
1705470 467
1705480 467
1705490 467
1705500 467
1705510 467
1705520 466
1705530 465
1705540 464
1705550 464
1705560 463
1705570 462
1705580 460
1705590 459
1705600 458
1705610 456
1705620 455
1705630 454
1705640 453
1705650 452
1705660 451
1705670 451
1705680 451
1705690 452
1705700 452
1705710 454
1705720 456
1705730 457
1705740 458
1705750 460
1705760 461
1705770 462
1705780 463
1705790 464
1705800 465
1705810 465
1705820 466
1705830 467
1705840 468
1705850 469
1705860 471
1705870 473
1705880 474
1705890 474
1705900 475
1705910 475
1705920 475
1705930 476
1705940 476
1705950 476
1705960 476
1705970 475
1705980 474
1705990 473
1706000 472
1706010 471
1706020 470
1706030 469
1706040 468
1706050 467
1706060 467
1706070 466
1706080 465
1706090 465
1706100 464
1706110 464
1706120 464
1706130 463
1706140 462
1706150 461
1706160 461
1706170 461
1706180 460
1706190 460
1706200 460
1706210 459
1706220 458
1706230 457
1706240 455
1706250 453
1706260 451
1706270 449
1706280 447
1706290 445
1706300 442
1706310 440
1706320 437
1706330 434
1706340 431
1706350 428
1706360 425
1706370 422
1706380 420
1706390 418
1706400 415
1706410 412
1706420 409
1706430 406
1706440 403
1706450 400
1706460 397
1706470 394
1706480 391
1706490 389
1706500 386
1706510 383
1706520 380
1706530 378
1706540 375
1706550 373
1706560 371
1706570 369
1706580 367
1706590 365
1706600 363
1706610 362
1706620 361
1706630 358
1706640 356
1706650 354
1706660 356
1706670 359
1706680 362
1706690 365
1706700 368
1706710 371
1706720 374
1706730 377
1706740 381
1706750 384
1706760 387
1706770 391
1706780 395
1706790 399
1706800 403
1706810 407
1706820 411
1706830 414
1706840 416
1706850 419
1706860 421
1706870 422
1706880 423
1706890 423
1706900 422
1706910 422
1706920 421
1706930 420
1706940 419
1706950 419
1706960 418
1706970 417
1706980 417
1706990 416
1707000 415
1707010 415
1707020 414
1707030 413
1707040 412
1707050 412
1707060 411
1707070 411
1707080 410
1707090 410
1707100 410
1707110 410
1707120 411
1707130 412
1707140 413
1707150 413
1707160 413
1707170 413
1707180 413
1707190 413
1707200 414
1707210 414
1707220 414
1707230 415
1707240 416
1707250 416
1707260 418
1707270 419
1707280 420
1707290 421
1707300 421
1707310 422
1707320 423
1707330 424
1707340 424
1707350 424
1707360 424
1707370 424
1707380 424
1707390 424
1707400 424
1707410 425
1707420 425
1707430 425
1707440 426
1707450 426
1707460 426
1707470 426
1707480 427
1707490 427
1707500 427
1707510 427
1707520 427
1707530 428
1707540 428
1707550 428
1707560 429
1707570 429
1707580 429
1707590 429
1707600 429
1707610 429
1707620 430
1707630 430
1707640 430
1707650 430
1707660 430
1707670 430
1707680 431
1707690 431
1707700 431
1707710 430
1707720 429
1707730 428
1707740 426
1707750 425
1707760 424
1707770 423
1707780 422
1707790 421
1707800 420
1707810 419
1707820 417
1707830 416
1707840 415
1707850 414
1707860 413
1707870 412
1707880 411
1707890 410
1707900 409
1707910 409
1707920 407
1707930 406
1707940 405
1707950 405
1707960 404
1707970 403
1707980 402
1707990 401
1708000 400
1708010 398
1708020 397
1708030 396
1708040 395
1708050 394
1708060 393
1708070 392
1708080 390
1708090 389
1708100 387
1708110 386
1708120 384
1708130 382
1708140 380
1708150 379
1708160 377
1708170 376
1708180 374
1708190 373
1708200 371
1708210 370
1708220 368
1708230 367
1708240 365
1708250 364
1708260 362
1708270 361
1708280 359
1708290 358
1708300 357
1708310 355
1708320 354
1708330 352
1708340 350
1708350 348
1708360 346
1708370 344
1708380 342
1708390 340
1708400 338
1708410 336
1708420 334
1708430 333
1708440 331
1708450 330
1708460 329
1708470 328
1708480 327
1708490 325
1708500 325
1708510 324
1708520 323
1708530 323
1708540 322
1708550 321
1708560 320
1708570 319
1708580 318
1708590 317
1708600 316
1708610 315
1708620 314
1708630 313
1708640 312
1708650 311
1708660 310
1708670 309
1708680 308
1708690 307
1708700 306
1708710 304
1708720 303
1708730 302
1708740 300
1708750 299
1708760 298
1708770 296
1708780 295
1708790 294
1708800 293
1708810 291
1708820 290
1708830 288
1708840 287
1708850 287
1708860 286
1708870 285
1708880 284
1708890 284
1708900 283
1708910 282
1708920 282
1708930 281
1708940 280
1708950 278
1708960 276
1708970 274
1708980 272
1708990 270
1709000 268
1709010 267
1709020 266
1709030 267
1709040 268
1709050 269
1709060 270
1709070 273
1709080 275
1709090 279
1709100 282
1709110 286
1709120 289
1709130 293
1709140 296
1709150 299
1709160 302
1709170 306
1709180 308
1709190 311
1709200 312
1709210 314
1709220 316
1709230 317
1709240 318
1709250 319
1709260 320
1709270 321
1709280 322
1709290 323
1709300 324
1709310 325
1709320 326
1709330 329
1709340 331
1709350 332
1709360 334
1709370 335
1709380 336
1709390 336
1709400 337
1709410 337
1709420 337
1709430 337
1709440 338
1709450 338
1709460 339
1709470 339
1709480 340
1709490 340
1709500 341
1709510 342
1709520 342
1709530 342
1709540 343
1709550 343
1709560 343
1709570 344
1709580 344
1709590 344
1709600 345
1709610 346
1709620 347
1709630 348
1709640 348
1709650 349
1709660 350
1709670 351
1709680 351
1709690 352
1709700 352
1709710 353
1709720 354
1709730 355
1709740 356
1709750 357
1709760 358
1709770 359
1709780 360
1709790 361
1709800 362
1709810 364
1709820 365
1709830 366
1709840 367
1709850 368
1709860 369
1709870 370
1709880 371
1709890 371
1709900 371
1709910 370
1709920 369
1709930 366
1709940 363
1709950 359
1709960 355
1709970 351
1709980 346
1709990 342
1710000 338
1710010 334
1710020 330
1710030 326
1710040 323
1710050 319
1710060 316
1710070 313
1710080 310
1710090 307
1710100 304
1710110 301
1710120 299
1710130 298
1710140 297
1710150 296
1710160 294
1710170 293
1710180 294
1710190 296
1710200 301
1710210 305
1710220 310
1710230 314
1710240 318
1710250 321
1710260 326
1710270 330
1710280 334
1710290 338
1710300 341
1710310 345
1710320 349
1710330 353
1710340 357
1710350 361
1710360 365
1710370 369
1710380 372
1710390 376
1710400 379
1710410 382
1710420 385
1710430 388
1710440 389
1710450 390
1710460 390
1710470 389
1710480 388
1710490 387
1710500 386
1710510 385
1710520 384
1710530 383
1710540 382
1710550 381
1710560 380
1710570 379
1710580 378
1710590 376
1710600 375
1710610 374
1710620 372
1710630 370
1710640 368
1710650 366
1710660 364
1710670 362
1710680 360
1710690 357
1710700 355
1710710 353
1710720 351
1710730 349
1710740 347
1710750 346
1710760 344
1710770 342
1710780 340
1710790 338
1710800 337
1710810 335
1710820 333
1710830 331
1710840 329
1710850 326
1710860 324
1710870 322
1710880 322
1710890 322
1710900 323
1710910 323
1710920 323
1710930 322
1710940 322
1710950 321
1710960 319
1710970 318
1710980 316
1710990 315
1711000 313
1711010 311
1711020 310
1711030 308
1711040 306
1711050 304
1711060 302
1711070 300
1711080 298
1711090 296
1711100 293
1711110 291
1711120 290
1711130 289
1711140 288
1711150 287
1711160 285
1711170 284
1711180 282
1711190 281
1711200 279
1711210 278
1711220 277
1711230 276
1711240 274
1711250 272
1711260 271
1711270 268
1711280 266
1711290 264
1711300 261
1711310 259
1711320 256
1711330 253
1711340 249
1711350 245
1711360 240
1711370 235
1711380 231
1711390 227
1711400 226
1711410 225
1711420 224
1711430 221
1711440 218
1711450 216
1711460 214
1711470 212
1711480 210
1711490 209
1711500 208
1711510 208
1711520 207
1711530 207
1711540 207
1711550 207
1711560 207
1711570 208
1711580 208
1711590 208
1711600 208
1711610 208
1711620 208
1711630 208
1711640 208
1711650 208
1711660 207
1711670 206
1711680 206
1711690 206
1711700 206
1711710 206
1711720 206
1711730 206
1711740 206
1711750 206
1711760 207
1711770 207
1711780 207
1711790 207
1711800 207
1711810 207
1711820 207
1711830 207
1711840 207
1711850 207
1711860 207
1711870 207
1711880 207
1711890 207
1711900 207
1711910 207
1711920 207
1711930 207
1711940 206
1711950 205
1711960 205
1711970 205
1711980 204
1711990 204
1712000 203
1712010 202
1712020 201
1712030 201
1712040 201
1712050 201
1712060 202
1712070 203
1712080 203
1712090 202
1712100 201
1712110 201
1712120 201
1712130 201
1712140 201
1712150 201
1712160 201
1712170 201
1712180 201
1712190 201
1712200 201
1712210 201
1712220 201
1712230 201
1712240 201
1712250 201
1712260 201
1712270 201
1712280 201
1712290 201
1712300 201
1712310 201
1712320 201
1712330 201
1712340 201
1712350 201
1712360 201
1712370 201
1712380 201
1712390 201
1712400 201
1712410 201
1712420 201
1712430 201
1712440 201
1712450 201
1712460 201
1712470 201
1712480 201
1712490 201
1712500 201
1712510 201
1712520 201
1712530 201
1712540 201
1712550 201
1712560 201
1712570 201
1712580 202
1712590 203
1712600 204
1712610 205
1712620 205
1712630 205
1712640 205
1712650 205
1712660 205
1712670 205
1712680 204
1712690 205
1712700 205
1712710 205
1712720 205
1712730 205
1712740 205
1712750 205
1712760 204
1712770 202
1712780 202
1712790 202
1712800 203
1712810 204
1712820 206
1712830 207
1712840 210
1712850 213
1712860 215
1712870 215
1712880 216
1712890 216
1712900 218
1712910 222
1712920 226
1712930 229
1712940 233
1712950 236
1712960 239
1712970 241
1712980 243
1712990 245
1713000 247
1713010 250
1713020 252
1713030 254
1713040 257
1713050 260
1713060 262
1713070 264
1713080 265
1713090 267
1713100 269
1713110 271
1713120 273
1713130 276
1713140 278
1713150 281
1713160 283
1713170 286
1713180 289
1713190 292
1713200 295
1713210 298
1713220 301
1713230 305
1713240 308
1713250 311
1713260 311
1713270 310
1713280 308
1713290 304
1713300 301
1713310 297
1713320 293
1713330 290
1713340 286
1713350 283
1713360 279
1713370 275
1713380 272
1713390 269
1713400 269
1713410 272
1713420 276
1713430 280
1713440 284
1713450 288
1713460 291
1713470 292
1713480 294
1713490 296
1713500 299
1713510 302
1713520 305
1713530 309
1713540 313
1713550 317
1713560 321
1713570 325
1713580 329
1713590 332
1713600 336
1713610 339
1713620 343
1713630 347
1713640 351
1713650 355
1713660 359
1713670 363
1713680 366
1713690 369
1713700 372
1713710 375
1713720 378
1713730 382
1713740 385
1713750 388
1713760 391
1713770 395
1713780 398
1713790 401
1713800 404
1713810 407
1713820 410
1713830 412
1713840 415
1713850 418
1713860 420
1713870 423
1713880 425
1713890 426
1713900 427
1713910 428
1713920 429
1713930 429
1713940 429
1713950 429
1713960 429
1713970 429
1713980 429
1713990 429
1714000 428
1714010 427
1714020 425
1714030 423
1714040 419
1714050 415
1714060 411
1714070 407
1714080 403
1714090 399
1714100 396
1714110 393
1714120 390
1714130 388
1714140 387
1714150 386
1714160 385
1714170 384
1714180 384
1714190 385
1714200 386
1714210 388
1714220 389
1714230 391
1714240 393
1714250 394
1714260 394
1714270 394
1714280 393
1714290 392
1714300 391
1714310 390
1714320 389
1714330 388
1714340 386
1714350 385
1714360 385
1714370 388
1714380 391
1714390 392
1714400 394
1714410 397
1714420 400
1714430 403
1714440 405
1714450 408
1714460 411
1714470 413
1714480 416
1714490 418
1714500 421
1714510 423
1714520 426
1714530 429
1714540 432
1714550 436
1714560 439
1714570 443
1714580 447
1714590 450
1714600 454
1714610 458
1714620 461
1714630 464
1714640 467
1714650 470
1714660 473
1714670 476
1714680 478
1714690 481
1714700 484
1714710 486
1714720 488
1714730 491
1714740 492
1714750 494
1714760 495
1714770 496
1714780 496
1714790 496
1714800 496
1714810 496
1714820 495
1714830 495
1714840 495
1714850 494
1714860 493
1714870 493
1714880 492
1714890 492
1714900 491
1714910 491
1714920 491
1714930 491
1714940 491
1714950 491
1714960 491
1714970 492
1714980 492
1714990 493
1715000 493
1715010 494
1715020 495
1715030 496
1715040 497
1715050 498
1715060 499
1715070 500
1715080 501
1715090 502
1715100 503
1715110 504
1715120 506
1715130 507
1715140 508
1715150 509
1715160 511
1715170 512
1715180 513
1715190 514
1715200 515
1715210 516
1715220 517
1715230 518
1715240 520
1715250 521
1715260 522
1715270 523
1715280 523
1715290 524
1715300 524
1715310 524
1715320 524
1715330 524
1715340 524
1715350 525
1715360 525
1715370 525
1715380 525
1715390 525
1715400 526
1715410 526
1715420 525
1715430 525
1715440 525
1715450 524
1715460 524
1715470 523
1715480 523
1715490 522
1715500 522
1715510 521
1715520 521
1715530 520
1715540 519
1715550 519
1715560 518
1715570 518
1715580 517
1715590 517
1715600 516
1715610 515
1715620 515
1715630 514
1715640 514
1715650 513
1715660 513
1715670 512
1715680 511
1715690 511
1715700 510
1715710 509
1715720 509
1715730 508
1715740 508
1715750 507
1715760 507
1715770 506
1715780 506
1715790 506
1715800 505
1715810 505
1715820 504
1715830 504
1715840 503
1715850 503
1715860 502
1715870 502
1715880 502
1715890 501
1715900 501
1715910 500
1715920 500
1715930 499
1715940 499
1715950 498
1715960 497
1715970 496
1715980 495
1715990 494
1716000 493
1716010 492
1716020 491
1716030 490
1716040 489
1716050 487
1716060 485
1716070 483
1716080 482
1716090 482
1716100 483
1716110 484
1716120 485
1716130 487
1716140 488
1716150 490
1716160 491
1716170 492
1716180 492
1716190 492
1716200 491
1716210 489
1716220 488
1716230 487
1716240 486
1716250 484
1716260 483
1716270 481
1716280 479
1716290 478
1716300 476
1716310 474
1716320 472
1716330 470
1716340 470
1716350 472
1716360 474
1716370 475
1716380 476
1716390 476
1716400 476
1716410 476
1716420 475
1716430 475
1716440 474
1716450 474
1716460 473
1716470 473
1716480 472
1716490 472
1716500 471
1716510 470
1716520 470
1716530 469
1716540 468
1716550 468
1716560 467
1716570 467
1716580 466
1716590 466
1716600 465
1716610 465
1716620 464
1716630 463
1716640 462
1716650 461
1716660 460
1716670 459
1716680 458
1716690 457
1716700 456
1716710 455
1716720 454
1716730 452
1716740 451
1716750 450
1716760 448
1716770 447
1716780 446
1716790 444
1716800 443
1716810 442
1716820 441
1716830 440
1716840 439
1716850 437
1716860 436
1716870 436
1716880 435
1716890 434
1716900 433
1716910 432
1716920 431
1716930 430
1716940 430
1716950 430
1716960 430
1716970 430
1716980 430
1716990 429
1717000 429
1717010 429
1717020 429
1717030 428
1717040 428
1717050 428
1717060 428
1717070 427
1717080 426
1717090 426
1717100 425
1717110 425
1717120 425
1717130 424
1717140 424
1717150 423
1717160 422
1717170 421
1717180 420
1717190 419
1717200 418
1717210 417
1717220 417
1717230 417
1717240 417
1717250 416
1717260 416
1717270 415
1717280 415
1717290 414
1717300 413
1717310 411
1717320 409
1717330 406
1717340 403
1717350 401
1717360 398
1717370 397
1717380 396
1717390 395
1717400 396
1717410 396
1717420 397
1717430 398
1717440 400
1717450 401
1717460 401
1717470 402
1717480 403
1717490 404
1717500 406
1717510 407
1717520 409
1717530 410
1717540 410
1717550 411
1717560 412
1717570 413
1717580 415
1717590 416
1717600 419
1717610 421
1717620 424
1717630 426
1717640 425
1717650 424
1717660 422
1717670 419
1717680 416
1717690 413
1717700 410
1717710 408
1717720 406
1717730 404
1717740 402
1717750 399
1717760 396
1717770 393
1717780 390
1717790 388
1717800 385
1717810 384
1717820 382
1717830 381
1717840 380
1717850 378
1717860 377
1717870 376
1717880 375
1717890 374
1717900 374
1717910 373
1717920 371
1717930 370
1717940 368
1717950 367
1717960 365
1717970 363
1717980 362
1717990 362
1718000 361
1718010 360
1718020 359
1718030 358
1718040 357
1718050 355
1718060 354
1718070 353
1718080 353
1718090 352
1718100 352
1718110 352
1718120 352
1718130 351
1718140 351
1718150 351
1718160 351
1718170 351
1718180 351
1718190 351
1718200 352
1718210 353
1718220 353
1718230 354
1718240 355
1718250 355
1718260 356
1718270 356
1718280 356
1718290 356
1718300 355
1718310 354
1718320 353
1718330 351
1718340 348
1718350 344
1718360 341
1718370 338
1718380 336
1718390 334
1718400 333
1718410 332
1718420 331
1718430 331
1718440 330
1718450 330
1718460 330
1718470 330
1718480 329
1718490 329
1718500 329
1718510 328
1718520 328
1718530 328
1718540 329
1718550 329
1718560 330
1718570 330
1718580 330
1718590 330
1718600 331
1718610 332
1718620 332
1718630 334
1718640 335
1718650 337
1718660 338
1718670 340
1718680 341
1718690 342
1718700 343
1718710 344
1718720 344
1718730 345
1718740 345
1718750 346
1718760 347
1718770 348
1718780 349
1718790 350
1718800 351
1718810 352
1718820 354
1718830 356
1718840 357
1718850 359
1718860 360
1718870 361
1718880 363
1718890 364
1718900 366
1718910 368
1718920 369
1718930 371
1718940 373
1718950 374
1718960 376
1718970 378
1718980 380
1718990 381
1719000 383
1719010 384
1719020 384
1719030 385
1719040 386
1719050 387
1719060 388
1719070 389
1719080 390
1719090 392
1719100 393
1719110 393
1719120 394
1719130 393
1719140 392
1719150 391
1719160 391
1719170 391
1719180 391
1719190 391
1719200 392
1719210 393
1719220 394
1719230 394
1719240 395
1719250 397
1719260 398
1719270 399
1719280 401
1719290 402
1719300 403
1719310 405
1719320 406
1719330 407
1719340 408
1719350 409
1719360 410
1719370 411
1719380 412
1719390 413
1719400 413
1719410 414
1719420 415
1719430 416
1719440 417
1719450 418
1719460 419
1719470 420
1719480 421
1719490 421
1719500 422
1719510 423
1719520 424
1719530 425
1719540 425
1719550 426
1719560 427
1719570 428
1719580 428
1719590 429
1719600 430
1719610 431
1719620 431
1719630 432
1719640 432
1719650 433
1719660 434
1719670 434
1719680 435
1719690 435
1719700 436
1719710 436
1719720 437
1719730 438
1719740 438
1719750 438
1719760 439
1719770 439
1719780 439
1719790 440
1719800 440
1719810 441
1719820 441
1719830 441
1719840 442
1719850 442
1719860 442
1719870 442
1719880 442
1719890 442
1719900 442
1719910 442
1719920 442
1719930 441
1719940 441
1719950 439
1719960 438
1719970 436
1719980 434
1719990 431
