1700000 321
1700010 318
1700020 316
1700030 317
1700040 317
1700050 318
1700060 318
1700070 318
1700080 317
1700090 317
1700100 318
1700110 318
1700120 320
1700130 323
1700140 327
1700150 329
1700160 332
1700170 335
1700180 339
1700190 342
1700200 346
1700210 350
1700220 354
1700230 358
1700240 363
1700250 368
1700260 375
1700270 381
1700280 386
1700290 390
1700300 394
1700310 398
1700320 402
1700330 405
1700340 407
1700350 408
1700360 408
1700370 408
1700380 408
1700390 408
1700400 408
1700410 408
1700420 408
1700430 408
1700440 408
1700450 407
1700460 406
1700470 405
1700480 403
1700490 401
1700500 399
1700510 397
1700520 395
1700530 393
1700540 392
1700550 391
1700560 390
1700570 390
1700580 391
1700590 393
1700600 395
1700610 398
1700620 401
1700630 403
1700640 406
1700650 409
1700660 412
1700670 414
1700680 416
1700690 417
1700700 418
1700710 419
1700720 419
1700730 420
1700740 421
1700750 423
1700760 425
1700770 426
1700780 428
1700790 429
1700800 430
1700810 432
1700820 432
1700830 433
1700840 433
1700850 434
1700860 434
1700870 435
1700880 435
1700890 436
1700900 436
1700910 437
1700920 437
1700930 437
1700940 438
1700950 438
1700960 438
1700970 438
1700980 439
1700990 438
1701000 438
1701010 438
1701020 437
1701030 437
1701040 437
1701050 436
1701060 436
1701070 435
1701080 434
1701090 431
1701100 429
1701110 426
1701120 422
1701130 419
1701140 415
1701150 412
1701160 409
1701170 406
1701180 403
1701190 399
1701200 395
1701210 391
1701220 392
1701230 397
1701240 402
1701250 406
1701260 409
1701270 412
1701280 415
1701290 418
1701300 421
1701310 423
1701320 425
1701330 427
1701340 429
1701350 431
1701360 433
1701370 435
1701380 437
1701390 439
1701400 441
1701410 443
1701420 445
1701430 446
1701440 448
1701450 450
1701460 452
1701470 454
1701480 456
1701490 458
1701500 460
1701510 462
1701520 464
1701530 466
1701540 468
1701550 470
1701560 472
1701570 474
1701580 476
1701590 478
1701600 480
1701610 482
1701620 484
1701630 486
1701640 488
1701650 489
1701660 489
1701670 490
1701680 491
1701690 491
1701700 492
1701710 492
1701720 493
1701730 493
1701740 494
1701750 494
1701760 494
1701770 494
1701780 494
1701790 494
1701800 493
1701810 493
1701820 492
1701830 492
1701840 491
1701850 490
1701860 490
1701870 489
1701880 488
1701890 487
1701900 487
1701910 486
1701920 486
1701930 485
1701940 484
1701950 483
1701960 483
1701970 482
1701980 482
1701990 481
1702000 481
1702010 480
1702020 479
1702030 479
1702040 478
1702050 478
1702060 477
1702070 477
1702080 476
1702090 476
1702100 476
1702110 475
1702120 475
1702130 474
1702140 474
1702150 473
1702160 473
1702170 473
1702180 472
1702190 472
1702200 471
1702210 471
1702220 471
1702230 470
1702240 470
1702250 469
1702260 469
1702270 469
1702280 468
1702290 467
1702300 467
1702310 466
1702320 465
1702330 464
1702340 463
1702350 463
1702360 462
1702370 461
1702380 460
1702390 459
1702400 458
1702410 457
1702420 456
1702430 454
1702440 452
1702450 450
1702460 448
1702470 445
1702480 444
1702490 444
1702500 444
1702510 443
1702520 441
1702530 437
1702540 436
1702550 439
1702560 442
1702570 443
1702580 444
1702590 447
1702600 449
1702610 449
1702620 450
1702630 450
1702640 450
1702650 451
1702660 452
1702670 453
1702680 453
1702690 454
1702700 455
1702710 455
1702720 456
1702730 456
1702740 456
1702750 457
1702760 457
1702770 458
1702780 458
1702790 459
1702800 459
1702810 459
1702820 460
1702830 460
1702840 460
1702850 460
1702860 460
1702870 461
1702880 461
1702890 461
1702900 461
1702910 460
1702920 460
1702930 460
1702940 460
1702950 460
1702960 459
1702970 459
1702980 459
1702990 458
1703000 458
1703010 458
1703020 457
1703030 457
1703040 457
1703050 456
1703060 456
1703070 456
1703080 456
1703090 455
1703100 454
1703110 454
1703120 454
1703130 453
1703140 453
1703150 453
1703160 453
1703170 452
1703180 451
1703190 450
1703200 450
1703210 449
1703220 448
1703230 448
1703240 447
1703250 446
1703260 446
1703270 445
1703280 445
1703290 445
1703300 444
1703310 444
1703320 443
1703330 443
1703340 443
1703350 443
1703360 443
1703370 444
1703380 444
1703390 444
1703400 445
1703410 445
1703420 445
1703430 445
1703440 445
1703450 445
1703460 444
1703470 444
1703480 444
1703490 444
1703500 444
1703510 444
1703520 444
1703530 444
1703540 444
1703550 444
1703560 444
1703570 444
1703580 445
1703590 445
1703600 445
1703610 445
1703620 444
1703630 444
1703640 444
1703650 443
1703660 442
1703670 442
1703680 441
1703690 440
1703700 439
1703710 438
1703720 438
1703730 437
1703740 436
1703750 436
1703760 435
1703770 435
1703780 435
1703790 435
1703800 435
1703810 435
1703820 435
1703830 435
1703840 435
1703850 435
1703860 434
1703870 434
1703880 434
1703890 434
1703900 433
1703910 433
1703920 433
1703930 432
1703940 432
1703950 431
1703960 431
1703970 430
1703980 428
1703990 426
1704000 423
1704010 421
1704020 417
1704030 414
1704040 411
1704050 408
1704060 404
1704070 401
1704080 398
1704090 398
1704100 399
1704110 401
1704120 402
1704130 403
1704140 403
1704150 403
1704160 403
1704170 402
1704180 402
1704190 401
1704200 400
1704210 399
1704220 398
1704230 398
1704240 397
1704250 396
1704260 396
1704270 396
1704280 396
1704290 397
1704300 398
1704310 401
1704320 403
1704330 405
1704340 406
1704350 406
1704360 410
1704370 413
1704380 416
1704390 418
1704400 421
1704410 425
1704420 429
1704430 433
1704440 436
1704450 439
1704460 442
1704470 445
1704480 448
1704490 450
1704500 453
1704510 455
1704520 458
1704530 460
1704540 463
1704550 466
1704560 469
1704570 472
1704580 474
1704590 476
1704600 478
1704610 479
1704620 480
1704630 480
1704640 480
1704650 480
1704660 481
1704670 481
1704680 482
1704690 482
1704700 483
1704710 483
1704720 483
1704730 484
1704740 484
1704750 485
1704760 486
1704770 486
1704780 487
1704790 488
1704800 488
1704810 489
1704820 490
1704830 490
1704840 491
1704850 492
1704860 493
1704870 494
1704880 495
1704890 495
1704900 496
1704910 497
1704920 498
1704930 499
1704940 500
1704950 501
1704960 503
1704970 504
1704980 505
1704990 507
1705000 508
1705010 509
1705020 511
1705030 512
1705040 513
1705050 513
1705060 514
1705070 514
1705080 514
1705090 513
1705100 513
1705110 513
1705120 513
1705130 513
1705140 513
1705150 513
1705160 513
1705170 512
1705180 512
1705190 512
1705200 512
1705210 511
1705220 511
1705230 511
1705240 511
1705250 510
1705260 510
1705270 510
1705280 510
1705290 509
1705300 509
1705310 509
1705320 508
1705330 507
1705340 506
1705350 505
1705360 505
1705370 505
1705380 505
1705390 505
1705400 505
1705410 504
1705420 504
1705430 503
1705440 503
1705450 501
1705460 500
1705470 499
1705480 499
1705490 498
1705500 498
1705510 497
1705520 496
1705530 496
1705540 495
1705550 494
1705560 494
1705570 493
1705580 493
1705590 492
1705600 492
1705610 491
1705620 490
1705630 489
1705640 489
1705650 489
1705660 489
1705670 489
1705680 489
1705690 488
1705700 488
1705710 488
1705720 487
1705730 487
1705740 487
1705750 487
1705760 486
1705770 486
1705780 486
1705790 486
1705800 486
1705810 486
1705820 486
1705830 486
1705840 485
1705850 485
1705860 485
1705870 485
1705880 485
1705890 486
1705900 486
1705910 486
1705920 486
1705930 486
1705940 486
1705950 486
1705960 486
1705970 486
1705980 487
1705990 487
1706000 487
1706010 487
1706020 487
1706030 487
1706040 487
1706050 486
1706060 486
1706070 486
1706080 486
1706090 486
1706100 486
1706110 485
1706120 485
1706130 485
1706140 485
1706150 485
1706160 484
1706170 484
1706180 484
1706190 484
1706200 483
1706210 483
1706220 482
1706230 481
1706240 481
1706250 480
1706260 480
1706270 479
1706280 479
1706290 479
1706300 479
1706310 480
1706320 480
1706330 480
1706340 481
1706350 481
1706360 482
1706370 482
1706380 482
1706390 483
1706400 483
1706410 484
1706420 484
1706430 484
1706440 484
1706450 485
1706460 485
1706470 485
1706480 485
1706490 486
1706500 486
1706510 486
1706520 485
1706530 484
1706540 484
1706550 484
1706560 483
1706570 483
1706580 483
1706590 482
1706600 482
1706610 482
1706620 482
1706630 481
1706640 481
1706650 481
1706660 480
1706670 480
1706680 480
1706690 479
1706700 479
1706710 478
1706720 478
1706730 477
1706740 477
1706750 476
1706760 475
1706770 474
1706780 472
1706790 471
1706800 470
1706810 469
1706820 468
1706830 467
1706840 466
1706850 465
1706860 464
1706870 463
1706880 462
1706890 460
1706900 459
1706910 457
1706920 456
1706930 455
1706940 454
1706950 453
1706960 452
1706970 451
1706980 450
1706990 449
1707000 448
1707010 448
1707020 447
1707030 446
1707040 445
1707050 444
1707060 442
1707070 440
1707080 438
1707090 435
1707100 432
1707110 428
1707120 425
1707130 422
1707140 419
1707150 417
1707160 414
1707170 411
1707180 409
1707190 407
1707200 405
1707210 403
1707220 401
1707230 400
1707240 398
1707250 396
1707260 395
1707270 393
1707280 392
1707290 389
1707300 386
1707310 382
1707320 379
1707330 379
1707340 380
1707350 381
1707360 382
1707370 383
1707380 385
1707390 386
1707400 388
1707410 391
1707420 393
1707430 395
1707440 397
1707450 398
1707460 399
1707470 398
1707480 397
1707490 395
1707500 392
1707510 389
1707520 387
1707530 385
1707540 383
1707550 381
1707560 380
1707570 382
1707580 386
1707590 390
1707600 393
1707610 395
1707620 397
1707630 399
1707640 402
1707650 404
1707660 407
1707670 409
1707680 412
1707690 416
1707700 419
1707710 423
1707720 426
1707730 429
1707740 432
1707750 434
1707760 436
1707770 439
1707780 441
1707790 444
1707800 447
1707810 450
1707820 453
1707830 457
1707840 460
1707850 463
1707860 466
1707870 468
1707880 471
1707890 474
1707900 476
1707910 478
1707920 479
1707930 480
1707940 481
1707950 482
1707960 483
1707970 484
1707980 485
1707990 486
1708000 488
1708010 490
1708020 492
1708030 494
1708040 494
1708050 494
1708060 493
1708070 492
1708080 491
1708090 490
1708100 490
1708110 489
1708120 488
1708130 488
1708140 487
1708150 487
1708160 486
1708170 485
1708180 485
1708190 484
1708200 484
1708210 483
1708220 482
1708230 482
1708240 481
1708250 480
1708260 477
1708270 474
1708280 471
1708290 467
1708300 464
1708310 461
1708320 458
1708330 455
1708340 452
1708350 450
1708360 447
1708370 444
1708380 440
1708390 437
1708400 435
1708410 433
1708420 431
1708430 429
1708440 427
1708450 425
1708460 424
1708470 423
1708480 422
1708490 421
1708500 420
1708510 418
1708520 417
1708530 415
1708540 412
1708550 413
1708560 416
1708570 421
1708580 424
1708590 427
1708600 430
1708610 433
1708620 436
1708630 439
1708640 441
1708650 443
1708660 445
1708670 447
1708680 448
1708690 450
1708700 452
1708710 453
1708720 455
1708730 457
1708740 458
1708750 460
1708760 462
1708770 463
1708780 464
1708790 464
1708800 464
1708810 464
1708820 464
1708830 463
1708840 463
1708850 462
1708860 461
1708870 461
1708880 460
1708890 460
1708900 460
1708910 460
1708920 459
1708930 459
1708940 460
1708950 459
1708960 459
1708970 459
1708980 460
1708990 462
1709000 464
1709010 466
1709020 468
1709030 470
1709040 471
1709050 473
1709060 475
1709070 476
1709080 478
1709090 479
1709100 481
1709110 483
1709120 485
1709130 486
1709140 488
1709150 489
1709160 491
1709170 492
1709180 491
1709190 491
1709200 490
1709210 489
1709220 488
1709230 487
1709240 487
1709250 486
1709260 485
1709270 485
1709280 484
1709290 483
1709300 482
1709310 481
1709320 480
1709330 479
1709340 479
1709350 478
1709360 477
1709370 476
1709380 476
1709390 475
1709400 474
1709410 474
1709420 473
1709430 473
1709440 473
1709450 473
1709460 473
1709470 473
1709480 473
1709490 473
1709500 473
1709510 473
1709520 473
1709530 473
1709540 474
1709550 474
1709560 474
1709570 476
1709580 477
1709590 478
1709600 479
1709610 480
1709620 481
1709630 482
1709640 483
1709650 484
1709660 486
1709670 487
1709680 488
1709690 489
1709700 491
1709710 492
1709720 493
1709730 494
1709740 495
1709750 496
1709760 497
1709770 498
1709780 500
1709790 501
1709800 502
1709810 503
1709820 504
1709830 504
1709840 505
1709850 505
1709860 505
1709870 504
1709880 504
1709890 503
1709900 503
1709910 503
1709920 503
1709930 503
1709940 503
1709950 502
1709960 502
1709970 502
1709980 502
1709990 502
1710000 502
1710010 502
1710020 501
1710030 501
1710040 501
1710050 501
1710060 501
1710070 501
1710080 501
1710090 501
1710100 501
1710110 501
1710120 501
1710130 501
1710140 501
1710150 502
1710160 502
1710170 502
1710180 502
1710190 502
1710200 502
1710210 502
1710220 503
1710230 503
1710240 503
1710250 503
1710260 503
1710270 503
1710280 503
1710290 503
1710300 504
1710310 504
1710320 504
1710330 504
1710340 504
1710350 505
1710360 505
1710370 505
1710380 505
1710390 505
1710400 506
1710410 506
1710420 506
1710430 506
1710440 506
1710450 507
1710460 507
1710470 507
1710480 507
1710490 507
1710500 507
1710510 507
1710520 507
1710530 507
1710540 507
1710550 507
1710560 507
1710570 507
1710580 507
1710590 508
1710600 508
1710610 508
1710620 508
1710630 508
1710640 509
1710650 509
1710660 509
1710670 509
1710680 510
1710690 510
1710700 510
1710710 510
1710720 509
1710730 509
1710740 510
1710750 510
1710760 509
1710770 510
1710780 512
1710790 513
1710800 513
1710810 513
1710820 513
1710830 513
1710840 513
1710850 513
1710860 513
1710870 513
1710880 514
1710890 514
1710900 514
1710910 514
1710920 514
1710930 514
1710940 514
1710950 514
1710960 514
1710970 514
1710980 514
1710990 514
1711000 514
1711010 514
1711020 513
1711030 513
1711040 513
1711050 513
1711060 513
1711070 512
1711080 512
1711090 512
1711100 512
1711110 512
1711120 512
1711130 512
1711140 512
1711150 512
1711160 512
1711170 512
1711180 512
1711190 512
1711200 512
1711210 512
1711220 511
1711230 511
1711240 511
1711250 511
1711260 511
1711270 511
1711280 511
1711290 511
1711300 511
1711310 511
1711320 511
1711330 511
1711340 510
1711350 510
1711360 510
1711370 511
1711380 511
1711390 511
1711400 511
1711410 511
1711420 512
1711430 512
1711440 512
1711450 513
1711460 513
1711470 513
1711480 514
1711490 514
1711500 514
1711510 515
1711520 515
1711530 516
1711540 516
1711550 517
1711560 517
1711570 517
1711580 517
1711590 516
1711600 516
1711610 516
1711620 515
1711630 515
1711640 514
1711650 514
1711660 513
1711670 513
1711680 512
1711690 512
1711700 512
1711710 511
1711720 511
1711730 510
1711740 510
1711750 509
1711760 509
1711770 509
1711780 508
1711790 508
1711800 508
1711810 508
1711820 507
1711830 507
1711840 507
1711850 506
1711860 506
1711870 506
1711880 506
1711890 505
1711900 505
1711910 505
1711920 504
1711930 504
1711940 504
1711950 504
1711960 503
1711970 503
1711980 503
1711990 503
1712000 503
1712010 502
1712020 502
1712030 502
1712040 502
1712050 502
1712060 501
1712070 501
1712080 501
1712090 501
1712100 500
1712110 500
1712120 500
1712130 499
1712140 499
1712150 499
1712160 498
1712170 498
1712180 497
1712190 497
1712200 497
1712210 496
1712220 496
1712230 496
1712240 496
1712250 496
1712260 495
1712270 495
1712280 495
1712290 495
1712300 495
1712310 495
1712320 495
1712330 495
1712340 495
1712350 495
1712360 495
1712370 495
1712380 495
1712390 496
1712400 496
1712410 497
1712420 497
1712430 498
1712440 498
1712450 498
1712460 498
1712470 498
1712480 498
1712490 498
1712500 498
1712510 499
1712520 499
1712530 499
1712540 499
1712550 499
1712560 498
1712570 498
1712580 497
1712590 496
1712600 495
1712610 494
1712620 492
1712630 491
1712640 489
1712650 488
1712660 487
1712670 485
1712680 483
1712690 479
1712700 476
1712710 472
1712720 468
1712730 464
1712740 459
1712750 455
1712760 451
1712770 447
1712780 443
1712790 439
1712800 435
1712810 431
1712820 427
1712830 422
1712840 417
1712850 413
1712860 408
1712870 403
1712880 399
1712890 395
1712900 391
1712910 386
1712920 382
1712930 377
1712940 374
1712950 371
1712960 371
1712970 370
1712980 370
1712990 368
1713000 365
1713010 362
1713020 359
1713030 357
1713040 357
1713050 358
1713060 358
1713070 357
1713080 354
1713090 350
1713100 344
1713110 337
1713120 330
1713130 325
1713140 319
1713150 315
1713160 310
1713170 306
1713180 303
1713190 301
1713200 298
1713210 295
1713220 294
1713230 291
1713240 288
1713250 284
1713260 280
1713270 277
1713280 274
1713290 271
1713300 269
1713310 268
1713320 270
1713330 272
1713340 275
1713350 277
1713360 280
1713370 284
1713380 287
1713390 290
1713400 293
1713410 296
1713420 298
1713430 299
1713440 298
1713450 296
1713460 293
1713470 291
1713480 288
1713490 284
1713500 281
1713510 278
1713520 275
1713530 273
1713540 270
1713550 268
1713560 264
1713570 259
1713580 253
1713590 250
1713600 247
1713610 244
1713620 242
1713630 240
1713640 238
1713650 234
1713660 231
1713670 227
1713680 223
1713690 219
1713700 216
1713710 214
1713720 212
1713730 209
1713740 208
1713750 207
1713760 206
1713770 204
1713780 203
1713790 201
1713800 201
1713810 200
1713820 200
1713830 200
1713840 200
1713850 200
1713860 200
1713870 200
1713880 200
1713890 200
1713900 200
1713910 200
1713920 200
1713930 200
1713940 200
1713950 200
1713960 200
1713970 200
1713980 200
1713990 200
1714000 200
1714010 200
1714020 200
1714030 200
1714040 200
1714050 200
1714060 200
1714070 200
1714080 200
1714090 200
1714100 200
1714110 200
1714120 200
1714130 200
1714140 200
1714150 200
1714160 200
1714170 200
1714180 200
1714190 200
1714200 200
1714210 200
1714220 200
1714230 200
1714240 200
1714250 200
1714260 200
1714270 200
1714280 200
1714290 200
1714300 200
1714310 200
1714320 200
1714330 201
1714340 201
1714350 201
1714360 201
1714370 201
1714380 201
1714390 201
1714400 202
1714410 202
1714420 202
1714430 203
1714440 205
1714450 207
1714460 207
1714470 208
1714480 208
1714490 208
1714500 208
1714510 208
1714520 208
1714530 208
1714540 208
1714550 208
1714560 207
1714570 207
1714580 207
1714590 207
1714600 207
1714610 206
1714620 205
1714630 204
1714640 203
1714650 202
1714660 202
1714670 201
1714680 201
1714690 203
1714700 205
1714710 207
1714720 209
1714730 210
1714740 212
1714750 215
1714760 218
1714770 222
1714780 226
1714790 230
1714800 234
1714810 238
1714820 243
1714830 247
1714840 252
1714850 258
1714860 264
1714870 270
1714880 275
1714890 281
1714900 286
1714910 291
1714920 296
1714930 303
1714940 310
1714950 318
1714960 325
1714970 331
1714980 337
1714990 341
1715000 345
1715010 350
1715020 354
1715030 360
1715040 365
1715050 370
1715060 374
1715070 377
1715080 379
1715090 380
1715100 381
1715110 383
1715120 385
1715130 388
1715140 392
1715150 396
1715160 399
1715170 400
1715180 402
1715190 404
1715200 406
1715210 409
1715220 412
1715230 416
1715240 419
1715250 423
1715260 426
1715270 430
1715280 433
1715290 436
1715300 440
1715310 444
1715320 448
1715330 451
1715340 453
1715350 454
1715360 456
1715370 457
1715380 458
1715390 459
1715400 460
1715410 459
1715420 459
1715430 459
1715440 459
1715450 458
1715460 458
1715470 457
1715480 457
1715490 456
1715500 455
1715510 453
1715520 453
1715530 452
1715540 450
1715550 448
1715560 444
1715570 441
1715580 438
1715590 435
1715600 431
1715610 428
1715620 426
1715630 423
1715640 421
1715650 418
1715660 416
1715670 413
1715680 411
1715690 410
1715700 408
1715710 406
1715720 404
1715730 403
1715740 402
1715750 402
1715760 402
1715770 402
1715780 404
1715790 405
1715800 407
1715810 409
1715820 410
1715830 411
1715840 412
1715850 413
1715860 413
1715870 413
1715880 412
1715890 412
1715900 411
1715910 410
1715920 409
1715930 407
1715940 406
1715950 404
1715960 404
1715970 405
1715980 409
1715990 413
1716000 417
1716010 422
1716020 425
1716030 429
1716040 433
1716050 436
1716060 440
1716070 443
1716080 446
1716090 449
1716100 452
1716110 455
1716120 458
1716130 461
1716140 464
1716150 467
1716160 470
1716170 473
1716180 476
1716190 479
1716200 481
1716210 483
1716220 485
1716230 487
1716240 488
1716250 489
1716260 489
1716270 489
1716280 490
1716290 489
1716300 489
1716310 488
1716320 488
1716330 487
1716340 485
1716350 484
1716360 482
1716370 480
1716380 478
1716390 477
1716400 475
1716410 474
1716420 473
1716430 473
1716440 473
1716450 474
1716460 474
1716470 475
1716480 476
1716490 478
1716500 480
1716510 482
1716520 485
1716530 488
1716540 491
1716550 494
1716560 497
1716570 499
1716580 501
1716590 502
1716600 504
1716610 505
1716620 505
1716630 505
1716640 504
1716650 502
1716660 500
1716670 498
1716680 495
1716690 492
1716700 489
1716710 485
1716720 481
1716730 476
1716740 473
1716750 469
1716760 465
1716770 461
1716780 458
1716790 454
1716800 451
1716810 447
1716820 443
1716830 440
1716840 437
1716850 435
1716860 432
1716870 430
1716880 427
1716890 425
1716900 422
1716910 419
1716920 417
1716930 415
1716940 412
1716950 410
1716960 407
1716970 405
1716980 402
1716990 400
1717000 397
1717010 393
1717020 390
1717030 388
1717040 385
1717050 382
1717060 380
1717070 379
1717080 377
1717090 376
1717100 374
1717110 372
1717120 370
1717130 367
1717140 365
1717150 363
1717160 362
1717170 361
1717180 361
1717190 361
1717200 361
1717210 360
1717220 360
1717230 359
1717240 358
1717250 357
1717260 356
1717270 355
1717280 353
1717290 352
1717300 351
1717310 350
1717320 349
1717330 348
1717340 345
1717350 343
1717360 340
1717370 336
1717380 332
1717390 328
1717400 324
1717410 320
1717420 316
1717430 313
1717440 310
1717450 307
1717460 305
1717470 303
1717480 301
1717490 299
1717500 297
1717510 295
1717520 293
1717530 290
1717540 286
1717550 283
1717560 281
1717570 280
1717580 280
1717590 280
1717600 282
1717610 285
1717620 287
1717630 288
1717640 292
1717650 296
1717660 300
1717670 303
1717680 307
1717690 311
1717700 315
1717710 319
1717720 324
1717730 327
1717740 330
1717750 332
1717760 335
1717770 337
1717780 340
1717790 343
1717800 346
1717810 349
1717820 353
1717830 356
1717840 360
1717850 364
1717860 367
1717870 371
1717880 375
1717890 379
1717900 383
1717910 387
1717920 390
1717930 394
1717940 398
1717950 401
1717960 405
1717970 408
1717980 411
1717990 413
1718000 415
1718010 417
1718020 418
1718030 419
1718040 419
1718050 419
1718060 418
1718070 418
1718080 418
1718090 418
1718100 418
1718110 417
1718120 418
1718130 418
1718140 418
1718150 418
1718160 418
1718170 418
1718180 418
1718190 418
1718200 419
1718210 420
1718220 421
1718230 421
1718240 422
1718250 423
1718260 424
1718270 425
1718280 426
1718290 428
1718300 430
1718310 431
1718320 433
1718330 434
1718340 436
1718350 438
1718360 439
1718370 441
1718380 443
1718390 444
1718400 446
1718410 448
1718420 449
1718430 451
1718440 453
1718450 454
1718460 456
1718470 458
1718480 460
1718490 461
1718500 464
1718510 466
1718520 469
1718530 472
1718540 474
1718550 477
1718560 480
1718570 482
1718580 485
1718590 488
1718600 491
1718610 495
1718620 498
1718630 501
1718640 503
1718650 505
1718660 507
1718670 508
1718680 509
1718690 510
1718700 511
1718710 513
1718720 514
1718730 515
1718740 516
1718750 517
1718760 519
1718770 520
1718780 521
1718790 522
1718800 523
1718810 524
1718820 525
1718830 526
1718840 527
1718850 528
1718860 530
1718870 531
1718880 531
1718890 532
1718900 533
1718910 534
1718920 534
1718930 535
1718940 535
1718950 536
1718960 536
1718970 537
1718980 536
1718990 536
1719000 536
1719010 536
1719020 536
1719030 535
1719040 535
1719050 535
1719060 535
1719070 534
1719080 534
1719090 533
1719100 532
1719110 532
1719120 531
1719130 530
1719140 529
1719150 528
1719160 527
1719170 526
1719180 525
1719190 524
1719200 522
1719210 521
1719220 519
1719230 518
1719240 517
1719250 515
1719260 514
1719270 513
1719280 512
1719290 511
1719300 510
1719310 509
1719320 507
1719330 506
1719340 505
1719350 504
1719360 502
1719370 501
1719380 500
1719390 501
1719400 502
1719410 503
1719420 504
1719430 504
1719440 505
1719450 505
1719460 506
1719470 507
1719480 508
1719490 509
1719500 510
1719510 510
1719520 511
1719530 511
1719540 512
1719550 513
1719560 513
1719570 514
1719580 515
1719590 515
1719600 516
1719610 517
1719620 518
1719630 518
1719640 519
1719650 520
1719660 522
1719670 523
1719680 524
1719690 526
1719700 528
1719710 529
1719720 531
1719730 533
1719740 534
1719750 536
1719760 536
1719770 535
1719780 535
1719790 534
1719800 533
1719810 533
1719820 532
1719830 530
1719840 529
1719850 528
1719860 526
1719870 524
1719880 521
1719890 519
1719900 516
1719910 513
1719920 511
1719930 508
1719940 506
1719950 504
1719960 501
1719970 500
1719980 499
1719990 497
