1700000 433
1700010 431
1700020 429
1700030 428
1700040 426
1700050 425
1700060 423
1700070 422
1700080 420
1700090 419
1700100 418
1700110 417
1700120 417
1700130 416
1700140 415
1700150 414
1700160 413
1700170 412
1700180 411
1700190 410
1700200 409
1700210 408
1700220 406
1700230 405
1700240 404
1700250 402
1700260 401
1700270 400
1700280 398
1700290 397
1700300 395
1700310 393
1700320 391
1700330 389
1700340 387
1700350 385
1700360 383
1700370 382
1700380 380
1700390 379
1700400 377
1700410 376
1700420 374
1700430 373
1700440 371
1700450 370
1700460 369
1700470 368
1700480 367
1700490 366
1700500 364
1700510 363
1700520 361
1700530 360
1700540 358
1700550 357
1700560 355
1700570 354
1700580 352
1700590 351
1700600 350
1700610 349
1700620 348
1700630 347
1700640 346
1700650 345
1700660 344
1700670 343
1700680 344
1700690 345
1700700 347
1700710 349
1700720 350
1700730 351
1700740 349
1700750 347
1700760 345
1700770 344
1700780 342
1700790 340
1700800 338
1700810 336
1700820 334
1700830 333
1700840 332
1700850 331
1700860 330
1700870 329
1700880 329
1700890 329
1700900 329
1700910 329
1700920 329
1700930 329
1700940 329
1700950 330
1700960 330
1700970 331
1700980 331
1700990 331
1701000 331
1701010 331
1701020 331
1701030 330
1701040 330
1701050 330
1701060 330
1701070 327
1701080 324
1701090 320
1701100 316
1701110 312
1701120 307
1701130 305
1701140 303
1701150 302
1701160 301
1701170 301
1701180 301
1701190 301
1701200 301
1701210 301
1701220 301
1701230 301
1701240 300
1701250 300
1701260 300
1701270 299
1701280 299
1701290 300
1701300 303
1701310 308
1701320 313
1701330 318
1701340 322
1701350 326
1701360 330
1701370 335
1701380 341
1701390 348
1701400 354
1701410 359
1701420 363
1701430 366
1701440 367
1701450 368
1701460 368
1701470 368
1701480 369
1701490 369
1701500 370
1701510 371
1701520 372
1701530 373
1701540 374
1701550 374
1701560 375
1701570 376
1701580 377
1701590 379
1701600 380
1701610 382
1701620 383
1701630 384
1701640 385
1701650 387
1701660 389
1701670 390
1701680 392
1701690 393
1701700 395
1701710 396
1701720 398
1701730 399
1701740 401
1701750 402
1701760 403
1701770 404
1701780 405
1701790 406
1701800 407
1701810 409
1701820 410
1701830 412
1701840 413
1701850 414
1701860 416
1701870 417
1701880 419
1701890 421
1701900 423
1701910 425
1701920 427
1701930 429
1701940 431
1701950 434
1701960 436
1701970 439
1701980 441
1701990 442
1702000 443
1702010 444
1702020 444
1702030 444
1702040 444
1702050 444
1702060 444
1702070 444
1702080 443
1702090 443
1702100 443
1702110 442
1702120 442
1702130 441
1702140 440
1702150 440
1702160 439
1702170 438
1702180 437
1702190 435
1702200 434
1702210 433
1702220 432
1702230 429
1702240 427
1702250 424
1702260 422
1702270 419
1702280 416
1702290 413
1702300 410
1702310 407
1702320 404
1702330 402
1702340 400
1702350 398
1702360 396
1702370 392
1702380 387
1702390 386
1702400 388
1702410 393
1702420 397
1702430 400
1702440 403
1702450 407
1702460 410
1702470 414
1702480 417
1702490 418
1702500 418
1702510 418
1702520 417
1702530 417
1702540 417
1702550 417
1702560 418
1702570 418
1702580 418
1702590 418
1702600 418
1702610 419
1702620 419
1702630 419
1702640 419
1702650 419
1702660 420
1702670 420
1702680 421
1702690 422
1702700 423
1702710 424
1702720 425
1702730 427
1702740 428
1702750 430
1702760 431
1702770 432
1702780 434
1702790 435
1702800 437
1702810 438
1702820 440
1702830 441
1702840 442
1702850 443
1702860 444
1702870 445
1702880 446
1702890 446
1702900 446
1702910 445
1702920 445
1702930 445
1702940 444
1702950 444
1702960 443
1702970 443
1702980 443
1702990 443
1703000 443
1703010 443
1703020 442
1703030 442
1703040 442
1703050 441
1703060 441
1703070 442
1703080 442
1703090 442
1703100 442
1703110 442
1703120 442
1703130 442
1703140 442
1703150 442
1703160 442
1703170 443
1703180 443
1703190 443
1703200 443
1703210 444
1703220 444
1703230 445
1703240 445
1703250 446
1703260 446
1703270 447
1703280 448
1703290 448
1703300 449
1703310 449
1703320 449
1703330 449
1703340 450
1703350 450
1703360 450
1703370 450
1703380 451
1703390 451
1703400 452
1703410 453
1703420 453
1703430 454
1703440 455
1703450 455
1703460 456
1703470 457
1703480 458
1703490 458
1703500 459
1703510 460
1703520 460
1703530 461
1703540 461
1703550 462
1703560 462
1703570 462
1703580 463
1703590 463
1703600 463
1703610 463
1703620 463
1703630 463
1703640 463
1703650 463
1703660 463
1703670 463
1703680 464
1703690 464
1703700 464
1703710 464
1703720 464
1703730 465
1703740 465
1703750 465
1703760 466
1703770 466
1703780 466
1703790 466
1703800 466
1703810 466
1703820 467
1703830 467
1703840 467
1703850 468
1703860 468
1703870 469
1703880 470
1703890 470
1703900 471
1703910 473
1703920 474
1703930 476
1703940 478
1703950 479
1703960 480
1703970 480
1703980 480
1703990 480
1704000 479
1704010 479
1704020 478
1704030 477
1704040 476
1704050 475
1704060 473
1704070 472
1704080 470
1704090 467
1704100 466
1704110 465
1704120 465
1704130 465
1704140 466
1704150 466
1704160 466
1704170 465
1704180 464
1704190 463
1704200 462
1704210 462
1704220 461
1704230 459
1704240 457
1704250 453
1704260 450
1704270 446
1704280 443
1704290 439
1704300 436
1704310 433
1704320 431
1704330 429
1704340 427
1704350 424
1704360 422
1704370 418
1704380 415
1704390 411
1704400 407
1704410 404
1704420 400
1704430 398
1704440 395
1704450 393
1704460 391
1704470 388
1704480 386
1704490 384
1704500 381
1704510 378
1704520 375
1704530 372
1704540 369
1704550 367
1704560 366
1704570 367
1704580 369
1704590 373
1704600 377
1704610 381
1704620 385
1704630 389
1704640 392
1704650 395
1704660 396
1704670 396
1704680 397
1704690 397
1704700 397
1704710 397
1704720 398
1704730 400
1704740 402
1704750 405
1704760 407
1704770 410
1704780 412
1704790 415
1704800 418
1704810 421
1704820 424
1704830 427
1704840 431
1704850 434
1704860 437
1704870 440
1704880 442
1704890 445
1704900 447
1704910 450
1704920 452
1704930 455
1704940 457
1704950 460
1704960 462
1704970 464
1704980 466
1704990 468
1705000 469
1705010 470
1705020 470
1705030 470
1705040 471
1705050 470
1705060 470
1705070 469
1705080 468
1705090 466
1705100 464
1705110 463
1705120 461
1705130 458
1705140 456
1705150 454
1705160 451
1705170 449
1705180 447
1705190 444
1705200 442
1705210 440
1705220 438
1705230 436
1705240 435
1705250 433
1705260 432
1705270 431
1705280 430
1705290 428
1705300 425
1705310 423
1705320 424
1705330 427
1705340 430
1705350 433
1705360 435
1705370 436
1705380 438
1705390 440
1705400 442
1705410 444
1705420 446
1705430 449
1705440 451
1705450 452
1705460 454
1705470 455
1705480 455
1705490 456
1705500 456
1705510 457
1705520 457
1705530 458
1705540 458
1705550 459
1705560 459
1705570 460
1705580 460
1705590 461
1705600 461
1705610 462
1705620 462
1705630 463
1705640 464
1705650 464
1705660 465
1705670 465
1705680 466
1705690 466
1705700 467
1705710 468
1705720 468
1705730 469
1705740 469
1705750 470
1705760 470
1705770 471
1705780 471
1705790 472
1705800 473
1705810 474
1705820 474
1705830 475
1705840 476
1705850 477
1705860 478
1705870 478
1705880 479
1705890 480
1705900 482
1705910 483
1705920 484
1705930 485
1705940 485
1705950 486
1705960 487
1705970 487
1705980 488
1705990 489
1706000 490
1706010 490
1706020 490
1706030 491
1706040 491
1706050 491
1706060 492
1706070 492
1706080 492
1706090 492
1706100 492
1706110 492
1706120 492
1706130 491
1706140 490
1706150 490
1706160 489
1706170 487
1706180 485
1706190 483
1706200 481
1706210 478
1706220 476
1706230 474
1706240 471
1706250 468
1706260 465
1706270 462
1706280 459
1706290 457
1706300 454
1706310 452
1706320 450
1706330 449
1706340 447
1706350 445
1706360 444
1706370 442
1706380 441
1706390 439
1706400 438
1706410 436
1706420 434
1706430 432
1706440 429
1706450 427
1706460 429
1706470 431
1706480 434
1706490 436
1706500 439
1706510 441
1706520 443
1706530 446
1706540 449
1706550 451
1706560 454
1706570 456
1706580 458
1706590 461
1706600 462
1706610 462
1706620 462
1706630 461
1706640 461
1706650 460
1706660 459
1706670 458
1706680 458
1706690 457
1706700 457
1706710 457
1706720 457
1706730 457
1706740 457
1706750 457
1706760 457
1706770 456
1706780 455
1706790 455
1706800 454
1706810 454
1706820 454
1706830 453
1706840 453
1706850 453
1706860 452
1706870 452
1706880 452
1706890 452
1706900 452
1706910 451
1706920 451
1706930 451
1706940 450
1706950 450
1706960 450
1706970 450
1706980 450
1706990 451
1707000 452
1707010 453
1707020 454
1707030 455
1707040 456
1707050 457
1707060 458
1707070 459
1707080 460
1707090 462
1707100 464
1707110 466
1707120 468
1707130 470
1707140 470
1707150 470
1707160 470
1707170 469
1707180 469
1707190 468
1707200 468
1707210 467
1707220 466
1707230 465
1707240 463
1707250 462
1707260 461
1707270 459
1707280 457
1707290 455
1707300 453
1707310 450
1707320 448
1707330 445
1707340 442
1707350 439
1707360 437
1707370 435
1707380 432
1707390 429
1707400 427
1707410 424
1707420 422
1707430 419
1707440 416
1707450 413
1707460 410
1707470 407
1707480 404
1707490 402
1707500 400
1707510 397
1707520 394
1707530 390
1707540 387
1707550 383
1707560 380
1707570 376
1707580 373
1707590 369
1707600 366
1707610 362
1707620 359
1707630 356
1707640 352
1707650 349
1707660 345
1707670 342
1707680 339
1707690 335
1707700 335
1707710 336
1707720 337
1707730 339
1707740 340
1707750 342
1707760 345
1707770 347
1707780 351
1707790 354
1707800 357
1707810 361
1707820 364
1707830 367
1707840 369
1707850 372
1707860 374
1707870 377
1707880 379
1707890 381
1707900 383
1707910 385
1707920 387
1707930 389
1707940 391
1707950 393
1707960 395
1707970 397
1707980 399
1707990 401
1708000 402
1708010 404
1708020 406
1708030 408
1708040 409
1708050 411
1708060 412
1708070 413
1708080 415
1708090 416
1708100 417
1708110 417
1708120 418
1708130 418
1708140 418
1708150 418
1708160 418
1708170 417
1708180 417
1708190 416
1708200 416
1708210 415
1708220 415
1708230 415
1708240 414
1708250 414
1708260 414
1708270 413
1708280 413
1708290 412
1708300 410
1708310 409
1708320 407
1708330 406
1708340 404
1708350 401
1708360 399
1708370 397
1708380 395
1708390 392
1708400 389
1708410 386
1708420 383
1708430 380
1708440 377
1708450 374
1708460 371
1708470 367
1708480 364
1708490 361
1708500 359
1708510 358
1708520 356
1708530 355
1708540 354
1708550 353
1708560 352
1708570 351
1708580 350
1708590 348
1708600 346
1708610 344
1708620 348
1708630 352
1708640 356
1708650 359
1708660 362
1708670 365
1708680 368
1708690 372
1708700 375
1708710 378
1708720 382
1708730 385
1708740 387
1708750 390
1708760 392
1708770 395
1708780 397
1708790 399
1708800 401
1708810 402
1708820 403
1708830 403
1708840 402
1708850 400
1708860 399
1708870 397
1708880 395
1708890 393
1708900 390
1708910 388
1708920 385
1708930 383
1708940 380
1708950 378
1708960 375
1708970 372
1708980 370
1708990 367
1709000 365
1709010 364
1709020 362
1709030 361
1709040 359
1709050 357
1709060 355
1709070 353
1709080 353
1709090 354
1709100 358
1709110 362
1709120 366
1709130 369
1709140 372
1709150 375
1709160 378
1709170 381
1709180 384
1709190 386
1709200 388
1709210 391
1709220 393
1709230 395
1709240 397
1709250 399
1709260 401
1709270 403
1709280 405
1709290 407
1709300 409
1709310 411
1709320 413
1709330 414
1709340 416
1709350 418
1709360 420
1709370 422
1709380 424
1709390 426
1709400 428
1709410 429
1709420 430
1709430 431
1709440 431
1709450 431
1709460 431
1709470 430
1709480 430
1709490 429
1709500 428
1709510 427
1709520 426
1709530 426
1709540 425
1709550 423
1709560 422
1709570 421
1709580 420
1709590 419
1709600 419
1709610 418
1709620 418
1709630 418
1709640 419
1709650 420
1709660 421
1709670 422
1709680 423
1709690 424
1709700 426
1709710 427
1709720 428
1709730 429
1709740 430
1709750 430
1709760 431
1709770 431
1709780 432
1709790 433
1709800 433
1709810 433
1709820 432
1709830 431
1709840 429
1709850 429
1709860 430
1709870 432
1709880 435
1709890 437
1709900 439
1709910 442
1709920 445
1709930 447
1709940 449
1709950 451
1709960 453
1709970 455
1709980 456
1709990 458
1710000 459
1710010 460
1710020 462
1710030 463
1710040 465
1710050 466
1710060 467
1710070 468
1710080 469
1710090 470
1710100 470
1710110 471
1710120 471
1710130 472
1710140 472
1710150 472
1710160 473
1710170 473
1710180 474
1710190 474
1710200 475
1710210 475
1710220 475
1710230 475
1710240 476
1710250 476
1710260 477
1710270 477
1710280 478
1710290 478
1710300 479
1710310 479
1710320 479
1710330 480
1710340 480
1710350 481
1710360 481
1710370 482
1710380 483
1710390 483
1710400 484
1710410 485
1710420 485
1710430 486
1710440 486
1710450 486
1710460 485
1710470 485
1710480 485
1710490 484
1710500 484
1710510 484
1710520 484
1710530 483
1710540 483
1710550 483
1710560 483
1710570 484
1710580 484
1710590 484
1710600 484
1710610 484
1710620 484
1710630 484
1710640 484
1710650 484
1710660 484
1710670 483
1710680 483
1710690 482
1710700 481
1710710 480
1710720 479
1710730 478
1710740 477
1710750 477
1710760 476
1710770 475
1710780 475
1710790 474
1710800 474
1710810 474
1710820 474
1710830 473
1710840 473
1710850 472
1710860 472
1710870 472
1710880 471
1710890 471
1710900 470
1710910 469
1710920 468
1710930 467
1710940 465
1710950 463
1710960 461
1710970 458
1710980 456
1710990 454
1711000 451
1711010 449
1711020 447
1711030 445
1711040 443
1711050 440
1711060 438
1711070 436
1711080 434
1711090 431
1711100 429
1711110 427
1711120 425
1711130 422
1711140 420
1711150 418
1711160 415
1711170 413
1711180 410
1711190 407
1711200 404
1711210 401
1711220 398
1711230 394
1711240 390
1711250 386
1711260 383
1711270 381
1711280 380
1711290 380
1711300 382
1711310 384
1711320 386
1711330 389
1711340 391
1711350 393
1711360 396
1711370 398
1711380 400
1711390 403
1711400 405
1711410 407
1711420 409
1711430 411
1711440 412
1711450 413
1711460 413
1711470 411
1711480 409
1711490 407
1711500 404
1711510 401
1711520 399
1711530 397
1711540 394
1711550 391
1711560 387
1711570 382
1711580 378
1711590 373
1711600 369
1711610 364
1711620 362
1711630 359
1711640 357
1711650 356
1711660 356
1711670 358
1711680 361
1711690 363
1711700 365
1711710 367
1711720 367
1711730 365
1711740 361
1711750 357
1711760 354
1711770 351
1711780 348
1711790 346
1711800 346
1711810 347
1711820 349
1711830 350
1711840 352
1711850 352
1711860 350
1711870 347
1711880 344
1711890 341
1711900 338
1711910 335
1711920 334
1711930 335
1711940 339
1711950 343
1711960 347
1711970 352
1711980 356
1711990 360
1712000 365
1712010 369
1712020 373
1712030 377
1712040 381
1712050 385
1712060 389
1712070 393
1712080 396
1712090 399
1712100 401
1712110 403
1712120 405
1712130 405
1712140 405
1712150 405
1712160 404
1712170 402
1712180 401
1712190 397
1712200 392
1712210 387
1712220 381
1712230 376
1712240 370
1712250 365
1712260 360
1712270 356
1712280 354
1712290 352
1712300 350
1712310 350
1712320 348
1712330 347
1712340 344
1712350 340
1712360 335
1712370 331
1712380 325
1712390 320
1712400 314
1712410 308
1712420 302
1712430 297
1712440 292
1712450 288
1712460 284
1712470 282
1712480 280
1712490 280
1712500 280
1712510 281
1712520 282
1712530 282
1712540 281
1712550 280
1712560 279
1712570 276
1712580 273
1712590 268
1712600 262
1712610 259
1712620 257
1712630 256
1712640 252
1712650 248
1712660 243
1712670 237
1712680 231
1712690 225
1712700 220
1712710 215
1712720 212
1712730 211
1712740 209
1712750 208
1712760 208
1712770 207
1712780 207
1712790 206
1712800 205
1712810 203
1712820 202
1712830 201
1712840 201
1712850 201
1712860 201
1712870 201
1712880 201
1712890 201
1712900 201
1712910 201
1712920 201
1712930 201
1712940 201
1712950 201
1712960 201
1712970 201
1712980 201
1712990 201
1713000 201
1713010 201
1713020 201
1713030 201
1713040 200
1713050 200
1713060 200
1713070 200
1713080 200
1713090 200
1713100 200
1713110 200
1713120 200
1713130 200
1713140 200
1713150 200
1713160 200
1713170 200
1713180 200
1713190 200
1713200 200
1713210 200
1713220 200
1713230 200
1713240 200
1713250 200
1713260 200
1713270 200
1713280 200
1713290 200
1713300 200
1713310 200
1713320 200
1713330 200
1713340 200
1713350 200
1713360 200
1713370 200
1713380 200
1713390 200
1713400 200
1713410 200
1713420 200
1713430 200
1713440 200
1713450 200
1713460 200
1713470 201
1713480 201
1713490 202
1713500 203
1713510 203
1713520 203
1713530 204
1713540 204
1713550 204
1713560 204
1713570 204
1713580 205
1713590 205
1713600 205
1713610 205
1713620 205
1713630 204
1713640 204
1713650 204
1713660 204
1713670 203
1713680 203
1713690 201
1713700 201
1713710 201
1713720 203
1713730 205
1713740 207
1713750 207
1713760 206
1713770 205
1713780 205
1713790 205
1713800 205
1713810 205
1713820 205
1713830 205
1713840 205
1713850 204
1713860 204
1713870 205
1713880 205
1713890 206
1713900 207
1713910 208
1713920 208
1713930 208
1713940 209
1713950 210
1713960 211
1713970 213
1713980 214
1713990 217
1714000 220
1714010 221
1714020 223
1714030 226
1714040 229
1714050 232
1714060 236
1714070 239
1714080 243
1714090 246
1714100 249
1714110 252
1714120 254
1714130 257
1714140 260
1714150 262
1714160 265
1714170 268
1714180 271
1714190 274
1714200 277
1714210 280
1714220 283
1714230 286
1714240 288
1714250 289
1714260 289
1714270 289
1714280 289
1714290 288
1714300 288
1714310 289
1714320 290
1714330 292
1714340 294
1714350 292
1714360 290
1714370 289
1714380 289
1714390 289
1714400 289
1714410 290
1714420 290
1714430 291
1714440 292
1714450 293
1714460 295
1714470 296
1714480 299
1714490 301
1714500 304
1714510 308
1714520 311
1714530 314
1714540 317
1714550 320
1714560 323
1714570 325
1714580 326
1714590 326
1714600 326
1714610 326
1714620 325
1714630 324
1714640 322
1714650 321
1714660 319
1714670 317
1714680 315
1714690 313
1714700 312
1714710 313
1714720 315
1714730 318
1714740 321
1714750 325
1714760 330
1714770 335
1714780 339
1714790 343
1714800 347
1714810 351
1714820 355
1714830 358
1714840 362
1714850 365
1714860 369
1714870 372
1714880 375
1714890 379
1714900 382
1714910 385
1714920 388
1714930 391
1714940 394
1714950 397
1714960 400
1714970 402
1714980 405
1714990 408
1715000 412
1715010 415
1715020 417
1715030 418
1715040 416
1715050 415
1715060 415
1715070 415
1715080 416
1715090 418
1715100 420
1715110 423
1715120 427
1715130 431
1715140 435
1715150 439
1715160 443
1715170 446
1715180 450
1715190 453
1715200 456
1715210 460
1715220 463
1715230 467
1715240 470
1715250 472
1715260 474
1715270 474
1715280 474
1715290 473
1715300 472
1715310 471
1715320 470
1715330 468
1715340 467
1715350 466
1715360 465
1715370 465
1715380 466
1715390 466
1715400 467
1715410 468
1715420 468
1715430 469
1715440 471
1715450 473
1715460 476
1715470 479
1715480 483
1715490 486
1715500 489
1715510 492
1715520 495
1715530 497
1715540 499
1715550 500
1715560 502
1715570 504
1715580 505
1715590 507
1715600 508
1715610 510
1715620 511
1715630 513
1715640 513
1715650 514
1715660 516
1715670 517
1715680 518
1715690 519
1715700 521
1715710 522
1715720 523
1715730 524
1715740 525
1715750 526
1715760 527
1715770 527
1715780 528
1715790 529
1715800 530
1715810 531
1715820 532
1715830 533
1715840 534
1715850 535
1715860 536
1715870 537
1715880 538
1715890 539
1715900 540
1715910 540
1715920 541
1715930 542
1715940 543
1715950 543
1715960 544
1715970 545
1715980 545
1715990 546
1716000 547
1716010 547
1716020 548
1716030 549
1716040 549
1716050 550
1716060 550
1716070 551
1716080 551
1716090 552
1716100 552
1716110 553
1716120 553
1716130 554
1716140 554
1716150 555
1716160 555
1716170 556
1716180 556
1716190 557
1716200 557
1716210 558
1716220 558
1716230 558
1716240 558
1716250 559
1716260 559
1716270 559
1716280 559
1716290 559
1716300 559
1716310 559
1716320 559
1716330 559
1716340 559
1716350 559
1716360 559
1716370 559
1716380 559
1716390 559
1716400 559
1716410 560
1716420 560
1716430 561
1716440 561
1716450 562
1716460 562
1716470 562
1716480 562
1716490 562
1716500 561
1716510 561
1716520 560
1716530 559
1716540 558
1716550 557
1716560 556
1716570 554
1716580 553
1716590 551
1716600 549
1716610 547
1716620 545
1716630 543
1716640 541
1716650 539
1716660 538
1716670 536
1716680 533
1716690 530
1716700 526
1716710 522
1716720 517
1716730 513
1716740 508
1716750 502
1716760 497
1716770 492
1716780 487
1716790 483
1716800 480
1716810 476
1716820 472
1716830 469
1716840 466
1716850 463
1716860 460
1716870 457
1716880 454
1716890 451
1716900 448
1716910 445
1716920 442
1716930 439
1716940 437
1716950 434
1716960 432
1716970 430
1716980 427
1716990 425
1717000 423
1717010 421
1717020 418
1717030 416
1717040 413
1717050 411
1717060 408
1717070 405
1717080 403
1717090 401
1717100 398
1717110 396
1717120 393
1717130 391
1717140 389
1717150 387
1717160 386
1717170 385
1717180 385
1717190 384
1717200 384
1717210 383
1717220 383
1717230 380
1717240 378
1717250 375
1717260 372
1717270 369
1717280 367
1717290 364
1717300 362
1717310 359
1717320 357
1717330 354
1717340 352
1717350 349
1717360 346
1717370 344
1717380 342
1717390 339
1717400 336
1717410 333
1717420 330
1717430 327
1717440 326
1717450 325
1717460 323
1717470 322
1717480 321
1717490 320
1717500 319
1717510 318
1717520 317
1717530 316
1717540 315
1717550 314
1717560 313
1717570 312
1717580 310
1717590 309
1717600 307
1717610 306
1717620 305
1717630 305
1717640 304
1717650 303
1717660 302
1717670 301
1717680 301
1717690 300
1717700 299
1717710 299
1717720 298
1717730 298
1717740 298
1717750 297
1717760 297
1717770 298
1717780 298
1717790 299
1717800 300
1717810 300
1717820 301
1717830 302
1717840 302
1717850 304
1717860 304
1717870 305
1717880 306
1717890 307
1717900 308
1717910 309
1717920 310
1717930 311
1717940 312
1717950 314
1717960 315
1717970 317
1717980 320
1717990 323
1718000 326
1718010 329
1718020 331
1718030 334
1718040 336
1718050 338
1718060 341
1718070 344
1718080 347
1718090 349
1718100 351
1718110 353
1718120 354
1718130 357
1718140 360
1718150 363
1718160 367
1718170 370
1718180 374
1718190 377
1718200 380
1718210 384
1718220 387
1718230 390
1718240 393
1718250 396
1718260 398
1718270 399
1718280 400
1718290 402
1718300 402
1718310 403
1718320 404
1718330 405
1718340 407
1718350 409
1718360 411
1718370 413
1718380 415
1718390 418
1718400 421
1718410 424
1718420 428
1718430 432
1718440 435
1718450 440
1718460 444
1718470 447
1718480 451
1718490 454
1718500 457
1718510 459
1718520 461
1718530 462
1718540 463
1718550 464
1718560 464
1718570 465
1718580 464
1718590 463
1718600 462
1718610 461
1718620 461
1718630 460
1718640 460
1718650 460
1718660 460
1718670 460
1718680 460
1718690 460
1718700 461
1718710 462
1718720 463
1718730 464
1718740 465
1718750 466
1718760 467
1718770 468
1718780 470
1718790 472
1718800 474
1718810 476
1718820 478
1718830 479
1718840 481
1718850 481
1718860 482
1718870 483
1718880 484
1718890 486
1718900 487
1718910 489
1718920 489
1718930 490
1718940 489
1718950 489
1718960 488
1718970 488
1718980 488
1718990 488
1719000 488
1719010 488
1719020 487
1719030 486
1719040 484
1719050 483
1719060 482
1719070 480
1719080 479
1719090 478
1719100 476
1719110 475
1719120 473
1719130 472
1719140 471
1719150 469
1719160 468
1719170 466
1719180 465
1719190 463
1719200 461
1719210 460
1719220 457
1719230 455
1719240 452
1719250 450
1719260 447
1719270 445
1719280 444
1719290 442
1719300 441
1719310 439
1719320 437
1719330 435
1719340 433
1719350 430
1719360 427
1719370 424
1719380 422
1719390 421
1719400 421
1719410 418
1719420 416
1719430 415
1719440 415
1719450 417
1719460 419
1719470 421
1719480 423
1719490 424
1719500 424
1719510 424
1719520 424
1719530 424
1719540 424
1719550 425
1719560 425
1719570 426
1719580 427
1719590 429
1719600 432
1719610 434
1719620 437
1719630 439
1719640 441
1719650 442
1719660 443
1719670 445
1719680 446
1719690 447
1719700 448
1719710 448
1719720 448
1719730 449
1719740 449
1719750 448
1719760 448
1719770 447
1719780 447
1719790 446
1719800 445
1719810 444
1719820 443
1719830 441
1719840 439
1719850 436
1719860 434
1719870 431
1719880 427
1719890 424
1719900 421
1719910 418
1719920 416
1719930 414
1719940 412
1719950 411
1719960 411
1719970 412
1719980 411
1719990 411
