1700000 464
1700010 463
1700020 461
1700030 459
1700040 457
1700050 455
1700060 454
1700070 456
1700080 460
1700090 461
1700100 463
1700110 465
1700120 467
1700130 468
1700140 470
1700150 469
1700160 467
1700170 465
1700180 462
1700190 458
1700200 455
1700210 452
1700220 449
1700230 448
1700240 447
1700250 445
1700260 443
1700270 440
1700280 439
1700290 440
1700300 443
1700310 446
1700320 449
1700330 452
1700340 454
1700350 456
1700360 459
1700370 461
1700380 464
1700390 467
1700400 470
1700410 472
1700420 475
1700430 478
1700440 480
1700450 482
1700460 485
1700470 487
1700480 489
1700490 491
1700500 494
1700510 496
1700520 498
1700530 500
1700540 503
1700550 505
1700560 507
1700570 509
1700580 511
1700590 513
1700600 515
1700610 517
1700620 520
1700630 522
1700640 524
1700650 526
1700660 528
1700670 530
1700680 533
1700690 535
1700700 537
1700710 540
1700720 541
1700730 543
1700740 545
1700750 546
1700760 547
1700770 549
1700780 550
1700790 551
1700800 552
1700810 554
1700820 555
1700830 557
1700840 558
1700850 560
1700860 561
1700870 563
1700880 565
1700890 567
1700900 568
1700910 570
1700920 572
1700930 573
1700940 575
1700950 577
1700960 579
1700970 581
1700980 583
1700990 585
1701000 587
1701010 589
1701020 590
1701030 591
1701040 592
1701050 593
1701060 594
1701070 595
1701080 595
1701090 596
1701100 596
1701110 597
1701120 597
1701130 598
1701140 598
1701150 599
1701160 599
1701170 600
1701180 600
1701190 600
1701200 601
1701210 601
1701220 601
1701230 602
1701240 602
1701250 602
1701260 602
1701270 603
1701280 603
1701290 603
1701300 603
1701310 603
1701320 603
1701330 603
1701340 604
1701350 603
1701360 603
1701370 602
1701380 602
1701390 601
1701400 601
1701410 600
1701420 599
1701430 598
1701440 597
1701450 597
1701460 596
1701470 595
1701480 593
1701490 592
1701500 591
1701510 589
1701520 587
1701530 585
1701540 584
1701550 582
1701560 580
1701570 578
1701580 577
1701590 575
1701600 574
1701610 573
1701620 572
1701630 571
1701640 570
1701650 570
1701660 570
1701670 569
1701680 569
1701690 569
1701700 569
1701710 569
1701720 569
1701730 569
1701740 569
1701750 570
1701760 570
1701770 570
1701780 570
1701790 570
1701800 570
1701810 570
1701820 569
1701830 569
1701840 568
1701850 568
1701860 568
1701870 567
1701880 567
1701890 567
1701900 567
1701910 567
1701920 567
1701930 567
1701940 567
1701950 567
1701960 568
1701970 568
1701980 568
1701990 568
1702000 568
1702010 568
1702020 569
1702030 569
1702040 569
1702050 570
1702060 570
1702070 571
1702080 571
1702090 572
1702100 572
1702110 573
1702120 573
1702130 572
1702140 571
1702150 570
1702160 568
1702170 567
1702180 566
1702190 565
1702200 563
1702210 562
1702220 561
1702230 559
1702240 558
1702250 557
1702260 556
1702270 555
1702280 554
1702290 553
1702300 552
1702310 551
1702320 549
1702330 548
1702340 546
1702350 545
1702360 543
1702370 542
1702380 540
1702390 538
1702400 536
1702410 534
1702420 532
1702430 530
1702440 529
1702450 527
1702460 525
1702470 523
1702480 521
1702490 519
1702500 517
1702510 516
1702520 515
1702530 513
1702540 512
1702550 511
1702560 509
1702570 508
1702580 506
1702590 504
1702600 503
1702610 502
1702620 501
1702630 500
1702640 499
1702650 498
1702660 497
1702670 497
1702680 496
1702690 495
1702700 493
1702710 492
1702720 489
1702730 488
1702740 487
1702750 486
1702760 486
1702770 486
1702780 485
1702790 484
1702800 483
1702810 483
1702820 487
1702830 490
1702840 493
1702850 496
1702860 499
1702870 502
1702880 505
1702890 507
1702900 509
1702910 511
1702920 513
1702930 515
1702940 517
1702950 518
1702960 519
1702970 520
1702980 521
1702990 521
1703000 521
1703010 521
1703020 522
1703030 522
1703040 522
1703050 523
1703060 523
1703070 523
1703080 523
1703090 523
1703100 523
1703110 523
1703120 521
1703130 519
1703140 516
1703150 514
1703160 511
1703170 509
1703180 507
1703190 506
1703200 505
1703210 504
1703220 501
1703230 497
1703240 494
1703250 493
1703260 498
1703270 502
1703280 505
1703290 507
1703300 508
1703310 509
1703320 510
1703330 511
1703340 513
1703350 515
1703360 517
1703370 519
1703380 521
1703390 523
1703400 525
1703410 528
1703420 529
1703430 531
1703440 533
1703450 535
1703460 537
1703470 539
1703480 540
1703490 542
1703500 544
1703510 545
1703520 546
1703530 547
1703540 548
1703550 549
1703560 549
1703570 550
1703580 551
1703590 552
1703600 553
1703610 554
1703620 555
1703630 556
1703640 557
1703650 558
1703660 559
1703670 560
1703680 562
1703690 563
1703700 564
1703710 566
1703720 568
1703730 570
1703740 572
1703750 573
1703760 574
1703770 575
1703780 575
1703790 576
1703800 577
1703810 577
1703820 578
1703830 578
1703840 579
1703850 579
1703860 579
1703870 580
1703880 580
1703890 580
1703900 581
1703910 581
1703920 581
1703930 582
1703940 583
1703950 584
1703960 586
1703970 587
1703980 588
1703990 588
1704000 587
1704010 585
1704020 584
1704030 582
1704040 580
1704050 579
1704060 577
1704070 576
1704080 574
1704090 573
1704100 571
1704110 570
1704120 569
1704130 567
1704140 566
1704150 565
1704160 563
1704170 561
1704180 560
1704190 558
1704200 556
1704210 555
1704220 553
1704230 553
1704240 551
1704250 549
1704260 546
1704270 545
1704280 543
1704290 542
1704300 541
1704310 539
1704320 538
1704330 536
1704340 535
1704350 533
1704360 532
1704370 530
1704380 528
1704390 526
1704400 524
1704410 523
1704420 521
1704430 519
1704440 518
1704450 516
1704460 515
1704470 514
1704480 513
1704490 511
1704500 510
1704510 508
1704520 507
1704530 506
1704540 505
1704550 504
1704560 503
1704570 502
1704580 501
1704590 500
1704600 499
1704610 498
1704620 497
1704630 497
1704640 496
1704650 495
1704660 495
1704670 494
1704680 494
1704690 493
1704700 492
1704710 491
1704720 490
1704730 489
1704740 488
1704750 486
1704760 484
1704770 483
1704780 482
1704790 480
1704800 479
1704810 480
1704820 481
1704830 481
1704840 482
1704850 483
1704860 485
1704870 487
1704880 489
1704890 492
1704900 494
1704910 496
1704920 497
1704930 498
1704940 499
1704950 501
1704960 502
1704970 505
1704980 506
1704990 507
1705000 508
1705010 508
1705020 509
1705030 510
1705040 511
1705050 512
1705060 513
1705070 514
1705080 514
1705090 515
1705100 515
1705110 516
1705120 516
1705130 515
1705140 515
1705150 515
1705160 515
1705170 515
1705180 515
1705190 515
1705200 515
1705210 515
1705220 515
1705230 515
1705240 515
1705250 514
1705260 514
1705270 514
1705280 513
1705290 513
1705300 513
1705310 512
1705320 512
1705330 512
1705340 512
1705350 511
1705360 511
1705370 511
1705380 511
1705390 510
1705400 510
1705410 510
1705420 509
1705430 509
1705440 509
1705450 509
1705460 508
1705470 508
1705480 508
1705490 507
1705500 506
1705510 506
1705520 507
1705530 507
1705540 507
1705550 507
1705560 508
1705570 507
1705580 507
1705590 506
1705600 506
1705610 505
1705620 505
1705630 504
1705640 504
1705650 504
1705660 503
1705670 503
1705680 503
1705690 502
1705700 502
1705710 502
1705720 502
1705730 502
1705740 502
1705750 501
1705760 501
1705770 501
1705780 501
1705790 500
1705800 500
1705810 500
1705820 500
1705830 499
1705840 499
1705850 499
1705860 499
1705870 498
1705880 498
1705890 498
1705900 498
1705910 497
1705920 497
1705930 497
1705940 496
1705950 496
1705960 496
1705970 495
1705980 495
1705990 495
1706000 494
1706010 494
1706020 493
1706030 492
1706040 490
1706050 489
1706060 488
1706070 488
1706080 487
1706090 486
1706100 485
1706110 484
1706120 483
1706130 482
1706140 482
1706150 481
1706160 480
1706170 477
1706180 474
1706190 472
1706200 470
1706210 469
1706220 468
1706230 467
1706240 467
1706250 466
1706260 467
1706270 467
1706280 468
1706290 469
1706300 470
1706310 472
1706320 475
1706330 478
1706340 481
1706350 483
1706360 486
1706370 489
1706380 491
1706390 492
1706400 493
1706410 494
1706420 495
1706430 496
1706440 497
1706450 497
1706460 498
1706470 498
1706480 498
1706490 499
1706500 499
1706510 500
1706520 500
1706530 501
1706540 501
1706550 501
1706560 502
1706570 502
1706580 503
1706590 503
1706600 503
1706610 504
1706620 504
1706630 505
1706640 506
1706650 507
1706660 508
1706670 509
1706680 510
1706690 511
1706700 512
1706710 513
1706720 514
1706730 516
1706740 517
1706750 517
1706760 518
1706770 519
1706780 520
1706790 521
1706800 521
1706810 522
1706820 522
1706830 523
1706840 524
1706850 525
1706860 526
1706870 527
1706880 528
1706890 530
1706900 531
1706910 532
1706920 534
1706930 535
1706940 536
1706950 536
1706960 537
1706970 539
1706980 540
1706990 542
1707000 543
1707010 545
1707020 547
1707030 548
1707040 549
1707050 550
1707060 552
1707070 553
1707080 555
1707090 556
1707100 558
1707110 560
1707120 562
1707130 564
1707140 566
1707150 568
1707160 570
1707170 572
1707180 574
1707190 576
1707200 578
1707210 581
1707220 582
1707230 583
1707240 584
1707250 585
1707260 586
1707270 588
1707280 589
1707290 589
1707300 590
1707310 590
1707320 590
1707330 590
1707340 589
1707350 588
1707360 587
1707370 586
1707380 585
1707390 584
1707400 583
1707410 582
1707420 582
1707430 581
1707440 580
1707450 579
1707460 578
1707470 577
1707480 575
1707490 574
1707500 573
1707510 572
1707520 571
1707530 570
1707540 570
1707550 569
1707560 568
1707570 567
1707580 566
1707590 565
1707600 564
1707610 563
1707620 562
1707630 561
1707640 560
1707650 560
1707660 559
1707670 559
1707680 559
1707690 558
1707700 558
1707710 558
1707720 558
1707730 557
1707740 557
1707750 557
1707760 557
1707770 557
1707780 557
1707790 557
1707800 557
1707810 557
1707820 557
1707830 557
1707840 557
1707850 557
1707860 556
1707870 555
1707880 554
1707890 553
1707900 551
1707910 550
1707920 549
1707930 549
1707940 548
1707950 548
1707960 548
1707970 548
1707980 548
1707990 548
1708000 548
1708010 548
1708020 547
1708030 547
1708040 546
1708050 545
1708060 544
1708070 543
1708080 543
1708090 542
1708100 542
1708110 541
1708120 541
1708130 540
1708140 540
1708150 540
1708160 539
1708170 539
1708180 539
1708190 539
1708200 538
1708210 538
1708220 538
1708230 538
1708240 537
1708250 536
1708260 536
1708270 537
1708280 537
1708290 538
1708300 538
1708310 538
1708320 539
1708330 539
1708340 539
1708350 539
1708360 539
1708370 539
1708380 539
1708390 539
1708400 539
1708410 539
1708420 539
1708430 539
1708440 539
1708450 539
1708460 539
1708470 539
1708480 539
1708490 539
1708500 539
1708510 539
1708520 539
1708530 539
1708540 538
1708550 538
1708560 538
1708570 538
1708580 538
1708590 537
1708600 537
1708610 536
1708620 536
1708630 536
1708640 535
1708650 534
1708660 534
1708670 533
1708680 532
1708690 531
1708700 530
1708710 528
1708720 525
1708730 523
1708740 521
1708750 518
1708760 516
1708770 514
1708780 512
1708790 509
1708800 507
1708810 504
1708820 502
1708830 499
1708840 497
1708850 496
1708860 495
1708870 495
1708880 494
1708890 493
1708900 490
1708910 488
1708920 486
1708930 486
1708940 487
1708950 489
1708960 491
1708970 493
1708980 495
1708990 498
1709000 501
1709010 504
1709020 506
1709030 508
1709040 509
1709050 508
1709060 508
1709070 508
1709080 510
1709090 512
1709100 515
1709110 517
1709120 518
1709130 520
1709140 522
1709150 523
1709160 525
1709170 526
1709180 527
1709190 527
1709200 529
1709210 530
1709220 531
1709230 532
1709240 532
1709250 533
1709260 534
1709270 534
1709280 534
1709290 535
1709300 535
1709310 535
1709320 535
1709330 535
1709340 535
1709350 535
1709360 535
1709370 535
1709380 535
1709390 535
1709400 535
1709410 534
1709420 534
1709430 534
1709440 534
1709450 533
1709460 533
1709470 533
1709480 533
1709490 532
1709500 532
1709510 532
1709520 531
1709530 531
1709540 531
1709550 530
1709560 530
1709570 529
1709580 529
1709590 528
1709600 528
1709610 528
1709620 527
1709630 527
1709640 527
1709650 526
1709660 526
1709670 526
1709680 525
1709690 525
1709700 525
1709710 525
1709720 525
1709730 525
1709740 525
1709750 524
1709760 524
1709770 524
1709780 524
1709790 524
1709800 524
1709810 524
1709820 524
1709830 524
1709840 524
1709850 523
1709860 523
1709870 523
1709880 523
1709890 523
1709900 523
1709910 522
1709920 522
1709930 522
1709940 522
1709950 522
1709960 521
1709970 521
1709980 521
1709990 521
1710000 520
1710010 520
1710020 520
1710030 520
1710040 519
1710050 519
1710060 519
1710070 518
1710080 518
1710090 517
1710100 517
1710110 517
1710120 517
1710130 516
1710140 516
1710150 516
1710160 516
1710170 516
1710180 515
1710190 514
1710200 513
1710210 512
1710220 511
1710230 511
1710240 511
1710250 511
1710260 511
1710270 510
1710280 510
1710290 510
1710300 509
1710310 509
1710320 509
1710330 508
1710340 508
1710350 507
1710360 507
1710370 507
1710380 506
1710390 506
1710400 505
1710410 505
1710420 505
1710430 504
1710440 503
1710450 503
1710460 502
1710470 502
1710480 501
1710490 500
1710500 499
1710510 498
1710520 496
1710530 495
1710540 493
1710550 491
1710560 489
1710570 487
1710580 484
1710590 482
1710600 479
1710610 477
1710620 476
1710630 473
1710640 472
1710650 470
1710660 468
1710670 465
1710680 462
1710690 459
1710700 456
1710710 454
1710720 451
1710730 447
1710740 445
1710750 447
1710760 449
1710770 452
1710780 455
1710790 459
1710800 464
1710810 468
1710820 472
1710830 476
1710840 479
1710850 481
1710860 482
1710870 483
1710880 483
1710890 484
1710900 484
1710910 484
1710920 484
1710930 484
1710940 484
1710950 484
1710960 484
1710970 484
1710980 485
1710990 485
1711000 485
1711010 486
1711020 486
1711030 487
1711040 487
1711050 488
1711060 488
1711070 489
1711080 489
1711090 489
1711100 490
1711110 490
1711120 490
1711130 490
1711140 489
1711150 489
1711160 489
1711170 489
1711180 489
1711190 489
1711200 489
1711210 489
1711220 490
1711230 490
1711240 490
1711250 490
1711260 490
1711270 490
1711280 490
1711290 491
1711300 491
1711310 491
1711320 491
1711330 491
1711340 491
1711350 491
1711360 491
1711370 491
1711380 491
1711390 491
1711400 491
1711410 491
1711420 491
1711430 491
1711440 491
1711450 491
1711460 491
1711470 491
1711480 491
1711490 490
1711500 490
1711510 490
1711520 489
1711530 489
1711540 488
1711550 488
1711560 487
1711570 487
1711580 486
1711590 486
1711600 486
1711610 485
1711620 485
1711630 484
1711640 483
1711650 483
1711660 482
1711670 481
1711680 479
1711690 478
1711700 477
1711710 476
1711720 475
1711730 474
1711740 472
1711750 470
1711760 468
1711770 466
1711780 465
1711790 463
1711800 461
1711810 458
1711820 456
1711830 454
1711840 452
1711850 449
1711860 447
1711870 445
1711880 443
1711890 441
1711900 439
1711910 437
1711920 434
1711930 432
1711940 429
1711950 427
1711960 424
1711970 421
1711980 418
1711990 415
1712000 412
1712010 409
1712020 407
1712030 404
1712040 403
1712050 400
1712060 398
1712070 396
1712080 394
1712090 394
1712100 394
1712110 393
1712120 391
1712130 393
1712140 393
1712150 393
1712160 392
1712170 390
1712180 388
1712190 389
1712200 389
1712210 388
1712220 387
1712230 387
1712240 386
1712250 385
1712260 384
1712270 383
1712280 382
1712290 380
1712300 379
1712310 377
1712320 377
1712330 376
1712340 376
1712350 375
1712360 374
1712370 374
1712380 373
1712390 372
1712400 371
1712410 370
1712420 368
1712430 367
1712440 365
1712450 363
1712460 362
1712470 360
1712480 359
1712490 358
1712500 357
1712510 356
1712520 356
1712530 354
1712540 353
1712550 352
1712560 350
1712570 348
1712580 347
1712590 345
1712600 343
1712610 342
1712620 340
1712630 338
1712640 336
1712650 333
1712660 330
1712670 327
1712680 324
1712690 320
1712700 316
1712710 313
1712720 312
1712730 315
1712740 318
1712750 321
1712760 326
1712770 330
1712780 334
1712790 339
1712800 344
1712810 348
1712820 353
1712830 356
1712840 359
1712850 359
1712860 359
1712870 360
1712880 360
1712890 360
1712900 361
1712910 361
1712920 361
1712930 359
1712940 359
1712950 359
1712960 358
1712970 358
1712980 356
1712990 355
1713000 352
1713010 350
1713020 348
1713030 345
1713040 343
1713050 340
1713060 337
1713070 335
1713080 332
1713090 330
1713100 329
1713110 327
1713120 325
1713130 324
1713140 323
1713150 323
1713160 322
1713170 321
1713180 320
1713190 318
1713200 317
1713210 315
1713220 314
1713230 313
1713240 312
1713250 311
1713260 310
1713270 308
1713280 307
1713290 306
1713300 305
1713310 304
1713320 303
1713330 303
1713340 302
1713350 301
1713360 300
1713370 300
1713380 299
1713390 298
1713400 296
1713410 296
1713420 295
1713430 294
1713440 293
1713450 292
1713460 291
1713470 290
1713480 289
1713490 288
1713500 287
1713510 286
1713520 285
1713530 284
1713540 283
1713550 282
1713560 281
1713570 280
1713580 279
1713590 278
1713600 277
1713610 276
1713620 275
1713630 270
1713640 268
1713650 266
1713660 266
1713670 265
1713680 264
1713690 262
1713700 259
1713710 257
1713720 255
1713730 252
1713740 250
1713750 247
1713760 244
1713770 241
1713780 237
1713790 234
1713800 232
1713810 231
1713820 230
1713830 230
1713840 229
1713850 229
1713860 229
1713870 228
1713880 228
1713890 229
1713900 229
1713910 230
1713920 231
1713930 232
1713940 233
1713950 234
1713960 235
1713970 235
1713980 235
1713990 235
1714000 235
1714010 234
1714020 234
1714030 234
1714040 233
1714050 233
1714060 233
1714070 233
1714080 233
1714090 232
1714100 232
1714110 232
1714120 232
1714130 232
1714140 231
1714150 231
1714160 231
1714170 231
1714180 231
1714190 231
1714200 231
1714210 230
1714220 230
1714230 229
1714240 228
1714250 228
1714260 227
1714270 227
1714280 227
1714290 227
1714300 226
1714310 226
1714320 225
1714330 224
1714340 223
1714350 223
1714360 223
1714370 222
1714380 221
1714390 220
1714400 219
1714410 218
1714420 217
1714430 216
1714440 216
1714450 216
1714460 215
1714470 215
1714480 215
1714490 214
1714500 214
1714510 214
1714520 213
1714530 213
1714540 212
1714550 212
1714560 212
1714570 212
1714580 211
1714590 211
1714600 210
1714610 210
1714620 210
1714630 210
1714640 210
1714650 210
1714660 210
1714670 210
1714680 209
1714690 209
1714700 208
1714710 208
1714720 207
1714730 207
1714740 207
1714750 207
1714760 207
1714770 207
1714780 206
1714790 206
1714800 205
1714810 204
1714820 201
1714830 200
1714840 200
1714850 200
1714860 200
1714870 200
1714880 200
1714890 200
1714900 200
1714910 200
1714920 200
1714930 200
1714940 200
1714950 200
1714960 200
1714970 200
1714980 200
1714990 200
1715000 200
1715010 200
1715020 200
1715030 200
1715040 200
1715050 200
1715060 200
1715070 200
1715080 200
1715090 200
1715100 200
1715110 200
1715120 200
1715130 200
1715140 202
1715150 205
1715160 206
1715170 206
1715180 206
1715190 207
1715200 209
1715210 211
1715220 215
1715230 220
1715240 227
1715250 234
1715260 240
1715270 247
1715280 254
1715290 259
1715300 262
1715310 263
1715320 264
1715330 266
1715340 266
1715350 267
1715360 268
1715370 269
1715380 269
1715390 269
1715400 269
1715410 270
1715420 271
1715430 272
1715440 272
1715450 272
1715460 273
1715470 273
1715480 273
1715490 274
1715500 274
1715510 274
1715520 273
1715530 272
1715540 272
1715550 270
1715560 268
1715570 267
1715580 266
1715590 265
1715600 264
1715610 263
1715620 262
1715630 261
1715640 260
1715650 260
1715660 259
1715670 258
1715680 256
1715690 253
1715700 250
1715710 247
1715720 243
1715730 239
1715740 236
1715750 232
1715760 228
1715770 225
1715780 222
1715790 218
1715800 215
1715810 213
1715820 213
1715830 212
1715840 212
1715850 211
1715860 211
1715870 211
1715880 211
1715890 211
1715900 211
1715910 210
1715920 210
1715930 210
1715940 210
1715950 210
1715960 211
1715970 211
1715980 211
1715990 211
1716000 212
1716010 212
1716020 213
1716030 213
1716040 213
1716050 213
1716060 213
1716070 213
1716080 213
1716090 214
1716100 214
1716110 214
1716120 214
1716130 214
1716140 215
1716150 215
1716160 216
1716170 217
1716180 218
1716190 220
1716200 222
1716210 225
1716220 227
1716230 228
1716240 229
1716250 230
1716260 231
1716270 232
1716280 233
1716290 235
1716300 237
1716310 238
1716320 240
1716330 242
1716340 243
1716350 245
1716360 247
1716370 249
1716380 251
1716390 252
1716400 253
1716410 254
1716420 255
1716430 256
1716440 257
1716450 258
1716460 258
1716470 259
1716480 260
1716490 261
1716500 262
1716510 263
1716520 264
1716530 264
1716540 265
1716550 265
1716560 265
1716570 265
1716580 264
1716590 264
1716600 264
1716610 264
1716620 265
1716630 265
1716640 266
1716650 267
1716660 269
1716670 270
1716680 270
1716690 271
1716700 272
1716710 274
1716720 276
1716730 278
1716740 280
1716750 283
1716760 285
1716770 288
1716780 289
1716790 290
1716800 290
1716810 290
1716820 289
1716830 287
1716840 285
1716850 283
1716860 281
1716870 278
1716880 275
1716890 273
1716900 269
1716910 266
1716920 263
1716930 260
1716940 256
1716950 253
1716960 249
1716970 246
1716980 243
1716990 239
1717000 235
1717010 232
1717020 232
1717030 232
1717040 231
1717050 231
1717060 230
1717070 230
1717080 234
1717090 240
1717100 247
1717110 249
1717120 251
1717130 252
1717140 252
1717150 253
1717160 254
1717170 256
1717180 257
1717190 260
1717200 263
1717210 265
1717220 268
1717230 271
1717240 275
1717250 279
1717260 284
1717270 288
1717280 291
1717290 294
1717300 296
1717310 299
1717320 301
1717330 304
1717340 306
1717350 308
1717360 310
1717370 312
1717380 315
1717390 317
1717400 320
1717410 321
1717420 321
1717430 320
1717440 319
1717450 317
1717460 315
1717470 314
1717480 312
1717490 310
1717500 308
1717510 305
1717520 302
1717530 299
1717540 296
1717550 293
1717560 289
1717570 285
1717580 283
1717590 280
1717600 276
1717610 272
1717620 267
1717630 262
1717640 259
1717650 257
1717660 257
1717670 258
1717680 260
1717690 264
1717700 267
1717710 269
1717720 271
1717730 273
1717740 273
1717750 273
1717760 274
1717770 275
1717780 275
1717790 273
1717800 271
1717810 268
1717820 266
1717830 265
1717840 264
1717850 264
1717860 264
1717870 265
1717880 265
1717890 265
1717900 264
1717910 264
1717920 264
1717930 264
1717940 264
1717950 265
1717960 267
1717970 270
1717980 272
1717990 274
1718000 276
1718010 278
1718020 281
1718030 283
1718040 284
1718050 285
1718060 287
1718070 289
1718080 291
1718090 291
1718100 290
1718110 287
1718120 285
1718130 285
1718140 287
1718150 291
1718160 295
1718170 298
1718180 300
1718190 300
1718200 301
1718210 301
1718220 301
1718230 302
1718240 303
1718250 303
1718260 304
1718270 303
1718280 302
1718290 302
1718300 302
1718310 304
1718320 306
1718330 307
1718340 308
1718350 309
1718360 309
1718370 308
1718380 308
1718390 307
1718400 305
1718410 304
1718420 304
1718430 304
1718440 304
1718450 304
1718460 304
1718470 304
1718480 305
1718490 307
1718500 308
1718510 309
1718520 309
1718530 309
1718540 308
1718550 308
1718560 308
1718570 308
1718580 308
1718590 307
1718600 306
1718610 304
1718620 302
1718630 300
1718640 299
1718650 300
1718660 303
1718670 305
1718680 306
1718690 307
1718700 307
1718710 308
1718720 309
1718730 309
1718740 310
1718750 310
1718760 310
1718770 311
1718780 312
1718790 312
1718800 312
1718810 312
1718820 312
1718830 313
1718840 313
1718850 314
1718860 314
1718870 314
1718880 314
1718890 314
1718900 315
1718910 315
1718920 316
1718930 316
1718940 317
1718950 318
1718960 319
1718970 320
1718980 321
1718990 321
1719000 322
1719010 322
1719020 323
1719030 324
1719040 325
1719050 327
1719060 328
1719070 329
1719080 330
1719090 331
1719100 332
1719110 332
1719120 333
1719130 333
1719140 333
1719150 332
1719160 331
1719170 330
1719180 329
1719190 328
1719200 328
1719210 329
1719220 329
1719230 330
1719240 330
1719250 330
1719260 331
1719270 331
1719280 333
1719290 334
1719300 335
1719310 336
1719320 336
1719330 336
1719340 336
1719350 336
1719360 336
1719370 337
1719380 337
1719390 338
1719400 339
1719410 339
1719420 338
1719430 337
1719440 336
1719450 333
1719460 329
1719470 329
1719480 332
1719490 336
1719500 338
1719510 338
1719520 338
1719530 339
1719540 340
1719550 342
1719560 343
1719570 344
1719580 345
1719590 345
1719600 346
1719610 347
1719620 350
1719630 351
1719640 353
1719650 354
1719660 355
1719670 356
1719680 355
1719690 355
1719700 354
1719710 355
1719720 356
1719730 358
1719740 360
1719750 362
1719760 364
1719770 367
1719780 370
1719790 372
1719800 373
1719810 375
1719820 376
1719830 377
1719840 378
1719850 379
1719860 380
1719870 382
1719880 383
1719890 385
1719900 386
1719910 388
1719920 390
1719930 391
1719940 393
1719950 395
1719960 396
1719970 397
1719980 397
1719990 397
