1700000 584
1700010 583
1700020 582
1700030 581
1700040 580
1700050 579
1700060 577
1700070 575
1700080 573
1700090 575
1700100 578
1700110 580
1700120 582
1700130 583
1700140 585
1700150 586
1700160 588
1700170 589
1700180 590
1700190 592
1700200 593
1700210 595
1700220 598
1700230 600
1700240 602
1700250 604
1700260 606
1700270 609
1700280 611
1700290 613
1700300 615
1700310 617
1700320 619
1700330 621
1700340 623
1700350 624
1700360 626
1700370 627
1700380 629
1700390 630
1700400 632
1700410 633
1700420 634
1700430 635
1700440 636
1700450 636
1700460 637
1700470 637
1700480 638
1700490 638
1700500 638
1700510 638
1700520 638
1700530 638
1700540 638
1700550 638
1700560 638
1700570 637
1700580 637
1700590 637
1700600 636
1700610 635
1700620 634
1700630 633
1700640 631
1700650 630
1700660 628
1700670 627
1700680 625
1700690 623
1700700 621
1700710 619
1700720 617
1700730 615
1700740 613
1700750 611
1700760 609
1700770 607
1700780 604
1700790 601
1700800 598
1700810 598
1700820 599
1700830 600
1700840 601
1700850 602
1700860 602
1700870 602
1700880 602
1700890 602
1700900 603
1700910 603
1700920 604
1700930 606
1700940 607
1700950 609
1700960 610
1700970 611
1700980 614
1700990 616
1701000 617
1701010 619
1701020 621
1701030 623
1701040 625
1701050 626
1701060 628
1701070 630
1701080 632
1701090 634
1701100 636
1701110 637
1701120 639
1701130 641
1701140 642
1701150 642
1701160 643
1701170 643
1701180 642
1701190 641
1701200 639
1701210 638
1701220 636
1701230 635
1701240 634
1701250 632
1701260 631
1701270 630
1701280 629
1701290 627
1701300 626
1701310 624
1701320 623
1701330 621
1701340 619
1701350 617
1701360 615
1701370 614
1701380 613
1701390 612
1701400 611
1701410 610
1701420 609
1701430 608
1701440 608
1701450 607
1701460 607
1701470 607
1701480 607
1701490 607
1701500 607
1701510 607
1701520 607
1701530 607
1701540 607
1701550 607
1701560 607
1701570 607
1701580 607
1701590 607
1701600 607
1701610 608
1701620 608
1701630 609
1701640 610
1701650 610
1701660 611
1701670 612
1701680 612
1701690 613
1701700 613
1701710 614
1701720 614
1701730 614
1701740 614
1701750 615
1701760 615
1701770 615
1701780 615
1701790 615
1701800 615
1701810 615
1701820 615
1701830 616
1701840 616
1701850 617
1701860 617
1701870 618
1701880 618
1701890 619
1701900 619
1701910 619
1701920 619
1701930 619
1701940 619
1701950 618
1701960 618
1701970 618
1701980 617
1701990 617
1702000 617
1702010 616
1702020 616
1702030 615
1702040 614
1702050 614
1702060 613
1702070 613
1702080 611
1702090 609
1702100 606
1702110 604
1702120 600
1702130 597
1702140 595
1702150 594
1702160 593
1702170 591
1702180 590
1702190 588
1702200 586
1702210 583
1702220 582
1702230 581
1702240 580
1702250 579
1702260 577
1702270 576
1702280 574
1702290 573
1702300 572
1702310 570
1702320 567
1702330 566
1702340 566
1702350 569
1702360 573
1702370 575
1702380 576
1702390 579
1702400 581
1702410 583
1702420 585
1702430 588
1702440 590
1702450 593
1702460 595
1702470 597
1702480 599
1702490 601
1702500 603
1702510 604
1702520 605
1702530 606
1702540 606
1702550 606
1702560 606
1702570 606
1702580 606
1702590 605
1702600 605
1702610 605
1702620 604
1702630 604
1702640 604
1702650 603
1702660 602
1702670 602
1702680 601
1702690 600
1702700 599
1702710 598
1702720 597
1702730 596
1702740 595
1702750 594
1702760 593
1702770 592
1702780 591
1702790 589
1702800 587
1702810 586
1702820 584
1702830 582
1702840 580
1702850 578
1702860 575
1702870 573
1702880 571
1702890 568
1702900 565
1702910 562
1702920 559
1702930 556
1702940 554
1702950 552
1702960 551
1702970 550
1702980 550
1702990 551
1703000 552
1703010 551
1703020 551
1703030 551
1703040 551
1703050 551
1703060 550
1703070 550
1703080 549
1703090 548
1703100 547
1703110 546
1703120 545
1703130 544
1703140 542
1703150 541
1703160 540
1703170 539
1703180 539
1703190 539
1703200 539
1703210 539
1703220 539
1703230 539
1703240 539
1703250 540
1703260 542
1703270 544
1703280 546
1703290 549
1703300 551
1703310 554
1703320 556
1703330 558
1703340 560
1703350 563
1703360 565
1703370 567
1703380 569
1703390 571
1703400 573
1703410 575
1703420 577
1703430 579
1703440 582
1703450 584
1703460 586
1703470 588
1703480 590
1703490 592
1703500 594
1703510 597
1703520 598
1703530 600
1703540 602
1703550 604
1703560 607
1703570 609
1703580 611
1703590 614
1703600 616
1703610 618
1703620 619
1703630 621
1703640 624
1703650 626
1703660 628
1703670 630
1703680 633
1703690 635
1703700 638
1703710 640
1703720 642
1703730 645
1703740 647
1703750 650
1703760 652
1703770 654
1703780 656
1703790 658
1703800 659
1703810 661
1703820 662
1703830 662
1703840 663
1703850 663
1703860 663
1703870 663
1703880 663
1703890 664
1703900 665
1703910 666
1703920 667
1703930 669
1703940 669
1703950 668
1703960 667
1703970 666
1703980 665
1703990 664
1704000 663
1704010 663
1704020 663
1704030 663
1704040 662
1704050 662
1704060 661
1704070 660
1704080 660
1704090 659
1704100 659
1704110 658
1704120 658
1704130 657
1704140 657
1704150 656
1704160 656
1704170 655
1704180 655
1704190 654
1704200 654
1704210 654
1704220 653
1704230 653
1704240 653
1704250 652
1704260 652
1704270 651
1704280 651
1704290 651
1704300 650
1704310 649
1704320 649
1704330 648
1704340 647
1704350 646
1704360 645
1704370 645
1704380 644
1704390 644
1704400 644
1704410 643
1704420 643
1704430 643
1704440 642
1704450 641
1704460 640
1704470 639
1704480 638
1704490 636
1704500 634
1704510 632
1704520 631
1704530 629
1704540 627
1704550 624
1704560 622
1704570 619
1704580 616
1704590 614
1704600 611
1704610 608
1704620 606
1704630 604
1704640 602
1704650 600
1704660 598
1704670 596
1704680 594
1704690 592
1704700 591
1704710 589
1704720 586
1704730 582
1704740 579
1704750 576
1704760 575
1704770 575
1704780 576
1704790 578
1704800 580
1704810 582
1704820 584
1704830 586
1704840 588
1704850 589
1704860 591
1704870 594
1704880 596
1704890 598
1704900 600
1704910 602
1704920 604
1704930 606
1704940 607
1704950 609
1704960 611
1704970 613
1704980 614
1704990 616
1705000 617
1705010 618
1705020 618
1705030 618
1705040 617
1705050 616
1705060 615
1705070 614
1705080 613
1705090 612
1705100 611
1705110 610
1705120 609
1705130 608
1705140 607
1705150 607
1705160 606
1705170 605
1705180 604
1705190 603
1705200 602
1705210 601
1705220 600
1705230 600
1705240 599
1705250 599
1705260 599
1705270 599
1705280 599
1705290 599
1705300 599
1705310 599
1705320 599
1705330 599
1705340 599
1705350 599
1705360 599
1705370 598
1705380 599
1705390 599
1705400 599
1705410 599
1705420 600
1705430 600
1705440 600
1705450 599
1705460 599
1705470 598
1705480 597
1705490 596
1705500 596
1705510 595
1705520 594
1705530 594
1705540 593
1705550 592
1705560 591
1705570 590
1705580 589
1705590 588
1705600 587
1705610 586
1705620 585
1705630 584
1705640 583
1705650 582
1705660 581
1705670 580
1705680 579
1705690 577
1705700 576
1705710 574
1705720 573
1705730 572
1705740 570
1705750 568
1705760 566
1705770 564
1705780 563
1705790 561
1705800 560
1705810 559
1705820 558
1705830 555
1705840 552
1705850 549
1705860 547
1705870 545
1705880 543
1705890 540
1705900 538
1705910 535
1705920 531
1705930 529
1705940 526
1705950 523
1705960 520
1705970 518
1705980 515
1705990 512
1706000 510
1706010 508
1706020 508
1706030 507
1706040 508
1706050 509
1706060 511
1706070 514
1706080 518
1706090 521
1706100 524
1706110 528
1706120 531
1706130 534
1706140 538
1706150 541
1706160 544
1706170 548
1706180 551
1706190 553
1706200 556
1706210 559
1706220 561
1706230 564
1706240 566
1706250 568
1706260 571
1706270 573
1706280 575
1706290 577
1706300 579
1706310 580
1706320 581
1706330 583
1706340 584
1706350 586
1706360 587
1706370 589
1706380 590
1706390 592
1706400 593
1706410 594
1706420 596
1706430 597
1706440 598
1706450 598
1706460 597
1706470 597
1706480 596
1706490 595
1706500 595
1706510 594
1706520 593
1706530 593
1706540 592
1706550 591
1706560 590
1706570 590
1706580 589
1706590 588
1706600 587
1706610 585
1706620 583
1706630 582
1706640 581
1706650 580
1706660 579
1706670 578
1706680 576
1706690 573
1706700 571
1706710 570
1706720 569
1706730 568
1706740 567
1706750 566
1706760 565
1706770 563
1706780 561
1706790 559
1706800 556
1706810 554
1706820 553
1706830 555
1706840 558
1706850 560
1706860 561
1706870 562
1706880 562
1706890 562
1706900 561
1706910 561
1706920 561
1706930 562
1706940 562
1706950 563
1706960 563
1706970 562
1706980 562
1706990 561
1707000 561
1707010 560
1707020 560
1707030 560
1707040 560
1707050 560
1707060 559
1707070 559
1707080 559
1707090 559
1707100 559
1707110 560
1707120 560
1707130 559
1707140 558
1707150 558
1707160 557
1707170 557
1707180 557
1707190 558
1707200 558
1707210 558
1707220 557
1707230 557
1707240 557
1707250 557
1707260 556
1707270 557
1707280 557
1707290 557
1707300 557
1707310 557
1707320 558
1707330 558
1707340 558
1707350 559
1707360 560
1707370 560
1707380 561
1707390 563
1707400 564
1707410 565
1707420 566
1707430 567
1707440 567
1707450 568
1707460 570
1707470 571
1707480 572
1707490 573
1707500 574
1707510 575
1707520 577
1707530 578
1707540 579
1707550 581
1707560 582
1707570 583
1707580 584
1707590 586
1707600 587
1707610 588
1707620 589
1707630 590
1707640 591
1707650 592
1707660 592
1707670 592
1707680 592
1707690 591
1707700 591
1707710 590
1707720 590
1707730 590
1707740 590
1707750 589
1707760 588
1707770 587
1707780 587
1707790 586
1707800 586
1707810 586
1707820 585
1707830 585
1707840 585
1707850 585
1707860 584
1707870 584
1707880 584
1707890 584
1707900 584
1707910 584
1707920 584
1707930 584
1707940 583
1707950 583
1707960 583
1707970 583
1707980 584
1707990 584
1708000 584
1708010 584
1708020 583
1708030 583
1708040 582
1708050 582
1708060 582
1708070 582
1708080 581
1708090 581
1708100 580
1708110 581
1708120 581
1708130 581
1708140 581
1708150 581
1708160 581
1708170 581
1708180 581
1708190 581
1708200 581
1708210 582
1708220 583
1708230 583
1708240 583
1708250 584
1708260 584
1708270 584
1708280 584
1708290 584
1708300 584
1708310 584
1708320 584
1708330 584
1708340 584
1708350 585
1708360 585
1708370 586
1708380 587
1708390 587
1708400 587
1708410 587
1708420 588
1708430 588
1708440 589
1708450 589
1708460 589
1708470 589
1708480 588
1708490 588
1708500 587
1708510 586
1708520 586
1708530 585
1708540 584
1708550 582
1708560 580
1708570 578
1708580 576
1708590 574
1708600 572
1708610 570
1708620 566
1708630 562
1708640 558
1708650 553
1708660 550
1708670 547
1708680 545
1708690 544
1708700 542
1708710 540
1708720 538
1708730 536
1708740 536
1708750 536
1708760 538
1708770 540
1708780 542
1708790 545
1708800 550
1708810 556
1708820 563
1708830 569
1708840 575
1708850 579
1708860 583
1708870 587
1708880 589
1708890 591
1708900 591
1708910 591
1708920 591
1708930 591
1708940 591
1708950 591
1708960 591
1708970 591
1708980 591
1708990 591
1709000 591
1709010 591
1709020 590
1709030 590
1709040 590
1709050 589
1709060 589
1709070 589
1709080 588
1709090 588
1709100 588
1709110 587
1709120 587
1709130 587
1709140 586
1709150 586
1709160 585
1709170 585
1709180 584
1709190 584
1709200 583
1709210 582
1709220 582
1709230 581
1709240 580
1709250 580
1709260 579
1709270 578
1709280 578
1709290 577
1709300 577
1709310 576
1709320 575
1709330 574
1709340 573
1709350 572
1709360 571
1709370 569
1709380 567
1709390 567
1709400 567
1709410 566
1709420 566
1709430 565
1709440 564
1709450 564
1709460 562
1709470 562
1709480 561
1709490 561
1709500 560
1709510 560
1709520 558
1709530 556
1709540 554
1709550 553
1709560 551
1709570 550
1709580 549
1709590 548
1709600 547
1709610 546
1709620 546
1709630 545
1709640 546
1709650 546
1709660 547
1709670 548
1709680 549
1709690 550
1709700 551
1709710 552
1709720 553
1709730 555
1709740 556
1709750 557
1709760 558
1709770 559
1709780 560
1709790 560
1709800 561
1709810 562
1709820 562
1709830 563
1709840 564
1709850 564
1709860 564
1709870 563
1709880 563
1709890 563
1709900 563
1709910 562
1709920 562
1709930 562
1709940 561
1709950 561
1709960 561
1709970 560
1709980 560
1709990 560
1710000 559
1710010 559
1710020 559
1710030 558
1710040 557
1710050 557
1710060 556
1710070 555
1710080 554
1710090 553
1710100 552
1710110 552
1710120 551
1710130 550
1710140 549
1710150 548
1710160 547
1710170 546
1710180 545
1710190 544
1710200 543
1710210 541
1710220 540
1710230 539
1710240 538
1710250 536
1710260 535
1710270 534
1710280 533
1710290 531
1710300 530
1710310 529
1710320 528
1710330 527
1710340 526
1710350 525
1710360 524
1710370 523
1710380 521
1710390 520
1710400 518
1710410 515
1710420 515
1710430 515
1710440 518
1710450 520
1710460 522
1710470 524
1710480 526
1710490 528
1710500 531
1710510 533
1710520 535
1710530 537
1710540 538
1710550 540
1710560 542
1710570 544
1710580 545
1710590 544
1710600 542
1710610 541
1710620 540
1710630 540
1710640 539
1710650 539
1710660 538
1710670 537
1710680 537
1710690 536
1710700 536
1710710 535
1710720 535
1710730 535
1710740 535
1710750 535
1710760 535
1710770 536
1710780 537
1710790 537
1710800 538
1710810 539
1710820 539
1710830 540
1710840 542
1710850 543
1710860 544
1710870 544
1710880 545
1710890 545
1710900 546
1710910 547
1710920 548
1710930 549
1710940 550
1710950 551
1710960 552
1710970 553
1710980 554
1710990 555
1711000 556
1711010 557
1711020 558
1711030 559
1711040 560
1711050 560
1711060 561
1711070 562
1711080 562
1711090 563
1711100 563
1711110 563
1711120 564
1711130 564
1711140 564
1711150 565
1711160 565
1711170 565
1711180 565
1711190 565
1711200 564
1711210 564
1711220 564
1711230 563
1711240 562
1711250 561
1711260 560
1711270 559
1711280 558
1711290 557
1711300 556
1711310 555
1711320 554
1711330 553
1711340 551
1711350 550
1711360 549
1711370 548
1711380 547
1711390 545
1711400 544
1711410 543
1711420 542
1711430 540
1711440 539
1711450 538
1711460 537
1711470 536
1711480 535
1711490 533
1711500 532
1711510 531
1711520 530
1711530 530
1711540 528
1711550 527
1711560 526
1711570 525
1711580 524
1711590 523
1711600 522
1711610 521
1711620 521
1711630 521
1711640 521
1711650 521
1711660 520
1711670 519
1711680 519
1711690 518
1711700 517
1711710 516
1711720 515
1711730 514
1711740 513
1711750 512
1711760 511
1711770 510
1711780 509
1711790 509
1711800 508
1711810 507
1711820 506
1711830 505
1711840 505
1711850 504
1711860 503
1711870 503
1711880 502
1711890 501
1711900 501
1711910 501
1711920 501
1711930 501
1711940 501
1711950 502
1711960 502
1711970 502
1711980 502
1711990 502
1712000 502
1712010 502
1712020 503
1712030 504
1712040 505
1712050 506
1712060 507
1712070 507
1712080 508
1712090 508
1712100 509
1712110 510
1712120 511
1712130 511
1712140 512
1712150 512
1712160 513
1712170 513
1712180 514
1712190 514
1712200 515
1712210 516
1712220 517
1712230 517
1712240 518
1712250 519
1712260 520
1712270 521
1712280 521
1712290 522
1712300 522
1712310 522
1712320 523
1712330 523
1712340 523
1712350 524
1712360 524
1712370 524
1712380 524
1712390 524
1712400 524
1712410 524
1712420 524
1712430 523
1712440 522
1712450 521
1712460 521
1712470 520
1712480 520
1712490 519
1712500 520
1712510 520
1712520 520
1712530 520
1712540 521
1712550 521
1712560 521
1712570 521
1712580 521
1712590 521
1712600 521
1712610 521
1712620 520
1712630 520
1712640 519
1712650 518
1712660 517
1712670 515
1712680 514
1712690 512
1712700 510
1712710 508
1712720 506
1712730 504
1712740 503
1712750 501
1712760 500
1712770 498
1712780 497
1712790 496
1712800 494
1712810 493
1712820 492
1712830 490
1712840 488
1712850 485
1712860 483
1712870 485
1712880 486
1712890 488
1712900 489
1712910 491
1712920 493
1712930 495
1712940 496
1712950 498
1712960 499
1712970 501
1712980 503
1712990 506
1713000 508
1713010 509
1713020 511
1713030 512
1713040 513
1713050 515
1713060 516
1713070 518
1713080 519
1713090 520
1713100 521
1713110 522
1713120 523
1713130 524
1713140 525
1713150 526
1713160 526
1713170 527
1713180 527
1713190 527
1713200 528
1713210 528
1713220 528
1713230 528
1713240 529
1713250 529
1713260 529
1713270 530
1713280 530
1713290 531
1713300 531
1713310 531
1713320 531
1713330 531
1713340 531
1713350 530
1713360 530
1713370 529
1713380 529
1713390 529
1713400 529
1713410 528
1713420 527
1713430 526
1713440 525
1713450 524
1713460 523
1713470 522
1713480 521
1713490 520
1713500 519
1713510 517
1713520 515
1713530 514
1713540 512
1713550 510
1713560 508
1713570 507
1713580 505
1713590 504
1713600 503
1713610 502
1713620 501
1713630 500
1713640 499
1713650 497
1713660 496
1713670 494
1713680 492
1713690 491
1713700 489
1713710 487
1713720 485
1713730 484
1713740 482
1713750 480
1713760 479
1713770 477
1713780 475
1713790 473
1713800 471
1713810 468
1713820 466
1713830 463
1713840 460
1713850 457
1713860 454
1713870 450
1713880 447
1713890 444
1713900 442
1713910 439
1713920 438
1713930 436
1713940 435
1713950 433
1713960 432
1713970 430
1713980 428
1713990 425
1714000 423
1714010 421
1714020 419
1714030 417
1714040 415
1714050 413
1714060 411
1714070 409
1714080 407
1714090 405
1714100 403
1714110 401
1714120 398
1714130 396
1714140 394
1714150 392
1714160 390
1714170 388
1714180 386
1714190 384
1714200 381
1714210 378
1714220 377
1714230 376
1714240 375
1714250 373
1714260 371
1714270 370
1714280 368
1714290 366
1714300 364
1714310 362
1714320 361
1714330 359
1714340 358
1714350 356
1714360 354
1714370 352
1714380 349
1714390 347
1714400 345
1714410 343
1714420 341
1714430 339
1714440 337
1714450 336
1714460 335
1714470 334
1714480 333
1714490 332
1714500 330
1714510 328
1714520 326
1714530 324
1714540 322
1714550 319
1714560 317
1714570 315
1714580 313
1714590 311
1714600 308
1714610 306
1714620 304
1714630 303
1714640 301
1714650 300
1714660 298
1714670 296
1714680 294
1714690 292
1714700 289
1714710 287
1714720 284
1714730 282
1714740 280
1714750 277
1714760 275
1714770 273
1714780 270
1714790 267
1714800 264
1714810 261
1714820 258
1714830 255
1714840 252
1714850 249
1714860 247
1714870 244
1714880 240
1714890 235
1714900 229
1714910 221
1714920 216
1714930 213
1714940 211
1714950 210
1714960 209
1714970 209
1714980 207
1714990 204
1715000 201
1715010 200
1715020 200
1715030 200
1715040 200
1715050 200
1715060 200
1715070 200
1715080 200
1715090 200
1715100 200
1715110 200
1715120 200
1715130 200
1715140 200
1715150 200
1715160 200
1715170 200
1715180 200
1715190 200
1715200 200
1715210 200
1715220 200
1715230 200
1715240 200
1715250 200
1715260 200
1715270 200
1715280 200
1715290 200
1715300 200
1715310 200
1715320 200
1715330 200
1715340 200
1715350 200
1715360 200
1715370 200
1715380 200
1715390 200
1715400 200
1715410 200
1715420 200
1715430 200
1715440 200
1715450 200
1715460 200
1715470 200
1715480 201
1715490 202
1715500 204
1715510 206
1715520 206
1715530 207
1715540 207
1715550 208
1715560 208
1715570 208
1715580 208
1715590 208
1715600 208
1715610 208
1715620 208
1715630 208
1715640 208
1715650 209
1715660 209
1715670 209
1715680 210
1715690 211
1715700 212
1715710 215
1715720 219
1715730 223
1715740 227
1715750 231
1715760 234
1715770 238
1715780 241
1715790 244
1715800 248
1715810 252
1715820 257
1715830 262
1715840 267
1715850 272
1715860 276
1715870 280
1715880 283
1715890 287
1715900 290
1715910 293
1715920 297
1715930 300
1715940 304
1715950 307
1715960 310
1715970 312
1715980 315
1715990 317
1716000 319
1716010 321
1716020 323
1716030 325
1716040 326
1716050 327
1716060 328
1716070 329
1716080 329
1716090 329
1716100 330
1716110 330
1716120 329
1716130 329
1716140 329
1716150 328
1716160 328
1716170 327
1716180 326
1716190 325
1716200 324
1716210 323
1716220 321
1716230 319
1716240 317
1716250 315
1716260 312
1716270 309
1716280 306
1716290 303
1716300 301
1716310 298
1716320 296
1716330 294
1716340 293
1716350 292
1716360 291
1716370 290
1716380 289
1716390 288
1716400 288
1716410 288
1716420 288
1716430 287
1716440 287
1716450 287
1716460 287
1716470 287
1716480 287
1716490 287
1716500 287
1716510 287
1716520 287
1716530 288
1716540 288
1716550 288
1716560 289
1716570 289
1716580 290
1716590 291
1716600 292
1716610 292
1716620 293
1716630 294
1716640 295
1716650 297
1716660 298
1716670 299
1716680 300
1716690 302
1716700 304
1716710 305
1716720 307
1716730 309
1716740 312
1716750 314
1716760 317
1716770 319
1716780 322
1716790 324
1716800 326
1716810 328
1716820 328
1716830 329
1716840 330
1716850 331
1716860 333
1716870 334
1716880 336
1716890 338
1716900 340
1716910 342
1716920 343
1716930 344
1716940 345
1716950 345
1716960 344
1716970 344
1716980 343
1716990 341
1717000 340
1717010 339
1717020 338
1717030 336
1717040 335
1717050 334
1717060 334
1717070 333
1717080 332
1717090 330
1717100 328
1717110 325
1717120 321
1717130 317
1717140 313
1717150 309
1717160 306
1717170 302
1717180 300
1717190 297
1717200 295
1717210 293
1717220 292
1717230 292
1717240 294
1717250 296
1717260 299
1717270 302
1717280 306
1717290 309
1717300 313
1717310 317
1717320 320
1717330 323
1717340 326
1717350 328
1717360 329
1717370 329
1717380 328
1717390 327
1717400 326
1717410 325
1717420 323
1717430 322
1717440 320
1717450 319
1717460 317
1717470 314
1717480 311
1717490 308
1717500 305
1717510 304
1717520 303
1717530 302
1717540 302
1717550 301
1717560 301
1717570 300
1717580 299
1717590 297
1717600 295
1717610 293
1717620 291
1717630 289
1717640 288
1717650 286
1717660 283
1717670 280
1717680 277
1717690 274
1717700 271
1717710 268
1717720 266
1717730 262
1717740 258
1717750 254
1717760 251
1717770 247
1717780 244
1717790 241
1717800 239
1717810 238
1717820 238
1717830 238
1717840 239
1717850 239
1717860 239
1717870 239
1717880 240
1717890 241
1717900 240
1717910 240
1717920 241
1717930 242
1717940 242
1717950 243
1717960 245
1717970 249
1717980 254
1717990 259
1718000 264
1718010 268
1718020 271
1718030 274
1718040 277
1718050 280
1718060 284
1718070 287
1718080 290
1718090 291
1718100 291
1718110 291
1718120 291
1718130 291
1718140 292
1718150 293
1718160 294
1718170 296
1718180 298
1718190 301
1718200 305
1718210 309
1718220 313
1718230 318
1718240 322
1718250 327
1718260 332
1718270 336
1718280 341
1718290 346
1718300 350
1718310 355
1718320 359
1718330 362
1718340 366
1718350 370
1718360 373
1718370 377
1718380 380
1718390 384
1718400 388
1718410 391
1718420 395
1718430 398
1718440 402
1718450 405
1718460 408
1718470 411
1718480 413
1718490 415
1718500 415
1718510 415
1718520 414
1718530 412
1718540 410
1718550 408
1718560 406
1718570 405
1718580 403
1718590 401
1718600 399
1718610 397
1718620 396
1718630 394
1718640 393
1718650 392
1718660 391
1718670 390
1718680 389
1718690 390
1718700 393
1718710 397
1718720 401
1718730 406
1718740 412
1718750 417
1718760 422
1718770 426
1718780 430
1718790 434
1718800 438
1718810 442
1718820 446
1718830 450
1718840 454
1718850 457
1718860 459
1718870 460
1718880 461
1718890 460
1718900 460
1718910 459
1718920 458
1718930 457
1718940 456
1718950 455
1718960 454
1718970 452
1718980 449
1718990 446
1719000 443
1719010 440
1719020 437
1719030 434
1719040 432
1719050 432
1719060 433
1719070 437
1719080 441
1719090 445
1719100 449
1719110 454
1719120 458
1719130 463
1719140 468
1719150 473
1719160 477
1719170 481
1719180 485
1719190 489
1719200 492
1719210 496
1719220 499
1719230 502
1719240 505
1719250 508
1719260 512
1719270 515
1719280 518
1719290 520
1719300 522
1719310 525
1719320 527
1719330 529
1719340 530
1719350 532
1719360 533
1719370 534
1719380 535
1719390 535
1719400 535
1719410 535
1719420 535
1719430 535
1719440 535
1719450 535
1719460 535
1719470 536
1719480 536
1719490 536
1719500 537
1719510 538
1719520 538
1719530 539
1719540 539
1719550 540
1719560 541
1719570 542
1719580 543
1719590 544
1719600 545
1719610 546
1719620 547
1719630 548
1719640 549
1719650 550
1719660 550
1719670 550
1719680 550
1719690 549
1719700 548
1719710 547
1719720 545
1719730 544
1719740 543
1719750 542
1719760 542
1719770 541
1719780 540
1719790 538
1719800 536
1719810 534
1719820 530
1719830 526
1719840 522
1719850 518
1719860 513
1719870 509
1719880 505
1719890 501
1719900 497
1719910 493
1719920 489
1719930 486
1719940 485
1719950 484
1719960 484
1719970 485
1719980 487
1719990 489
