1700000 493
1700010 496
1700020 498
1700030 501
1700040 503
1700050 505
1700060 506
1700070 506
1700080 505
1700090 504
1700100 503
1700110 501
1700120 500
1700130 498
1700140 497
1700150 495
1700160 494
1700170 493
1700180 492
1700190 491
1700200 490
1700210 489
1700220 487
1700230 486
1700240 485
1700250 484
1700260 483
1700270 483
1700280 482
1700290 482
1700300 482
1700310 482
1700320 482
1700330 482
1700340 481
1700350 480
1700360 482
1700370 486
1700380 489
1700390 493
1700400 496
1700410 499
1700420 502
1700430 504
1700440 505
1700450 505
1700460 507
1700470 508
1700480 510
1700490 512
1700500 515
1700510 517
1700520 519
1700530 521
1700540 522
1700550 523
1700560 524
1700570 525
1700580 526
1700590 527
1700600 529
1700610 530
1700620 531
1700630 532
1700640 534
1700650 536
1700660 537
1700670 539
1700680 540
1700690 543
1700700 545
1700710 548
1700720 550
1700730 552
1700740 554
1700750 556
1700760 559
1700770 561
1700780 564
1700790 567
1700800 570
1700810 572
1700820 575
1700830 576
1700840 578
1700850 580
1700860 582
1700870 583
1700880 584
1700890 586
1700900 587
1700910 589
1700920 590
1700930 592
1700940 593
1700950 594
1700960 596
1700970 597
1700980 599
1700990 601
1701000 603
1701010 605
1701020 607
1701030 609
1701040 611
1701050 613
1701060 615
1701070 617
1701080 619
1701090 620
1701100 622
1701110 623
1701120 625
1701130 626
1701140 627
1701150 628
1701160 630
1701170 631
1701180 633
1701190 635
1701200 636
1701210 638
1701220 640
1701230 642
1701240 644
1701250 646
1701260 648
1701270 649
1701280 651
1701290 652
1701300 653
1701310 654
1701320 656
1701330 657
1701340 658
1701350 658
1701360 659
1701370 659
1701380 660
1701390 660
1701400 660
1701410 659
1701420 659
1701430 658
1701440 658
1701450 657
1701460 657
1701470 657
1701480 657
1701490 657
1701500 657
1701510 657
1701520 658
1701530 658
1701540 659
1701550 659
1701560 660
1701570 660
1701580 661
1701590 661
1701600 661
1701610 661
1701620 661
1701630 661
1701640 661
1701650 660
1701660 659
1701670 658
1701680 656
1701690 655
1701700 654
1701710 654
1701720 653
1701730 652
1701740 651
1701750 651
1701760 650
1701770 649
1701780 648
1701790 648
1701800 647
1701810 647
1701820 646
1701830 646
1701840 646
1701850 645
1701860 645
1701870 645
1701880 645
1701890 645
1701900 645
1701910 645
1701920 645
1701930 645
1701940 645
1701950 645
1701960 645
1701970 644
1701980 644
1701990 644
1702000 643
1702010 643
1702020 642
1702030 641
1702040 640
1702050 639
1702060 638
1702070 637
1702080 636
1702090 636
1702100 635
1702110 634
1702120 633
1702130 632
1702140 631
1702150 630
1702160 629
1702170 628
1702180 627
1702190 626
1702200 626
1702210 625
1702220 625
1702230 625
1702240 624
1702250 624
1702260 624
1702270 624
1702280 623
1702290 623
1702300 623
1702310 623
1702320 623
1702330 623
1702340 623
1702350 623
1702360 623
1702370 624
1702380 624
1702390 625
1702400 625
1702410 626
1702420 627
1702430 628
1702440 629
1702450 630
1702460 631
1702470 632
1702480 633
1702490 634
1702500 635
1702510 636
1702520 638
1702530 639
1702540 641
1702550 642
1702560 643
1702570 644
1702580 645
1702590 647
1702600 648
1702610 649
1702620 651
1702630 652
1702640 653
1702650 654
1702660 656
1702670 657
1702680 658
1702690 659
1702700 660
1702710 661
1702720 662
1702730 663
1702740 664
1702750 665
1702760 665
1702770 666
1702780 667
1702790 668
1702800 669
1702810 669
1702820 670
1702830 670
1702840 671
1702850 671
1702860 671
1702870 672
1702880 672
1702890 673
1702900 674
1702910 674
1702920 675
1702930 675
1702940 674
1702950 674
1702960 674
1702970 673
1702980 672
1702990 671
1703000 670
1703010 670
1703020 669
1703030 668
1703040 667
1703050 666
1703060 665
1703070 664
1703080 663
1703090 661
1703100 660
1703110 659
1703120 658
1703130 657
1703140 655
1703150 653
1703160 651
1703170 649
1703180 648
1703190 647
1703200 645
1703210 644
1703220 642
1703230 641
1703240 640
1703250 639
1703260 638
1703270 636
1703280 635
1703290 634
1703300 632
1703310 631
1703320 630
1703330 628
1703340 627
1703350 626
1703360 625
1703370 625
1703380 624
1703390 623
1703400 622
1703410 621
1703420 619
1703430 616
1703440 614
1703450 612
1703460 610
1703470 610
1703480 610
1703490 610
1703500 611
1703510 612
1703520 613
1703530 614
1703540 615
1703550 615
1703560 616
1703570 617
1703580 617
1703590 617
1703600 617
1703610 617
1703620 616
1703630 615
1703640 613
1703650 612
1703660 610
1703670 609
1703680 607
1703690 605
1703700 603
1703710 601
1703720 600
1703730 601
1703740 603
1703750 605
1703760 606
1703770 608
1703780 610
1703790 612
1703800 614
1703810 617
1703820 620
1703830 623
1703840 625
1703850 625
1703860 627
1703870 628
1703880 630
1703890 632
1703900 634
1703910 635
1703920 637
1703930 639
1703940 640
1703950 642
1703960 643
1703970 644
1703980 646
1703990 647
1704000 648
1704010 651
1704020 653
1704030 654
1704040 654
1704050 655
1704060 655
1704070 656
1704080 657
1704090 659
1704100 659
1704110 660
1704120 660
1704130 660
1704140 660
1704150 660
1704160 659
1704170 659
1704180 659
1704190 658
1704200 657
1704210 656
1704220 655
1704230 654
1704240 654
1704250 653
1704260 653
1704270 652
1704280 652
1704290 652
1704300 651
1704310 650
1704320 650
1704330 649
1704340 648
1704350 647
1704360 646
1704370 645
1704380 643
1704390 642
1704400 641
1704410 640
1704420 639
1704430 638
1704440 638
1704450 637
1704460 637
1704470 636
1704480 635
1704490 634
1704500 634
1704510 633
1704520 632
1704530 631
1704540 630
1704550 629
1704560 628
1704570 627
1704580 627
1704590 626
1704600 625
1704610 624
1704620 623
1704630 622
1704640 622
1704650 621
1704660 620
1704670 619
1704680 619
1704690 618
1704700 617
1704710 617
1704720 616
1704730 615
1704740 614
1704750 613
1704760 612
1704770 611
1704780 610
1704790 609
1704800 608
1704810 607
1704820 606
1704830 605
1704840 603
1704850 602
1704860 601
1704870 600
1704880 599
1704890 598
1704900 597
1704910 596
1704920 596
1704930 595
1704940 593
1704950 591
1704960 590
1704970 590
1704980 589
1704990 589
1705000 587
1705010 586
1705020 585
1705030 584
1705040 583
1705050 583
1705060 582
1705070 582
1705080 581
1705090 580
1705100 579
1705110 578
1705120 577
1705130 576
1705140 575
1705150 574
1705160 572
1705170 571
1705180 571
1705190 570
1705200 569
1705210 570
1705220 570
1705230 571
1705240 571
1705250 570
1705260 570
1705270 570
1705280 570
1705290 570
1705300 570
1705310 571
1705320 571
1705330 570
1705340 570
1705350 570
1705360 570
1705370 569
1705380 569
1705390 570
1705400 570
1705410 570
1705420 570
1705430 569
1705440 569
1705450 569
1705460 569
1705470 569
1705480 569
1705490 569
1705500 569
1705510 570
1705520 571
1705530 571
1705540 572
1705550 572
1705560 573
1705570 573
1705580 573
1705590 573
1705600 573
1705610 573
1705620 573
1705630 572
1705640 571
1705650 569
1705660 567
1705670 564
1705680 560
1705690 560
1705700 560
1705710 563
1705720 565
1705730 566
1705740 568
1705750 569
1705760 570
1705770 572
1705780 573
1705790 575
1705800 576
1705810 578
1705820 579
1705830 581
1705840 583
1705850 584
1705860 587
1705870 588
1705880 590
1705890 592
1705900 594
1705910 595
1705920 597
1705930 598
1705940 599
1705950 601
1705960 603
1705970 605
1705980 606
1705990 608
1706000 610
1706010 612
1706020 613
1706030 614
1706040 616
1706050 617
1706060 619
1706070 620
1706080 622
1706090 623
1706100 625
1706110 627
1706120 628
1706130 630
1706140 632
1706150 634
1706160 636
1706170 638
1706180 640
1706190 642
1706200 643
1706210 645
1706220 647
1706230 649
1706240 651
1706250 653
1706260 656
1706270 658
1706280 660
1706290 662
1706300 664
1706310 667
1706320 669
1706330 671
1706340 673
1706350 674
1706360 675
1706370 675
1706380 674
1706390 674
1706400 673
1706410 673
1706420 672
1706430 672
1706440 671
1706450 671
1706460 670
1706470 670
1706480 670
1706490 670
1706500 670
1706510 670
1706520 670
1706530 670
1706540 670
1706550 670
1706560 670
1706570 670
1706580 670
1706590 670
1706600 670
1706610 670
1706620 670
1706630 670
1706640 670
1706650 670
1706660 670
1706670 671
1706680 671
1706690 672
1706700 673
1706710 673
1706720 674
1706730 674
1706740 675
1706750 675
1706760 675
1706770 675
1706780 675
1706790 675
1706800 675
1706810 676
1706820 676
1706830 676
1706840 677
1706850 677
1706860 678
1706870 678
1706880 677
1706890 677
1706900 676
1706910 676
1706920 675
1706930 674
1706940 674
1706950 674
1706960 673
1706970 673
1706980 673
1706990 673
1707000 673
1707010 673
1707020 673
1707030 673
1707040 673
1707050 673
1707060 673
1707070 674
1707080 674
1707090 674
1707100 674
1707110 674
1707120 674
1707130 674
1707140 673
1707150 673
1707160 672
1707170 672
1707180 671
1707190 670
1707200 670
1707210 668
1707220 667
1707230 666
1707240 665
1707250 664
1707260 663
1707270 662
1707280 661
1707290 660
1707300 658
1707310 657
1707320 655
1707330 653
1707340 652
1707350 651
1707360 650
1707370 648
1707380 647
1707390 646
1707400 644
1707410 643
1707420 642
1707430 641
1707440 640
1707450 640
1707460 640
1707470 641
1707480 641
1707490 640
1707500 640
1707510 640
1707520 640
1707530 639
1707540 639
1707550 639
1707560 639
1707570 639
1707580 639
1707590 639
1707600 639
1707610 639
1707620 639
1707630 639
1707640 639
1707650 639
1707660 639
1707670 639
1707680 639
1707690 639
1707700 640
1707710 640
1707720 640
1707730 640
1707740 640
1707750 640
1707760 640
1707770 640
1707780 640
1707790 640
1707800 640
1707810 641
1707820 641
1707830 640
1707840 640
1707850 639
1707860 639
1707870 639
1707880 639
1707890 639
1707900 638
1707910 638
1707920 638
1707930 637
1707940 637
1707950 636
1707960 636
1707970 635
1707980 635
1707990 635
1708000 634
1708010 634
1708020 634
1708030 633
1708040 633
1708050 632
1708060 631
1708070 630
1708080 629
1708090 627
1708100 626
1708110 625
1708120 624
1708130 623
1708140 622
1708150 621
1708160 620
1708170 619
1708180 618
1708190 617
1708200 616
1708210 615
1708220 615
1708230 614
1708240 613
1708250 612
1708260 611
1708270 610
1708280 609
1708290 608
1708300 607
1708310 606
1708320 605
1708330 604
1708340 603
1708350 602
1708360 601
1708370 600
1708380 599
1708390 598
1708400 597
1708410 596
1708420 595
1708430 594
1708440 593
1708450 592
1708460 591
1708470 591
1708480 591
1708490 591
1708500 591
1708510 591
1708520 591
1708530 591
1708540 590
1708550 589
1708560 589
1708570 589
1708580 588
1708590 588
1708600 589
1708610 590
1708620 592
1708630 593
1708640 594
1708650 595
1708660 595
1708670 595
1708680 595
1708690 595
1708700 595
1708710 595
1708720 595
1708730 595
1708740 595
1708750 595
1708760 595
1708770 595
1708780 594
1708790 594
1708800 594
1708810 594
1708820 594
1708830 593
1708840 593
1708850 593
1708860 592
1708870 591
1708880 591
1708890 589
1708900 588
1708910 587
1708920 586
1708930 585
1708940 584
1708950 583
1708960 582
1708970 581
1708980 581
1708990 581
1709000 581
1709010 581
1709020 581
1709030 581
1709040 582
1709050 582
1709060 582
1709070 582
1709080 583
1709090 583
1709100 584
1709110 584
1709120 586
1709130 587
1709140 587
1709150 588
1709160 589
1709170 590
1709180 592
1709190 593
1709200 594
1709210 596
1709220 598
1709230 599
1709240 600
1709250 601
1709260 602
1709270 603
1709280 605
1709290 606
1709300 608
1709310 609
1709320 611
1709330 613
1709340 615
1709350 617
1709360 619
1709370 621
1709380 623
1709390 624
1709400 626
1709410 628
1709420 630
1709430 632
1709440 634
1709450 636
1709460 639
1709470 641
1709480 642
1709490 643
1709500 644
1709510 644
1709520 645
1709530 646
1709540 647
1709550 649
1709560 650
1709570 650
1709580 649
1709590 649
1709600 648
1709610 648
1709620 648
1709630 648
1709640 649
1709650 648
1709660 647
1709670 645
1709680 643
1709690 641
1709700 639
1709710 637
1709720 636
1709730 634
1709740 632
1709750 629
1709760 627
1709770 625
1709780 622
1709790 619
1709800 617
1709810 615
1709820 613
1709830 611
1709840 609
1709850 608
1709860 607
1709870 605
1709880 604
1709890 602
1709900 601
1709910 600
1709920 599
1709930 597
1709940 595
1709950 594
1709960 592
1709970 591
1709980 589
1709990 587
1710000 586
1710010 584
1710020 582
1710030 581
1710040 579
1710050 577
1710060 576
1710070 574
1710080 572
1710090 571
1710100 569
1710110 567
1710120 566
1710130 565
1710140 564
1710150 563
1710160 562
1710170 559
1710180 556
1710190 554
1710200 552
1710210 551
1710220 550
1710230 549
1710240 548
1710250 546
1710260 545
1710270 544
1710280 542
1710290 541
1710300 540
1710310 538
1710320 537
1710330 536
1710340 535
1710350 534
1710360 531
1710370 528
1710380 526
1710390 525
1710400 524
1710410 523
1710420 522
1710430 521
1710440 519
1710450 518
1710460 517
1710470 516
1710480 515
1710490 514
1710500 513
1710510 513
1710520 512
1710530 511
1710540 510
1710550 510
1710560 509
1710570 508
1710580 508
1710590 507
1710600 506
1710610 505
1710620 504
1710630 503
1710640 502
1710650 501
1710660 501
1710670 500
1710680 499
1710690 498
1710700 497
1710710 497
1710720 496
1710730 495
1710740 494
1710750 493
1710760 493
1710770 492
1710780 491
1710790 490
1710800 488
1710810 486
1710820 484
1710830 483
1710840 483
1710850 483
1710860 484
1710870 485
1710880 486
1710890 486
1710900 487
1710910 488
1710920 490
1710930 492
1710940 495
1710950 496
1710960 498
1710970 500
1710980 502
1710990 503
1711000 505
1711010 506
1711020 507
1711030 508
1711040 507
1711050 507
1711060 506
1711070 505
1711080 505
1711090 505
1711100 505
1711110 505
1711120 505
1711130 503
1711140 501
1711150 498
1711160 496
1711170 495
1711180 493
1711190 493
1711200 492
1711210 491
1711220 491
1711230 491
1711240 490
1711250 490
1711260 489
1711270 488
1711280 487
1711290 486
1711300 484
1711310 483
1711320 482
1711330 480
1711340 479
1711350 476
1711360 474
1711370 472
1711380 470
1711390 468
1711400 466
1711410 463
1711420 461
1711430 458
1711440 455
1711450 451
1711460 448
1711470 445
1711480 443
1711490 440
1711500 437
1711510 434
1711520 432
1711530 430
1711540 429
1711550 427
1711560 425
1711570 423
1711580 422
1711590 421
1711600 419
1711610 417
1711620 415
1711630 414
1711640 414
1711650 414
1711660 415
1711670 416
1711680 416
1711690 416
1711700 416
1711710 416
1711720 417
1711730 417
1711740 418
1711750 419
1711760 419
1711770 420
1711780 421
1711790 421
1711800 422
1711810 423
1711820 424
1711830 426
1711840 427
1711850 428
1711860 429
1711870 429
1711880 430
1711890 430
1711900 431
1711910 431
1711920 432
1711930 433
1711940 433
1711950 433
1711960 434
1711970 434
1711980 435
1711990 435
1712000 436
1712010 437
1712020 438
1712030 439
1712040 440
1712050 441
1712060 441
1712070 442
1712080 442
1712090 442
1712100 442
1712110 442
1712120 442
1712130 442
1712140 442
1712150 443
1712160 444
1712170 444
1712180 445
1712190 445
1712200 446
1712210 446
1712220 447
1712230 447
1712240 448
1712250 448
1712260 449
1712270 449
1712280 449
1712290 448
1712300 448
1712310 448
1712320 448
1712330 447
1712340 447
1712350 446
1712360 446
1712370 445
1712380 445
1712390 444
1712400 444
1712410 443
1712420 442
1712430 441
1712440 439
1712450 437
1712460 436
1712470 434
1712480 432
1712490 430
1712500 429
1712510 428
1712520 427
1712530 426
1712540 425
1712550 424
1712560 424
1712570 423
1712580 423
1712590 423
1712600 423
1712610 422
1712620 422
1712630 421
1712640 419
1712650 417
1712660 414
1712670 411
1712680 408
1712690 406
1712700 403
1712710 401
1712720 398
1712730 397
1712740 395
1712750 394
1712760 393
1712770 393
1712780 393
1712790 393
1712800 393
1712810 393
1712820 393
1712830 394
1712840 395
1712850 397
1712860 399
1712870 401
1712880 403
1712890 406
1712900 407
1712910 409
1712920 410
1712930 411
1712940 411
1712950 412
1712960 412
1712970 412
1712980 412
1712990 412
1713000 411
1713010 410
1713020 408
1713030 407
1713040 405
1713050 403
1713060 401
1713070 400
1713080 398
1713090 397
1713100 396
1713110 395
1713120 396
1713130 396
1713140 397
1713150 397
1713160 398
1713170 399
1713180 399
1713190 400
1713200 401
1713210 402
1713220 403
1713230 403
1713240 403
1713250 404
1713260 403
1713270 403
1713280 402
1713290 401
1713300 400
1713310 400
1713320 400
1713330 400
1713340 401
1713350 401
1713360 401
1713370 401
1713380 400
1713390 400
1713400 400
1713410 400
1713420 400
1713430 400
1713440 400
1713450 400
1713460 400
1713470 400
1713480 400
1713490 400
1713500 400
1713510 399
1713520 399
1713530 399
1713540 398
1713550 397
1713560 397
1713570 396
1713580 395
1713590 395
1713600 395
1713610 395
1713620 395
1713630 395
1713640 395
1713650 395
1713660 395
1713670 395
1713680 395
1713690 396
1713700 397
1713710 399
1713720 400
1713730 400
1713740 402
1713750 403
1713760 403
1713770 404
1713780 404
1713790 404
1713800 405
1713810 405
1713820 404
1713830 404
1713840 403
1713850 403
1713860 404
1713870 404
1713880 405
1713890 406
1713900 407
1713910 409
1713920 410
1713930 412
1713940 413
1713950 414
1713960 415
1713970 415
1713980 415
1713990 415
1714000 414
1714010 414
1714020 413
1714030 412
1714040 410
1714050 408
1714060 406
1714070 404
1714080 401
1714090 399
1714100 396
1714110 394
1714120 391
1714130 390
1714140 388
1714150 387
1714160 385
1714170 383
1714180 380
1714190 378
1714200 376
1714210 374
1714220 373
1714230 372
1714240 371
1714250 371
1714260 370
1714270 370
1714280 369
1714290 368
1714300 367
1714310 366
1714320 365
1714330 364
1714340 362
1714350 361
1714360 359
1714370 357
1714380 355
1714390 353
1714400 351
1714410 349
1714420 347
1714430 345
1714440 344
1714450 343
1714460 341
1714470 339
1714480 338
1714490 337
1714500 336
1714510 335
1714520 333
1714530 331
1714540 330
1714550 329
1714560 328
1714570 327
1714580 325
1714590 324
1714600 322
1714610 321
1714620 319
1714630 319
1714640 318
1714650 317
1714660 316
1714670 314
1714680 311
1714690 309
1714700 305
1714710 302
1714720 299
1714730 299
1714740 298
1714750 298
1714760 297
1714770 296
1714780 294
1714790 293
1714800 292
1714810 291
1714820 289
1714830 288
1714840 287
1714850 287
1714860 286
1714870 285
1714880 283
1714890 281
1714900 278
1714910 274
1714920 270
1714930 267
1714940 264
1714950 261
1714960 259
1714970 257
1714980 254
1714990 251
1715000 248
1715010 245
1715020 242
1715030 239
1715040 236
1715050 233
1715060 230
1715070 226
1715080 222
1715090 218
1715100 214
1715110 211
1715120 210
1715130 209
1715140 208
1715150 208
1715160 208
1715170 207
1715180 205
1715190 204
1715200 202
1715210 201
1715220 200
1715230 200
1715240 200
1715250 200
1715260 200
1715270 200
1715280 200
1715290 200
1715300 200
1715310 200
1715320 200
1715330 200
1715340 200
1715350 200
1715360 200
1715370 200
1715380 200
1715390 200
1715400 200
1715410 200
1715420 200
1715430 200
1715440 200
1715450 200
1715460 200
1715470 200
1715480 200
1715490 200
1715500 200
1715510 200
1715520 200
1715530 200
1715540 200
1715550 200
1715560 200
1715570 200
1715580 200
1715590 200
1715600 200
1715610 200
1715620 200
1715630 201
1715640 203
1715650 205
1715660 206
1715670 206
1715680 207
1715690 207
1715700 208
1715710 208
1715720 209
1715730 209
1715740 209
1715750 209
1715760 210
1715770 210
1715780 210
1715790 210
1715800 211
1715810 211
1715820 212
1715830 212
1715840 213
1715850 213
1715860 214
1715870 215
1715880 215
1715890 215
1715900 216
1715910 216
1715920 217
1715930 218
1715940 219
1715950 219
1715960 220
1715970 220
1715980 221
1715990 221
1716000 222
1716010 222
1716020 223
1716030 223
1716040 224
1716050 225
1716060 226
1716070 226
1716080 227
1716090 228
1716100 228
1716110 229
1716120 230
1716130 230
1716140 231
1716150 232
1716160 233
1716170 234
1716180 235
1716190 236
1716200 238
1716210 241
1716220 245
1716230 248
1716240 252
1716250 255
1716260 258
1716270 261
1716280 264
1716290 267
1716300 270
1716310 273
1716320 276
1716330 278
1716340 280
1716350 280
1716360 278
1716370 277
1716380 276
1716390 275
1716400 276
1716410 275
1716420 274
1716430 271
1716440 271
1716450 273
1716460 277
1716470 281
1716480 286
1716490 291
1716500 295
1716510 299
1716520 302
1716530 305
1716540 309
1716550 312
1716560 316
1716570 320
1716580 324
1716590 328
1716600 333
1716610 336
1716620 340
1716630 344
1716640 348
1716650 351
1716660 354
1716670 357
1716680 360
1716690 362
1716700 365
1716710 368
1716720 371
1716730 374
1716740 377
1716750 381
1716760 384
1716770 386
1716780 389
1716790 393
1716800 397
1716810 401
1716820 405
1716830 407
1716840 409
1716850 412
1716860 415
1716870 418
1716880 422
1716890 427
1716900 432
1716910 437
1716920 442
1716930 447
1716940 452
1716950 457
1716960 463
1716970 468
1716980 471
1716990 474
1717000 476
1717010 478
1717020 480
1717030 480
1717040 478
1717050 476
1717060 474
1717070 472
1717080 471
1717090 469
1717100 468
1717110 468
1717120 469
1717130 470
1717140 472
1717150 474
1717160 476
1717170 478
1717180 480
1717190 482
1717200 483
1717210 485
1717220 486
1717230 487
1717240 489
1717250 491
1717260 493
1717270 494
1717280 496
1717290 498
1717300 499
1717310 501
1717320 502
1717330 502
1717340 504
1717350 505
1717360 507
1717370 509
1717380 511
1717390 513
1717400 515
1717410 517
1717420 520
1717430 521
1717440 523
1717450 524
1717460 525
1717470 525
1717480 524
1717490 522
1717500 517
1717510 512
1717520 508
1717530 503
1717540 499
1717550 495
1717560 491
1717570 488
1717580 484
1717590 480
1717600 477
1717610 473
1717620 470
1717630 468
1717640 467
1717650 466
1717660 466
1717670 466
1717680 466
1717690 465
1717700 464
1717710 463
1717720 463
1717730 462
1717740 462
1717750 462
1717760 461
1717770 459
1717780 457
1717790 455
1717800 452
1717810 450
1717820 447
1717830 445
1717840 442
1717850 440
1717860 438
1717870 435
1717880 433
1717890 430
1717900 427
1717910 425
1717920 422
1717930 419
1717940 417
1717950 415
1717960 412
1717970 409
1717980 407
1717990 404
1718000 401
1718010 398
1718020 394
1718030 390
1718040 387
1718050 383
1718060 379
1718070 375
1718080 371
1718090 368
1718100 364
1718110 360
1718120 358
1718130 356
1718140 356
1718150 356
1718160 356
1718170 357
1718180 357
1718190 359
1718200 360
1718210 361
1718220 361
1718230 360
1718240 359
1718250 357
1718260 357
1718270 359
1718280 363
1718290 367
1718300 372
1718310 376
1718320 380
1718330 383
1718340 387
1718350 389
1718360 392
1718370 394
1718380 396
1718390 398
1718400 399
1718410 399
1718420 398
1718430 397
1718440 395
1718450 393
1718460 391
1718470 389
1718480 387
1718490 384
1718500 382
1718510 380
1718520 378
1718530 376
1718540 375
1718550 374
1718560 374
1718570 374
1718580 375
1718590 375
1718600 374
1718610 373
1718620 369
1718630 365
1718640 361
1718650 356
1718660 352
1718670 347
1718680 343
1718690 339
1718700 336
1718710 331
1718720 327
1718730 322
1718740 316
1718750 309
1718760 303
1718770 298
1718780 293
1718790 289
1718800 285
1718810 281
1718820 277
1718830 274
1718840 272
1718850 269
1718860 268
1718870 268
1718880 267
1718890 267
1718900 268
1718910 271
1718920 272
1718930 274
1718940 275
1718950 276
1718960 276
1718970 274
1718980 272
1718990 269
1719000 267
1719010 265
1719020 264
1719030 264
1719040 264
1719050 263
1719060 263
1719070 263
1719080 263
1719090 263
1719100 263
1719110 263
1719120 263
1719130 265
1719140 268
1719150 273
1719160 277
1719170 280
1719180 283
1719190 285
1719200 287
1719210 289
1719220 291
1719230 293
1719240 295
1719250 296
1719260 297
1719270 299
1719280 300
1719290 301
1719300 302
1719310 302
1719320 304
1719330 305
1719340 308
1719350 310
1719360 313
1719370 316
1719380 319
1719390 323
1719400 325
1719410 328
1719420 332
1719430 334
1719440 337
1719450 339
1719460 341
1719470 343
1719480 345
1719490 348
1719500 350
1719510 353
1719520 356
1719530 359
1719540 362
1719550 365
1719560 368
1719570 371
1719580 374
1719590 377
1719600 380
1719610 382
1719620 383
1719630 384
1719640 385
1719650 385
1719660 385
1719670 385
1719680 385
1719690 385
1719700 386
1719710 387
1719720 388
1719730 389
1719740 390
1719750 391
1719760 392
1719770 394
1719780 396
1719790 398
1719800 400
1719810 402
1719820 404
1719830 406
1719840 408
1719850 410
1719860 413
1719870 416
1719880 421
1719890 425
1719900 428
1719910 428
1719920 427
1719930 426
1719940 424
1719950 422
1719960 419
1719970 416
1719980 412
1719990 408
