1700000 471
1700010 471
1700020 470
1700030 470
1700040 468
1700050 465
1700060 462
1700070 459
1700080 456
1700090 454
1700100 452
1700110 451
1700120 449
1700130 445
1700140 443
1700150 443
1700160 446
1700170 450
1700180 453
1700190 457
1700200 462
1700210 466
1700220 470
1700230 473
1700240 476
1700250 478
1700260 479
1700270 481
1700280 482
1700290 484
1700300 486
1700310 488
1700320 492
1700330 496
1700340 500
1700350 502
1700360 503
1700370 504
1700380 506
1700390 507
1700400 508
1700410 509
1700420 509
1700430 509
1700440 509
1700450 510
1700460 510
1700470 511
1700480 511
1700490 512
1700500 512
1700510 513
1700520 514
1700530 514
1700540 514
1700550 515
1700560 515
1700570 516
1700580 516
1700590 517
1700600 518
1700610 519
1700620 519
1700630 520
1700640 521
1700650 521
1700660 522
1700670 522
1700680 523
1700690 523
1700700 524
1700710 525
1700720 525
1700730 526
1700740 526
1700750 526
1700760 527
1700770 527
1700780 528
1700790 528
1700800 529
1700810 530
1700820 531
1700830 532
1700840 532
1700850 532
1700860 533
1700870 533
1700880 534
1700890 536
1700900 538
1700910 539
1700920 540
1700930 541
1700940 543
1700950 544
1700960 546
1700970 548
1700980 550
1700990 551
1701000 553
1701010 555
1701020 557
1701030 559
1701040 560
1701050 562
1701060 564
1701070 566
1701080 567
1701090 569
1701100 570
1701110 572
1701120 573
1701130 575
1701140 576
1701150 577
1701160 578
1701170 579
1701180 580
1701190 581
1701200 583
1701210 584
1701220 585
1701230 586
1701240 587
1701250 588
1701260 588
1701270 589
1701280 590
1701290 591
1701300 591
1701310 592
1701320 593
1701330 593
1701340 593
1701350 594
1701360 594
1701370 595
1701380 595
1701390 596
1701400 596
1701410 597
1701420 597
1701430 597
1701440 598
1701450 598
1701460 598
1701470 599
1701480 599
1701490 600
1701500 600
1701510 601
1701520 601
1701530 602
1701540 602
1701550 603
1701560 603
1701570 603
1701580 603
1701590 603
1701600 603
1701610 602
1701620 602
1701630 601
1701640 601
1701650 601
1701660 601
1701670 601
1701680 602
1701690 602
1701700 602
1701710 602
1701720 602
1701730 603
1701740 603
1701750 604
1701760 604
1701770 604
1701780 605
1701790 605
1701800 606
1701810 607
1701820 608
1701830 609
1701840 609
1701850 610
1701860 611
1701870 611
1701880 611
1701890 611
1701900 611
1701910 609
1701920 608
1701930 606
1701940 605
1701950 603
1701960 602
1701970 600
1701980 599
1701990 598
1702000 597
1702010 596
1702020 595
1702030 595
1702040 595
1702050 594
1702060 594
1702070 594
1702080 594
1702090 594
1702100 594
1702110 594
1702120 594
1702130 594
1702140 594
1702150 594
1702160 594
1702170 594
1702180 594
1702190 594
1702200 594
1702210 593
1702220 593
1702230 592
1702240 592
1702250 592
1702260 594
1702270 596
1702280 597
1702290 598
1702300 599
1702310 600
1702320 603
1702330 606
1702340 609
1702350 612
1702360 615
1702370 618
1702380 622
1702390 625
1702400 628
1702410 631
1702420 633
1702430 634
1702440 636
1702450 638
1702460 640
1702470 642
1702480 643
1702490 645
1702500 647
1702510 650
1702520 652
1702530 655
1702540 657
1702550 659
1702560 662
1702570 664
1702580 666
1702590 667
1702600 669
1702610 671
1702620 672
1702630 673
1702640 675
1702650 676
1702660 677
1702670 678
1702680 678
1702690 679
1702700 680
1702710 680
1702720 681
1702730 682
1702740 682
1702750 683
1702760 683
1702770 684
1702780 685
1702790 685
1702800 686
1702810 687
1702820 688
1702830 689
1702840 690
1702850 691
1702860 692
1702870 693
1702880 694
1702890 694
1702900 694
1702910 693
1702920 693
1702930 693
1702940 693
1702950 692
1702960 691
1702970 691
1702980 690
1702990 688
1703000 687
1703010 686
1703020 685
1703030 683
1703040 682
1703050 681
1703060 680
1703070 679
1703080 678
1703090 677
1703100 676
1703110 675
1703120 674
1703130 672
1703140 670
1703150 669
1703160 669
1703170 668
1703180 667
1703190 666
1703200 666
1703210 665
1703220 664
1703230 663
1703240 662
1703250 661
1703260 660
1703270 658
1703280 657
1703290 656
1703300 656
1703310 653
1703320 651
1703330 650
1703340 649
1703350 648
1703360 648
1703370 648
1703380 648
1703390 648
1703400 648
1703410 649
1703420 649
1703430 649
1703440 649
1703450 649
1703460 649
1703470 649
1703480 649
1703490 649
1703500 649
1703510 649
1703520 648
1703530 648
1703540 648
1703550 648
1703560 648
1703570 648
1703580 647
1703590 647
1703600 646
1703610 646
1703620 645
1703630 644
1703640 643
1703650 642
1703660 640
1703670 639
1703680 637
1703690 635
1703700 633
1703710 632
1703720 631
1703730 629
1703740 628
1703750 627
1703760 627
1703770 626
1703780 626
1703790 626
1703800 627
1703810 628
1703820 630
1703830 631
1703840 633
1703850 634
1703860 635
1703870 636
1703880 637
1703890 638
1703900 639
1703910 640
1703920 641
1703930 642
1703940 643
1703950 644
1703960 644
1703970 645
1703980 646
1703990 647
1704000 648
1704010 648
1704020 649
1704030 650
1704040 650
1704050 651
1704060 651
1704070 651
1704080 650
1704090 650
1704100 650
1704110 649
1704120 649
1704130 648
1704140 648
1704150 647
1704160 646
1704170 645
1704180 645
1704190 644
1704200 643
1704210 642
1704220 641
1704230 641
1704240 640
1704250 640
1704260 639
1704270 638
1704280 637
1704290 637
1704300 636
1704310 635
1704320 633
1704330 631
1704340 630
1704350 629
1704360 628
1704370 627
1704380 627
1704390 626
1704400 626
1704410 625
1704420 623
1704430 622
1704440 620
1704450 619
1704460 618
1704470 617
1704480 617
1704490 617
1704500 617
1704510 617
1704520 617
1704530 617
1704540 617
1704550 617
1704560 617
1704570 616
1704580 616
1704590 616
1704600 616
1704610 615
1704620 615
1704630 615
1704640 614
1704650 614
1704660 613
1704670 613
1704680 613
1704690 612
1704700 612
1704710 612
1704720 612
1704730 612
1704740 612
1704750 612
1704760 612
1704770 612
1704780 613
1704790 613
1704800 612
1704810 612
1704820 612
1704830 611
1704840 610
1704850 609
1704860 609
1704870 607
1704880 606
1704890 606
1704900 604
1704910 602
1704920 599
1704930 596
1704940 594
1704950 593
1704960 592
1704970 591
1704980 590
1704990 588
1705000 587
1705010 586
1705020 585
1705030 584
1705040 585
1705050 586
1705060 587
1705070 589
1705080 592
1705090 594
1705100 597
1705110 599
1705120 601
1705130 603
1705140 604
1705150 606
1705160 607
1705170 609
1705180 610
1705190 611
1705200 613
1705210 614
1705220 615
1705230 615
1705240 616
1705250 617
1705260 619
1705270 621
1705280 623
1705290 624
1705300 625
1705310 625
1705320 625
1705330 624
1705340 623
1705350 623
1705360 622
1705370 621
1705380 620
1705390 619
1705400 617
1705410 614
1705420 611
1705430 608
1705440 605
1705450 602
1705460 599
1705470 596
1705480 593
1705490 591
1705500 589
1705510 587
1705520 585
1705530 583
1705540 581
1705550 578
1705560 577
1705570 576
1705580 576
1705590 577
1705600 578
1705610 578
1705620 579
1705630 580
1705640 581
1705650 582
1705660 583
1705670 584
1705680 585
1705690 587
1705700 588
1705710 590
1705720 591
1705730 593
1705740 595
1705750 597
1705760 599
1705770 601
1705780 603
1705790 604
1705800 605
1705810 607
1705820 608
1705830 609
1705840 610
1705850 612
1705860 613
1705870 614
1705880 616
1705890 617
1705900 618
1705910 619
1705920 621
1705930 623
1705940 625
1705950 626
1705960 628
1705970 630
1705980 631
1705990 633
1706000 635
1706010 637
1706020 639
1706030 641
1706040 643
1706050 646
1706060 648
1706070 650
1706080 653
1706090 655
1706100 657
1706110 659
1706120 660
1706130 662
1706140 664
1706150 665
1706160 667
1706170 669
1706180 670
1706190 672
1706200 674
1706210 676
1706220 678
1706230 679
1706240 681
1706250 684
1706260 686
1706270 688
1706280 691
1706290 692
1706300 695
1706310 697
1706320 699
1706330 701
1706340 703
1706350 706
1706360 708
1706370 710
1706380 712
1706390 714
1706400 716
1706410 718
1706420 719
1706430 718
1706440 717
1706450 715
1706460 714
1706470 713
1706480 713
1706490 713
1706500 713
1706510 713
1706520 713
1706530 714
1706540 715
1706550 716
1706560 717
1706570 718
1706580 719
1706590 720
1706600 721
1706610 722
1706620 722
1706630 723
1706640 724
1706650 725
1706660 725
1706670 726
1706680 727
1706690 727
1706700 728
1706710 729
1706720 730
1706730 730
1706740 731
1706750 731
1706760 732
1706770 732
1706780 733
1706790 733
1706800 733
1706810 732
1706820 732
1706830 731
1706840 730
1706850 729
1706860 728
1706870 727
1706880 726
1706890 725
1706900 724
1706910 723
1706920 722
1706930 721
1706940 719
1706950 718
1706960 717
1706970 715
1706980 714
1706990 713
1707000 711
1707010 709
1707020 707
1707030 705
1707040 703
1707050 701
1707060 700
1707070 698
1707080 696
1707090 695
1707100 693
1707110 692
1707120 692
1707130 691
1707140 691
1707150 689
1707160 688
1707170 687
1707180 686
1707190 685
1707200 684
1707210 683
1707220 682
1707230 681
1707240 681
1707250 680
1707260 679
1707270 678
1707280 677
1707290 677
1707300 676
1707310 676
1707320 675
1707330 675
1707340 675
1707350 674
1707360 674
1707370 674
1707380 674
1707390 674
1707400 673
1707410 673
1707420 673
1707430 673
1707440 673
1707450 673
1707460 672
1707470 672
1707480 672
1707490 672
1707500 672
1707510 673
1707520 673
1707530 673
1707540 673
1707550 673
1707560 673
1707570 674
1707580 674
1707590 675
1707600 675
1707610 675
1707620 675
1707630 674
1707640 674
1707650 674
1707660 673
1707670 673
1707680 673
1707690 673
1707700 673
1707710 673
1707720 673
1707730 672
1707740 672
1707750 672
1707760 671
1707770 670
1707780 670
1707790 669
1707800 668
1707810 667
1707820 666
1707830 665
1707840 664
1707850 663
1707860 661
1707870 660
1707880 658
1707890 657
1707900 655
1707910 653
1707920 651
1707930 649
1707940 647
1707950 646
1707960 644
1707970 642
1707980 640
1707990 638
1708000 636
1708010 634
1708020 632
1708030 631
1708040 629
1708050 627
1708060 625
1708070 624
1708080 622
1708090 621
1708100 619
1708110 618
1708120 616
1708130 615
1708140 614
1708150 613
1708160 612
1708170 612
1708180 611
1708190 610
1708200 609
1708210 608
1708220 609
1708230 609
1708240 610
1708250 610
1708260 611
1708270 611
1708280 612
1708290 613
1708300 614
1708310 615
1708320 616
1708330 618
1708340 619
1708350 620
1708360 620
1708370 623
1708380 624
1708390 626
1708400 626
1708410 626
1708420 626
1708430 626
1708440 626
1708450 625
1708460 624
1708470 624
1708480 623
1708490 622
1708500 622
1708510 621
1708520 621
1708530 620
1708540 620
1708550 619
1708560 618
1708570 617
1708580 616
1708590 616
1708600 615
1708610 615
1708620 614
1708630 614
1708640 613
1708650 613
1708660 613
1708670 612
1708680 611
1708690 611
1708700 610
1708710 609
1708720 609
1708730 609
1708740 609
1708750 608
1708760 608
1708770 607
1708780 607
1708790 606
1708800 605
1708810 604
1708820 604
1708830 603
1708840 602
1708850 600
1708860 599
1708870 598
1708880 597
1708890 596
1708900 595
1708910 593
1708920 592
1708930 591
1708940 590
1708950 590
1708960 589
1708970 589
1708980 589
1708990 589
1709000 589
1709010 589
1709020 589
1709030 589
1709040 589
1709050 589
1709060 590
1709070 590
1709080 590
1709090 591
1709100 591
1709110 592
1709120 592
1709130 593
1709140 593
1709150 594
1709160 594
1709170 595
1709180 595
1709190 596
1709200 597
1709210 597
1709220 598
1709230 598
1709240 599
1709250 600
1709260 600
1709270 601
1709280 602
1709290 602
1709300 603
1709310 603
1709320 604
1709330 605
1709340 605
1709350 607
1709360 608
1709370 609
1709380 611
1709390 612
1709400 613
1709410 614
1709420 615
1709430 616
1709440 618
1709450 619
1709460 621
1709470 622
1709480 624
1709490 625
1709500 626
1709510 628
1709520 629
1709530 631
1709540 632
1709550 634
1709560 635
1709570 637
1709580 639
1709590 640
1709600 642
1709610 643
1709620 645
1709630 646
1709640 647
1709650 647
1709660 647
1709670 648
1709680 647
1709690 647
1709700 648
1709710 648
1709720 648
1709730 649
1709740 649
1709750 649
1709760 648
1709770 648
1709780 647
1709790 646
1709800 645
1709810 642
1709820 640
1709830 637
1709840 633
1709850 630
1709860 626
1709870 622
1709880 618
1709890 614
1709900 611
1709910 609
1709920 607
1709930 605
1709940 603
1709950 602
1709960 600
1709970 597
1709980 595
1709990 593
1710000 591
1710010 588
1710020 586
1710030 583
1710040 582
1710050 580
1710060 578
1710070 576
1710080 574
1710090 573
1710100 571
1710110 570
1710120 569
1710130 567
1710140 566
1710150 565
1710160 563
1710170 562
1710180 560
1710190 559
1710200 558
1710210 557
1710220 556
1710230 554
1710240 552
1710250 551
1710260 550
1710270 549
1710280 547
1710290 546
1710300 545
1710310 544
1710320 544
1710330 543
1710340 543
1710350 542
1710360 541
1710370 540
1710380 539
1710390 539
1710400 538
1710410 538
1710420 538
1710430 537
1710440 537
1710450 536
1710460 534
1710470 533
1710480 533
1710490 532
1710500 531
1710510 531
1710520 530
1710530 529
1710540 529
1710550 528
1710560 527
1710570 526
1710580 525
1710590 524
1710600 522
1710610 521
1710620 520
1710630 519
1710640 517
1710650 516
1710660 515
1710670 514
1710680 513
1710690 511
1710700 509
1710710 507
1710720 504
1710730 503
1710740 503
1710750 504
1710760 505
1710770 506
1710780 508
1710790 510
1710800 511
1710810 512
1710820 514
1710830 515
1710840 517
1710850 520
1710860 522
1710870 524
1710880 525
1710890 527
1710900 529
1710910 530
1710920 531
1710930 532
1710940 533
1710950 534
1710960 535
1710970 536
1710980 538
1710990 539
1711000 540
1711010 541
1711020 541
1711030 541
1711040 541
1711050 540
1711060 539
1711070 538
1711080 538
1711090 536
1711100 534
1711110 532
1711120 530
1711130 529
1711140 527
1711150 526
1711160 525
1711170 524
1711180 523
1711190 522
1711200 520
1711210 519
1711220 518
1711230 516
1711240 515
1711250 514
1711260 513
1711270 511
1711280 510
1711290 509
1711300 508
1711310 507
1711320 505
1711330 504
1711340 503
1711350 502
1711360 501
1711370 500
1711380 498
1711390 498
1711400 497
1711410 496
1711420 494
1711430 493
1711440 492
1711450 492
1711460 491
1711470 491
1711480 490
1711490 489
1711500 488
1711510 486
1711520 484
1711530 481
1711540 479
1711550 476
1711560 474
1711570 471
1711580 469
1711590 467
1711600 466
1711610 464
1711620 462
1711630 460
1711640 458
1711650 456
1711660 454
1711670 451
1711680 449
1711690 447
1711700 445
1711710 443
1711720 441
1711730 439
1711740 436
1711750 434
1711760 432
1711770 429
1711780 427
1711790 425
1711800 423
1711810 420
1711820 418
1711830 415
1711840 413
1711850 411
1711860 408
1711870 406
1711880 404
1711890 402
1711900 399
1711910 398
1711920 399
1711930 400
1711940 400
1711950 401
1711960 401
1711970 400
1711980 399
1711990 398
1712000 397
1712010 396
1712020 395
1712030 393
1712040 392
1712050 389
1712060 387
1712070 384
1712080 384
1712090 384
1712100 384
1712110 383
1712120 383
1712130 382
1712140 381
1712150 381
1712160 381
1712170 381
1712180 382
1712190 383
1712200 384
1712210 385
1712220 385
1712230 385
1712240 385
1712250 385
1712260 385
1712270 385
1712280 385
1712290 384
1712300 384
1712310 383
1712320 383
1712330 382
1712340 381
1712350 381
1712360 380
1712370 379
1712380 378
1712390 377
1712400 376
1712410 374
1712420 373
1712430 372
1712440 371
1712450 370
1712460 370
1712470 369
1712480 369
1712490 368
1712500 368
1712510 368
1712520 368
1712530 368
1712540 368
1712550 368
1712560 368
1712570 368
1712580 368
1712590 367
1712600 366
1712610 365
1712620 364
1712630 362
1712640 360
1712650 359
1712660 358
1712670 357
1712680 355
1712690 354
1712700 352
1712710 351
1712720 350
1712730 349
1712740 348
1712750 347
1712760 346
1712770 345
1712780 344
1712790 344
1712800 343
1712810 342
1712820 342
1712830 342
1712840 342
1712850 341
1712860 341
1712870 341
1712880 341
1712890 341
1712900 341
1712910 341
1712920 340
1712930 340
1712940 339
1712950 339
1712960 338
1712970 338
1712980 338
1712990 338
1713000 338
1713010 338
1713020 338
1713030 338
1713040 338
1713050 339
1713060 339
1713070 339
1713080 339
1713090 340
1713100 340
1713110 340
1713120 340
1713130 339
1713140 339
1713150 340
1713160 340
1713170 340
1713180 340
1713190 340
1713200 340
1713210 339
1713220 340
1713230 340
1713240 341
1713250 342
1713260 343
1713270 343
1713280 344
1713290 344
1713300 344
1713310 343
1713320 343
1713330 342
1713340 341
1713350 340
1713360 339
1713370 338
1713380 337
1713390 336
1713400 336
1713410 335
1713420 335
1713430 334
1713440 334
1713450 333
1713460 333
1713470 333
1713480 332
1713490 332
1713500 332
1713510 332
1713520 332
1713530 332
1713540 332
1713550 331
1713560 331
1713570 330
1713580 330
1713590 329
1713600 329
1713610 329
1713620 329
1713630 328
1713640 328
1713650 328
1713660 328
1713670 327
1713680 326
1713690 325
1713700 325
1713710 324
1713720 324
1713730 325
1713740 325
1713750 326
1713760 326
1713770 326
1713780 327
1713790 327
1713800 328
1713810 328
1713820 329
1713830 330
1713840 331
1713850 333
1713860 334
1713870 336
1713880 338
1713890 338
1713900 339
1713910 338
1713920 338
1713930 338
1713940 339
1713950 340
1713960 341
1713970 343
1713980 345
1713990 348
1714000 351
1714010 354
1714020 356
1714030 358
1714040 360
1714050 362
1714060 364
1714070 366
1714080 369
1714090 371
1714100 374
1714110 376
1714120 378
1714130 379
1714140 380
1714150 382
1714160 384
1714170 385
1714180 386
1714190 387
1714200 387
1714210 388
1714220 389
1714230 391
1714240 392
1714250 393
1714260 394
1714270 395
1714280 395
1714290 395
1714300 395
1714310 395
1714320 395
1714330 395
1714340 395
1714350 395
1714360 395
1714370 395
1714380 394
1714390 393
1714400 393
1714410 392
1714420 391
1714430 390
1714440 388
1714450 386
1714460 384
1714470 382
1714480 381
1714490 379
1714500 377
1714510 375
1714520 372
1714530 370
1714540 367
1714550 364
1714560 362
1714570 359
1714580 357
1714590 355
1714600 353
1714610 350
1714620 348
1714630 345
1714640 343
1714650 341
1714660 338
1714670 336
1714680 333
1714690 331
1714700 328
1714710 326
1714720 323
1714730 319
1714740 316
1714750 314
1714760 311
1714770 308
1714780 304
1714790 301
1714800 299
1714810 298
1714820 297
1714830 294
1714840 291
1714850 288
1714860 286
1714870 284
1714880 283
1714890 281
1714900 279
1714910 277
1714920 275
1714930 273
1714940 270
1714950 267
1714960 264
1714970 261
1714980 258
1714990 255
1715000 252
1715010 248
1715020 245
1715030 241
1715040 237
1715050 232
1715060 228
1715070 224
1715080 222
1715090 219
1715100 214
1715110 212
1715120 210
1715130 209
1715140 208
1715150 208
1715160 208
1715170 208
1715180 207
1715190 203
1715200 201
1715210 200
1715220 200
1715230 200
1715240 200
1715250 200
1715260 200
1715270 200
1715280 200
1715290 200
1715300 200
1715310 200
1715320 200
1715330 200
1715340 200
1715350 200
1715360 200
1715370 200
1715380 200
1715390 200
1715400 200
1715410 200
1715420 200
1715430 200
1715440 200
1715450 200
1715460 200
1715470 200
1715480 200
1715490 200
1715500 200
1715510 200
1715520 200
1715530 200
1715540 200
1715550 200
1715560 200
1715570 200
1715580 200
1715590 200
1715600 200
1715610 200
1715620 200
1715630 200
1715640 200
1715650 200
1715660 201
1715670 204
1715680 206
1715690 207
1715700 208
1715710 208
1715720 208
1715730 209
1715740 209
1715750 209
1715760 208
1715770 208
1715780 208
1715790 209
1715800 209
1715810 209
1715820 209
1715830 209
1715840 209
1715850 209
1715860 210
1715870 210
1715880 210
1715890 210
1715900 210
1715910 210
1715920 210
1715930 210
1715940 211
1715950 213
1715960 215
1715970 220
1715980 227
1715990 235
1716000 241
1716010 245
1716020 249
1716030 253
1716040 256
1716050 260
1716060 263
1716070 266
1716080 270
1716090 273
1716100 277
1716110 280
1716120 283
1716130 287
1716140 290
1716150 293
1716160 296
1716170 298
1716180 300
1716190 301
1716200 303
1716210 304
1716220 304
1716230 304
1716240 304
1716250 304
1716260 304
1716270 305
1716280 307
1716290 309
1716300 311
1716310 313
1716320 316
1716330 318
1716340 320
1716350 322
1716360 323
1716370 324
1716380 325
1716390 324
1716400 324
1716410 323
1716420 322
1716430 321
1716440 319
1716450 317
1716460 315
1716470 314
1716480 312
1716490 311
1716500 309
1716510 308
1716520 306
1716530 305
1716540 303
1716550 302
1716560 300
1716570 300
1716580 300
1716590 301
1716600 305
1716610 307
1716620 310
1716630 311
1716640 313
1716650 314
1716660 317
1716670 319
1716680 321
1716690 323
1716700 325
1716710 326
1716720 328
1716730 329
1716740 331
1716750 333
1716760 335
1716770 337
1716780 339
1716790 342
1716800 344
1716810 347
1716820 351
1716830 355
1716840 359
1716850 364
1716860 370
1716870 373
1716880 375
1716890 376
1716900 378
1716910 379
1716920 380
1716930 381
1716940 382
1716950 384
1716960 385
1716970 387
1716980 389
1716990 391
1717000 393
1717010 395
1717020 397
1717030 399
1717040 401
1717050 403
1717060 405
1717070 407
1717080 410
1717090 413
1717100 416
1717110 419
1717120 423
1717130 426
1717140 430
1717150 434
1717160 438
1717170 442
1717180 446
1717190 450
1717200 454
1717210 458
1717220 461
1717230 465
1717240 469
1717250 472
1717260 475
1717270 478
1717280 481
1717290 483
1717300 485
1717310 487
1717320 489
1717330 491
1717340 493
1717350 495
1717360 497
1717370 498
1717380 500
1717390 501
1717400 503
1717410 504
1717420 505
1717430 507
1717440 509
1717450 512
1717460 514
1717470 517
1717480 519
1717490 522
1717500 525
1717510 527
1717520 530
1717530 532
1717540 533
1717550 535
1717560 534
1717570 533
1717580 531
1717590 528
1717600 525
1717610 523
1717620 520
1717630 517
1717640 514
1717650 512
1717660 509
1717670 506
1717680 503
1717690 500
1717700 497
1717710 495
1717720 492
1717730 490
1717740 487
1717750 485
1717760 482
1717770 479
1717780 475
1717790 471
1717800 466
1717810 462
1717820 457
1717830 453
1717840 449
1717850 445
1717860 442
1717870 440
1717880 439
1717890 439
1717900 440
1717910 442
1717920 443
1717930 444
1717940 445
1717950 446
1717960 446
1717970 446
1717980 446
1717990 445
1718000 443
1718010 441
1718020 438
1718030 435
1718040 433
1718050 430
1718060 428
1718070 426
1718080 426
1718090 426
1718100 428
1718110 430
1718120 432
1718130 436
1718140 439
1718150 443
1718160 446
1718170 449
1718180 451
1718190 451
1718200 450
1718210 448
1718220 446
1718230 444
1718240 444
1718250 444
1718260 444
1718270 445
1718280 446
1718290 447
1718300 449
1718310 450
1718320 452
1718330 453
1718340 454
1718350 455
1718360 455
1718370 454
1718380 453
1718390 451
1718400 449
1718410 447
1718420 445
1718430 443
1718440 441
1718450 439
1718460 436
1718470 433
1718480 429
1718490 425
1718500 420
1718510 416
1718520 412
1718530 408
1718540 403
1718550 399
1718560 395
1718570 391
1718580 387
1718590 383
1718600 379
1718610 376
1718620 372
1718630 368
1718640 364
1718650 360
1718660 357
1718670 353
1718680 349
1718690 344
1718700 340
1718710 335
1718720 331
1718730 326
1718740 322
1718750 317
1718760 314
1718770 310
1718780 307
1718790 304
1718800 301
1718810 298
1718820 294
1718830 290
1718840 287
1718850 284
1718860 281
1718870 278
1718880 277
1718890 277
1718900 277
1718910 281
1718920 286
1718930 291
1718940 296
1718950 300
1718960 303
1718970 307
1718980 310
1718990 313
1719000 317
1719010 319
1719020 322
1719030 322
1719040 322
1719050 320
1719060 317
1719070 314
1719080 311
1719090 308
1719100 306
1719110 303
1719120 301
1719130 299
1719140 296
1719150 295
1719160 293
1719170 291
1719180 290
1719190 288
1719200 286
1719210 285
1719220 284
1719230 282
1719240 281
1719250 279
1719260 277
1719270 274
1719280 270
1719290 268
1719300 268
1719310 267
1719320 268
1719330 268
1719340 268
1719350 269
1719360 269
1719370 269
1719380 270
1719390 270
1719400 270
1719410 270
1719420 271
1719430 271
1719440 273
1719450 274
1719460 275
1719470 276
1719480 279
1719490 283
1719500 287
1719510 290
1719520 292
1719530 294
1719540 296
1719550 297
1719560 296
1719570 294
1719580 293
1719590 292
1719600 292
1719610 293
1719620 293
1719630 294
1719640 295
1719650 296
1719660 297
1719670 298
1719680 299
1719690 301
1719700 303
1719710 304
1719720 306
1719730 307
1719740 308
1719750 309
1719760 310
1719770 311
1719780 312
1719790 314
1719800 317
1719810 319
1719820 321
1719830 323
1719840 324
1719850 326
1719860 327
1719870 328
1719880 328
1719890 328
1719900 329
1719910 329
1719920 329
1719930 329
1719940 329
1719950 330
1719960 330
1719970 329
1719980 327
1719990 324
