1700000 470
1700010 466
1700020 463
1700030 460
1700040 456
1700050 453
1700060 451
1700070 449
1700080 448
1700090 448
1700100 447
1700110 447
1700120 447
1700130 446
1700140 445
1700150 445
1700160 443
1700170 442
1700180 441
1700190 440
1700200 440
1700210 439
1700220 438
1700230 438
1700240 437
1700250 437
1700260 436
1700270 436
1700280 435
1700290 434
1700300 433
1700310 432
1700320 431
1700330 431
1700340 429
1700350 427
1700360 425
1700370 423
1700380 422
1700390 421
1700400 420
1700410 419
1700420 419
1700430 418
1700440 418
1700450 417
1700460 417
1700470 417
1700480 417
1700490 416
1700500 416
1700510 415
1700520 415
1700530 415
1700540 415
1700550 415
1700560 415
1700570 415
1700580 415
1700590 414
1700600 414
1700610 413
1700620 414
1700630 414
1700640 415
1700650 415
1700660 415
1700670 415
1700680 416
1700690 416
1700700 418
1700710 419
1700720 421
1700730 423
1700740 425
1700750 426
1700760 426
1700770 427
1700780 427
1700790 427
1700800 427
1700810 428
1700820 431
1700830 434
1700840 436
1700850 437
1700860 438
1700870 439
1700880 441
1700890 442
1700900 444
1700910 445
1700920 446
1700930 447
1700940 449
1700950 451
1700960 452
1700970 453
1700980 455
1700990 456
1701000 458
1701010 459
1701020 461
1701030 462
1701040 464
1701050 465
1701060 466
1701070 468
1701080 469
1701090 471
1701100 473
1701110 474
1701120 476
1701130 477
1701140 478
1701150 479
1701160 480
1701170 481
1701180 483
1701190 483
1701200 484
1701210 485
1701220 487
1701230 489
1701240 492
1701250 494
1701260 495
1701270 497
1701280 499
1701290 501
1701300 503
1701310 505
1701320 507
1701330 509
1701340 510
1701350 512
1701360 514
1701370 516
1701380 518
1701390 520
1701400 522
1701410 524
1701420 526
1701430 528
1701440 531
1701450 533
1701460 535
1701470 537
1701480 538
1701490 540
1701500 542
1701510 545
1701520 547
1701530 549
1701540 551
1701550 554
1701560 557
1701570 559
1701580 562
1701590 564
1701600 567
1701610 570
1701620 572
1701630 575
1701640 577
1701650 579
1701660 581
1701670 584
1701680 586
1701690 588
1701700 590
1701710 592
1701720 593
1701730 595
1701740 596
1701750 597
1701760 597
1701770 598
1701780 598
1701790 599
1701800 599
1701810 600
1701820 600
1701830 601
1701840 601
1701850 601
1701860 601
1701870 601
1701880 601
1701890 601
1701900 603
1701910 603
1701920 604
1701930 605
1701940 606
1701950 608
1701960 609
1701970 610
1701980 611
1701990 611
1702000 612
1702010 613
1702020 613
1702030 614
1702040 615
1702050 617
1702060 619
1702070 620
1702080 622
1702090 623
1702100 625
1702110 626
1702120 627
1702130 629
1702140 630
1702150 631
1702160 632
1702170 633
1702180 634
1702190 636
1702200 637
1702210 639
1702220 640
1702230 642
1702240 643
1702250 644
1702260 646
1702270 647
1702280 649
1702290 650
1702300 652
1702310 654
1702320 655
1702330 657
1702340 658
1702350 660
1702360 661
1702370 663
1702380 664
1702390 666
1702400 667
1702410 669
1702420 670
1702430 672
1702440 673
1702450 674
1702460 676
1702470 677
1702480 679
1702490 680
1702500 682
1702510 684
1702520 685
1702530 687
1702540 688
1702550 690
1702560 691
1702570 693
1702580 695
1702590 696
1702600 698
1702610 699
1702620 701
1702630 703
1702640 705
1702650 706
1702660 709
1702670 711
1702680 715
1702690 718
1702700 722
1702710 725
1702720 728
1702730 730
1702740 732
1702750 734
1702760 736
1702770 738
1702780 740
1702790 742
1702800 744
1702810 746
1702820 748
1702830 751
1702840 753
1702850 755
1702860 757
1702870 760
1702880 762
1702890 764
1702900 766
1702910 769
1702920 772
1702930 774
1702940 776
1702950 778
1702960 780
1702970 782
1702980 784
1702990 785
1703000 786
1703010 788
1703020 790
1703030 791
1703040 792
1703050 793
1703060 794
1703070 795
1703080 795
1703090 796
1703100 796
1703110 797
1703120 797
1703130 798
1703140 798
1703150 798
1703160 799
1703170 799
1703180 799
1703190 800
1703200 800
1703210 801
1703220 801
1703230 802
1703240 803
1703250 803
1703260 804
1703270 804
1703280 805
1703290 806
1703300 807
1703310 808
1703320 809
1703330 810
1703340 812
1703350 813
1703360 815
1703370 816
1703380 817
1703390 817
1703400 816
1703410 816
1703420 816
1703430 815
1703440 814
1703450 814
1703460 813
1703470 812
1703480 812
1703490 811
1703500 810
1703510 809
1703520 808
1703530 807
1703540 805
1703550 804
1703560 803
1703570 801
1703580 800
1703590 799
1703600 798
1703610 797
1703620 796
1703630 795
1703640 794
1703650 793
1703660 791
1703670 790
1703680 789
1703690 788
1703700 786
1703710 785
1703720 784
1703730 783
1703740 781
1703750 780
1703760 778
1703770 776
1703780 774
1703790 772
1703800 770
1703810 768
1703820 766
1703830 765
1703840 763
1703850 761
1703860 760
1703870 758
1703880 757
1703890 755
1703900 754
1703910 753
1703920 752
1703930 752
1703940 752
1703950 752
1703960 752
1703970 753
1703980 753
1703990 755
1704000 756
1704010 756
1704020 756
1704030 756
1704040 755
1704050 755
1704060 754
1704070 753
1704080 752
1704090 751
1704100 750
1704110 749
1704120 748
1704130 747
1704140 746
1704150 746
1704160 745
1704170 745
1704180 744
1704190 744
1704200 744
1704210 743
1704220 743
1704230 743
1704240 742
1704250 742
1704260 742
1704270 742
1704280 741
1704290 741
1704300 740
1704310 740
1704320 740
1704330 740
1704340 740
1704350 740
1704360 740
1704370 740
1704380 740
1704390 740
1704400 740
1704410 740
1704420 740
1704430 740
1704440 739
1704450 740
1704460 740
1704470 740
1704480 740
1704490 741
1704500 742
1704510 744
1704520 745
1704530 747
1704540 748
1704550 750
1704560 751
1704570 752
1704580 753
1704590 754
1704600 756
1704610 758
1704620 760
1704630 761
1704640 764
1704650 766
1704660 768
1704670 769
1704680 771
1704690 773
1704700 775
1704710 776
1704720 778
1704730 779
1704740 781
1704750 783
1704760 785
1704770 786
1704780 787
1704790 787
1704800 787
1704810 786
1704820 786
1704830 785
1704840 785
1704850 784
1704860 785
1704870 786
1704880 788
1704890 789
1704900 790
1704910 792
1704920 794
1704930 796
1704940 799
1704950 801
1704960 802
1704970 804
1704980 805
1704990 806
1705000 808
1705010 809
1705020 810
1705030 812
1705040 813
1705050 814
1705060 815
1705070 815
1705080 815
1705090 814
1705100 814
1705110 813
1705120 812
1705130 812
1705140 812
1705150 812
1705160 812
1705170 813
1705180 813
1705190 814
1705200 814
1705210 815
1705220 816
1705230 817
1705240 818
1705250 820
1705260 822
1705270 823
1705280 825
1705290 826
1705300 827
1705310 829
1705320 831
1705330 833
1705340 835
1705350 837
1705360 839
1705370 840
1705380 842
1705390 843
1705400 844
1705410 846
1705420 847
1705430 848
1705440 849
1705450 850
1705460 851
1705470 853
1705480 854
1705490 854
1705500 855
1705510 856
1705520 857
1705530 858
1705540 859
1705550 860
1705560 861
1705570 861
1705580 862
1705590 863
1705600 864
1705610 865
1705620 866
1705630 867
1705640 869
1705650 870
1705660 871
1705670 872
1705680 873
1705690 874
1705700 875
1705710 877
1705720 878
1705730 879
1705740 880
1705750 882
1705760 883
1705770 884
1705780 885
1705790 886
1705800 887
1705810 888
1705820 889
1705830 890
1705840 891
1705850 892
1705860 893
1705870 894
1705880 894
1705890 895
1705900 896
1705910 897
1705920 897
1705930 898
1705940 898
1705950 899
1705960 900
1705970 901
1705980 901
1705990 902
1706000 903
1706010 903
1706020 904
1706030 905
1706040 906
1706050 907
1706060 908
1706070 909
1706080 910
1706090 911
1706100 912
1706110 912
1706120 913
1706130 913
1706140 913
1706150 913
1706160 914
1706170 914
1706180 914
1706190 915
1706200 915
1706210 915
1706220 916
1706230 916
1706240 916
1706250 916
1706260 916
1706270 917
1706280 917
1706290 917
1706300 917
1706310 917
1706320 917
1706330 917
1706340 916
1706350 916
1706360 916
1706370 916
1706380 915
1706390 915
1706400 914
1706410 914
1706420 913
1706430 913
1706440 912
1706450 912
1706460 911
1706470 910
1706480 909
1706490 908
1706500 907
1706510 906
1706520 906
1706530 905
1706540 904
1706550 903
1706560 902
1706570 900
1706580 899
1706590 897
1706600 896
1706610 894
1706620 892
1706630 890
1706640 889
1706650 887
1706660 885
1706670 884
1706680 882
1706690 880
1706700 878
1706710 876
1706720 874
1706730 872
1706740 870
1706750 869
1706760 867
1706770 865
1706780 864
1706790 862
1706800 860
1706810 859
1706820 857
1706830 855
1706840 854
1706850 852
1706860 851
1706870 850
1706880 848
1706890 846
1706900 843
1706910 841
1706920 839
1706930 838
1706940 836
1706950 835
1706960 835
1706970 835
1706980 835
1706990 834
1707000 834
1707010 834
1707020 834
1707030 835
1707040 835
1707050 835
1707060 835
1707070 835
1707080 835
1707090 836
1707100 836
1707110 836
1707120 836
1707130 836
1707140 836
1707150 836
1707160 835
1707170 833
1707180 832
1707190 830
1707200 828
1707210 825
1707220 823
1707230 820
1707240 817
1707250 814
1707260 811
1707270 808
1707280 805
1707290 801
1707300 799
1707310 798
1707320 800
1707330 801
1707340 801
1707350 802
1707360 802
1707370 802
1707380 803
1707390 804
1707400 806
1707410 808
1707420 810
1707430 812
1707440 814
1707450 816
1707460 818
1707470 821
1707480 823
1707490 826
1707500 828
1707510 830
1707520 832
1707530 834
1707540 836
1707550 837
1707560 839
1707570 841
1707580 842
1707590 844
1707600 845
1707610 847
1707620 849
1707630 851
1707640 853
1707650 854
1707660 856
1707670 857
1707680 857
1707690 857
1707700 856
1707710 855
1707720 853
1707730 851
1707740 849
1707750 847
1707760 845
1707770 843
1707780 841
1707790 839
1707800 838
1707810 838
1707820 837
1707830 837
1707840 836
1707850 836
1707860 835
1707870 835
1707880 834
1707890 834
1707900 834
1707910 833
1707920 833
1707930 833
1707940 832
1707950 832
1707960 832
1707970 831
1707980 831
1707990 831
1708000 830
1708010 830
1708020 829
1708030 829
1708040 829
1708050 828
1708060 828
1708070 828
1708080 828
1708090 827
1708100 827
1708110 827
1708120 827
1708130 827
1708140 827
1708150 827
1708160 827
1708170 827
1708180 827
1708190 828
1708200 828
1708210 827
1708220 828
1708230 828
1708240 828
1708250 828
1708260 828
1708270 827
1708280 827
1708290 827
1708300 827
1708310 827
1708320 827
1708330 827
1708340 827
1708350 827
1708360 827
1708370 827
1708380 826
1708390 826
1708400 825
1708410 824
1708420 822
1708430 821
1708440 821
1708450 820
1708460 819
1708470 819
1708480 817
1708490 816
1708500 816
1708510 815
1708520 815
1708530 814
1708540 813
1708550 812
1708560 812
1708570 811
1708580 811
1708590 811
1708600 810
1708610 810
1708620 810
1708630 810
1708640 809
1708650 809
1708660 809
1708670 808
1708680 808
1708690 807
1708700 807
1708710 807
1708720 806
1708730 806
1708740 806
1708750 805
1708760 805
1708770 805
1708780 805
1708790 805
1708800 805
1708810 805
1708820 805
1708830 805
1708840 805
1708850 805
1708860 805
1708870 805
1708880 806
1708890 806
1708900 806
1708910 806
1708920 806
1708930 805
1708940 804
1708950 803
1708960 802
1708970 801
1708980 800
1708990 799
1709000 798
1709010 797
1709020 796
1709030 795
1709040 794
1709050 793
1709060 792
1709070 792
1709080 791
1709090 790
1709100 789
1709110 789
1709120 788
1709130 787
1709140 786
1709150 785
1709160 783
1709170 782
1709180 781
1709190 780
1709200 780
1709210 779
1709220 778
1709230 777
1709240 776
1709250 775
1709260 774
1709270 773
1709280 772
1709290 771
1709300 770
1709310 769
1709320 768
1709330 767
1709340 766
1709350 764
1709360 763
1709370 763
1709380 762
1709390 760
1709400 759
1709410 758
1709420 757
1709430 755
1709440 754
1709450 753
1709460 753
1709470 752
1709480 751
1709490 750
1709500 748
1709510 747
1709520 746
1709530 745
1709540 744
1709550 743
1709560 742
1709570 741
1709580 739
1709590 738
1709600 736
1709610 735
1709620 734
1709630 733
1709640 732
1709650 731
1709660 731
1709670 731
1709680 730
1709690 730
1709700 729
1709710 729
1709720 728
1709730 728
1709740 727
1709750 727
1709760 727
1709770 726
1709780 726
1709790 726
1709800 725
1709810 725
1709820 724
1709830 724
1709840 723
1709850 723
1709860 722
1709870 721
1709880 721
1709890 720
1709900 719
1709910 718
1709920 717
1709930 715
1709940 713
1709950 711
1709960 709
1709970 708
1709980 707
1709990 706
1710000 705
1710010 705
1710020 704
1710030 704
1710040 704
1710050 704
1710060 704
1710070 703
1710080 703
1710090 703
1710100 702
1710110 702
1710120 701
1710130 701
1710140 700
1710150 700
1710160 700
1710170 700
1710180 699
1710190 699
1710200 700
1710210 700
1710220 699
1710230 699
1710240 699
1710250 699
1710260 699
1710270 700
1710280 700
1710290 700
1710300 700
1710310 700
1710320 700
1710330 701
1710340 701
1710350 701
1710360 701
1710370 701
1710380 700
1710390 700
1710400 700
1710410 700
1710420 699
1710430 699
1710440 698
1710450 697
1710460 696
1710470 694
1710480 692
1710490 691
1710500 689
1710510 688
1710520 687
1710530 685
1710540 683
1710550 681
1710560 680
1710570 678
1710580 678
1710590 678
1710600 679
1710610 680
1710620 681
1710630 682
1710640 683
1710650 684
1710660 685
1710670 687
1710680 688
1710690 690
1710700 691
1710710 692
1710720 694
1710730 695
1710740 696
1710750 698
1710760 699
1710770 701
1710780 703
1710790 704
1710800 705
1710810 706
1710820 708
1710830 709
1710840 710
1710850 711
1710860 713
1710870 714
1710880 715
1710890 717
1710900 719
1710910 721
1710920 723
1710930 725
1710940 727
1710950 729
1710960 732
1710970 734
1710980 737
1710990 738
1711000 739
1711010 739
1711020 740
1711030 738
1711040 736
1711050 734
1711060 731
1711070 728
1711080 725
1711090 721
1711100 717
1711110 713
1711120 710
1711130 707
1711140 704
1711150 701
1711160 698
1711170 696
1711180 693
1711190 691
1711200 688
1711210 685
1711220 683
1711230 680
1711240 677
1711250 675
1711260 672
1711270 670
1711280 668
1711290 666
1711300 664
1711310 662
1711320 660
1711330 658
1711340 656
1711350 654
1711360 652
1711370 651
1711380 649
1711390 647
1711400 645
1711410 643
1711420 642
1711430 641
1711440 640
1711450 639
1711460 637
1711470 635
1711480 634
1711490 633
1711500 632
1711510 632
1711520 631
1711530 631
1711540 631
1711550 631
1711560 631
1711570 632
1711580 632
1711590 633
1711600 633
1711610 633
1711620 633
1711630 633
1711640 633
1711650 633
1711660 633
1711670 633
1711680 633
1711690 633
1711700 632
1711710 632
1711720 631
1711730 631
1711740 630
1711750 629
1711760 628
1711770 626
1711780 625
1711790 623
1711800 622
1711810 620
1711820 618
1711830 616
1711840 614
1711850 612
1711860 610
1711870 608
1711880 606
1711890 603
1711900 601
1711910 598
1711920 596
1711930 593
1711940 591
1711950 588
1711960 586
1711970 583
1711980 580
1711990 578
1712000 575
1712010 572
1712020 569
1712030 567
1712040 564
1712050 561
1712060 559
1712070 556
1712080 554
1712090 552
1712100 550
1712110 547
1712120 544
1712130 542
1712140 539
1712150 537
1712160 534
1712170 531
1712180 527
1712190 523
1712200 518
1712210 513
1712220 508
1712230 503
1712240 498
1712250 497
1712260 498
1712270 500
1712280 502
1712290 504
1712300 505
1712310 507
1712320 509
1712330 510
1712340 511
1712350 511
1712360 512
1712370 512
1712380 513
1712390 513
1712400 512
1712410 512
1712420 511
1712430 510
1712440 509
1712450 508
1712460 507
1712470 505
1712480 504
1712490 502
1712500 500
1712510 498
1712520 497
1712530 495
1712540 493
1712550 491
1712560 490
1712570 488
1712580 487
1712590 485
1712600 484
1712610 483
1712620 481
1712630 479
1712640 478
1712650 476
1712660 474
1712670 472
1712680 470
1712690 469
1712700 467
1712710 466
1712720 465
1712730 464
1712740 463
1712750 462
1712760 461
1712770 460
1712780 459
1712790 458
1712800 457
1712810 455
1712820 454
1712830 452
1712840 450
1712850 449
1712860 449
1712870 448
1712880 448
1712890 447
1712900 447
1712910 446
1712920 446
1712930 445
1712940 444
1712950 443
1712960 443
1712970 442
1712980 441
1712990 441
1713000 440
1713010 439
1713020 439
1713030 440
1713040 440
1713050 441
1713060 442
1713070 444
1713080 445
1713090 447
1713100 448
1713110 450
1713120 450
1713130 450
1713140 450
1713150 450
1713160 450
1713170 449
1713180 449
1713190 448
1713200 448
1713210 448
1713220 449
1713230 450
1713240 450
1713250 451
1713260 452
1713270 454
1713280 454
1713290 454
1713300 453
1713310 453
1713320 453
1713330 452
1713340 452
1713350 452
1713360 452
1713370 452
1713380 451
1713390 451
1713400 450
1713410 449
1713420 447
1713430 446
1713440 444
1713450 442
1713460 439
1713470 436
1713480 433
1713490 429
1713500 425
1713510 422
1713520 419
1713530 416
1713540 415
1713550 414
1713560 414
1713570 415
1713580 416
1713590 418
1713600 419
1713610 419
1713620 420
1713630 420
1713640 420
1713650 420
1713660 420
1713670 420
1713680 419
1713690 419
1713700 419
1713710 419
1713720 420
1713730 421
1713740 422
1713750 423
1713760 424
1713770 425
1713780 426
1713790 428
1713800 429
1713810 429
1713820 429
1713830 429
1713840 428
1713850 427
1713860 426
1713870 425
1713880 423
1713890 422
1713900 421
1713910 419
1713920 418
1713930 416
1713940 414
1713950 412
1713960 410
1713970 409
1713980 409
1713990 408
1714000 408
1714010 407
1714020 406
1714030 404
1714040 402
1714050 400
1714060 398
1714070 395
1714080 393
1714090 391
1714100 390
1714110 389
1714120 389
1714130 388
1714140 388
1714150 387
1714160 385
1714170 383
1714180 380
1714190 377
1714200 374
1714210 371
1714220 368
1714230 366
1714240 363
1714250 361
1714260 359
1714270 356
1714280 354
1714290 352
1714300 349
1714310 347
1714320 344
1714330 341
1714340 339
1714350 335
1714360 332
1714370 329
1714380 326
1714390 322
1714400 318
1714410 315
1714420 312
1714430 309
1714440 306
1714450 302
1714460 299
1714470 295
1714480 292
1714490 290
1714500 287
1714510 285
1714520 282
1714530 280
1714540 278
1714550 276
1714560 274
1714570 272
1714580 270
1714590 267
1714600 265
1714610 262
1714620 260
1714630 257
1714640 255
1714650 253
1714660 251
1714670 249
1714680 247
1714690 244
1714700 242
1714710 240
1714720 238
1714730 235
1714740 233
1714750 231
1714760 229
1714770 227
1714780 226
1714790 225
1714800 224
1714810 224
1714820 222
1714830 220
1714840 218
1714850 215
1714860 213
1714870 213
1714880 212
1714890 212
1714900 211
1714910 211
1714920 211
1714930 211
1714940 211
1714950 211
1714960 211
1714970 210
1714980 210
1714990 209
1715000 209
1715010 209
1715020 208
1715030 208
1715040 208
1715050 208
1715060 208
1715070 208
1715080 208
1715090 208
1715100 208
1715110 208
1715120 208
1715130 208
1715140 208
1715150 207
1715160 207
1715170 207
1715180 207
1715190 207
1715200 207
1715210 207
1715220 206
1715230 206
1715240 206
1715250 204
1715260 203
1715270 201
1715280 200
1715290 200
1715300 200
1715310 200
1715320 200
1715330 200
1715340 200
1715350 200
1715360 200
1715370 200
1715380 200
1715390 200
1715400 200
1715410 200
1715420 200
1715430 200
1715440 200
1715450 200
1715460 200
1715470 200
1715480 200
1715490 200
1715500 200
1715510 200
1715520 200
1715530 200
1715540 200
1715550 200
1715560 200
1715570 200
1715580 200
1715590 200
1715600 200
1715610 200
1715620 200
1715630 200
1715640 200
1715650 200
1715660 201
1715670 202
1715680 205
1715690 207
1715700 208
1715710 209
1715720 211
1715730 214
1715740 217
1715750 223
1715760 230
1715770 237
1715780 240
1715790 242
1715800 243
1715810 244
1715820 245
1715830 246
1715840 248
1715850 250
1715860 252
1715870 254
1715880 256
1715890 258
1715900 260
1715910 262
1715920 264
1715930 266
1715940 267
1715950 268
1715960 269
1715970 271
1715980 273
1715990 274
1716000 275
1716010 275
1716020 276
1716030 278
1716040 279
1716050 280
1716060 282
1716070 284
1716080 285
1716090 287
1716100 288
1716110 290
1716120 291
1716130 293
1716140 294
1716150 295
1716160 296
1716170 296
1716180 295
1716190 294
1716200 293
1716210 294
1716220 296
1716230 297
1716240 299
1716250 301
1716260 304
1716270 308
1716280 311
1716290 313
1716300 315
1716310 318
1716320 322
1716330 326
1716340 330
1716350 334
1716360 338
1716370 342
1716380 347
1716390 350
1716400 354
1716410 357
1716420 359
1716430 362
1716440 365
1716450 368
1716460 371
1716470 375
1716480 378
1716490 381
1716500 384
1716510 387
1716520 390
1716530 393
1716540 397
1716550 401
1716560 405
1716570 408
1716580 412
1716590 415
1716600 418
1716610 421
1716620 423
1716630 426
1716640 428
1716650 430
1716660 432
1716670 433
1716680 433
1716690 433
1716700 434
1716710 436
1716720 437
1716730 439
1716740 441
1716750 443
1716760 446
1716770 449
1716780 452
1716790 454
1716800 457
1716810 461
1716820 464
1716830 468
1716840 471
1716850 474
1716860 477
1716870 479
1716880 482
1716890 486
1716900 489
1716910 492
1716920 494
1716930 497
1716940 500
1716950 503
1716960 506
1716970 509
1716980 513
1716990 516
1717000 519
1717010 523
1717020 526
1717030 528
1717040 531
1717050 533
1717060 535
1717070 536
1717080 538
1717090 540
1717100 542
1717110 544
1717120 547
1717130 550
1717140 552
1717150 555
1717160 558
1717170 562
1717180 565
1717190 568
1717200 571
1717210 574
1717220 577
1717230 579
1717240 582
1717250 583
1717260 585
1717270 586
1717280 587
1717290 587
1717300 588
1717310 588
1717320 588
1717330 588
1717340 588
1717350 588
1717360 588
1717370 588
1717380 588
1717390 587
1717400 587
1717410 587
1717420 586
1717430 586
1717440 586
1717450 585
1717460 585
1717470 584
1717480 583
1717490 582
1717500 581
1717510 581
1717520 580
1717530 579
1717540 578
1717550 577
1717560 576
1717570 575
1717580 575
1717590 574
1717600 573
1717610 572
1717620 571
1717630 570
1717640 569
1717650 567
1717660 566
1717670 565
1717680 564
1717690 563
1717700 561
1717710 560
1717720 558
1717730 557
1717740 556
1717750 555
1717760 554
1717770 552
1717780 551
1717790 549
1717800 548
1717810 547
1717820 546
1717830 544
1717840 543
1717850 542
1717860 540
1717870 539
1717880 538
1717890 536
1717900 535
1717910 533
1717920 532
1717930 530
1717940 528
1717950 526
1717960 524
1717970 522
1717980 520
1717990 519
1718000 517
1718010 515
1718020 514
1718030 512
1718040 510
1718050 508
1718060 506
1718070 505
1718080 503
1718090 502
1718100 500
1718110 499
1718120 498
1718130 496
1718140 495
1718150 494
1718160 493
1718170 492
1718180 492
1718190 491
1718200 490
1718210 489
1718220 488
1718230 487
1718240 486
1718250 486
1718260 485
1718270 485
1718280 484
1718290 484
1718300 484
1718310 483
1718320 483
1718330 482
1718340 481
1718350 481
1718360 481
1718370 481
1718380 481
1718390 481
1718400 481
1718410 480
1718420 479
1718430 479
1718440 478
1718450 477
1718460 476
1718470 475
1718480 474
1718490 473
1718500 472
1718510 470
1718520 469
1718530 468
1718540 466
1718550 465
1718560 463
1718570 462
1718580 461
1718590 459
1718600 458
1718610 456
1718620 455
1718630 453
1718640 452
1718650 450
1718660 449
1718670 447
1718680 445
1718690 443
1718700 442
1718710 441
1718720 440
1718730 439
1718740 439
1718750 439
1718760 439
1718770 439
1718780 439
1718790 439
1718800 440
1718810 440
1718820 440
1718830 441
1718840 441
1718850 441
1718860 442
1718870 443
1718880 444
1718890 445
1718900 445
1718910 446
1718920 447
1718930 448
1718940 448
1718950 446
1718960 444
1718970 442
1718980 440
1718990 437
1719000 436
1719010 434
1719020 431
1719030 429
1719040 429
1719050 429
1719060 430
1719070 432
1719080 434
1719090 436
1719100 438
1719110 441
1719120 443
1719130 446
1719140 449
1719150 453
1719160 457
1719170 461
1719180 465
1719190 469
1719200 473
1719210 477
1719220 480
1719230 484
1719240 487
1719250 490
1719260 493
1719270 496
1719280 498
1719290 501
1719300 504
1719310 506
1719320 509
1719330 511
1719340 513
1719350 515
1719360 517
1719370 518
1719380 520
1719390 521
1719400 522
1719410 523
1719420 524
1719430 525
1719440 526
1719450 526
1719460 527
1719470 528
1719480 529
1719490 529
1719500 530
1719510 531
1719520 532
1719530 533
1719540 534
1719550 535
1719560 535
1719570 535
1719580 535
1719590 535
1719600 534
1719610 534
1719620 533
1719630 533
1719640 532
1719650 531
1719660 529
1719670 528
1719680 526
1719690 524
1719700 521
1719710 519
1719720 516
1719730 512
1719740 509
1719750 506
1719760 503
1719770 500
1719780 497
1719790 494
1719800 491
1719810 489
1719820 487
1719830 484
1719840 482
1719850 479
1719860 476
1719870 474
1719880 472
1719890 470
1719900 468
1719910 465
1719920 465
1719930 467
1719940 469
1719950 471
1719960 472
1719970 474
1719980 476
1719990 477
