1700000 459
1700010 457
1700020 455
1700030 454
1700040 452
1700050 450
1700060 448
1700070 447
1700080 447
1700090 447
1700100 447
1700110 447
1700120 447
1700130 447
1700140 447
1700150 447
1700160 448
1700170 450
1700180 453
1700190 457
1700200 460
1700210 463
1700220 465
1700230 467
1700240 470
1700250 474
1700260 477
1700270 480
1700280 482
1700290 484
1700300 487
1700310 490
1700320 493
1700330 497
1700340 499
1700350 500
1700360 501
1700370 502
1700380 503
1700390 504
1700400 505
1700410 505
1700420 506
1700430 506
1700440 506
1700450 506
1700460 506
1700470 506
1700480 505
1700490 505
1700500 504
1700510 503
1700520 502
1700530 500
1700540 499
1700550 497
1700560 495
1700570 493
1700580 490
1700590 488
1700600 486
1700610 484
1700620 482
1700630 480
1700640 478
1700650 477
1700660 476
1700670 475
1700680 474
1700690 473
1700700 472
1700710 471
1700720 470
1700730 469
1700740 469
1700750 468
1700760 467
1700770 466
1700780 464
1700790 464
1700800 463
1700810 462
1700820 462
1700830 461
1700840 460
1700850 459
1700860 459
1700870 458
1700880 457
1700890 456
1700900 456
1700910 454
1700920 453
1700930 451
1700940 449
1700950 448
1700960 446
1700970 445
1700980 443
1700990 441
1701000 440
1701010 438
1701020 437
1701030 437
1701040 437
1701050 437
1701060 436
1701070 436
1701080 436
1701090 437
1701100 438
1701110 438
1701120 439
1701130 439
1701140 440
1701150 440
1701160 441
1701170 442
1701180 444
1701190 445
1701200 447
1701210 448
1701220 449
1701230 450
1701240 452
1701250 454
1701260 457
1701270 458
1701280 459
1701290 461
1701300 462
1701310 463
1701320 465
1701330 466
1701340 467
1701350 468
1701360 469
1701370 470
1701380 471
1701390 472
1701400 473
1701410 474
1701420 475
1701430 476
1701440 477
1701450 478
1701460 479
1701470 480
1701480 481
1701490 481
1701500 482
1701510 483
1701520 484
1701530 485
1701540 485
1701550 486
1701560 487
1701570 489
1701580 490
1701590 490
1701600 491
1701610 491
1701620 492
1701630 493
1701640 493
1701650 494
1701660 495
1701670 496
1701680 496
1701690 497
1701700 498
1701710 499
1701720 499
1701730 500
1701740 501
1701750 502
1701760 503
1701770 503
1701780 504
1701790 505
1701800 506
1701810 507
1701820 507
1701830 508
1701840 508
1701850 509
1701860 510
1701870 511
1701880 512
1701890 512
1701900 513
1701910 513
1701920 513
1701930 513
1701940 514
1701950 514
1701960 515
1701970 515
1701980 516
1701990 516
1702000 517
1702010 518
1702020 519
1702030 519
1702040 520
1702050 521
1702060 521
1702070 521
1702080 521
1702090 520
1702100 519
1702110 520
1702120 521
1702130 523
1702140 525
1702150 527
1702160 528
1702170 530
1702180 532
1702190 533
1702200 536
1702210 538
1702220 540
1702230 542
1702240 543
1702250 544
1702260 546
1702270 547
1702280 549
1702290 551
1702300 552
1702310 554
1702320 556
1702330 557
1702340 559
1702350 562
1702360 564
1702370 565
1702380 567
1702390 569
1702400 571
1702410 573
1702420 575
1702430 577
1702440 579
1702450 582
1702460 584
1702470 587
1702480 589
1702490 591
1702500 592
1702510 594
1702520 596
1702530 598
1702540 599
1702550 600
1702560 601
1702570 602
1702580 603
1702590 604
1702600 605
1702610 605
1702620 605
1702630 605
1702640 605
1702650 605
1702660 606
1702670 605
1702680 605
1702690 605
1702700 605
1702710 605
1702720 606
1702730 607
1702740 608
1702750 609
1702760 611
1702770 612
1702780 613
1702790 614
1702800 616
1702810 617
1702820 619
1702830 621
1702840 623
1702850 624
1702860 626
1702870 628
1702880 630
1702890 631
1702900 633
1702910 635
1702920 637
1702930 639
1702940 641
1702950 643
1702960 645
1702970 647
1702980 649
1702990 651
1703000 653
1703010 656
1703020 658
1703030 661
1703040 663
1703050 665
1703060 668
1703070 670
1703080 673
1703090 675
1703100 678
1703110 680
1703120 682
1703130 685
1703140 687
1703150 690
1703160 692
1703170 694
1703180 697
1703190 699
1703200 702
1703210 704
1703220 706
1703230 709
1703240 712
1703250 715
1703260 718
1703270 721
1703280 723
1703290 726
1703300 728
1703310 728
1703320 728
1703330 726
1703340 724
1703350 721
1703360 718
1703370 715
1703380 713
1703390 710
1703400 707
1703410 704
1703420 702
1703430 699
1703440 696
1703450 693
1703460 691
1703470 688
1703480 685
1703490 682
1703500 679
1703510 677
1703520 674
1703530 672
1703540 669
1703550 667
1703560 664
1703570 662
1703580 660
1703590 657
1703600 655
1703610 653
1703620 651
1703630 649
1703640 647
1703650 645
1703660 643
1703670 641
1703680 639
1703690 637
1703700 635
1703710 633
1703720 631
1703730 629
1703740 627
1703750 625
1703760 623
1703770 622
1703780 620
1703790 618
1703800 617
1703810 615
1703820 614
1703830 613
1703840 611
1703850 610
1703860 609
1703870 608
1703880 608
1703890 607
1703900 606
1703910 608
1703920 609
1703930 611
1703940 613
1703950 614
1703960 615
1703970 617
1703980 619
1703990 622
1704000 624
1704010 626
1704020 628
1704030 630
1704040 632
1704050 633
1704060 635
1704070 637
1704080 639
1704090 641
1704100 643
1704110 644
1704120 646
1704130 648
1704140 649
1704150 651
1704160 654
1704170 656
1704180 658
1704190 660
1704200 662
1704210 664
1704220 666
1704230 668
1704240 671
1704250 673
1704260 676
1704270 678
1704280 680
1704290 682
1704300 684
1704310 686
1704320 689
1704330 691
1704340 694
1704350 696
1704360 698
1704370 700
1704380 703
1704390 705
1704400 708
1704410 710
1704420 712
1704430 714
1704440 717
1704450 719
1704460 721
1704470 723
1704480 726
1704490 728
1704500 730
1704510 733
1704520 735
1704530 737
1704540 740
1704550 742
1704560 744
1704570 746
1704580 748
1704590 750
1704600 752
1704610 754
1704620 756
1704630 758
1704640 760
1704650 763
1704660 765
1704670 767
1704680 770
1704690 772
1704700 775
1704710 778
1704720 780
1704730 782
1704740 784
1704750 786
1704760 788
1704770 789
1704780 791
1704790 793
1704800 795
1704810 797
1704820 799
1704830 801
1704840 803
1704850 805
1704860 807
1704870 809
1704880 811
1704890 813
1704900 815
1704910 817
1704920 819
1704930 822
1704940 824
1704950 827
1704960 830
1704970 832
1704980 835
1704990 837
1705000 839
1705010 841
1705020 843
1705030 845
1705040 847
1705050 849
1705060 850
1705070 852
1705080 853
1705090 854
1705100 854
1705110 853
1705120 852
1705130 851
1705140 849
1705150 847
1705160 845
1705170 843
1705180 841
1705190 839
1705200 837
1705210 835
1705220 833
1705230 831
1705240 829
1705250 826
1705260 824
1705270 822
1705280 820
1705290 817
1705300 815
1705310 813
1705320 810
1705330 808
1705340 805
1705350 803
1705360 801
1705370 799
1705380 797
1705390 795
1705400 793
1705410 792
1705420 791
1705430 789
1705440 789
1705450 789
1705460 789
1705470 789
1705480 789
1705490 790
1705500 790
1705510 791
1705520 792
1705530 793
1705540 794
1705550 795
1705560 796
1705570 797
1705580 798
1705590 798
1705600 799
1705610 800
1705620 802
1705630 803
1705640 804
1705650 805
1705660 806
1705670 807
1705680 809
1705690 811
1705700 812
1705710 814
1705720 816
1705730 818
1705740 819
1705750 821
1705760 823
1705770 825
1705780 827
1705790 828
1705800 830
1705810 831
1705820 832
1705830 833
1705840 834
1705850 836
1705860 837
1705870 838
1705880 840
1705890 840
1705900 841
1705910 843
1705920 845
1705930 846
1705940 848
1705950 849
1705960 850
1705970 852
1705980 853
1705990 854
1706000 855
1706010 856
1706020 857
1706030 859
1706040 860
1706050 861
1706060 863
1706070 864
1706080 865
1706090 867
1706100 868
1706110 869
1706120 871
1706130 872
1706140 873
1706150 875
1706160 876
1706170 878
1706180 880
1706190 881
1706200 883
1706210 885
1706220 887
1706230 889
1706240 891
1706250 894
1706260 896
1706270 898
1706280 901
1706290 902
1706300 904
1706310 905
1706320 907
1706330 908
1706340 910
1706350 911
1706360 912
1706370 914
1706380 915
1706390 916
1706400 917
1706410 919
1706420 920
1706430 921
1706440 921
1706450 922
1706460 922
1706470 923
1706480 923
1706490 924
1706500 924
1706510 924
1706520 924
1706530 924
1706540 924
1706550 924
1706560 925
1706570 925
1706580 925
1706590 925
1706600 925
1706610 925
1706620 925
1706630 925
1706640 925
1706650 925
1706660 925
1706670 925
1706680 925
1706690 924
1706700 924
1706710 924
1706720 924
1706730 924
1706740 923
1706750 923
1706760 923
1706770 922
1706780 921
1706790 921
1706800 920
1706810 920
1706820 920
1706830 920
1706840 920
1706850 920
1706860 920
1706870 920
1706880 921
1706890 921
1706900 921
1706910 921
1706920 921
1706930 922
1706940 922
1706950 922
1706960 922
1706970 922
1706980 923
1706990 923
1707000 923
1707010 923
1707020 923
1707030 924
1707040 924
1707050 924
1707060 925
1707070 925
1707080 925
1707090 925
1707100 926
1707110 926
1707120 927
1707130 927
1707140 928
1707150 929
1707160 930
1707170 930
1707180 931
1707190 932
1707200 932
1707210 933
1707220 934
1707230 934
1707240 935
1707250 935
1707260 936
1707270 936
1707280 936
1707290 936
1707300 936
1707310 936
1707320 936
1707330 936
1707340 936
1707350 936
1707360 935
1707370 935
1707380 934
1707390 933
1707400 933
1707410 932
1707420 932
1707430 931
1707440 931
1707450 930
1707460 930
1707470 929
1707480 928
1707490 928
1707500 927
1707510 927
1707520 927
1707530 926
1707540 925
1707550 924
1707560 924
1707570 923
1707580 923
1707590 922
1707600 922
1707610 921
1707620 921
1707630 920
1707640 920
1707650 919
1707660 918
1707670 917
1707680 916
1707690 915
1707700 914
1707710 914
1707720 913
1707730 912
1707740 912
1707750 911
1707760 910
1707770 910
1707780 909
1707790 909
1707800 908
1707810 908
1707820 907
1707830 906
1707840 906
1707850 905
1707860 905
1707870 904
1707880 904
1707890 903
1707900 903
1707910 902
1707920 902
1707930 901
1707940 901
1707950 900
1707960 900
1707970 899
1707980 899
1707990 898
1708000 898
1708010 897
1708020 897
1708030 897
1708040 896
1708050 896
1708060 896
1708070 896
1708080 896
1708090 895
1708100 895
1708110 895
1708120 894
1708130 893
1708140 892
1708150 891
1708160 890
1708170 889
1708180 888
1708190 887
1708200 887
1708210 886
1708220 885
1708230 884
1708240 883
1708250 881
1708260 880
1708270 879
1708280 878
1708290 877
1708300 876
1708310 874
1708320 873
1708330 871
1708340 870
1708350 868
1708360 867
1708370 867
1708380 867
1708390 867
1708400 867
1708410 867
1708420 867
1708430 866
1708440 866
1708450 866
1708460 866
1708470 866
1708480 866
1708490 866
1708500 865
1708510 864
1708520 864
1708530 862
1708540 861
1708550 860
1708560 859
1708570 858
1708580 857
1708590 856
1708600 855
1708610 854
1708620 854
1708630 853
1708640 852
1708650 852
1708660 851
1708670 850
1708680 850
1708690 848
1708700 848
1708710 847
1708720 846
1708730 846
1708740 846
1708750 845
1708760 844
1708770 842
1708780 841
1708790 839
1708800 838
1708810 837
1708820 836
1708830 834
1708840 833
1708850 832
1708860 830
1708870 829
1708880 828
1708890 826
1708900 825
1708910 823
1708920 822
1708930 820
1708940 819
1708950 817
1708960 816
1708970 814
1708980 813
1708990 811
1709000 810
1709010 808
1709020 806
1709030 805
1709040 803
1709050 801
1709060 800
1709070 798
1709080 796
1709090 794
1709100 792
1709110 789
1709120 787
1709130 785
1709140 783
1709150 781
1709160 780
1709170 779
1709180 778
1709190 776
1709200 775
1709210 774
1709220 773
1709230 772
1709240 771
1709250 770
1709260 769
1709270 768
1709280 767
1709290 766
1709300 766
1709310 765
1709320 764
1709330 763
1709340 762
1709350 761
1709360 760
1709370 759
1709380 757
1709390 756
1709400 753
1709410 751
1709420 748
1709430 744
1709440 741
1709450 739
1709460 738
1709470 737
1709480 736
1709490 735
1709500 734
1709510 732
1709520 731
1709530 731
1709540 732
1709550 732
1709560 732
1709570 732
1709580 732
1709590 732
1709600 732
1709610 732
1709620 732
1709630 732
1709640 731
1709650 731
1709660 731
1709670 731
1709680 731
1709690 732
1709700 732
1709710 733
1709720 733
1709730 734
1709740 735
1709750 735
1709760 736
1709770 736
1709780 736
1709790 736
1709800 736
1709810 737
1709820 737
1709830 737
1709840 736
1709850 735
1709860 733
1709870 731
1709880 728
1709890 726
1709900 723
1709910 719
1709920 715
1709930 712
1709940 708
1709950 705
1709960 702
1709970 699
1709980 697
1709990 694
1710000 692
1710010 689
1710020 686
1710030 682
1710040 679
1710050 677
1710060 678
1710070 679
1710080 680
1710090 681
1710100 682
1710110 683
1710120 684
1710130 685
1710140 686
1710150 687
1710160 688
1710170 689
1710180 691
1710190 692
1710200 694
1710210 695
1710220 696
1710230 696
1710240 697
1710250 697
1710260 698
1710270 699
1710280 699
1710290 700
1710300 699
1710310 699
1710320 698
1710330 698
1710340 697
1710350 696
1710360 695
1710370 695
1710380 694
1710390 694
1710400 694
1710410 694
1710420 695
1710430 695
1710440 695
1710450 694
1710460 693
1710470 691
1710480 689
1710490 687
1710500 684
1710510 682
1710520 679
1710530 675
1710540 672
1710550 668
1710560 665
1710570 662
1710580 659
1710590 656
1710600 652
1710610 649
1710620 645
1710630 641
1710640 637
1710650 634
1710660 631
1710670 628
1710680 625
1710690 622
1710700 620
1710710 617
1710720 615
1710730 612
1710740 610
1710750 608
1710760 605
1710770 601
1710780 598
1710790 595
1710800 591
1710810 588
1710820 585
1710830 582
1710840 579
1710850 577
1710860 575
1710870 574
1710880 574
1710890 574
1710900 574
1710910 575
1710920 576
1710930 578
1710940 580
1710950 582
1710960 583
1710970 585
1710980 587
1710990 589
1711000 591
1711010 594
1711020 596
1711030 599
1711040 602
1711050 605
1711060 607
1711070 609
1711080 611
1711090 612
1711100 614
1711110 615
1711120 616
1711130 617
1711140 618
1711150 619
1711160 620
1711170 623
1711180 624
1711190 626
1711200 626
1711210 627
1711220 630
1711230 634
1711240 637
1711250 640
1711260 641
1711270 642
1711280 645
1711290 648
1711300 651
1711310 652
1711320 652
1711330 654
1711340 656
1711350 658
1711360 657
1711370 654
1711380 650
1711390 644
1711400 638
1711410 631
1711420 624
1711430 617
1711440 611
1711450 606
1711460 602
1711470 598
1711480 593
1711490 589
1711500 586
1711510 583
1711520 580
1711530 577
1711540 574
1711550 572
1711560 569
1711570 567
1711580 564
1711590 562
1711600 560
1711610 558
1711620 556
1711630 553
1711640 552
1711650 550
1711660 548
1711670 547
1711680 546
1711690 546
1711700 545
1711710 545
1711720 544
1711730 544
1711740 543
1711750 543
1711760 543
1711770 543
1711780 543
1711790 543
1711800 543
1711810 543
1711820 543
1711830 544
1711840 544
1711850 544
1711860 545
1711870 546
1711880 547
1711890 549
1711900 550
1711910 551
1711920 552
1711930 553
1711940 554
1711950 556
1711960 557
1711970 558
1711980 560
1711990 562
1712000 563
1712010 565
1712020 566
1712030 568
1712040 569
1712050 570
1712060 571
1712070 573
1712080 575
1712090 579
1712100 583
1712110 586
1712120 588
1712130 589
1712140 589
1712150 590
1712160 592
1712170 595
1712180 599
1712190 604
1712200 607
1712210 609
1712220 609
1712230 609
1712240 609
1712250 610
1712260 610
1712270 610
1712280 611
1712290 612
1712300 613
1712310 615
1712320 617
1712330 619
1712340 621
1712350 623
1712360 625
1712370 626
1712380 628
1712390 629
1712400 631
1712410 634
1712420 636
1712430 639
1712440 642
1712450 646
1712460 649
1712470 652
1712480 655
1712490 658
1712500 662
1712510 665
1712520 668
1712530 671
1712540 673
1712550 675
1712560 676
1712570 676
1712580 675
1712590 673
1712600 671
1712610 669
1712620 667
1712630 665
1712640 663
1712650 660
1712660 659
1712670 657
1712680 655
1712690 654
1712700 652
1712710 650
1712720 648
1712730 646
1712740 644
1712750 643
1712760 641
1712770 638
1712780 637
1712790 634
1712800 632
1712810 630
1712820 627
1712830 625
1712840 623
1712850 621
1712860 619
1712870 617
1712880 615
1712890 613
1712900 611
1712910 609
1712920 608
1712930 606
1712940 604
1712950 602
1712960 599
1712970 596
1712980 593
1712990 590
1713000 588
1713010 586
1713020 584
1713030 582
1713040 580
1713050 577
1713060 575
1713070 572
1713080 569
1713090 567
1713100 564
1713110 561
1713120 558
1713130 555
1713140 553
1713150 550
1713160 547
1713170 544
1713180 542
1713190 539
1713200 536
1713210 533
1713220 530
1713230 528
1713240 525
1713250 522
1713260 519
1713270 517
1713280 514
1713290 511
1713300 508
1713310 505
1713320 502
1713330 500
1713340 497
1713350 494
1713360 491
1713370 488
1713380 485
1713390 482
1713400 479
1713410 476
1713420 473
1713430 470
1713440 467
1713450 464
1713460 460
1713470 456
1713480 452
1713490 448
1713500 445
1713510 441
1713520 438
1713530 435
1713540 431
1713550 428
1713560 424
1713570 421
1713580 419
1713590 416
1713600 414
1713610 412
1713620 410
1713630 408
1713640 407
1713650 404
1713660 402
1713670 399
1713680 396
1713690 394
1713700 391
1713710 388
1713720 384
1713730 381
1713740 377
1713750 375
1713760 372
1713770 370
1713780 368
1713790 366
1713800 364
1713810 362
1713820 360
1713830 358
1713840 355
1713850 352
1713860 349
1713870 346
1713880 342
1713890 339
1713900 335
1713910 332
1713920 329
1713930 325
1713940 322
1713950 320
1713960 318
1713970 316
1713980 314
1713990 312
1714000 310
1714010 307
1714020 305
1714030 302
1714040 299
1714050 296
1714060 293
1714070 290
1714080 287
1714090 285
1714100 282
1714110 279
1714120 277
1714130 274
1714140 272
1714150 269
1714160 267
1714170 265
1714180 264
1714190 262
1714200 260
1714210 259
1714220 258
1714230 257
1714240 256
1714250 255
1714260 254
1714270 253
1714280 252
1714290 251
1714300 250
1714310 249
1714320 248
1714330 247
1714340 246
1714350 246
1714360 246
1714370 247
1714380 248
1714390 248
1714400 248
1714410 248
1714420 247
1714430 246
1714440 245
1714450 244
1714460 243
1714470 242
1714480 241
1714490 240
1714500 239
1714510 238
1714520 236
1714530 233
1714540 230
1714550 225
1714560 223
1714570 222
1714580 219
1714590 217
1714600 215
1714610 215
1714620 215
1714630 214
1714640 214
1714650 214
1714660 213
1714670 213
1714680 213
1714690 213
1714700 213
1714710 213
1714720 212
1714730 211
1714740 210
1714750 210
1714760 210
1714770 209
1714780 209
1714790 209
1714800 209
1714810 209
1714820 208
1714830 208
1714840 208
1714850 208
1714860 208
1714870 208
1714880 208
1714890 207
1714900 207
1714910 207
1714920 207
1714930 207
1714940 207
1714950 206
1714960 205
1714970 202
1714980 201
1714990 201
1715000 201
1715010 201
1715020 201
1715030 201
1715040 201
1715050 201
1715060 201
1715070 201
1715080 201
1715090 201
1715100 201
1715110 201
1715120 201
1715130 201
1715140 201
1715150 201
1715160 201
1715170 201
1715180 201
1715190 201
1715200 201
1715210 201
1715220 201
1715230 201
1715240 201
1715250 201
1715260 201
1715270 201
1715280 201
1715290 201
1715300 201
1715310 201
1715320 201
1715330 201
1715340 201
1715350 201
1715360 201
1715370 201
1715380 201
1715390 201
1715400 201
1715410 201
1715420 201
1715430 201
1715440 201
1715450 201
1715460 202
1715470 204
1715480 207
1715490 209
1715500 210
1715510 214
1715520 218
1715530 223
1715540 229
1715550 236
1715560 245
1715570 252
1715580 258
1715590 264
1715600 266
1715610 268
1715620 269
1715630 270
1715640 272
1715650 274
1715660 277
1715670 280
1715680 283
1715690 286
1715700 289
1715710 291
1715720 294
1715730 297
1715740 300
1715750 304
1715760 308
1715770 314
1715780 319
1715790 323
1715800 327
1715810 329
1715820 332
1715830 334
1715840 336
1715850 338
1715860 341
1715870 345
1715880 349
1715890 352
1715900 356
1715910 361
1715920 365
1715930 369
1715940 373
1715950 377
1715960 382
1715970 386
1715980 391
1715990 395
1716000 400
1716010 405
1716020 409
1716030 413
1716040 417
1716050 420
1716060 423
1716070 426
1716080 429
1716090 431
1716100 434
1716110 436
1716120 439
1716130 441
1716140 444
1716150 447
1716160 450
1716170 453
1716180 456
1716190 459
1716200 462
1716210 465
1716220 468
1716230 470
1716240 472
1716250 474
1716260 477
1716270 480
1716280 485
1716290 490
1716300 495
1716310 499
1716320 504
1716330 508
1716340 510
1716350 513
1716360 515
1716370 515
1716380 513
1716390 511
1716400 509
1716410 508
1716420 508
1716430 507
1716440 507
1716450 507
1716460 508
1716470 509
1716480 510
1716490 512
1716500 513
1716510 514
1716520 514
1716530 514
1716540 514
1716550 514
1716560 514
1716570 514
1716580 514
1716590 514
1716600 514
1716610 513
1716620 511
1716630 510
1716640 508
1716650 506
1716660 503
1716670 501
1716680 499
1716690 497
1716700 496
1716710 495
1716720 494
1716730 493
1716740 492
1716750 491
1716760 489
1716770 488
1716780 487
1716790 486
1716800 485
1716810 484
1716820 483
1716830 482
1716840 482
1716850 481
1716860 481
1716870 481
1716880 481
1716890 481
1716900 481
1716910 481
1716920 481
1716930 481
1716940 481
1716950 481
1716960 481
1716970 481
1716980 481
1716990 481
1717000 481
1717010 481
1717020 481
1717030 481
1717040 480
1717050 479
1717060 479
1717070 478
1717080 478
1717090 477
1717100 477
1717110 476
1717120 475
1717130 474
1717140 473
1717150 472
1717160 471
1717170 471
1717180 470
1717190 469
1717200 469
1717210 467
1717220 466
1717230 464
1717240 461
1717250 460
1717260 459
1717270 459
1717280 458
1717290 457
1717300 457
1717310 457
1717320 457
1717330 457
1717340 458
1717350 459
1717360 459
1717370 460
1717380 460
1717390 460
1717400 459
1717410 459
1717420 458
1717430 458
1717440 457
1717450 457
1717460 457
1717470 457
1717480 456
1717490 457
1717500 458
1717510 460
1717520 462
1717530 464
1717540 466
1717550 468
1717560 470
1717570 471
1717580 473
1717590 475
1717600 478
1717610 480
1717620 482
1717630 485
1717640 487
1717650 490
1717660 492
1717670 495
1717680 498
1717690 500
1717700 503
1717710 505
1717720 508
1717730 510
1717740 513
1717750 515
1717760 517
1717770 518
1717780 520
1717790 523
1717800 525
1717810 527
1717820 529
1717830 531
1717840 532
1717850 534
1717860 536
1717870 538
1717880 541
1717890 543
1717900 545
1717910 548
1717920 550
1717930 553
1717940 555
1717950 557
1717960 559
1717970 561
1717980 563
1717990 566
1718000 568
1718010 571
1718020 573
1718030 576
1718040 579
1718050 582
1718060 585
1718070 589
1718080 593
1718090 597
1718100 601
1718110 603
1718120 606
1718130 609
1718140 611
1718150 613
1718160 616
1718170 617
1718180 619
1718190 620
1718200 622
1718210 623
1718220 624
1718230 625
1718240 625
1718250 626
1718260 627
1718270 628
1718280 629
1718290 630
1718300 631
1718310 632
1718320 633
1718330 635
1718340 636
1718350 636
1718360 637
1718370 638
1718380 639
1718390 639
1718400 639
1718410 640
1718420 640
1718430 641
1718440 641
1718450 641
1718460 642
1718470 642
1718480 642
1718490 643
1718500 644
1718510 645
1718520 646
1718530 646
1718540 647
1718550 648
1718560 649
1718570 650
1718580 650
1718590 651
1718600 652
1718610 653
1718620 654
1718630 655
1718640 656
1718650 656
1718660 656
1718670 657
1718680 657
1718690 657
1718700 657
1718710 656
1718720 656
1718730 655
1718740 654
1718750 653
1718760 652
1718770 650
1718780 649
1718790 647
1718800 646
1718810 644
1718820 642
1718830 640
1718840 638
1718850 636
1718860 634
1718870 632
1718880 630
1718890 628
1718900 626
1718910 624
1718920 622
1718930 620
1718940 618
1718950 616
1718960 614
1718970 612
1718980 610
1718990 608
1719000 606
1719010 603
1719020 601
1719030 598
1719040 596
1719050 593
1719060 591
1719070 588
1719080 585
1719090 582
1719100 579
1719110 576
1719120 573
1719130 571
1719140 570
1719150 568
1719160 567
1719170 566
1719180 565
1719190 565
1719200 566
1719210 568
1719220 568
1719230 570
1719240 572
1719250 575
1719260 579
1719270 583
1719280 586
1719290 590
1719300 593
1719310 596
1719320 599
1719330 602
1719340 605
1719350 608
1719360 610
1719370 612
1719380 615
1719390 617
1719400 619
1719410 621
1719420 624
1719430 626
1719440 628
1719450 629
1719460 631
1719470 633
1719480 635
1719490 637
1719500 639
1719510 641
1719520 642
1719530 644
1719540 646
1719550 647
1719560 649
1719570 650
1719580 651
1719590 653
1719600 654
1719610 655
1719620 655
1719630 656
1719640 656
1719650 656
1719660 656
1719670 656
1719680 656
1719690 656
1719700 655
1719710 655
1719720 655
1719730 655
1719740 655
1719750 654
1719760 654
1719770 654
1719780 654
1719790 654
1719800 655
1719810 655
1719820 655
1719830 655
1719840 655
1719850 654
1719860 654
1719870 654
1719880 654
1719890 654
1719900 654
1719910 654
1719920 654
1719930 654
1719940 654
1719950 654
1719960 654
1719970 654
1719980 654
1719990 654
