1700000 469
1700010 467
1700020 465
1700030 463
1700040 461
1700050 460
1700060 459
1700070 458
1700080 456
1700090 455
1700100 453
1700110 452
1700120 451
1700130 449
1700140 448
1700150 446
1700160 445
1700170 445
1700180 445
1700190 444
1700200 444
1700210 444
1700220 444
1700230 445
1700240 447
1700250 450
1700260 454
1700270 458
1700280 463
1700290 467
1700300 471
1700310 475
1700320 478
1700330 481
1700340 483
1700350 486
1700360 488
1700370 490
1700380 491
1700390 493
1700400 495
1700410 496
1700420 496
1700430 497
1700440 497
1700450 498
1700460 498
1700470 498
1700480 498
1700490 498
1700500 498
1700510 497
1700520 496
1700530 495
1700540 494
1700550 493
1700560 491
1700570 489
1700580 486
1700590 484
1700600 483
1700610 481
1700620 479
1700630 477
1700640 476
1700650 474
1700660 473
1700670 471
1700680 470
1700690 469
1700700 469
1700710 468
1700720 467
1700730 466
1700740 465
1700750 463
1700760 462
1700770 461
1700780 460
1700790 459
1700800 457
1700810 456
1700820 455
1700830 454
1700840 453
1700850 452
1700860 450
1700870 449
1700880 448
1700890 447
1700900 447
1700910 445
1700920 443
1700930 440
1700940 437
1700950 435
1700960 435
1700970 435
1700980 436
1700990 436
1701000 437
1701010 437
1701020 438
1701030 438
1701040 438
1701050 439
1701060 439
1701070 439
1701080 440
1701090 441
1701100 441
1701110 442
1701120 442
1701130 443
1701140 443
1701150 444
1701160 445
1701170 446
1701180 447
1701190 447
1701200 448
1701210 449
1701220 450
1701230 451
1701240 453
1701250 454
1701260 455
1701270 456
1701280 456
1701290 456
1701300 457
1701310 458
1701320 460
1701330 461
1701340 462
1701350 464
1701360 465
1701370 467
1701380 468
1701390 470
1701400 471
1701410 473
1701420 474
1701430 475
1701440 477
1701450 478
1701460 479
1701470 480
1701480 481
1701490 482
1701500 483
1701510 484
1701520 485
1701530 486
1701540 487
1701550 488
1701560 489
1701570 490
1701580 491
1701590 492
1701600 493
1701610 494
1701620 495
1701630 496
1701640 497
1701650 497
1701660 498
1701670 499
1701680 500
1701690 501
1701700 502
1701710 503
1701720 504
1701730 505
1701740 505
1701750 506
1701760 507
1701770 508
1701780 509
1701790 510
1701800 511
1701810 512
1701820 513
1701830 513
1701840 514
1701850 515
1701860 516
1701870 517
1701880 518
1701890 519
1701900 520
1701910 520
1701920 521
1701930 522
1701940 523
1701950 524
1701960 525
1701970 526
1701980 527
1701990 528
1702000 529
1702010 530
1702020 531
1702030 531
1702040 532
1702050 533
1702060 534
1702070 535
1702080 536
1702090 536
1702100 537
1702110 537
1702120 538
1702130 538
1702140 539
1702150 540
1702160 540
1702170 541
1702180 541
1702190 542
1702200 542
1702210 543
1702220 543
1702230 544
1702240 544
1702250 543
1702260 544
1702270 544
1702280 546
1702290 548
1702300 550
1702310 552
1702320 554
1702330 556
1702340 558
1702350 560
1702360 562
1702370 564
1702380 566
1702390 568
1702400 570
1702410 571
1702420 573
1702430 575
1702440 578
1702450 580
1702460 582
1702470 585
1702480 587
1702490 589
1702500 592
1702510 594
1702520 596
1702530 598
1702540 600
1702550 602
1702560 604
1702570 606
1702580 608
1702590 610
1702600 611
1702610 612
1702620 613
1702630 615
1702640 616
1702650 617
1702660 618
1702670 619
1702680 620
1702690 621
1702700 621
1702710 622
1702720 623
1702730 623
1702740 623
1702750 624
1702760 624
1702770 625
1702780 625
1702790 626
1702800 627
1702810 628
1702820 629
1702830 631
1702840 632
1702850 634
1702860 635
1702870 637
1702880 638
1702890 640
1702900 641
1702910 643
1702920 644
1702930 646
1702940 647
1702950 649
1702960 650
1702970 652
1702980 654
1702990 656
1703000 657
1703010 659
1703020 661
1703030 662
1703040 664
1703050 666
1703060 668
1703070 670
1703080 672
1703090 674
1703100 676
1703110 679
1703120 681
1703130 683
1703140 686
1703150 688
1703160 691
1703170 693
1703180 695
1703190 698
1703200 701
1703210 703
1703220 706
1703230 708
1703240 711
1703250 713
1703260 716
1703270 719
1703280 721
1703290 723
1703300 726
1703310 727
1703320 727
1703330 727
1703340 724
1703350 722
1703360 719
1703370 717
1703380 714
1703390 712
1703400 709
1703410 706
1703420 704
1703430 701
1703440 698
1703450 696
1703460 693
1703470 690
1703480 688
1703490 685
1703500 683
1703510 680
1703520 678
1703530 676
1703540 673
1703550 671
1703560 669
1703570 667
1703580 665
1703590 663
1703600 660
1703610 658
1703620 656
1703630 654
1703640 652
1703650 650
1703660 648
1703670 646
1703680 644
1703690 642
1703700 639
1703710 637
1703720 635
1703730 634
1703740 632
1703750 630
1703760 628
1703770 626
1703780 625
1703790 623
1703800 622
1703810 621
1703820 619
1703830 618
1703840 617
1703850 616
1703860 615
1703870 614
1703880 613
1703890 613
1703900 612
1703910 613
1703920 614
1703930 617
1703940 619
1703950 621
1703960 623
1703970 624
1703980 626
1703990 627
1704000 628
1704010 630
1704020 632
1704030 633
1704040 635
1704050 637
1704060 639
1704070 641
1704080 643
1704090 645
1704100 647
1704110 649
1704120 651
1704130 652
1704140 654
1704150 656
1704160 658
1704170 660
1704180 662
1704190 664
1704200 667
1704210 669
1704220 671
1704230 674
1704240 676
1704250 678
1704260 681
1704270 683
1704280 686
1704290 688
1704300 690
1704310 692
1704320 694
1704330 696
1704340 699
1704350 701
1704360 704
1704370 708
1704380 711
1704390 713
1704400 716
1704410 718
1704420 721
1704430 723
1704440 725
1704450 728
1704460 730
1704470 733
1704480 735
1704490 737
1704500 739
1704510 742
1704520 744
1704530 747
1704540 749
1704550 751
1704560 754
1704570 756
1704580 758
1704590 761
1704600 763
1704610 765
1704620 768
1704630 770
1704640 772
1704650 775
1704660 777
1704670 780
1704680 783
1704690 786
1704700 789
1704710 791
1704720 793
1704730 796
1704740 798
1704750 800
1704760 801
1704770 803
1704780 805
1704790 807
1704800 809
1704810 811
1704820 814
1704830 816
1704840 818
1704850 819
1704860 821
1704870 823
1704880 825
1704890 827
1704900 829
1704910 830
1704920 832
1704930 834
1704940 835
1704950 837
1704960 838
1704970 839
1704980 841
1704990 842
1705000 843
1705010 844
1705020 846
1705030 847
1705040 848
1705050 849
1705060 850
1705070 851
1705080 851
1705090 852
1705100 852
1705110 851
1705120 851
1705130 850
1705140 849
1705150 848
1705160 847
1705170 845
1705180 844
1705190 842
1705200 841
1705210 839
1705220 837
1705230 835
1705240 834
1705250 832
1705260 830
1705270 828
1705280 826
1705290 824
1705300 822
1705310 820
1705320 818
1705330 816
1705340 813
1705350 811
1705360 808
1705370 806
1705380 804
1705390 803
1705400 801
1705410 799
1705420 798
1705430 798
1705440 798
1705450 798
1705460 798
1705470 798
1705480 799
1705490 799
1705500 800
1705510 801
1705520 802
1705530 803
1705540 803
1705550 804
1705560 805
1705570 806
1705580 807
1705590 808
1705600 809
1705610 810
1705620 811
1705630 812
1705640 813
1705650 815
1705660 816
1705670 818
1705680 819
1705690 821
1705700 823
1705710 824
1705720 826
1705730 828
1705740 830
1705750 831
1705760 833
1705770 834
1705780 836
1705790 838
1705800 839
1705810 841
1705820 842
1705830 843
1705840 844
1705850 845
1705860 846
1705870 847
1705880 849
1705890 850
1705900 852
1705910 853
1705920 855
1705930 856
1705940 858
1705950 859
1705960 860
1705970 862
1705980 864
1705990 865
1706000 866
1706010 867
1706020 868
1706030 869
1706040 870
1706050 872
1706060 873
1706070 875
1706080 876
1706090 878
1706100 879
1706110 880
1706120 881
1706130 882
1706140 883
1706150 885
1706160 886
1706170 888
1706180 890
1706190 892
1706200 894
1706210 896
1706220 898
1706230 899
1706240 901
1706250 903
1706260 905
1706270 906
1706280 908
1706290 909
1706300 911
1706310 912
1706320 913
1706330 914
1706340 915
1706350 915
1706360 916
1706370 917
1706380 917
1706390 918
1706400 919
1706410 920
1706420 920
1706430 920
1706440 920
1706450 920
1706460 920
1706470 920
1706480 920
1706490 921
1706500 921
1706510 921
1706520 920
1706530 920
1706540 920
1706550 920
1706560 921
1706570 921
1706580 921
1706590 921
1706600 921
1706610 921
1706620 921
1706630 920
1706640 920
1706650 920
1706660 920
1706670 920
1706680 919
1706690 919
1706700 919
1706710 919
1706720 919
1706730 918
1706740 918
1706750 917
1706760 917
1706770 916
1706780 916
1706790 916
1706800 916
1706810 916
1706820 916
1706830 916
1706840 916
1706850 916
1706860 916
1706870 916
1706880 916
1706890 916
1706900 916
1706910 916
1706920 916
1706930 916
1706940 917
1706950 917
1706960 917
1706970 917
1706980 917
1706990 917
1707000 917
1707010 918
1707020 918
1707030 918
1707040 918
1707050 918
1707060 919
1707070 919
1707080 919
1707090 919
1707100 920
1707110 920
1707120 921
1707130 921
1707140 922
1707150 922
1707160 923
1707170 924
1707180 925
1707190 925
1707200 927
1707210 928
1707220 928
1707230 929
1707240 929
1707250 929
1707260 930
1707270 930
1707280 931
1707290 932
1707300 933
1707310 934
1707320 935
1707330 935
1707340 935
1707350 935
1707360 935
1707370 935
1707380 934
1707390 933
1707400 932
1707410 932
1707420 931
1707430 930
1707440 929
1707450 928
1707460 927
1707470 926
1707480 926
1707490 925
1707500 924
1707510 923
1707520 922
1707530 921
1707540 920
1707550 920
1707560 919
1707570 919
1707580 918
1707590 918
1707600 917
1707610 917
1707620 916
1707630 915
1707640 915
1707650 913
1707660 912
1707670 911
1707680 910
1707690 910
1707700 909
1707710 909
1707720 909
1707730 908
1707740 908
1707750 907
1707760 907
1707770 907
1707780 906
1707790 906
1707800 905
1707810 904
1707820 904
1707830 903
1707840 903
1707850 902
1707860 902
1707870 901
1707880 901
1707890 900
1707900 900
1707910 899
1707920 899
1707930 898
1707940 898
1707950 898
1707960 897
1707970 897
1707980 896
1707990 896
1708000 896
1708010 895
1708020 895
1708030 895
1708040 894
1708050 894
1708060 894
1708070 893
1708080 893
1708090 892
1708100 892
1708110 891
1708120 891
1708130 890
1708140 890
1708150 889
1708160 889
1708170 888
1708180 888
1708190 887
1708200 886
1708210 886
1708220 885
1708230 884
1708240 882
1708250 881
1708260 880
1708270 879
1708280 878
1708290 877
1708300 876
1708310 874
1708320 872
1708330 871
1708340 871
1708350 870
1708360 871
1708370 871
1708380 871
1708390 872
1708400 872
1708410 871
1708420 871
1708430 871
1708440 871
1708450 871
1708460 870
1708470 870
1708480 869
1708490 868
1708500 867
1708510 866
1708520 865
1708530 864
1708540 863
1708550 861
1708560 860
1708570 859
1708580 858
1708590 857
1708600 856
1708610 854
1708620 853
1708630 853
1708640 852
1708650 852
1708660 851
1708670 850
1708680 850
1708690 849
1708700 848
1708710 848
1708720 847
1708730 845
1708740 844
1708750 843
1708760 842
1708770 841
1708780 839
1708790 838
1708800 837
1708810 835
1708820 834
1708830 833
1708840 831
1708850 830
1708860 829
1708870 827
1708880 826
1708890 825
1708900 824
1708910 822
1708920 821
1708930 820
1708940 818
1708950 817
1708960 816
1708970 815
1708980 814
1708990 812
1709000 811
1709010 810
1709020 809
1709030 807
1709040 806
1709050 805
1709060 804
1709070 802
1709080 801
1709090 800
1709100 798
1709110 797
1709120 796
1709130 794
1709140 793
1709150 791
1709160 790
1709170 789
1709180 787
1709190 786
1709200 785
1709210 783
1709220 781
1709230 780
1709240 778
1709250 777
1709260 775
1709270 772
1709280 770
1709290 768
1709300 766
1709310 764
1709320 763
1709330 762
1709340 761
1709350 760
1709360 758
1709370 757
1709380 756
1709390 754
1709400 753
1709410 751
1709420 749
1709430 748
1709440 749
1709450 750
1709460 751
1709470 752
1709480 752
1709490 752
1709500 752
1709510 751
1709520 751
1709530 751
1709540 752
1709550 752
1709560 753
1709570 753
1709580 753
1709590 754
1709600 754
1709610 754
1709620 754
1709630 754
1709640 754
1709650 754
1709660 754
1709670 754
1709680 755
1709690 755
1709700 755
1709710 755
1709720 756
1709730 756
1709740 756
1709750 755
1709760 754
1709770 754
1709780 753
1709790 753
1709800 752
1709810 751
1709820 750
1709830 748
1709840 746
1709850 745
1709860 743
1709870 741
1709880 739
1709890 738
1709900 736
1709910 734
1709920 732
1709930 729
1709940 727
1709950 723
1709960 720
1709970 716
1709980 711
1709990 708
1710000 704
1710010 701
1710020 698
1710030 695
1710040 692
1710050 689
1710060 687
1710070 684
1710080 682
1710090 679
1710100 676
1710110 673
1710120 671
1710130 669
1710140 668
1710150 667
1710160 666
1710170 666
1710180 667
1710190 667
1710200 667
1710210 666
1710220 666
1710230 665
1710240 666
1710250 667
1710260 668
1710270 668
1710280 669
1710290 668
1710300 668
1710310 668
1710320 667
1710330 667
1710340 666
1710350 666
1710360 666
1710370 665
1710380 665
1710390 664
1710400 664
1710410 664
1710420 664
1710430 664
1710440 664
1710450 663
1710460 663
1710470 663
1710480 662
1710490 660
1710500 659
1710510 658
1710520 658
1710530 658
1710540 658
1710550 659
1710560 659
1710570 660
1710580 658
1710590 656
1710600 652
1710610 648
1710620 644
1710630 640
1710640 636
1710650 631
1710660 628
1710670 624
1710680 621
1710690 617
1710700 614
1710710 611
1710720 608
1710730 605
1710740 602
1710750 599
1710760 595
1710770 590
1710780 585
1710790 583
1710800 583
1710810 584
1710820 586
1710830 588
1710840 588
1710850 589
1710860 589
1710870 590
1710880 591
1710890 593
1710900 594
1710910 596
1710920 598
1710930 600
1710940 603
1710950 606
1710960 608
1710970 612
1710980 615
1710990 619
1711000 623
1711010 626
1711020 629
1711030 633
1711040 637
1711050 640
1711060 642
1711070 644
1711080 645
1711090 647
1711100 648
1711110 650
1711120 651
1711130 653
1711140 654
1711150 656
1711160 658
1711170 660
1711180 663
1711190 668
1711200 673
1711210 680
1711220 686
1711230 688
1711240 686
1711250 685
1711260 684
1711270 685
1711280 686
1711290 688
1711300 691
1711310 693
1711320 694
1711330 691
1711340 687
1711350 683
1711360 680
1711370 676
1711380 671
1711390 667
1711400 662
1711410 656
1711420 651
1711430 646
1711440 642
1711450 636
1711460 631
1711470 627
1711480 622
1711490 619
1711500 615
1711510 611
1711520 607
1711530 604
1711540 601
1711550 598
1711560 596
1711570 593
1711580 591
1711590 588
1711600 586
1711610 584
1711620 583
1711630 581
1711640 580
1711650 579
1711660 578
1711670 578
1711680 577
1711690 575
1711700 574
1711710 574
1711720 573
1711730 573
1711740 573
1711750 572
1711760 572
1711770 573
1711780 573
1711790 574
1711800 573
1711810 573
1711820 574
1711830 574
1711840 574
1711850 575
1711860 575
1711870 576
1711880 578
1711890 579
1711900 581
1711910 582
1711920 583
1711930 584
1711940 585
1711950 587
1711960 589
1711970 591
1711980 592
1711990 595
1712000 597
1712010 600
1712020 602
1712030 605
1712040 608
1712050 611
1712060 615
1712070 619
1712080 623
1712090 628
1712100 632
1712110 634
1712120 636
1712130 635
1712140 635
1712150 635
1712160 636
1712170 637
1712180 638
1712190 639
1712200 640
1712210 641
1712220 640
1712230 640
1712240 639
1712250 638
1712260 638
1712270 638
1712280 638
1712290 638
1712300 638
1712310 639
1712320 641
1712330 642
1712340 644
1712350 646
1712360 648
1712370 649
1712380 651
1712390 653
1712400 655
1712410 657
1712420 659
1712430 661
1712440 663
1712450 665
1712460 668
1712470 671
1712480 674
1712490 677
1712500 679
1712510 679
1712520 680
1712530 679
1712540 679
1712550 677
1712560 674
1712570 671
1712580 669
1712590 667
1712600 665
1712610 663
1712620 661
1712630 659
1712640 657
1712650 654
1712660 652
1712670 649
1712680 646
1712690 644
1712700 642
1712710 639
1712720 637
1712730 635
1712740 633
1712750 631
1712760 629
1712770 627
1712780 625
1712790 623
1712800 620
1712810 618
1712820 616
1712830 614
1712840 611
1712850 609
1712860 606
1712870 604
1712880 602
1712890 599
1712900 596
1712910 594
1712920 592
1712930 590
1712940 588
1712950 586
1712960 584
1712970 582
1712980 580
1712990 578
1713000 576
1713010 574
1713020 572
1713030 569
1713040 567
1713050 564
1713060 562
1713070 559
1713080 557
1713090 554
1713100 552
1713110 549
1713120 546
1713130 543
1713140 541
1713150 538
1713160 536
1713170 533
1713180 530
1713190 527
1713200 525
1713210 522
1713220 520
1713230 517
1713240 514
1713250 512
1713260 509
1713270 506
1713280 503
1713290 501
1713300 498
1713310 495
1713320 492
1713330 489
1713340 486
1713350 483
1713360 480
1713370 478
1713380 475
1713390 472
1713400 468
1713410 465
1713420 462
1713430 459
1713440 456
1713450 452
1713460 448
1713470 445
1713480 441
1713490 437
1713500 433
1713510 429
1713520 425
1713530 421
1713540 418
1713550 415
1713560 412
1713570 409
1713580 406
1713590 402
1713600 398
1713610 395
1713620 392
1713630 389
1713640 387
1713650 385
1713660 382
1713670 380
1713680 377
1713690 375
1713700 373
1713710 371
1713720 368
1713730 366
1713740 363
1713750 360
1713760 357
1713770 354
1713780 351
1713790 348
1713800 346
1713810 343
1713820 340
1713830 337
1713840 334
1713850 331
1713860 328
1713870 325
1713880 322
1713890 319
1713900 316
1713910 313
1713920 310
1713930 307
1713940 305
1713950 302
1713960 300
1713970 298
1713980 295
1713990 293
1714000 292
1714010 291
1714020 290
1714030 290
1714040 289
1714050 288
1714060 287
1714070 287
1714080 286
1714090 285
1714100 284
1714110 283
1714120 281
1714130 280
1714140 279
1714150 278
1714160 277
1714170 276
1714180 275
1714190 274
1714200 273
1714210 272
1714220 271
1714230 271
1714240 270
1714250 269
1714260 269
1714270 270
1714280 270
1714290 269
1714300 269
1714310 269
1714320 268
1714330 268
1714340 268
1714350 267
1714360 265
1714370 263
1714380 260
1714390 258
1714400 256
1714410 254
1714420 251
1714430 249
1714440 248
1714450 246
1714460 245
1714470 244
1714480 242
1714490 240
1714500 239
1714510 237
1714520 236
1714530 234
1714540 232
1714550 227
1714560 224
1714570 222
1714580 220
1714590 218
1714600 217
1714610 216
1714620 215
1714630 214
1714640 214
1714650 214
1714660 213
1714670 213
1714680 213
1714690 213
1714700 213
1714710 213
1714720 213
1714730 212
1714740 211
1714750 210
1714760 210
1714770 210
1714780 209
1714790 209
1714800 209
1714810 209
1714820 209
1714830 209
1714840 208
1714850 208
1714860 208
1714870 208
1714880 208
1714890 208
1714900 207
1714910 207
1714920 207
1714930 207
1714940 207
1714950 207
1714960 207
1714970 205
1714980 203
1714990 201
1715000 201
1715010 201
1715020 201
1715030 201
1715040 201
1715050 201
1715060 201
1715070 201
1715080 201
1715090 201
1715100 201
1715110 201
1715120 201
1715130 201
1715140 201
1715150 201
1715160 201
1715170 201
1715180 201
1715190 201
1715200 201
1715210 201
1715220 201
1715230 201
1715240 201
1715250 201
1715260 201
1715270 201
1715280 201
1715290 201
1715300 201
1715310 201
1715320 201
1715330 201
1715340 201
1715350 201
1715360 201
1715370 201
1715380 201
1715390 201
1715400 201
1715410 201
1715420 201
1715430 201
1715440 201
1715450 201
1715460 201
1715470 203
1715480 205
1715490 207
1715500 209
1715510 210
1715520 213
1715530 217
1715540 223
1715550 228
1715560 232
1715570 235
1715580 239
1715590 242
1715600 246
1715610 250
1715620 255
1715630 258
1715640 260
1715650 262
1715660 265
1715670 268
1715680 272
1715690 276
1715700 280
1715710 284
1715720 287
1715730 290
1715740 293
1715750 296
1715760 300
1715770 302
1715780 305
1715790 307
1715800 310
1715810 313
1715820 316
1715830 320
1715840 324
1715850 328
1715860 332
1715870 336
1715880 340
1715890 344
1715900 348
1715910 351
1715920 355
1715930 359
1715940 363
1715950 366
1715960 370
1715970 374
1715980 378
1715990 382
1716000 386
1716010 390
1716020 395
1716030 399
1716040 403
1716050 407
1716060 411
1716070 415
1716080 418
1716090 422
1716100 425
1716110 428
1716120 431
1716130 434
1716140 437
1716150 441
1716160 444
1716170 448
1716180 452
1716190 456
1716200 460
1716210 464
1716220 467
1716230 471
1716240 476
1716250 482
1716260 489
1716270 496
1716280 502
1716290 505
1716300 509
1716310 514
1716320 519
1716330 523
1716340 528
1716350 533
1716360 537
1716370 540
1716380 539
1716390 538
1716400 537
1716410 536
1716420 535
1716430 534
1716440 533
1716450 533
1716460 533
1716470 532
1716480 532
1716490 533
1716500 533
1716510 533
1716520 534
1716530 535
1716540 536
1716550 536
1716560 537
1716570 537
1716580 538
1716590 538
1716600 538
1716610 537
1716620 536
1716630 534
1716640 532
1716650 530
1716660 527
1716670 525
1716680 523
1716690 521
1716700 519
1716710 518
1716720 517
1716730 516
1716740 515
1716750 515
1716760 514
1716770 514
1716780 513
1716790 513
1716800 513
1716810 513
1716820 512
1716830 512
1716840 511
1716850 511
1716860 510
1716870 510
1716880 510
1716890 510
1716900 509
1716910 509
1716920 509
1716930 509
1716940 508
1716950 508
1716960 508
1716970 508
1716980 508
1716990 508
1717000 508
1717010 508
1717020 508
1717030 508
1717040 508
1717050 508
1717060 508
1717070 508
1717080 507
1717090 506
1717100 504
1717110 502
1717120 501
1717130 499
1717140 497
1717150 496
1717160 493
1717170 491
1717180 488
1717190 485
1717200 483
1717210 481
1717220 480
1717230 479
1717240 477
1717250 476
1717260 475
1717270 475
1717280 475
1717290 474
1717300 474
1717310 475
1717320 475
1717330 476
1717340 477
1717350 477
1717360 478
1717370 480
1717380 481
1717390 482
1717400 483
1717410 483
1717420 483
1717430 483
1717440 483
1717450 482
1717460 482
1717470 481
1717480 480
1717490 480
1717500 479
1717510 478
1717520 477
1717530 477
1717540 476
1717550 477
1717560 478
1717570 479
1717580 480
1717590 481
1717600 484
1717610 486
1717620 488
1717630 489
1717640 491
1717650 493
1717660 494
1717670 496
1717680 497
1717690 499
1717700 501
1717710 503
1717720 505
1717730 507
1717740 509
1717750 510
1717760 512
1717770 514
1717780 516
1717790 519
1717800 521
1717810 523
1717820 526
1717830 528
1717840 531
1717850 533
1717860 535
1717870 537
1717880 539
1717890 541
1717900 543
1717910 545
1717920 547
1717930 550
1717940 552
1717950 554
1717960 556
1717970 558
1717980 561
1717990 563
1718000 566
1718010 568
1718020 571
1718030 573
1718040 576
1718050 578
1718060 581
1718070 584
1718080 587
1718090 589
1718100 592
1718110 595
1718120 597
1718130 600
1718140 602
1718150 605
1718160 607
1718170 609
1718180 611
1718190 614
1718200 615
1718210 617
1718220 619
1718230 620
1718240 621
1718250 623
1718260 624
1718270 626
1718280 628
1718290 630
1718300 632
1718310 634
1718320 636
1718330 638
1718340 641
1718350 643
1718360 645
1718370 647
1718380 649
1718390 651
1718400 652
1718410 653
1718420 654
1718430 654
1718440 654
1718450 653
1718460 653
1718470 652
1718480 652
1718490 652
1718500 652
1718510 652
1718520 653
1718530 654
1718540 655
1718550 656
1718560 656
1718570 656
1718580 657
1718590 658
1718600 659
1718610 660
1718620 661
1718630 662
1718640 663
1718650 664
1718660 664
1718670 665
1718680 665
1718690 665
1718700 664
1718710 663
1718720 662
1718730 661
1718740 660
1718750 659
1718760 658
1718770 657
1718780 656
1718790 655
1718800 653
1718810 652
1718820 651
1718830 649
1718840 648
1718850 646
1718860 644
1718870 642
1718880 640
1718890 638
1718900 636
1718910 634
1718920 631
1718930 629
1718940 627
1718950 625
1718960 623
1718970 621
1718980 619
1718990 618
1719000 616
1719010 615
1719020 613
1719030 610
1719040 608
1719050 605
1719060 601
1719070 598
1719080 595
1719090 591
1719100 588
1719110 585
1719120 581
1719130 578
1719140 574
1719150 571
1719160 567
1719170 564
1719180 561
1719190 558
1719200 557
1719210 557
1719220 558
1719230 560
1719240 561
1719250 563
1719260 565
1719270 568
1719280 570
1719290 573
1719300 576
1719310 579
1719320 582
1719330 585
1719340 589
1719350 592
1719360 596
1719370 599
1719380 603
1719390 606
1719400 609
1719410 612
1719420 614
1719430 617
1719440 619
1719450 622
1719460 624
1719470 626
1719480 628
1719490 630
1719500 632
1719510 634
1719520 636
1719530 638
1719540 640
1719550 641
1719560 642
1719570 644
1719580 645
1719590 646
1719600 647
1719610 647
1719620 647
1719630 648
1719640 648
1719650 647
1719660 647
1719670 647
1719680 646
1719690 645
1719700 645
1719710 644
1719720 643
1719730 642
1719740 641
1719750 640
1719760 639
1719770 639
1719780 638
1719790 638
1719800 637
1719810 637
1719820 637
1719830 637
1719840 638
1719850 638
1719860 638
1719870 637
1719880 637
1719890 637
1719900 637
1719910 637
1719920 637
1719930 637
1719940 637
1719950 637
1719960 636
1719970 636
1719980 636
1719990 636
