1700000 565
1700010 564
1700020 563
1700030 562
1700040 561
1700050 561
1700060 560
1700070 559
1700080 558
1700090 557
1700100 555
1700110 554
1700120 553
1700130 553
1700140 552
1700150 552
1700160 551
1700170 550
1700180 549
1700190 548
1700200 548
1700210 547
1700220 546
1700230 545
1700240 545
1700250 544
1700260 544
1700270 543
1700280 542
1700290 542
1700300 541
1700310 541
1700320 539
1700330 538
1700340 536
1700350 536
1700360 535
1700370 535
1700380 534
1700390 533
1700400 532
1700410 532
1700420 531
1700430 531
1700440 530
1700450 529
1700460 528
1700470 528
1700480 527
1700490 526
1700500 525
1700510 525
1700520 525
1700530 524
1700540 524
1700550 523
1700560 522
1700570 522
1700580 521
1700590 521
1700600 520
1700610 519
1700620 518
1700630 517
1700640 516
1700650 516
1700660 515
1700670 514
1700680 513
1700690 512
1700700 511
1700710 510
1700720 510
1700730 509
1700740 509
1700750 508
1700760 508
1700770 507
1700780 506
1700790 506
1700800 505
1700810 505
1700820 504
1700830 503
1700840 502
1700850 501
1700860 501
1700870 500
1700880 499
1700890 499
1700900 498
1700910 498
1700920 497
1700930 497
1700940 497
1700950 496
1700960 496
1700970 496
1700980 495
1700990 494
1701000 494
1701010 493
1701020 493
1701030 493
1701040 492
1701050 492
1701060 492
1701070 492
1701080 491
1701090 490
1701100 490
1701110 489
1701120 489
1701130 488
1701140 488
1701150 487
1701160 487
1701170 486
1701180 486
1701190 485
1701200 485
1701210 485
1701220 485
1701230 485
1701240 484
1701250 484
1701260 484
1701270 483
1701280 483
1701290 483
1701300 483
1701310 483
1701320 483
1701330 483
1701340 483
1701350 483
1701360 483
1701370 483
1701380 484
1701390 484
1701400 484
1701410 484
1701420 484
1701430 484
1701440 484
1701450 484
1701460 484
1701470 484
1701480 484
1701490 484
1701500 483
1701510 483
1701520 482
1701530 482
1701540 481
1701550 480
1701560 480
1701570 479
1701580 478
1701590 477
1701600 476
1701610 475
1701620 475
1701630 474
1701640 474
1701650 475
1701660 477
1701670 479
1701680 480
1701690 480
1701700 480
1701710 480
1701720 480
1701730 479
1701740 479
1701750 479
1701760 479
1701770 478
1701780 479
1701790 479
1701800 479
1701810 479
1701820 480
1701830 480
1701840 480
1701850 481
1701860 481
1701870 481
1701880 482
1701890 482
1701900 482
1701910 482
1701920 482
1701930 482
1701940 482
1701950 482
1701960 481
1701970 481
1701980 480
1701990 480
1702000 478
1702010 476
1702020 475
1702030 474
1702040 473
1702050 472
1702060 472
1702070 471
1702080 470
1702090 470
1702100 469
1702110 469
1702120 468
1702130 466
1702140 464
1702150 463
1702160 463
1702170 463
1702180 463
1702190 463
1702200 465
1702210 467
1702220 469
1702230 470
1702240 471
1702250 473
1702260 475
1702270 477
1702280 479
1702290 481
1702300 482
1702310 484
1702320 486
1702330 488
1702340 490
1702350 492
1702360 494
1702370 496
1702380 499
1702390 501
1702400 503
1702410 505
1702420 507
1702430 509
1702440 511
1702450 514
1702460 516
1702470 518
1702480 520
1702490 522
1702500 523
1702510 525
1702520 527
1702530 528
1702540 530
1702550 531
1702560 532
1702570 533
1702580 534
1702590 535
1702600 536
1702610 537
1702620 538
1702630 539
1702640 540
1702650 541
1702660 542
1702670 543
1702680 543
1702690 544
1702700 544
1702710 544
1702720 545
1702730 544
1702740 544
1702750 544
1702760 544
1702770 543
1702780 542
1702790 541
1702800 540
1702810 539
1702820 538
1702830 536
1702840 535
1702850 533
1702860 532
1702870 531
1702880 529
1702890 529
1702900 528
1702910 528
1702920 529
1702930 530
1702940 531
1702950 532
1702960 533
1702970 534
1702980 535
1702990 536
1703000 537
1703010 537
1703020 538
1703030 539
1703040 541
1703050 542
1703060 543
1703070 544
1703080 545
1703090 546
1703100 547
1703110 548
1703120 548
1703130 549
1703140 549
1703150 550
1703160 551
1703170 551
1703180 552
1703190 553
1703200 553
1703210 553
1703220 553
1703230 554
1703240 554
1703250 554
1703260 555
1703270 555
1703280 556
1703290 557
1703300 557
1703310 558
1703320 559
1703330 559
1703340 559
1703350 559
1703360 560
1703370 560
1703380 560
1703390 561
1703400 562
1703410 563
1703420 564
1703430 565
1703440 566
1703450 568
1703460 569
1703470 569
1703480 569
1703490 568
1703500 568
1703510 567
1703520 567
1703530 566
1703540 565
1703550 564
1703560 563
1703570 562
1703580 560
1703590 559
1703600 557
1703610 556
1703620 555
1703630 553
1703640 552
1703650 551
1703660 550
1703670 548
1703680 547
1703690 546
1703700 545
1703710 545
1703720 544
1703730 544
1703740 543
1703750 541
1703760 539
1703770 538
1703780 537
1703790 537
1703800 536
1703810 535
1703820 534
1703830 533
1703840 532
1703850 531
1703860 530
1703870 529
1703880 528
1703890 528
1703900 527
1703910 526
1703920 525
1703930 524
1703940 523
1703950 522
1703960 520
1703970 521
1703980 522
1703990 525
1704000 529
1704010 533
1704020 537
1704030 540
1704040 544
1704050 546
1704060 548
1704070 551
1704080 553
1704090 556
1704100 558
1704110 559
1704120 560
1704130 562
1704140 565
1704150 567
1704160 568
1704170 569
1704180 570
1704190 570
1704200 571
1704210 572
1704220 572
1704230 573
1704240 572
1704250 572
1704260 571
1704270 570
1704280 569
1704290 567
1704300 565
1704310 563
1704320 561
1704330 560
1704340 559
1704350 558
1704360 559
1704370 560
1704380 562
1704390 564
1704400 565
1704410 567
1704420 569
1704430 571
1704440 574
1704450 576
1704460 578
1704470 580
1704480 582
1704490 584
1704500 585
1704510 587
1704520 589
1704530 591
1704540 594
1704550 597
1704560 600
1704570 603
1704580 606
1704590 609
1704600 611
1704610 614
1704620 616
1704630 619
1704640 621
1704650 624
1704660 626
1704670 627
1704680 628
1704690 627
1704700 626
1704710 624
1704720 622
1704730 620
1704740 618
1704750 616
1704760 614
1704770 613
1704780 611
1704790 609
1704800 607
1704810 606
1704820 604
1704830 603
1704840 601
1704850 599
1704860 596
1704870 594
1704880 591
1704890 588
1704900 586
1704910 584
1704920 583
1704930 582
1704940 582
1704950 583
1704960 584
1704970 585
1704980 586
1704990 587
1705000 588
1705010 589
1705020 590
1705030 591
1705040 592
1705050 593
1705060 595
1705070 596
1705080 597
1705090 599
1705100 600
1705110 602
1705120 603
1705130 604
1705140 605
1705150 607
1705160 609
1705170 610
1705180 612
1705190 613
1705200 615
1705210 616
1705220 618
1705230 619
1705240 621
1705250 622
1705260 624
1705270 625
1705280 627
1705290 628
1705300 630
1705310 632
1705320 634
1705330 635
1705340 637
1705350 639
1705360 640
1705370 642
1705380 643
1705390 644
1705400 646
1705410 648
1705420 649
1705430 651
1705440 653
1705450 654
1705460 655
1705470 657
1705480 658
1705490 660
1705500 662
1705510 663
1705520 665
1705530 667
1705540 668
1705550 670
1705560 672
1705570 673
1705580 675
1705590 676
1705600 678
1705610 680
1705620 681
1705630 683
1705640 686
1705650 688
1705660 691
1705670 693
1705680 695
1705690 697
1705700 699
1705710 701
1705720 703
1705730 705
1705740 707
1705750 710
1705760 712
1705770 714
1705780 716
1705790 718
1705800 720
1705810 722
1705820 724
1705830 726
1705840 728
1705850 730
1705860 732
1705870 734
1705880 737
1705890 739
1705900 741
1705910 743
1705920 745
1705930 747
1705940 749
1705950 751
1705960 753
1705970 755
1705980 758
1705990 760
1706000 763
1706010 766
1706020 768
1706030 771
1706040 774
1706050 777
1706060 780
1706070 783
1706080 786
1706090 789
1706100 792
1706110 796
1706120 799
1706130 802
1706140 806
1706150 810
1706160 814
1706170 818
1706180 824
1706190 829
1706200 835
1706210 838
1706220 841
1706230 843
1706240 847
1706250 850
1706260 853
1706270 855
1706280 858
1706290 860
1706300 862
1706310 864
1706320 867
1706330 869
1706340 871
1706350 874
1706360 877
1706370 879
1706380 881
1706390 884
1706400 887
1706410 890
1706420 892
1706430 895
1706440 897
1706450 899
1706460 902
1706470 904
1706480 906
1706490 908
1706500 911
1706510 913
1706520 915
1706530 918
1706540 919
1706550 921
1706560 922
1706570 923
1706580 925
1706590 926
1706600 928
1706610 930
1706620 931
1706630 932
1706640 933
1706650 933
1706660 934
1706670 934
1706680 933
1706690 932
1706700 931
1706710 930
1706720 929
1706730 928
1706740 927
1706750 927
1706760 926
1706770 925
1706780 925
1706790 924
1706800 923
1706810 922
1706820 922
1706830 921
1706840 920
1706850 920
1706860 920
1706870 919
1706880 919
1706890 918
1706900 918
1706910 917
1706920 917
1706930 917
1706940 917
1706950 916
1706960 916
1706970 916
1706980 917
1706990 917
1707000 917
1707010 917
1707020 917
1707030 917
1707040 917
1707050 917
1707060 918
1707070 918
1707080 918
1707090 918
1707100 918
1707110 918
1707120 919
1707130 919
1707140 919
1707150 919
1707160 919
1707170 920
1707180 920
1707190 920
1707200 920
1707210 920
1707220 921
1707230 921
1707240 921
1707250 922
1707260 922
1707270 922
1707280 923
1707290 923
1707300 924
1707310 925
1707320 926
1707330 926
1707340 927
1707350 928
1707360 929
1707370 929
1707380 930
1707390 931
1707400 931
1707410 932
1707420 933
1707430 933
1707440 934
1707450 934
1707460 935
1707470 935
1707480 936
1707490 936
1707500 936
1707510 937
1707520 937
1707530 938
1707540 938
1707550 939
1707560 939
1707570 940
1707580 940
1707590 941
1707600 941
1707610 941
1707620 942
1707630 942
1707640 942
1707650 943
1707660 943
1707670 942
1707680 942
1707690 941
1707700 941
1707710 940
1707720 939
1707730 938
1707740 937
1707750 936
1707760 935
1707770 934
1707780 933
1707790 933
1707800 932
1707810 931
1707820 929
1707830 927
1707840 926
1707850 924
1707860 923
1707870 921
1707880 919
1707890 917
1707900 915
1707910 913
1707920 911
1707930 909
1707940 908
1707950 906
1707960 904
1707970 902
1707980 900
1707990 898
1708000 896
1708010 893
1708020 891
1708030 888
1708040 886
1708050 884
1708060 882
1708070 881
1708080 880
1708090 879
1708100 878
1708110 877
1708120 877
1708130 876
1708140 876
1708150 875
1708160 875
1708170 875
1708180 874
1708190 874
1708200 874
1708210 873
1708220 873
1708230 873
1708240 873
1708250 873
1708260 872
1708270 872
1708280 871
1708290 871
1708300 870
1708310 870
1708320 869
1708330 869
1708340 868
1708350 868
1708360 867
1708370 866
1708380 865
1708390 865
1708400 865
1708410 864
1708420 864
1708430 864
1708440 863
1708450 863
1708460 863
1708470 863
1708480 862
1708490 862
1708500 861
1708510 861
1708520 860
1708530 860
1708540 859
1708550 859
1708560 859
1708570 859
1708580 858
1708590 858
1708600 858
1708610 858
1708620 859
1708630 859
1708640 859
1708650 859
1708660 859
1708670 860
1708680 860
1708690 861
1708700 861
1708710 861
1708720 861
1708730 861
1708740 861
1708750 861
1708760 860
1708770 860
1708780 859
1708790 859
1708800 859
1708810 859
1708820 859
1708830 859
1708840 859
1708850 859
1708860 859
1708870 859
1708880 859
1708890 859
1708900 859
1708910 859
1708920 860
1708930 860
1708940 860
1708950 860
1708960 860
1708970 860
1708980 859
1708990 859
1709000 859
1709010 859
1709020 858
1709030 858
1709040 857
1709050 856
1709060 856
1709070 855
1709080 854
1709090 853
1709100 853
1709110 852
1709120 851
1709130 850
1709140 850
1709150 850
1709160 850
1709170 850
1709180 851
1709190 851
1709200 851
1709210 850
1709220 850
1709230 849
1709240 849
1709250 848
1709260 848
1709270 848
1709280 848
1709290 848
1709300 848
1709310 848
1709320 848
1709330 848
1709340 848
1709350 848
1709360 847
1709370 847
1709380 846
1709390 846
1709400 846
1709410 846
1709420 846
1709430 846
1709440 846
1709450 846
1709460 846
1709470 846
1709480 846
1709490 846
1709500 845
1709510 844
1709520 842
1709530 841
1709540 839
1709550 838
1709560 836
1709570 835
1709580 834
1709590 833
1709600 831
1709610 830
1709620 829
1709630 828
1709640 826
1709650 825
1709660 824
1709670 823
1709680 822
1709690 821
1709700 819
1709710 819
1709720 818
1709730 817
1709740 815
1709750 814
1709760 812
1709770 810
1709780 807
1709790 805
1709800 803
1709810 801
1709820 800
1709830 799
1709840 799
1709850 799
1709860 798
1709870 798
1709880 798
1709890 798
1709900 798
1709910 798
1709920 798
1709930 798
1709940 798
1709950 798
1709960 797
1709970 797
1709980 797
1709990 797
1710000 798
1710010 798
1710020 799
1710030 799
1710040 799
1710050 799
1710060 799
1710070 797
1710080 796
1710090 795
1710100 793
1710110 792
1710120 791
1710130 790
1710140 789
1710150 788
1710160 787
1710170 787
1710180 786
1710190 786
1710200 785
1710210 785
1710220 784
1710230 783
1710240 782
1710250 781
1710260 779
1710270 779
1710280 778
1710290 777
1710300 775
1710310 774
1710320 772
1710330 771
1710340 770
1710350 769
1710360 768
1710370 767
1710380 767
1710390 767
1710400 766
1710410 766
1710420 765
1710430 763
1710440 762
1710450 761
1710460 759
1710470 758
1710480 757
1710490 757
1710500 756
1710510 755
1710520 755
1710530 754
1710540 754
1710550 753
1710560 753
1710570 752
1710580 752
1710590 751
1710600 750
1710610 749
1710620 748
1710630 746
1710640 746
1710650 746
1710660 746
1710670 746
1710680 746
1710690 746
1710700 747
1710710 748
1710720 748
1710730 748
1710740 749
1710750 749
1710760 749
1710770 749
1710780 750
1710790 750
1710800 750
1710810 750
1710820 750
1710830 751
1710840 751
1710850 751
1710860 751
1710870 750
1710880 749
1710890 749
1710900 748
1710910 746
1710920 745
1710930 744
1710940 743
1710950 741
1710960 740
1710970 740
1710980 739
1710990 739
1711000 739
1711010 739
1711020 740
1711030 740
1711040 741
1711050 742
1711060 742
1711070 742
1711080 742
1711090 742
1711100 741
1711110 741
1711120 741
1711130 740
1711140 740
1711150 740
1711160 739
1711170 739
1711180 738
1711190 737
1711200 735
1711210 734
1711220 733
1711230 733
1711240 732
1711250 731
1711260 730
1711270 728
1711280 727
1711290 725
1711300 723
1711310 722
1711320 720
1711330 718
1711340 716
1711350 714
1711360 713
1711370 711
1711380 710
1711390 708
1711400 706
1711410 705
1711420 703
1711430 701
1711440 700
1711450 698
1711460 696
1711470 694
1711480 692
1711490 690
1711500 688
1711510 685
1711520 683
1711530 681
1711540 678
1711550 677
1711560 674
1711570 672
1711580 670
1711590 668
1711600 667
1711610 665
1711620 664
1711630 662
1711640 661
1711650 659
1711660 658
1711670 657
1711680 656
1711690 655
1711700 655
1711710 655
1711720 655
1711730 656
1711740 656
1711750 656
1711760 656
1711770 656
1711780 656
1711790 656
1711800 656
1711810 655
1711820 653
1711830 651
1711840 650
1711850 648
1711860 647
1711870 646
1711880 645
1711890 643
1711900 642
1711910 641
1711920 640
1711930 639
1711940 638
1711950 637
1711960 635
1711970 634
1711980 633
1711990 632
1712000 632
1712010 631
1712020 630
1712030 629
1712040 628
1712050 626
1712060 624
1712070 621
1712080 618
1712090 614
1712100 610
1712110 605
1712120 600
1712130 595
1712140 591
1712150 588
1712160 585
1712170 583
1712180 580
1712190 578
1712200 576
1712210 574
1712220 573
1712230 572
1712240 571
1712250 571
1712260 571
1712270 571
1712280 569
1712290 567
1712300 564
1712310 563
1712320 561
1712330 561
1712340 562
1712350 562
1712360 563
1712370 565
1712380 568
1712390 572
1712400 574
1712410 574
1712420 574
1712430 573
1712440 572
1712450 572
1712460 572
1712470 573
1712480 575
1712490 576
1712500 577
1712510 579
1712520 578
1712530 578
1712540 576
1712550 575
1712560 573
1712570 572
1712580 570
1712590 569
1712600 567
1712610 565
1712620 564
1712630 562
1712640 560
1712650 558
1712660 556
1712670 554
1712680 552
1712690 549
1712700 546
1712710 544
1712720 541
1712730 538
1712740 535
1712750 532
1712760 529
1712770 526
1712780 523
1712790 519
1712800 515
1712810 511
1712820 507
1712830 504
1712840 500
1712850 497
1712860 494
1712870 491
1712880 488
1712890 487
1712900 486
1712910 485
1712920 484
1712930 484
1712940 482
1712950 481
1712960 480
1712970 479
1712980 478
1712990 477
1713000 476
1713010 473
1713020 470
1713030 467
1713040 465
1713050 463
1713060 460
1713070 458
1713080 455
1713090 451
1713100 446
1713110 440
1713120 435
1713130 431
1713140 426
1713150 422
1713160 418
1713170 414
1713180 410
1713190 405
1713200 400
1713210 396
1713220 394
1713230 394
1713240 395
1713250 395
1713260 395
1713270 396
1713280 396
1713290 395
1713300 393
1713310 390
1713320 387
1713330 385
1713340 383
1713350 382
1713360 382
1713370 382
1713380 382
1713390 383
1713400 383
1713410 384
1713420 384
1713430 385
1713440 387
1713450 388
1713460 390
1713470 393
1713480 397
1713490 402
1713500 404
1713510 405
1713520 404
1713530 403
1713540 400
1713550 398
1713560 395
1713570 393
1713580 390
1713590 388
1713600 385
1713610 383
1713620 381
1713630 378
1713640 376
1713650 373
1713660 370
1713670 368
1713680 365
1713690 362
1713700 360
1713710 358
1713720 356
1713730 354
1713740 353
1713750 350
1713760 349
1713770 348
1713780 348
1713790 349
1713800 350
1713810 351
1713820 353
1713830 355
1713840 355
1713850 355
1713860 354
1713870 353
1713880 351
1713890 349
1713900 346
1713910 343
1713920 339
1713930 335
1713940 331
1713950 327
1713960 322
1713970 317
1713980 313
1713990 309
1714000 304
1714010 300
1714020 295
1714030 290
1714040 286
1714050 283
1714060 280
1714070 277
1714080 276
1714090 274
1714100 273
1714110 272
1714120 272
1714130 272
1714140 273
1714150 274
1714160 276
1714170 274
1714180 272
1714190 270
1714200 270
1714210 269
1714220 268
1714230 268
1714240 267
1714250 266
1714260 266
1714270 265
1714280 264
1714290 264
1714300 263
1714310 263
1714320 263
1714330 263
1714340 263
1714350 263
1714360 263
1714370 263
1714380 263
1714390 264
1714400 265
1714410 268
1714420 271
1714430 274
1714440 279
1714450 283
1714460 289
1714470 292
1714480 293
1714490 291
1714500 289
1714510 286
1714520 281
1714530 278
1714540 274
1714550 271
1714560 268
1714570 265
1714580 261
1714590 258
1714600 254
1714610 251
1714620 248
1714630 244
1714640 240
1714650 237
1714660 234
1714670 232
1714680 230
1714690 227
1714700 224
1714710 222
1714720 220
1714730 218
1714740 217
1714750 216
1714760 215
1714770 214
1714780 213
1714790 211
1714800 209
1714810 208
1714820 208
1714830 207
1714840 207
1714850 206
1714860 206
1714870 205
1714880 205
1714890 204
1714900 203
1714910 202
1714920 201
1714930 200
1714940 200
1714950 200
1714960 200
1714970 200
1714980 200
1714990 200
1715000 200
1715010 200
1715020 200
1715030 200
1715040 200
1715050 200
1715060 200
1715070 200
1715080 200
1715090 200
1715100 200
1715110 200
1715120 200
1715130 200
1715140 200
1715150 200
1715160 200
1715170 200
1715180 200
1715190 200
1715200 200
1715210 200
1715220 200
1715230 200
1715240 200
1715250 200
1715260 200
1715270 200
1715280 200
1715290 200
1715300 200
1715310 200
1715320 200
1715330 200
1715340 200
1715350 200
1715360 200
1715370 200
1715380 201
1715390 203
1715400 205
1715410 207
1715420 207
1715430 207
1715440 207
1715450 207
1715460 207
1715470 207
1715480 207
1715490 207
1715500 207
1715510 207
1715520 207
1715530 208
1715540 208
1715550 208
1715560 209
1715570 210
1715580 210
1715590 210
1715600 210
1715610 210
1715620 211
1715630 211
1715640 211
1715650 212
1715660 212
1715670 213
1715680 213
1715690 214
1715700 215
1715710 217
1715720 219
1715730 222
1715740 226
1715750 231
1715760 235
1715770 239
1715780 240
1715790 242
1715800 245
1715810 247
1715820 248
1715830 250
1715840 252
1715850 255
1715860 259
1715870 262
1715880 264
1715890 266
1715900 269
1715910 271
1715920 273
1715930 276
1715940 279
1715950 282
1715960 285
1715970 287
1715980 289
1715990 289
1716000 290
1716010 290
1716020 291
1716030 292
1716040 292
1716050 293
1716060 294
1716070 295
1716080 295
1716090 295
1716100 294
1716110 292
1716120 291
1716130 289
1716140 288
1716150 287
1716160 287
1716170 288
1716180 288
1716190 289
1716200 290
1716210 291
1716220 292
1716230 293
1716240 294
1716250 297
1716260 299
1716270 302
1716280 304
1716290 306
1716300 307
1716310 307
1716320 306
1716330 305
1716340 305
1716350 304
1716360 303
1716370 302
1716380 300
1716390 298
1716400 295
1716410 293
1716420 292
1716430 293
1716440 294
1716450 295
1716460 296
1716470 297
1716480 298
1716490 299
1716500 301
1716510 302
1716520 304
1716530 305
1716540 307
1716550 310
1716560 311
1716570 313
1716580 314
1716590 314
1716600 315
1716610 316
1716620 317
1716630 318
1716640 319
1716650 320
1716660 320
1716670 322
1716680 323
1716690 324
1716700 325
1716710 327
1716720 329
1716730 332
1716740 333
1716750 333
1716760 335
1716770 336
1716780 338
1716790 339
1716800 341
1716810 342
1716820 344
1716830 346
1716840 347
1716850 349
1716860 350
1716870 352
1716880 353
1716890 353
1716900 354
1716910 354
1716920 356
1716930 358
1716940 361
1716950 364
1716960 368
1716970 371
1716980 374
1716990 378
1717000 381
1717010 385
1717020 389
1717030 393
1717040 397
1717050 400
1717060 404
1717070 407
1717080 409
1717090 412
1717100 414
1717110 416
1717120 417
1717130 418
1717140 419
1717150 420
1717160 422
1717170 424
1717180 426
1717190 429
1717200 431
1717210 433
1717220 436
1717230 439
1717240 441
1717250 444
1717260 446
1717270 449
1717280 452
1717290 455
1717300 458
1717310 462
1717320 465
1717330 469
1717340 472
1717350 476
1717360 479
1717370 482
1717380 486
1717390 489
1717400 494
1717410 498
1717420 502
1717430 506
1717440 511
1717450 515
1717460 519
1717470 523
1717480 527
1717490 531
1717500 535
1717510 539
1717520 543
1717530 547
1717540 552
1717550 555
1717560 559
1717570 562
1717580 566
1717590 569
1717600 571
1717610 573
1717620 573
1717630 572
1717640 571
1717650 570
1717660 569
1717670 567
1717680 566
1717690 565
1717700 564
1717710 563
1717720 562
1717730 561
1717740 560
1717750 559
1717760 558
1717770 558
1717780 558
1717790 559
1717800 561
1717810 562
1717820 564
1717830 565
1717840 567
1717850 568
1717860 570
1717870 572
1717880 573
1717890 575
1717900 577
1717910 579
1717920 580
1717930 582
1717940 584
1717950 586
1717960 588
1717970 590
1717980 591
1717990 593
1718000 595
1718010 597
1718020 599
1718030 601
1718040 603
1718050 606
1718060 608
1718070 610
1718080 613
1718090 615
1718100 618
1718110 620
1718120 623
1718130 625
1718140 628
1718150 630
1718160 632
1718170 635
1718180 638
1718190 641
1718200 644
1718210 648
1718220 651
1718230 655
1718240 658
1718250 662
1718260 665
1718270 668
1718280 671
1718290 674
1718300 677
1718310 681
1718320 684
1718330 686
1718340 689
1718350 692
1718360 694
1718370 696
1718380 699
1718390 701
1718400 703
1718410 705
1718420 706
1718430 708
1718440 709
1718450 711
1718460 712
1718470 713
1718480 714
1718490 715
1718500 715
1718510 715
1718520 715
1718530 714
1718540 713
1718550 712
1718560 711
1718570 711
1718580 710
1718590 709
1718600 708
1718610 707
1718620 706
1718630 705
1718640 703
1718650 702
1718660 701
1718670 699
1718680 698
1718690 696
1718700 694
1718710 692
1718720 690
1718730 688
1718740 685
1718750 683
1718760 681
1718770 679
1718780 677
1718790 674
1718800 672
1718810 671
1718820 669
1718830 667
1718840 666
1718850 664
1718860 663
1718870 661
1718880 659
1718890 658
1718900 656
1718910 655
1718920 654
1718930 652
1718940 651
1718950 649
1718960 648
1718970 646
1718980 645
1718990 644
1719000 643
1719010 641
1719020 640
1719030 639
1719040 638
1719050 637
1719060 636
1719070 635
1719080 633
1719090 632
1719100 631
1719110 630
1719120 629
1719130 628
1719140 627
1719150 626
1719160 625
1719170 624
1719180 623
1719190 622
1719200 621
1719210 620
1719220 620
1719230 619
1719240 618
1719250 617
1719260 617
1719270 616
1719280 615
1719290 615
1719300 614
1719310 614
1719320 613
1719330 612
1719340 612
1719350 611
1719360 610
1719370 610
1719380 609
1719390 609
1719400 608
1719410 607
1719420 607
1719430 606
1719440 606
1719450 605
1719460 604
1719470 604
1719480 603
1719490 602
1719500 600
1719510 599
1719520 599
1719530 598
1719540 598
1719550 598
1719560 597
1719570 597
1719580 596
1719590 596
1719600 596
1719610 595
1719620 595
1719630 595
1719640 596
1719650 597
1719660 598
1719670 598
1719680 599
1719690 599
1719700 600
1719710 600
1719720 601
1719730 601
1719740 601
1719750 601
1719760 602
1719770 602
1719780 603
1719790 603
1719800 603
1719810 604
1719820 604
1719830 604
1719840 604
1719850 605
1719860 605
1719870 605
1719880 606
1719890 606
1719900 605
1719910 605
1719920 606
1719930 606
1719940 606
1719950 606
1719960 607
1719970 607
1719980 608
1719990 608
