1700000 659
1700010 658
1700020 657
1700030 657
1700040 656
1700050 655
1700060 654
1700070 654
1700080 653
1700090 652
1700100 651
1700110 650
1700120 649
1700130 648
1700140 648
1700150 647
1700160 646
1700170 646
1700180 646
1700190 645
1700200 646
1700210 646
1700220 646
1700230 646
1700240 645
1700250 644
1700260 643
1700270 642
1700280 641
1700290 640
1700300 640
1700310 640
1700320 640
1700330 640
1700340 639
1700350 638
1700360 637
1700370 636
1700380 635
1700390 633
1700400 632
1700410 630
1700420 628
1700430 626
1700440 624
1700450 622
1700460 620
1700470 618
1700480 616
1700490 615
1700500 613
1700510 611
1700520 610
1700530 608
1700540 606
1700550 604
1700560 603
1700570 601
1700580 599
1700590 597
1700600 595
1700610 593
1700620 591
1700630 590
1700640 588
1700650 586
1700660 584
1700670 582
1700680 580
1700690 579
1700700 577
1700710 576
1700720 574
1700730 572
1700740 571
1700750 570
1700760 569
1700770 568
1700780 566
1700790 565
1700800 564
1700810 562
1700820 561
1700830 560
1700840 558
1700850 557
1700860 556
1700870 554
1700880 553
1700890 551
1700900 550
1700910 549
1700920 547
1700930 546
1700940 545
1700950 544
1700960 542
1700970 541
1700980 540
1700990 538
1701000 536
1701010 535
1701020 534
1701030 533
1701040 532
1701050 531
1701060 530
1701070 530
1701080 529
1701090 529
1701100 528
1701110 528
1701120 528
1701130 527
1701140 527
1701150 527
1701160 527
1701170 527
1701180 527
1701190 526
1701200 526
1701210 526
1701220 526
1701230 526
1701240 526
1701250 525
1701260 525
1701270 525
1701280 525
1701290 525
1701300 525
1701310 524
1701320 524
1701330 524
1701340 524
1701350 523
1701360 523
1701370 523
1701380 522
1701390 522
1701400 522
1701410 521
1701420 521
1701430 521
1701440 520
1701450 520
1701460 519
1701470 519
1701480 519
1701490 518
1701500 518
1701510 518
1701520 517
1701530 517
1701540 517
1701550 516
1701560 516
1701570 516
1701580 516
1701590 515
1701600 515
1701610 515
1701620 515
1701630 514
1701640 514
1701650 514
1701660 513
1701670 512
1701680 512
1701690 511
1701700 511
1701710 511
1701720 511
1701730 511
1701740 510
1701750 510
1701760 510
1701770 509
1701780 509
1701790 509
1701800 509
1701810 509
1701820 509
1701830 510
1701840 510
1701850 510
1701860 511
1701870 512
1701880 513
1701890 513
1701900 513
1701910 513
1701920 513
1701930 514
1701940 514
1701950 514
1701960 514
1701970 514
1701980 515
1701990 515
1702000 515
1702010 515
1702020 515
1702030 515
1702040 515
1702050 515
1702060 515
1702070 515
1702080 515
1702090 516
1702100 516
1702110 516
1702120 516
1702130 516
1702140 516
1702150 516
1702160 516
1702170 516
1702180 516
1702190 516
1702200 516
1702210 516
1702220 516
1702230 516
1702240 515
1702250 515
1702260 515
1702270 516
1702280 516
1702290 516
1702300 516
1702310 516
1702320 516
1702330 516
1702340 516
1702350 516
1702360 516
1702370 516
1702380 516
1702390 516
1702400 516
1702410 515
1702420 515
1702430 515
1702440 515
1702450 514
1702460 514
1702470 514
1702480 513
1702490 513
1702500 513
1702510 513
1702520 512
1702530 512
1702540 512
1702550 511
1702560 511
1702570 511
1702580 510
1702590 510
1702600 509
1702610 509
1702620 509
1702630 508
1702640 508
1702650 507
1702660 507
1702670 506
1702680 506
1702690 505
1702700 505
1702710 504
1702720 503
1702730 502
1702740 501
1702750 501
1702760 500
1702770 499
1702780 498
1702790 496
1702800 495
1702810 494
1702820 494
1702830 492
1702840 494
1702850 495
1702860 494
1702870 494
1702880 495
1702890 495
1702900 496
1702910 497
1702920 499
1702930 500
1702940 500
1702950 501
1702960 502
1702970 503
1702980 503
1702990 504
1703000 505
1703010 505
1703020 506
1703030 506
1703040 507
1703050 507
1703060 507
1703070 507
1703080 506
1703090 506
1703100 506
1703110 506
1703120 505
1703130 505
1703140 505
1703150 505
1703160 505
1703170 504
1703180 504
1703190 504
1703200 504
1703210 504
1703220 503
1703230 503
1703240 503
1703250 502
1703260 502
1703270 502
1703280 501
1703290 501
1703300 501
1703310 501
1703320 500
1703330 500
1703340 500
1703350 500
1703360 499
1703370 499
1703380 499
1703390 498
1703400 498
1703410 498
1703420 497
1703430 497
1703440 497
1703450 496
1703460 496
1703470 495
1703480 495
1703490 495
1703500 495
1703510 494
1703520 494
1703530 494
1703540 494
1703550 494
1703560 494
1703570 494
1703580 494
1703590 494
1703600 494
1703610 494
1703620 494
1703630 494
1703640 494
1703650 494
1703660 494
1703670 494
1703680 494
1703690 494
1703700 494
1703710 494
1703720 494
1703730 494
1703740 494
1703750 494
1703760 494
1703770 494
1703780 494
1703790 493
1703800 493
1703810 493
1703820 493
1703830 493
1703840 494
1703850 494
1703860 494
1703870 494
1703880 495
1703890 495
1703900 495
1703910 495
1703920 495
1703930 495
1703940 495
1703950 495
1703960 495
1703970 495
1703980 496
1703990 496
1704000 496
1704010 496
1704020 496
1704030 496
1704040 496
1704050 496
1704060 496
1704070 496
1704080 496
1704090 496
1704100 495
1704110 495
1704120 494
1704130 494
1704140 494
1704150 493
1704160 492
1704170 492
1704180 491
1704190 490
1704200 490
1704210 489
1704220 488
1704230 488
1704240 487
1704250 486
1704260 485
1704270 485
1704280 483
1704290 481
1704300 480
1704310 482
1704320 485
1704330 488
1704340 490
1704350 493
1704360 495
1704370 497
1704380 500
1704390 502
1704400 505
1704410 508
1704420 511
1704430 513
1704440 515
1704450 517
1704460 519
1704470 520
1704480 522
1704490 523
1704500 524
1704510 525
1704520 525
1704530 526
1704540 526
1704550 526
1704560 527
1704570 526
1704580 526
1704590 526
1704600 526
1704610 526
1704620 526
1704630 526
1704640 526
1704650 526
1704660 525
1704670 525
1704680 525
1704690 524
1704700 524
1704710 523
1704720 522
1704730 522
1704740 521
1704750 520
1704760 519
1704770 518
1704780 517
1704790 517
1704800 516
1704810 516
1704820 514
1704830 511
1704840 507
1704850 506
1704860 508
1704870 511
1704880 513
1704890 515
1704900 517
1704910 519
1704920 520
1704930 522
1704940 524
1704950 526
1704960 527
1704970 529
1704980 530
1704990 532
1705000 534
1705010 536
1705020 538
1705030 539
1705040 541
1705050 543
1705060 545
1705070 547
1705080 550
1705090 552
1705100 554
1705110 556
1705120 558
1705130 562
1705140 564
1705150 567
1705160 570
1705170 573
1705180 576
1705190 578
1705200 581
1705210 584
1705220 586
1705230 588
1705240 590
1705250 593
1705260 595
1705270 596
1705280 598
1705290 600
1705300 602
1705310 604
1705320 606
1705330 609
1705340 611
1705350 614
1705360 616
1705370 618
1705380 620
1705390 622
1705400 624
1705410 626
1705420 628
1705430 630
1705440 632
1705450 634
1705460 636
1705470 639
1705480 641
1705490 643
1705500 644
1705510 646
1705520 648
1705530 650
1705540 652
1705550 654
1705560 656
1705570 658
1705580 660
1705590 662
1705600 664
1705610 666
1705620 668
1705630 670
1705640 672
1705650 674
1705660 675
1705670 677
1705680 679
1705690 681
1705700 683
1705710 684
1705720 686
1705730 688
1705740 690
1705750 692
1705760 694
1705770 696
1705780 697
1705790 699
1705800 701
1705810 703
1705820 704
1705830 706
1705840 708
1705850 710
1705860 712
1705870 713
1705880 715
1705890 717
1705900 719
1705910 720
1705920 722
1705930 724
1705940 726
1705950 727
1705960 729
1705970 731
1705980 733
1705990 735
1706000 737
1706010 738
1706020 740
1706030 742
1706040 743
1706050 745
1706060 747
1706070 749
1706080 750
1706090 752
1706100 754
1706110 756
1706120 758
1706130 759
1706140 761
1706150 763
1706160 765
1706170 767
1706180 768
1706190 770
1706200 772
1706210 774
1706220 776
1706230 778
1706240 779
1706250 781
1706260 783
1706270 784
1706280 786
1706290 788
1706300 789
1706310 791
1706320 793
1706330 795
1706340 797
1706350 799
1706360 800
1706370 801
1706380 803
1706390 805
1706400 807
1706410 809
1706420 811
1706430 812
1706440 814
1706450 816
1706460 818
1706470 821
1706480 823
1706490 825
1706500 828
1706510 831
1706520 834
1706530 837
1706540 841
1706550 845
1706560 848
1706570 853
1706580 857
1706590 860
1706600 865
1706610 869
1706620 873
1706630 878
1706640 883
1706650 888
1706660 892
1706670 895
1706680 899
1706690 902
1706700 906
1706710 910
1706720 913
1706730 917
1706740 920
1706750 924
1706760 927
1706770 929
1706780 932
1706790 935
1706800 937
1706810 940
1706820 942
1706830 944
1706840 945
1706850 945
1706860 945
1706870 945
1706880 944
1706890 944
1706900 943
1706910 942
1706920 941
1706930 940
1706940 939
1706950 938
1706960 936
1706970 935
1706980 933
1706990 932
1707000 930
1707010 929
1707020 928
1707030 926
1707040 925
1707050 924
1707060 923
1707070 922
1707080 920
1707090 919
1707100 918
1707110 917
1707120 915
1707130 914
1707140 913
1707150 912
1707160 911
1707170 911
1707180 910
1707190 909
1707200 909
1707210 908
1707220 908
1707230 907
1707240 906
1707250 906
1707260 905
1707270 904
1707280 904
1707290 903
1707300 902
1707310 901
1707320 901
1707330 900
1707340 899
1707350 898
1707360 897
1707370 896
1707380 896
1707390 895
1707400 894
1707410 893
1707420 893
1707430 892
1707440 891
1707450 890
1707460 890
1707470 889
1707480 888
1707490 887
1707500 886
1707510 885
1707520 884
1707530 883
1707540 882
1707550 881
1707560 880
1707570 878
1707580 877
1707590 876
1707600 874
1707610 873
1707620 871
1707630 869
1707640 867
1707650 865
1707660 863
1707670 861
1707680 860
1707690 859
1707700 858
1707710 857
1707720 857
1707730 858
1707740 858
1707750 859
1707760 859
1707770 860
1707780 861
1707790 862
1707800 863
1707810 864
1707820 865
1707830 866
1707840 866
1707850 866
1707860 864
1707870 862
1707880 860
1707890 858
1707900 855
1707910 853
1707920 851
1707930 848
1707940 846
1707950 844
1707960 841
1707970 839
1707980 837
1707990 835
1708000 833
1708010 830
1708020 828
1708030 826
1708040 824
1708050 822
1708060 819
1708070 817
1708080 815
1708090 813
1708100 810
1708110 808
1708120 806
1708130 804
1708140 801
1708150 799
1708160 797
1708170 795
1708180 793
1708190 791
1708200 789
1708210 786
1708220 784
1708230 782
1708240 780
1708250 778
1708260 777
1708270 775
1708280 773
1708290 771
1708300 769
1708310 767
1708320 766
1708330 764
1708340 762
1708350 760
1708360 758
1708370 756
1708380 755
1708390 753
1708400 752
1708410 750
1708420 748
1708430 746
1708440 744
1708450 742
1708460 740
1708470 738
1708480 736
1708490 734
1708500 732
1708510 729
1708520 727
1708530 725
1708540 724
1708550 722
1708560 721
1708570 719
1708580 717
1708590 716
1708600 714
1708610 712
1708620 710
1708630 708
1708640 707
1708650 705
1708660 703
1708670 701
1708680 699
1708690 698
1708700 696
1708710 694
1708720 692
1708730 690
1708740 687
1708750 685
1708760 682
1708770 678
1708780 675
1708790 672
1708800 669
1708810 666
1708820 662
1708830 659
1708840 656
1708850 653
1708860 649
1708870 646
1708880 643
1708890 640
1708900 637
1708910 634
1708920 631
1708930 628
1708940 625
1708950 622
1708960 619
1708970 617
1708980 615
1708990 612
1709000 611
1709010 609
1709020 607
1709030 605
1709040 603
1709050 601
1709060 598
1709070 595
1709080 591
1709090 588
1709100 585
1709110 582
1709120 579
1709130 576
1709140 573
1709150 569
1709160 566
1709170 562
1709180 558
1709190 554
1709200 550
1709210 547
1709220 543
1709230 540
1709240 536
1709250 533
1709260 530
1709270 527
1709280 524
1709290 522
1709300 521
1709310 521
1709320 521
1709330 520
1709340 520
1709350 519
1709360 519
1709370 518
1709380 518
1709390 518
1709400 518
1709410 518
1709420 517
1709430 517
1709440 517
1709450 517
1709460 517
1709470 518
1709480 518
1709490 519
1709500 519
1709510 519
1709520 519
1709530 520
1709540 521
1709550 521
1709560 522
1709570 523
1709580 524
1709590 524
1709600 525
1709610 525
1709620 525
1709630 525
1709640 525
1709650 525
1709660 525
1709670 525
1709680 525
1709690 525
1709700 524
1709710 524
1709720 523
1709730 523
1709740 522
1709750 522
1709760 521
1709770 521
1709780 520
1709790 519
1709800 518
1709810 518
1709820 517
1709830 516
1709840 515
1709850 514
1709860 514
1709870 513
1709880 513
1709890 513
1709900 513
1709910 514
1709920 515
1709930 515
1709940 516
1709950 517
1709960 518
1709970 519
1709980 521
1709990 522
1710000 524
1710010 525
1710020 527
1710030 529
1710040 531
1710050 532
1710060 534
1710070 535
1710080 537
1710090 539
1710100 542
1710110 544
1710120 546
1710130 548
1710140 549
1710150 550
1710160 551
1710170 553
1710180 554
1710190 556
1710200 558
1710210 560
1710220 562
1710230 563
1710240 565
1710250 566
1710260 566
1710270 566
1710280 566
1710290 567
1710300 569
1710310 570
1710320 573
1710330 575
1710340 578
1710350 580
1710360 582
1710370 585
1710380 588
1710390 590
1710400 591
1710410 592
1710420 592
1710430 592
1710440 590
1710450 589
1710460 587
1710470 584
1710480 581
1710490 578
1710500 575
1710510 572
1710520 568
1710530 565
1710540 561
1710550 558
1710560 555
1710570 551
1710580 548
1710590 546
1710600 543
1710610 541
1710620 539
1710630 536
1710640 534
1710650 532
1710660 530
1710670 528
1710680 527
1710690 525
1710700 523
1710710 522
1710720 520
1710730 518
1710740 517
1710750 517
1710760 515
1710770 514
1710780 512
1710790 512
1710800 511
1710810 511
1710820 510
1710830 509
1710840 508
1710850 507
1710860 505
1710870 503
1710880 503
1710890 503
1710900 503
1710910 504
1710920 505
1710930 505
1710940 507
1710950 508
1710960 510
1710970 513
1710980 516
1710990 519
1711000 522
1711010 525
1711020 528
1711030 529
1711040 530
1711050 529
1711060 526
1711070 523
1711080 519
1711090 515
1711100 511
1711110 506
1711120 502
1711130 497
1711140 493
1711150 489
1711160 485
1711170 481
1711180 478
1711190 475
1711200 472
1711210 470
1711220 469
1711230 467
1711240 467
1711250 466
1711260 465
1711270 464
1711280 463
1711290 462
1711300 462
1711310 462
1711320 461
1711330 462
1711340 463
1711350 466
1711360 468
1711370 471
1711380 473
1711390 475
1711400 477
1711410 479
1711420 480
1711430 482
1711440 485
1711450 487
1711460 489
1711470 491
1711480 493
1711490 495
1711500 497
1711510 499
1711520 500
1711530 502
1711540 504
1711550 505
1711560 506
1711570 507
1711580 507
1711590 507
1711600 506
1711610 505
1711620 504
1711630 501
1711640 498
1711650 495
1711660 492
1711670 488
1711680 485
1711690 482
1711700 479
1711710 476
1711720 473
1711730 470
1711740 469
1711750 467
1711760 466
1711770 464
1711780 463
1711790 462
1711800 461
1711810 460
1711820 460
1711830 459
1711840 458
1711850 457
1711860 455
1711870 454
1711880 453
1711890 453
1711900 452
1711910 452
1711920 451
1711930 451
1711940 450
1711950 450
1711960 449
1711970 448
1711980 448
1711990 448
1712000 448
1712010 448
1712020 448
1712030 449
1712040 449
1712050 449
1712060 450
1712070 452
1712080 454
1712090 456
1712100 459
1712110 462
1712120 464
1712130 467
1712140 469
1712150 471
1712160 473
1712170 474
1712180 475
1712190 475
1712200 475
1712210 474
1712220 473
1712230 472
1712240 471
1712250 469
1712260 468
1712270 466
1712280 464
1712290 463
1712300 462
1712310 461
1712320 460
1712330 459
1712340 457
1712350 456
1712360 456
1712370 456
1712380 456
1712390 456
1712400 457
1712410 457
1712420 458
1712430 458
1712440 459
1712450 460
1712460 460
1712470 461
1712480 462
1712490 463
1712500 464
1712510 464
1712520 465
1712530 466
1712540 468
1712550 470
1712560 474
1712570 478
1712580 482
1712590 487
1712600 492
1712610 497
1712620 502
1712630 507
1712640 511
1712650 513
1712660 514
1712670 514
1712680 514
1712690 514
1712700 514
1712710 514
1712720 514
1712730 515
1712740 516
1712750 518
1712760 519
1712770 520
1712780 521
1712790 522
1712800 525
1712810 527
1712820 530
1712830 533
1712840 537
1712850 543
1712860 548
1712870 553
1712880 559
1712890 564
1712900 569
1712910 574
1712920 579
1712930 584
1712940 589
1712950 593
1712960 597
1712970 602
1712980 608
1712990 613
1713000 618
1713010 622
1713020 626
1713030 630
1713040 634
1713050 636
1713060 635
1713070 632
1713080 628
1713090 625
1713100 622
1713110 620
1713120 618
1713130 617
1713140 616
1713150 615
1713160 615
1713170 615
1713180 615
1713190 615
1713200 616
1713210 616
1713220 617
1713230 618
1713240 620
1713250 620
1713260 620
1713270 618
1713280 616
1713290 614
1713300 613
1713310 611
1713320 609
1713330 607
1713340 604
1713350 601
1713360 598
1713370 596
1713380 593
1713390 590
1713400 587
1713410 584
1713420 582
1713430 579
1713440 576
1713450 573
1713460 570
1713470 567
1713480 564
1713490 561
1713500 558
1713510 555
1713520 551
1713530 548
1713540 544
1713550 541
1713560 538
1713570 535
1713580 532
1713590 528
1713600 525
1713610 522
1713620 518
1713630 514
1713640 511
1713650 507
1713660 503
1713670 499
1713680 495
1713690 492
1713700 488
1713710 485
1713720 483
1713730 480
1713740 477
1713750 475
1713760 472
1713770 470
1713780 467
1713790 465
1713800 462
1713810 459
1713820 456
1713830 453
1713840 449
1713850 447
1713860 444
1713870 440
1713880 437
1713890 433
1713900 430
1713910 427
1713920 424
1713930 422
1713940 420
1713950 419
1713960 416
1713970 414
1713980 412
1713990 410
1714000 408
1714010 407
1714020 406
1714030 405
1714040 405
1714050 404
1714060 403
1714070 401
1714080 399
1714090 398
1714100 396
1714110 394
1714120 392
1714130 389
1714140 387
1714150 385
1714160 383
1714170 382
1714180 380
1714190 378
1714200 377
1714210 376
1714220 374
1714230 373
1714240 371
1714250 369
1714260 367
1714270 365
1714280 363
1714290 361
1714300 360
1714310 358
1714320 356
1714330 355
1714340 353
1714350 351
1714360 349
1714370 347
1714380 345
1714390 343
1714400 341
1714410 339
1714420 337
1714430 334
1714440 333
1714450 331
1714460 330
1714470 328
1714480 326
1714490 324
1714500 322
1714510 320
1714520 319
1714530 317
1714540 316
1714550 314
1714560 312
1714570 311
1714580 309
1714590 307
1714600 305
1714610 302
1714620 299
1714630 296
1714640 293
1714650 289
1714660 285
1714670 281
1714680 277
1714690 273
1714700 269
1714710 265
1714720 260
1714730 255
1714740 250
1714750 246
1714760 241
1714770 236
1714780 231
1714790 226
1714800 221
1714810 217
1714820 216
1714830 213
1714840 212
1714850 211
1714860 210
1714870 210
1714880 209
1714890 208
1714900 206
1714910 203
1714920 201
1714930 200
1714940 200
1714950 200
1714960 200
1714970 200
1714980 200
1714990 200
1715000 200
1715010 200
1715020 200
1715030 200
1715040 200
1715050 200
1715060 200
1715070 200
1715080 200
1715090 200
1715100 200
1715110 200
1715120 200
1715130 200
1715140 200
1715150 200
1715160 200
1715170 200
1715180 200
1715190 200
1715200 200
1715210 200
1715220 200
1715230 200
1715240 200
1715250 200
1715260 200
1715270 200
1715280 200
1715290 200
1715300 200
1715310 200
1715320 200
1715330 200
1715340 200
1715350 200
1715360 200
1715370 200
1715380 200
1715390 200
1715400 200
1715410 200
1715420 200
1715430 202
1715440 204
1715450 205
1715460 206
1715470 206
1715480 207
1715490 207
1715500 207
1715510 207
1715520 207
1715530 207
1715540 207
1715550 207
1715560 207
1715570 207
1715580 207
1715590 207
1715600 207
1715610 207
1715620 207
1715630 207
1715640 207
1715650 207
1715660 208
1715670 208
1715680 209
1715690 211
1715700 218
1715710 228
1715720 232
1715730 235
1715740 236
1715750 238
1715760 240
1715770 242
1715780 245
1715790 247
1715800 250
1715810 254
1715820 257
1715830 261
1715840 265
1715850 268
1715860 272
1715870 276
1715880 280
1715890 284
1715900 288
1715910 292
1715920 294
1715930 297
1715940 299
1715950 301
1715960 304
1715970 307
1715980 310
1715990 314
1716000 318
1716010 321
1716020 326
1716030 330
1716040 335
1716050 341
1716060 345
1716070 348
1716080 350
1716090 353
1716100 355
1716110 358
1716120 361
1716130 364
1716140 367
1716150 370
1716160 373
1716170 376
1716180 379
1716190 383
1716200 385
1716210 388
1716220 391
1716230 393
1716240 394
1716250 395
1716260 394
1716270 394
1716280 393
1716290 393
1716300 393
1716310 393
1716320 392
1716330 391
1716340 390
1716350 389
1716360 388
1716370 387
1716380 387
1716390 386
1716400 386
1716410 388
1716420 389
1716430 392
1716440 395
1716450 399
1716460 403
1716470 407
1716480 411
1716490 414
1716500 417
1716510 420
1716520 424
1716530 428
1716540 432
1716550 436
1716560 441
1716570 446
1716580 451
1716590 456
1716600 460
1716610 464
1716620 468
1716630 472
1716640 475
1716650 479
1716660 483
1716670 487
1716680 493
1716690 498
1716700 503
1716710 506
1716720 510
1716730 514
1716740 519
1716750 525
1716760 531
1716770 538
1716780 544
1716790 549
1716800 553
1716810 557
1716820 563
1716830 572
1716840 580
1716850 587
1716860 590
1716870 591
1716880 591
1716890 590
1716900 590
1716910 589
1716920 588
1716930 587
1716940 586
1716950 584
1716960 583
1716970 581
1716980 579
1716990 578
1717000 576
1717010 574
1717020 572
1717030 570
1717040 568
1717050 566
1717060 563
1717070 561
1717080 558
1717090 556
1717100 554
1717110 553
1717120 551
1717130 550
1717140 549
1717150 548
1717160 546
1717170 545
1717180 542
1717190 540
1717200 538
1717210 536
1717220 534
1717230 533
1717240 533
1717250 534
1717260 535
1717270 536
1717280 537
1717290 539
1717300 541
1717310 543
1717320 545
1717330 547
1717340 549
1717350 551
1717360 554
1717370 556
1717380 559
1717390 562
1717400 565
1717410 567
1717420 569
1717430 571
1717440 573
1717450 576
1717460 579
1717470 581
1717480 582
1717490 580
1717500 578
1717510 575
1717520 572
1717530 569
1717540 566
1717550 564
1717560 561
1717570 558
1717580 556
1717590 554
1717600 552
1717610 550
1717620 548
1717630 546
1717640 544
1717650 542
1717660 540
1717670 538
1717680 535
1717690 532
1717700 529
1717710 526
1717720 523
1717730 521
1717740 519
1717750 517
1717760 515
1717770 512
1717780 510
1717790 507
1717800 504
1717810 500
1717820 497
1717830 493
1717840 490
1717850 487
1717860 484
1717870 481
1717880 478
1717890 475
1717900 473
1717910 471
1717920 470
1717930 469
1717940 469
1717950 470
1717960 472
1717970 474
1717980 477
1717990 479
1718000 483
1718010 487
1718020 491
1718030 495
1718040 499
1718050 502
1718060 506
1718070 509
1718080 513
1718090 517
1718100 521
1718110 525
1718120 528
1718130 532
1718140 535
1718150 539
1718160 542
1718170 545
1718180 548
1718190 552
1718200 555
1718210 557
1718220 560
1718230 562
1718240 563
1718250 565
1718260 566
1718270 567
1718280 568
1718290 570
1718300 571
1718310 573
1718320 575
1718330 577
1718340 579
1718350 581
1718360 584
1718370 586
1718380 589
1718390 591
1718400 594
1718410 597
1718420 600
1718430 603
1718440 606
1718450 608
1718460 611
1718470 613
1718480 615
1718490 618
1718500 621
1718510 624
1718520 628
1718530 631
1718540 635
1718550 638
1718560 641
1718570 645
1718580 649
1718590 653
1718600 657
1718610 662
1718620 666
1718630 669
1718640 671
1718650 670
1718660 669
1718670 669
1718680 670
1718690 671
1718700 672
1718710 672
1718720 673
1718730 674
1718740 675
1718750 677
1718760 678
1718770 680
1718780 681
1718790 683
1718800 684
1718810 686
1718820 687
1718830 689
1718840 690
1718850 691
1718860 692
1718870 693
1718880 694
1718890 696
1718900 697
1718910 698
1718920 699
1718930 700
1718940 701
1718950 702
1718960 703
1718970 704
1718980 705
1718990 707
1719000 708
1719010 709
1719020 709
1719030 710
1719040 710
1719050 709
1719060 709
1719070 709
1719080 708
1719090 708
1719100 707
1719110 707
1719120 707
1719130 706
1719140 705
1719150 704
1719160 703
1719170 703
1719180 702
1719190 701
1719200 700
1719210 699
1719220 698
1719230 697
1719240 696
1719250 696
1719260 695
1719270 694
1719280 694
1719290 693
1719300 692
1719310 692
1719320 692
1719330 691
1719340 691
1719350 691
1719360 691
1719370 691
1719380 691
1719390 691
1719400 691
1719410 690
1719420 690
1719430 690
1719440 690
1719450 690
1719460 689
1719470 689
1719480 688
1719490 688
1719500 687
1719510 687
1719520 687
1719530 687
1719540 686
1719550 686
1719560 686
1719570 685
1719580 684
1719590 683
1719600 682
1719610 681
1719620 680
1719630 679
1719640 677
1719650 676
1719660 675
1719670 673
1719680 672
1719690 671
1719700 669
1719710 668
1719720 667
1719730 666
1719740 665
1719750 665
1719760 664
1719770 664
1719780 664
1719790 664
1719800 664
1719810 664
1719820 664
1719830 664
1719840 663
1719850 663
1719860 662
1719870 662
1719880 662
1719890 662
1719900 662
1719910 661
1719920 661
1719930 661
1719940 661
1719950 661
1719960 661
1719970 661
1719980 661
1719990 661
