1700000 760
1700010 762
1700020 764
1700030 766
1700040 768
1700050 770
1700060 772
1700070 773
1700080 775
1700090 776
1700100 778
1700110 779
1700120 781
1700130 782
1700140 782
1700150 783
1700160 783
1700170 783
1700180 783
1700190 783
1700200 783
1700210 783
1700220 783
1700230 783
1700240 783
1700250 783
1700260 783
1700270 782
1700280 782
1700290 782
1700300 781
1700310 781
1700320 780
1700330 779
1700340 778
1700350 778
1700360 777
1700370 776
1700380 775
1700390 774
1700400 772
1700410 771
1700420 770
1700430 768
1700440 767
1700450 766
1700460 765
1700470 764
1700480 763
1700490 762
1700500 761
1700510 761
1700520 761
1700530 760
1700540 759
1700550 759
1700560 759
1700570 758
1700580 758
1700590 758
1700600 758
1700610 758
1700620 758
1700630 759
1700640 759
1700650 760
1700660 761
1700670 762
1700680 763
1700690 763
1700700 764
1700710 764
1700720 765
1700730 765
1700740 765
1700750 765
1700760 766
1700770 766
1700780 767
1700790 768
1700800 768
1700810 769
1700820 770
1700830 771
1700840 771
1700850 772
1700860 773
1700870 774
1700880 775
1700890 775
1700900 776
1700910 777
1700920 777
1700930 778
1700940 779
1700950 779
1700960 780
1700970 780
1700980 781
1700990 781
1701000 782
1701010 782
1701020 781
1701030 781
1701040 780
1701050 780
1701060 779
1701070 777
1701080 776
1701090 775
1701100 774
1701110 772
1701120 770
1701130 768
1701140 767
1701150 765
1701160 764
1701170 762
1701180 760
1701190 759
1701200 757
1701210 755
1701220 753
1701230 751
1701240 749
1701250 747
1701260 745
1701270 744
1701280 742
1701290 741
1701300 740
1701310 739
1701320 738
1701330 737
1701340 736
1701350 735
1701360 734
1701370 733
1701380 732
1701390 732
1701400 731
1701410 730
1701420 729
1701430 728
1701440 727
1701450 726
1701460 726
1701470 726
1701480 725
1701490 725
1701500 725
1701510 724
1701520 724
1701530 724
1701540 724
1701550 724
1701560 724
1701570 724
1701580 723
1701590 723
1701600 724
1701610 724
1701620 724
1701630 724
1701640 725
1701650 725
1701660 726
1701670 726
1701680 727
1701690 727
1701700 728
1701710 728
1701720 728
1701730 728
1701740 728
1701750 728
1701760 728
1701770 728
1701780 726
1701790 725
1701800 724
1701810 722
1701820 720
1701830 718
1701840 716
1701850 714
1701860 712
1701870 709
1701880 707
1701890 705
1701900 703
1701910 700
1701920 698
1701930 696
1701940 694
1701950 692
1701960 690
1701970 688
1701980 685
1701990 683
1702000 681
1702010 679
1702020 677
1702030 675
1702040 673
1702050 671
1702060 669
1702070 667
1702080 665
1702090 663
1702100 661
1702110 659
1702120 658
1702130 656
1702140 655
1702150 653
1702160 651
1702170 650
1702180 649
1702190 647
1702200 646
1702210 644
1702220 642
1702230 641
1702240 639
1702250 638
1702260 636
1702270 634
1702280 633
1702290 631
1702300 630
1702310 628
1702320 627
1702330 625
1702340 623
1702350 622
1702360 620
1702370 619
1702380 617
1702390 615
1702400 614
1702410 612
1702420 610
1702430 609
1702440 608
1702450 606
1702460 605
1702470 603
1702480 601
1702490 600
1702500 598
1702510 596
1702520 595
1702530 593
1702540 592
1702550 590
1702560 588
1702570 587
1702580 585
1702590 583
1702600 581
1702610 579
1702620 578
1702630 576
1702640 576
1702650 574
1702660 573
1702670 571
1702680 570
1702690 568
1702700 567
1702710 565
1702720 564
1702730 563
1702740 562
1702750 560
1702760 559
1702770 558
1702780 556
1702790 555
1702800 554
1702810 553
1702820 552
1702830 551
1702840 549
1702850 548
1702860 547
1702870 546
1702880 545
1702890 544
1702900 543
1702910 542
1702920 541
1702930 540
1702940 538
1702950 537
1702960 536
1702970 535
1702980 534
1702990 533
1703000 532
1703010 531
1703020 531
1703030 530
1703040 529
1703050 527
1703060 525
1703070 523
1703080 521
1703090 520
1703100 520
1703110 521
1703120 522
1703130 523
1703140 523
1703150 523
1703160 522
1703170 522
1703180 522
1703190 521
1703200 521
1703210 521
1703220 520
1703230 520
1703240 519
1703250 519
1703260 518
1703270 518
1703280 517
1703290 516
1703300 516
1703310 515
1703320 514
1703330 513
1703340 513
1703350 512
1703360 512
1703370 511
1703380 510
1703390 510
1703400 509
1703410 509
1703420 508
1703430 507
1703440 506
1703450 506
1703460 505
1703470 505
1703480 504
1703490 504
1703500 504
1703510 503
1703520 503
1703530 503
1703540 502
1703550 502
1703560 501
1703570 501
1703580 500
1703590 500
1703600 500
1703610 499
1703620 499
1703630 498
1703640 498
1703650 497
1703660 497
1703670 496
1703680 496
1703690 495
1703700 495
1703710 494
1703720 494
1703730 494
1703740 493
1703750 492
1703760 491
1703770 491
1703780 490
1703790 489
1703800 488
1703810 488
1703820 487
1703830 486
1703840 486
1703850 485
1703860 484
1703870 482
1703880 481
1703890 480
1703900 479
1703910 478
1703920 477
1703930 476
1703940 475
1703950 475
1703960 475
1703970 474
1703980 474
1703990 473
1704000 473
1704010 472
1704020 472
1704030 471
1704040 471
1704050 470
1704060 469
1704070 469
1704080 468
1704090 467
1704100 467
1704110 466
1704120 466
1704130 466
1704140 465
1704150 465
1704160 464
1704170 464
1704180 463
1704190 462
1704200 461
1704210 459
1704220 459
1704230 458
1704240 457
1704250 457
1704260 456
1704270 455
1704280 455
1704290 454
1704300 454
1704310 454
1704320 454
1704330 453
1704340 453
1704350 452
1704360 450
1704370 449
1704380 447
1704390 446
1704400 445
1704410 445
1704420 445
1704430 445
1704440 445
1704450 444
1704460 444
1704470 444
1704480 443
1704490 443
1704500 443
1704510 442
1704520 441
1704530 441
1704540 440
1704550 439
1704560 438
1704570 437
1704580 437
1704590 437
1704600 437
1704610 437
1704620 437
1704630 436
1704640 436
1704650 435
1704660 435
1704670 435
1704680 434
1704690 434
1704700 434
1704710 433
1704720 432
1704730 431
1704740 431
1704750 431
1704760 430
1704770 431
1704780 431
1704790 431
1704800 431
1704810 430
1704820 430
1704830 430
1704840 430
1704850 430
1704860 429
1704870 429
1704880 428
1704890 428
1704900 428
1704910 428
1704920 427
1704930 427
1704940 426
1704950 426
1704960 425
1704970 425
1704980 425
1704990 425
1705000 425
1705010 425
1705020 424
1705030 424
1705040 424
1705050 423
1705060 423
1705070 424
1705080 424
1705090 424
1705100 424
1705110 423
1705120 423
1705130 423
1705140 423
1705150 423
1705160 422
1705170 422
1705180 422
1705190 421
1705200 420
1705210 419
1705220 419
1705230 420
1705240 423
1705250 425
1705260 427
1705270 428
1705280 429
1705290 430
1705300 431
1705310 432
1705320 433
1705330 434
1705340 436
1705350 438
1705360 440
1705370 441
1705380 443
1705390 443
1705400 444
1705410 445
1705420 445
1705430 446
1705440 446
1705450 446
1705460 447
1705470 447
1705480 448
1705490 448
1705500 449
1705510 450
1705520 451
1705530 452
1705540 454
1705550 455
1705560 456
1705570 458
1705580 459
1705590 461
1705600 462
1705610 463
1705620 465
1705630 466
1705640 467
1705650 468
1705660 469
1705670 470
1705680 470
1705690 471
1705700 471
1705710 471
1705720 471
1705730 471
1705740 470
1705750 470
1705760 469
1705770 468
1705780 467
1705790 465
1705800 463
1705810 465
1705820 467
1705830 469
1705840 469
1705850 470
1705860 470
1705870 470
1705880 470
1705890 470
1705900 470
1705910 469
1705920 469
1705930 468
1705940 468
1705950 468
1705960 468
1705970 468
1705980 467
1705990 467
1706000 467
1706010 466
1706020 466
1706030 465
1706040 465
1706050 464
1706060 464
1706070 464
1706080 464
1706090 465
1706100 465
1706110 466
1706120 466
1706130 466
1706140 467
1706150 467
1706160 468
1706170 468
1706180 468
1706190 469
1706200 470
1706210 470
1706220 471
1706230 472
1706240 473
1706250 474
1706260 475
1706270 476
1706280 476
1706290 477
1706300 477
1706310 478
1706320 479
1706330 480
1706340 481
1706350 482
1706360 483
1706370 483
1706380 484
1706390 484
1706400 485
1706410 485
1706420 485
1706430 486
1706440 487
1706450 487
1706460 488
1706470 488
1706480 488
1706490 488
1706500 489
1706510 489
1706520 489
1706530 489
1706540 490
1706550 490
1706560 490
1706570 490
1706580 490
1706590 490
1706600 490
1706610 490
1706620 490
1706630 491
1706640 491
1706650 491
1706660 491
1706670 492
1706680 492
1706690 491
1706700 491
1706710 491
1706720 491
1706730 490
1706740 490
1706750 489
1706760 489
1706770 489
1706780 489
1706790 489
1706800 489
1706810 489
1706820 490
1706830 490
1706840 490
1706850 490
1706860 491
1706870 491
1706880 491
1706890 491
1706900 491
1706910 491
1706920 492
1706930 493
1706940 493
1706950 494
1706960 494
1706970 495
1706980 495
1706990 496
1707000 496
1707010 497
1707020 498
1707030 499
1707040 499
1707050 500
1707060 501
1707070 502
1707080 502
1707090 503
1707100 504
1707110 505
1707120 506
1707130 508
1707140 509
1707150 510
1707160 512
1707170 514
1707180 515
1707190 517
1707200 519
1707210 520
1707220 521
1707230 523
1707240 524
1707250 525
1707260 526
1707270 527
1707280 528
1707290 529
1707300 530
1707310 531
1707320 532
1707330 533
1707340 534
1707350 534
1707360 534
1707370 535
1707380 535
1707390 535
1707400 535
1707410 535
1707420 535
1707430 534
1707440 534
1707450 533
1707460 532
1707470 531
1707480 530
1707490 529
1707500 528
1707510 526
1707520 525
1707530 523
1707540 522
1707550 520
1707560 519
1707570 518
1707580 515
1707590 513
1707600 513
1707610 513
1707620 514
1707630 515
1707640 515
1707650 515
1707660 515
1707670 514
1707680 514
1707690 514
1707700 514
1707710 513
1707720 513
1707730 512
1707740 511
1707750 510
1707760 510
1707770 509
1707780 508
1707790 509
1707800 510
1707810 512
1707820 514
1707830 517
1707840 518
1707850 520
1707860 522
1707870 525
1707880 528
1707890 530
1707900 532
1707910 534
1707920 536
1707930 538
1707940 540
1707950 542
1707960 543
1707970 545
1707980 546
1707990 548
1708000 551
1708010 553
1708020 556
1708030 558
1708040 561
1708050 563
1708060 564
1708070 566
1708080 567
1708090 569
1708100 569
1708110 569
1708120 569
1708130 568
1708140 568
1708150 567
1708160 565
1708170 564
1708180 563
1708190 561
1708200 560
1708210 559
1708220 558
1708230 558
1708240 557
1708250 556
1708260 556
1708270 555
1708280 554
1708290 553
1708300 552
1708310 551
1708320 551
1708330 551
1708340 550
1708350 550
1708360 549
1708370 548
1708380 547
1708390 546
1708400 546
1708410 545
1708420 543
1708430 542
1708440 541
1708450 539
1708460 538
1708470 536
1708480 535
1708490 534
1708500 532
1708510 531
1708520 529
1708530 528
1708540 526
1708550 525
1708560 523
1708570 522
1708580 520
1708590 518
1708600 517
1708610 515
1708620 513
1708630 511
1708640 509
1708650 507
1708660 504
1708670 502
1708680 499
1708690 496
1708700 494
1708710 491
1708720 488
1708730 485
1708740 483
1708750 480
1708760 477
1708770 474
1708780 470
1708790 467
1708800 463
1708810 460
1708820 457
1708830 454
1708840 451
1708850 448
1708860 446
1708870 443
1708880 441
1708890 439
1708900 436
1708910 434
1708920 432
1708930 430
1708940 427
1708950 425
1708960 423
1708970 422
1708980 421
1708990 420
1709000 419
1709010 419
1709020 420
1709030 420
1709040 421
1709050 422
1709060 423
1709070 423
1709080 424
1709090 424
1709100 425
1709110 425
1709120 425
1709130 425
1709140 425
1709150 424
1709160 424
1709170 423
1709180 423
1709190 422
1709200 421
1709210 420
1709220 419
1709230 419
1709240 418
1709250 417
1709260 416
1709270 415
1709280 414
1709290 412
1709300 411
1709310 410
1709320 408
1709330 406
1709340 405
1709350 403
1709360 402
1709370 401
1709380 400
1709390 398
1709400 397
1709410 396
1709420 395
1709430 394
1709440 393
1709450 392
1709460 391
1709470 390
1709480 389
1709490 387
1709500 386
1709510 385
1709520 384
1709530 382
1709540 381
1709550 380
1709560 379
1709570 377
1709580 376
1709590 375
1709600 374
1709610 373
1709620 371
1709630 370
1709640 369
1709650 368
1709660 366
1709670 365
1709680 363
1709690 361
1709700 359
1709710 358
1709720 356
1709730 355
1709740 353
1709750 352
1709760 349
1709770 346
1709780 343
1709790 342
1709800 340
1709810 338
1709820 336
1709830 333
1709840 330
1709850 328
1709860 327
1709870 326
1709880 324
1709890 323
1709900 321
1709910 320
1709920 319
1709930 318
1709940 318
1709950 317
1709960 315
1709970 313
1709980 311
1709990 310
1710000 310
1710010 309
1710020 308
1710030 308
1710040 308
1710050 307
1710060 307
1710070 307
1710080 306
1710090 306
1710100 305
1710110 305
1710120 305
1710130 307
1710140 310
1710150 314
1710160 318
1710170 319
1710180 320
1710190 321
1710200 322
1710210 322
1710220 322
1710230 322
1710240 321
1710250 320
1710260 320
1710270 322
1710280 325
1710290 329
1710300 332
1710310 334
1710320 337
1710330 339
1710340 342
1710350 343
1710360 344
1710370 345
1710380 347
1710390 348
1710400 348
1710410 349
1710420 350
1710430 350
1710440 350
1710450 351
1710460 351
1710470 351
1710480 351
1710490 351
1710500 351
1710510 351
1710520 351
1710530 351
1710540 351
1710550 352
1710560 352
1710570 352
1710580 352
1710590 352
1710600 352
1710610 352
1710620 352
1710630 352
1710640 352
1710650 352
1710660 353
1710670 354
1710680 355
1710690 357
1710700 358
1710710 360
1710720 362
1710730 363
1710740 365
1710750 366
1710760 367
1710770 367
1710780 368
1710790 369
1710800 369
1710810 369
1710820 369
1710830 370
1710840 370
1710850 371
1710860 371
1710870 372
1710880 372
1710890 371
1710900 369
1710910 367
1710920 366
1710930 365
1710940 364
1710950 365
1710960 367
1710970 371
1710980 374
1710990 378
1711000 381
1711010 385
1711020 389
1711030 393
1711040 396
1711050 399
1711060 403
1711070 406
1711080 409
1711090 413
1711100 416
1711110 420
1711120 423
1711130 427
1711140 431
1711150 434
1711160 438
1711170 441
1711180 444
1711190 447
1711200 449
1711210 449
1711220 447
1711230 444
1711240 440
1711250 437
1711260 435
1711270 432
1711280 430
1711290 429
1711300 427
1711310 426
1711320 425
1711330 424
1711340 423
1711350 423
1711360 423
1711370 423
1711380 424
1711390 424
1711400 423
1711410 424
1711420 427
1711430 430
1711440 432
1711450 435
1711460 438
1711470 441
1711480 445
1711490 448
1711500 452
1711510 455
1711520 459
1711530 462
1711540 465
1711550 466
1711560 466
1711570 464
1711580 464
1711590 463
1711600 463
1711610 463
1711620 463
1711630 463
1711640 463
1711650 463
1711660 463
1711670 464
1711680 465
1711690 465
1711700 466
1711710 467
1711720 468
1711730 469
1711740 471
1711750 472
1711760 473
1711770 474
1711780 475
1711790 476
1711800 477
1711810 477
1711820 477
1711830 476
1711840 475
1711850 473
1711860 472
1711870 471
1711880 469
1711890 468
1711900 467
1711910 467
1711920 467
1711930 467
1711940 467
1711950 466
1711960 464
1711970 461
1711980 459
1711990 455
1712000 452
1712010 448
1712020 445
1712030 442
1712040 438
1712050 435
1712060 432
1712070 429
1712080 427
1712090 423
1712100 420
1712110 417
1712120 415
1712130 413
1712140 410
1712150 407
1712160 403
1712170 400
1712180 398
1712190 395
1712200 391
1712210 387
1712220 383
1712230 379
1712240 375
1712250 371
1712260 368
1712270 365
1712280 362
1712290 359
1712300 356
1712310 354
1712320 354
1712330 355
1712340 356
1712350 358
1712360 361
1712370 364
1712380 366
1712390 369
1712400 372
1712410 375
1712420 377
1712430 379
1712440 380
1712450 382
1712460 382
1712470 383
1712480 382
1712490 380
1712500 378
1712510 376
1712520 374
1712530 371
1712540 368
1712550 366
1712560 363
1712570 360
1712580 358
1712590 355
1712600 353
1712610 351
1712620 348
1712630 344
1712640 340
1712650 336
1712660 332
1712670 328
1712680 324
1712690 320
1712700 316
1712710 312
1712720 308
1712730 304
1712740 301
1712750 296
1712760 292
1712770 288
1712780 284
1712790 280
1712800 277
1712810 275
1712820 272
1712830 271
1712840 269
1712850 268
1712860 268
1712870 268
1712880 267
1712890 267
1712900 268
1712910 268
1712920 268
1712930 268
1712940 268
1712950 268
1712960 268
1712970 268
1712980 267
1712990 265
1713000 262
1713010 264
1713020 265
1713030 267
1713040 267
1713050 267
1713060 267
1713070 267
1713080 267
1713090 267
1713100 266
1713110 266
1713120 266
1713130 266
1713140 265
1713150 265
1713160 265
1713170 265
1713180 265
1713190 265
1713200 266
1713210 266
1713220 267
1713230 268
1713240 269
1713250 269
1713260 269
1713270 270
1713280 270
1713290 270
1713300 271
1713310 270
1713320 269
1713330 268
1713340 265
1713350 261
1713360 257
1713370 252
1713380 248
1713390 244
1713400 242
1713410 241
1713420 239
1713430 239
1713440 239
1713450 238
1713460 237
1713470 237
1713480 237
1713490 237
1713500 237
1713510 237
1713520 237
1713530 237
1713540 237
1713550 236
1713560 236
1713570 236
1713580 236
1713590 235
1713600 235
1713610 235
1713620 235
1713630 235
1713640 236
1713650 236
1713660 236
1713670 236
1713680 236
1713690 236
1713700 236
1713710 236
1713720 236
1713730 236
1713740 236
1713750 236
1713760 236
1713770 236
1713780 235
1713790 235
1713800 235
1713810 235
1713820 235
1713830 235
1713840 234
1713850 234
1713860 234
1713870 234
1713880 233
1713890 233
1713900 233
1713910 232
1713920 231
1713930 230
1713940 229
1713950 229
1713960 228
1713970 228
1713980 227
1713990 227
1714000 226
1714010 226
1714020 226
1714030 225
1714040 225
1714050 225
1714060 225
1714070 224
1714080 224
1714090 224
1714100 224
1714110 224
1714120 224
1714130 224
1714140 224
1714150 224
1714160 224
1714170 223
1714180 223
1714190 222
1714200 222
1714210 222
1714220 221
1714230 221
1714240 221
1714250 221
1714260 221
1714270 221
1714280 221
1714290 221
1714300 221
1714310 221
1714320 221
1714330 221
1714340 221
1714350 221
1714360 221
1714370 221
1714380 221
1714390 221
1714400 221
1714410 221
1714420 221
1714430 221
1714440 221
1714450 221
1714460 220
1714470 220
1714480 220
1714490 220
1714500 220
1714510 219
1714520 219
1714530 219
1714540 219
1714550 219
1714560 218
1714570 218
1714580 218
1714590 218
1714600 217
1714610 217
1714620 217
1714630 217
1714640 217
1714650 216
1714660 216
1714670 216
1714680 215
1714690 215
1714700 215
1714710 216
1714720 216
1714730 216
1714740 216
1714750 216
1714760 216
1714770 217
1714780 217
1714790 217
1714800 217
1714810 217
1714820 217
1714830 217
1714840 216
1714850 217
1714860 217
1714870 218
1714880 218
1714890 219
1714900 218
1714910 218
1714920 218
1714930 221
1714940 224
1714950 229
1714960 232
1714970 234
1714980 236
1714990 236
1715000 235
1715010 233
1715020 231
1715030 230
1715040 230
1715050 230
1715060 230
1715070 229
1715080 229
1715090 230
1715100 230
1715110 228
1715120 225
1715130 223
1715140 221
1715150 219
1715160 218
1715170 217
1715180 215
1715190 215
1715200 215
1715210 214
1715220 214
1715230 214
1715240 214
1715250 214
1715260 214
1715270 215
1715280 216
1715290 216
1715300 217
1715310 219
1715320 222
1715330 227
1715340 229
1715350 229
1715360 228
1715370 228
1715380 229
1715390 232
1715400 235
1715410 236
1715420 236
1715430 236
1715440 236
1715450 236
1715460 237
1715470 238
1715480 239
1715490 239
1715500 238
1715510 236
1715520 235
1715530 233
1715540 232
1715550 228
1715560 224
1715570 219
1715580 214
1715590 211
1715600 209
1715610 207
1715620 206
1715630 205
1715640 205
1715650 205
1715660 205
1715670 204
1715680 204
1715690 204
1715700 204
1715710 204
1715720 204
1715730 204
1715740 204
1715750 204
1715760 204
1715770 204
1715780 204
1715790 204
1715800 203
1715810 203
1715820 203
1715830 203
1715840 203
1715850 203
1715860 203
1715870 203
1715880 203
1715890 203
1715900 203
1715910 203
1715920 203
1715930 204
1715940 203
1715950 203
1715960 203
1715970 202
1715980 201
1715990 200
1716000 200
1716010 199
1716020 199
1716030 199
1716040 199
1716050 199
1716060 199
1716070 199
1716080 199
1716090 199
1716100 199
1716110 199
1716120 199
1716130 199
1716140 199
1716150 199
1716160 199
1716170 199
1716180 199
1716190 199
1716200 199
1716210 199
1716220 199
1716230 199
1716240 199
1716250 199
1716260 199
1716270 199
1716280 199
1716290 199
1716300 199
1716310 199
1716320 199
1716330 199
1716340 199
1716350 199
1716360 199
1716370 199
1716380 199
1716390 199
1716400 199
1716410 199
1716420 199
1716430 199
1716440 199
1716450 199
1716460 199
1716470 199
1716480 199
1716490 199
1716500 199
1716510 199
1716520 199
1716530 199
1716540 200
1716550 200
1716560 201
1716570 202
1716580 203
1716590 204
1716600 206
1716610 207
1716620 209
1716630 209
1716640 209
1716650 209
1716660 209
1716670 209
1716680 209
1716690 209
1716700 209
1716710 209
1716720 209
1716730 209
1716740 209
1716750 210
1716760 210
1716770 210
1716780 210
1716790 210
1716800 211
1716810 211
1716820 211
1716830 212
1716840 212
1716850 212
1716860 212
1716870 212
1716880 213
1716890 213
1716900 213
1716910 213
1716920 213
1716930 213
1716940 213
1716950 213
1716960 214
1716970 214
1716980 214
1716990 214
1717000 214
1717010 214
1717020 214
1717030 215
1717040 215
1717050 215
1717060 216
1717070 216
1717080 217
1717090 218
1717100 218
1717110 219
1717120 219
1717130 220
1717140 220
1717150 220
1717160 220
1717170 221
1717180 221
1717190 221
1717200 222
1717210 222
1717220 223
1717230 224
1717240 226
1717250 227
1717260 228
1717270 228
1717280 228
1717290 229
1717300 229
1717310 229
1717320 230
1717330 230
1717340 230
1717350 230
1717360 230
1717370 230
1717380 230
1717390 231
1717400 231
1717410 232
1717420 233
1717430 233
1717440 233
1717450 233
1717460 234
1717470 234
1717480 235
1717490 236
1717500 236
1717510 237
1717520 237
1717530 237
1717540 238
1717550 238
1717560 239
1717570 239
1717580 239
1717590 240
1717600 241
1717610 241
1717620 242
1717630 242
1717640 243
1717650 243
1717660 243
1717670 244
1717680 245
1717690 246
1717700 246
1717710 247
1717720 249
1717730 249
1717740 250
1717750 251
1717760 251
1717770 252
1717780 253
1717790 254
1717800 255
1717810 255
1717820 256
1717830 257
1717840 257
1717850 258
1717860 259
1717870 261
1717880 263
1717890 265
1717900 267
1717910 267
1717920 268
1717930 269
1717940 270
1717950 271
1717960 272
1717970 273
1717980 274
1717990 275
1718000 276
1718010 277
1718020 278
1718030 280
1718040 281
1718050 283
1718060 284
1718070 285
1718080 287
1718090 288
1718100 290
1718110 291
1718120 293
1718130 295
1718140 297
1718150 300
1718160 303
1718170 306
1718180 309
1718190 312
1718200 315
1718210 318
1718220 321
1718230 324
1718240 327
1718250 329
1718260 332
1718270 333
1718280 335
1718290 336
1718300 338
1718310 338
1718320 339
1718330 338
1718340 337
1718350 335
1718360 332
1718370 328
1718380 324
1718390 320
1718400 315
1718410 311
1718420 307
1718430 303
1718440 300
1718450 296
1718460 293
1718470 291
1718480 290
1718490 290
1718500 291
1718510 292
1718520 293
1718530 294
1718540 296
1718550 298
1718560 300
1718570 302
1718580 304
1718590 307
1718600 310
1718610 313
1718620 317
1718630 320
1718640 324
1718650 328
1718660 332
1718670 336
1718680 340
1718690 344
1718700 348
1718710 351
1718720 355
1718730 359
1718740 362
1718750 366
1718760 368
1718770 371
1718780 373
1718790 375
1718800 377
1718810 379
1718820 380
1718830 382
1718840 383
1718850 384
1718860 385
1718870 386
1718880 387
1718890 386
1718900 385
1718910 383
1718920 382
1718930 381
1718940 379
1718950 377
1718960 372
1718970 368
1718980 364
1718990 360
1719000 357
1719010 354
1719020 351
1719030 349
1719040 346
1719050 344
1719060 341
1719070 339
1719080 336
1719090 333
1719100 330
1719110 326
1719120 322
1719130 317
1719140 315
1719150 314
1719160 315
1719170 316
1719180 317
1719190 319
1719200 323
1719210 326
1719220 330
1719230 334
1719240 338
1719250 343
1719260 347
1719270 351
1719280 355
1719290 359
1719300 363
1719310 367
1719320 371
1719330 375
1719340 378
1719350 382
1719360 386
1719370 389
1719380 392
1719390 394
1719400 396
1719410 397
1719420 397
1719430 397
1719440 396
1719450 395
1719460 394
1719470 393
1719480 391
1719490 389
1719500 387
1719510 386
1719520 385
1719530 386
1719540 386
1719550 387
1719560 389
1719570 391
1719580 393
1719590 396
1719600 398
1719610 400
1719620 401
1719630 402
1719640 404
1719650 403
1719660 403
1719670 401
1719680 400
1719690 398
1719700 396
1719710 395
1719720 393
1719730 391
1719740 389
1719750 387
1719760 385
1719770 382
1719780 380
1719790 378
1719800 376
1719810 374
1719820 370
1719830 367
1719840 364
1719850 361
1719860 360
1719870 360
1719880 361
1719890 361
1719900 361
1719910 362
1719920 362
1719930 363
1719940 364
1719950 365
1719960 367
1719970 368
1719980 371
1719990 373
