1700000 816
1700010 816
1700020 816
1700030 816
1700040 816
1700050 816
1700060 816
1700070 816
1700080 816
1700090 816
1700100 817
1700110 817
1700120 817
1700130 817
1700140 817
1700150 817
1700160 817
1700170 817
1700180 817
1700190 817
1700200 817
1700210 817
1700220 818
1700230 818
1700240 818
1700250 818
1700260 818
1700270 818
1700280 818
1700290 818
1700300 818
1700310 818
1700320 818
1700330 818
1700340 818
1700350 818
1700360 818
1700370 819
1700380 819
1700390 819
1700400 820
1700410 820
1700420 820
1700430 821
1700440 821
1700450 821
1700460 822
1700470 822
1700480 823
1700490 824
1700500 824
1700510 825
1700520 825
1700530 826
1700540 827
1700550 827
1700560 828
1700570 829
1700580 829
1700590 830
1700600 830
1700610 829
1700620 829
1700630 829
1700640 829
1700650 830
1700660 830
1700670 829
1700680 829
1700690 830
1700700 830
1700710 830
1700720 830
1700730 830
1700740 830
1700750 830
1700760 829
1700770 829
1700780 829
1700790 828
1700800 828
1700810 827
1700820 827
1700830 826
1700840 826
1700850 825
1700860 825
1700870 824
1700880 824
1700890 824
1700900 823
1700910 823
1700920 822
1700930 822
1700940 822
1700950 821
1700960 821
1700970 820
1700980 820
1700990 819
1701000 819
1701010 818
1701020 818
1701030 817
1701040 816
1701050 816
1701060 816
1701070 816
1701080 815
1701090 814
1701100 814
1701110 813
1701120 813
1701130 813
1701140 813
1701150 812
1701160 812
1701170 812
1701180 812
1701190 812
1701200 811
1701210 811
1701220 811
1701230 811
1701240 812
1701250 812
1701260 813
1701270 814
1701280 815
1701290 815
1701300 816
1701310 817
1701320 818
1701330 819
1701340 819
1701350 819
1701360 819
1701370 818
1701380 818
1701390 817
1701400 817
1701410 816
1701420 816
1701430 815
1701440 814
1701450 813
1701460 812
1701470 810
1701480 809
1701490 808
1701500 806
1701510 806
1701520 804
1701530 803
1701540 802
1701550 801
1701560 800
1701570 798
1701580 797
1701590 796
1701600 795
1701610 793
1701620 791
1701630 790
1701640 788
1701650 787
1701660 786
1701670 785
1701680 784
1701690 783
1701700 781
1701710 780
1701720 779
1701730 778
1701740 777
1701750 777
1701760 777
1701770 776
1701780 775
1701790 774
1701800 774
1701810 773
1701820 773
1701830 772
1701840 771
1701850 771
1701860 770
1701870 770
1701880 769
1701890 768
1701900 767
1701910 766
1701920 765
1701930 764
1701940 764
1701950 763
1701960 762
1701970 762
1701980 761
1701990 760
1702000 759
1702010 758
1702020 757
1702030 756
1702040 756
1702050 755
1702060 754
1702070 753
1702080 752
1702090 751
1702100 751
1702110 750
1702120 749
1702130 748
1702140 747
1702150 746
1702160 745
1702170 745
1702180 744
1702190 742
1702200 739
1702210 736
1702220 734
1702230 732
1702240 731
1702250 731
1702260 729
1702270 726
1702280 723
1702290 724
1702300 725
1702310 727
1702320 727
1702330 727
1702340 726
1702350 727
1702360 728
1702370 729
1702380 730
1702390 732
1702400 734
1702410 736
1702420 738
1702430 740
1702440 742
1702450 743
1702460 745
1702470 747
1702480 748
1702490 749
1702500 750
1702510 750
1702520 749
1702530 748
1702540 747
1702550 745
1702560 743
1702570 741
1702580 739
1702590 737
1702600 735
1702610 734
1702620 732
1702630 730
1702640 727
1702650 725
1702660 723
1702670 722
1702680 721
1702690 719
1702700 717
1702710 718
1702720 720
1702730 721
1702740 721
1702750 722
1702760 723
1702770 724
1702780 725
1702790 726
1702800 726
1702810 727
1702820 729
1702830 731
1702840 733
1702850 735
1702860 738
1702870 740
1702880 743
1702890 745
1702900 746
1702910 747
1702920 748
1702930 749
1702940 749
1702950 750
1702960 750
1702970 751
1702980 751
1702990 752
1703000 753
1703010 753
1703020 754
1703030 754
1703040 755
1703050 755
1703060 756
1703070 756
1703080 756
1703090 756
1703100 755
1703110 755
1703120 754
1703130 753
1703140 753
1703150 753
1703160 752
1703170 752
1703180 751
1703190 750
1703200 749
1703210 749
1703220 748
1703230 747
1703240 747
1703250 747
1703260 746
1703270 745
1703280 743
1703290 742
1703300 740
1703310 739
1703320 737
1703330 735
1703340 733
1703350 731
1703360 728
1703370 725
1703380 722
1703390 720
1703400 718
1703410 717
1703420 715
1703430 714
1703440 713
1703450 712
1703460 711
1703470 710
1703480 709
1703490 708
1703500 707
1703510 706
1703520 705
1703530 704
1703540 703
1703550 702
1703560 701
1703570 700
1703580 700
1703590 699
1703600 698
1703610 697
1703620 696
1703630 694
1703640 693
1703650 692
1703660 690
1703670 688
1703680 686
1703690 683
1703700 681
1703710 679
1703720 676
1703730 673
1703740 670
1703750 668
1703760 665
1703770 663
1703780 660
1703790 658
1703800 656
1703810 654
1703820 652
1703830 651
1703840 649
1703850 646
1703860 644
1703870 642
1703880 640
1703890 638
1703900 636
1703910 635
1703920 634
1703930 633
1703940 632
1703950 631
1703960 630
1703970 628
1703980 627
1703990 627
1704000 626
1704010 626
1704020 625
1704030 625
1704040 624
1704050 623
1704060 622
1704070 621
1704080 620
1704090 618
1704100 617
1704110 616
1704120 615
1704130 614
1704140 613
1704150 612
1704160 610
1704170 609
1704180 607
1704190 605
1704200 603
1704210 601
1704220 599
1704230 597
1704240 595
1704250 593
1704260 592
1704270 591
1704280 590
1704290 590
1704300 590
1704310 589
1704320 589
1704330 588
1704340 587
1704350 587
1704360 586
1704370 585
1704380 584
1704390 583
1704400 583
1704410 582
1704420 581
1704430 579
1704440 578
1704450 577
1704460 576
1704470 576
1704480 575
1704490 574
1704500 573
1704510 572
1704520 571
1704530 571
1704540 570
1704550 570
1704560 569
1704570 569
1704580 568
1704590 567
1704600 566
1704610 564
1704620 563
1704630 562
1704640 561
1704650 560
1704660 558
1704670 557
1704680 556
1704690 555
1704700 553
1704710 552
1704720 550
1704730 549
1704740 548
1704750 547
1704760 546
1704770 545
1704780 544
1704790 543
1704800 542
1704810 541
1704820 540
1704830 539
1704840 538
1704850 537
1704860 537
1704870 536
1704880 535
1704890 534
1704900 534
1704910 534
1704920 534
1704930 533
1704940 531
1704950 530
1704960 529
1704970 528
1704980 527
1704990 526
1705000 525
1705010 523
1705020 522
1705030 521
1705040 519
1705050 518
1705060 517
1705070 515
1705080 514
1705090 513
1705100 512
1705110 511
1705120 511
1705130 510
1705140 510
1705150 509
1705160 508
1705170 507
1705180 506
1705190 505
1705200 504
1705210 503
1705220 501
1705230 500
1705240 499
1705250 496
1705260 494
1705270 492
1705280 490
1705290 489
1705300 488
1705310 487
1705320 486
1705330 483
1705340 482
1705350 480
1705360 480
1705370 479
1705380 478
1705390 478
1705400 477
1705410 477
1705420 477
1705430 476
1705440 475
1705450 474
1705460 473
1705470 472
1705480 471
1705490 471
1705500 470
1705510 469
1705520 469
1705530 468
1705540 468
1705550 467
1705560 467
1705570 467
1705580 468
1705590 468
1705600 467
1705610 467
1705620 467
1705630 467
1705640 467
1705650 467
1705660 467
1705670 467
1705680 468
1705690 469
1705700 470
1705710 471
1705720 471
1705730 472
1705740 472
1705750 472
1705760 472
1705770 472
1705780 473
1705790 473
1705800 473
1705810 473
1705820 472
1705830 471
1705840 469
1705850 466
1705860 462
1705870 459
1705880 456
1705890 453
1705900 451
1705910 451
1705920 450
1705930 450
1705940 450
1705950 450
1705960 453
1705970 457
1705980 461
1705990 465
1706000 468
1706010 472
1706020 476
1706030 479
1706040 483
1706050 487
1706060 491
1706070 495
1706080 498
1706090 502
1706100 506
1706110 510
1706120 514
1706130 518
1706140 522
1706150 527
1706160 532
1706170 537
1706180 541
1706190 544
1706200 547
1706210 550
1706220 553
1706230 555
1706240 558
1706250 560
1706260 563
1706270 565
1706280 568
1706290 571
1706300 574
1706310 577
1706320 580
1706330 583
1706340 586
1706350 589
1706360 592
1706370 595
1706380 598
1706390 600
1706400 603
1706410 606
1706420 609
1706430 611
1706440 614
1706450 616
1706460 618
1706470 620
1706480 620
1706490 620
1706500 619
1706510 618
1706520 616
1706530 615
1706540 614
1706550 614
1706560 613
1706570 613
1706580 613
1706590 613
1706600 613
1706610 613
1706620 613
1706630 613
1706640 614
1706650 614
1706660 614
1706670 615
1706680 616
1706690 617
1706700 618
1706710 619
1706720 620
1706730 621
1706740 623
1706750 625
1706760 626
1706770 624
1706780 623
1706790 621
1706800 619
1706810 617
1706820 614
1706830 612
1706840 610
1706850 608
1706860 607
1706870 605
1706880 603
1706890 601
1706900 600
1706910 598
1706920 596
1706930 594
1706940 593
1706950 591
1706960 589
1706970 588
1706980 586
1706990 584
1707000 583
1707010 581
1707020 579
1707030 577
1707040 575
1707050 573
1707060 572
1707070 570
1707080 569
1707090 567
1707100 565
1707110 563
1707120 561
1707130 559
1707140 558
1707150 557
1707160 555
1707170 553
1707180 550
1707190 548
1707200 546
1707210 544
1707220 542
1707230 540
1707240 537
1707250 535
1707260 533
1707270 531
1707280 528
1707290 525
1707300 522
1707310 519
1707320 516
1707330 513
1707340 510
1707350 507
1707360 504
1707370 501
1707380 498
1707390 495
1707400 492
1707410 489
1707420 485
1707430 482
1707440 478
1707450 477
1707460 477
1707470 479
1707480 480
1707490 484
1707500 487
1707510 491
1707520 494
1707530 498
1707540 502
1707550 505
1707560 508
1707570 511
1707580 514
1707590 517
1707600 519
1707610 522
1707620 525
1707630 527
1707640 529
1707650 531
1707660 532
1707670 534
1707680 536
1707690 538
1707700 540
1707710 543
1707720 545
1707730 547
1707740 549
1707750 552
1707760 554
1707770 556
1707780 558
1707790 560
1707800 562
1707810 564
1707820 566
1707830 568
1707840 570
1707850 572
1707860 573
1707870 575
1707880 577
1707890 578
1707900 579
1707910 579
1707920 580
1707930 579
1707940 579
1707950 578
1707960 577
1707970 577
1707980 576
1707990 575
1708000 574
1708010 573
1708020 572
1708030 571
1708040 570
1708050 569
1708060 568
1708070 567
1708080 566
1708090 565
1708100 565
1708110 563
1708120 561
1708130 559
1708140 558
1708150 557
1708160 555
1708170 554
1708180 553
1708190 552
1708200 551
1708210 550
1708220 548
1708230 546
1708240 544
1708250 543
1708260 542
1708270 540
1708280 539
1708290 538
1708300 537
1708310 536
1708320 534
1708330 532
1708340 530
1708350 529
1708360 527
1708370 526
1708380 525
1708390 523
1708400 521
1708410 520
1708420 518
1708430 516
1708440 514
1708450 512
1708460 510
1708470 509
1708480 508
1708490 507
1708500 506
1708510 504
1708520 503
1708530 502
1708540 502
1708550 505
1708560 506
1708570 507
1708580 509
1708590 510
1708600 512
1708610 513
1708620 514
1708630 516
1708640 517
1708650 519
1708660 521
1708670 523
1708680 524
1708690 526
1708700 527
1708710 528
1708720 528
1708730 529
1708740 529
1708750 529
1708760 529
1708770 528
1708780 528
1708790 528
1708800 527
1708810 526
1708820 526
1708830 524
1708840 523
1708850 521
1708860 520
1708870 518
1708880 516
1708890 513
1708900 510
1708910 507
1708920 505
1708930 503
1708940 502
1708950 500
1708960 499
1708970 498
1708980 498
1708990 498
1709000 498
1709010 497
1709020 497
1709030 497
1709040 497
1709050 497
1709060 497
1709070 497
1709080 497
1709090 497
1709100 497
1709110 497
1709120 496
1709130 496
1709140 495
1709150 495
1709160 494
1709170 493
1709180 493
1709190 492
1709200 491
1709210 489
1709220 487
1709230 485
1709240 483
1709250 481
1709260 478
1709270 477
1709280 476
1709290 475
1709300 473
1709310 471
1709320 468
1709330 465
1709340 463
1709350 460
1709360 458
1709370 456
1709380 454
1709390 452
1709400 451
1709410 450
1709420 450
1709430 448
1709440 447
1709450 447
1709460 451
1709470 455
1709480 456
1709490 458
1709500 459
1709510 461
1709520 462
1709530 464
1709540 466
1709550 469
1709560 471
1709570 474
1709580 477
1709590 480
1709600 482
1709610 485
1709620 488
1709630 490
1709640 493
1709650 495
1709660 498
1709670 501
1709680 503
1709690 506
1709700 508
1709710 511
1709720 513
1709730 515
1709740 517
1709750 519
1709760 522
1709770 524
1709780 527
1709790 530
1709800 532
1709810 535
1709820 538
1709830 540
1709840 543
1709850 545
1709860 547
1709870 550
1709880 552
1709890 555
1709900 557
1709910 559
1709920 561
1709930 564
1709940 566
1709950 569
1709960 572
1709970 575
1709980 578
1709990 581
1710000 585
1710010 588
1710020 591
1710030 595
1710040 598
1710050 602
1710060 606
1710070 609
1710080 612
1710090 615
1710100 618
1710110 620
1710120 622
1710130 624
1710140 625
1710150 626
1710160 626
1710170 627
1710180 627
1710190 628
1710200 628
1710210 629
1710220 629
1710230 629
1710240 629
1710250 629
1710260 629
1710270 629
1710280 629
1710290 630
1710300 630
1710310 631
1710320 632
1710330 632
1710340 633
1710350 634
1710360 635
1710370 636
1710380 637
1710390 637
1710400 639
1710410 640
1710420 640
1710430 641
1710440 642
1710450 643
1710460 644
1710470 646
1710480 647
1710490 649
1710500 650
1710510 652
1710520 653
1710530 656
1710540 658
1710550 660
1710560 661
1710570 663
1710580 665
1710590 668
1710600 670
1710610 673
1710620 676
1710630 678
1710640 681
1710650 684
1710660 688
1710670 691
1710680 694
1710690 698
1710700 701
1710710 704
1710720 708
1710730 712
1710740 715
1710750 717
1710760 719
1710770 721
1710780 722
1710790 724
1710800 726
1710810 727
1710820 728
1710830 729
1710840 730
1710850 732
1710860 733
1710870 735
1710880 736
1710890 737
1710900 739
1710910 740
1710920 741
1710930 742
1710940 743
1710950 744
1710960 745
1710970 746
1710980 747
1710990 747
1711000 748
1711010 748
1711020 749
1711030 749
1711040 750
1711050 750
1711060 750
1711070 750
1711080 751
1711090 751
1711100 751
1711110 751
1711120 751
1711130 751
1711140 751
1711150 751
1711160 751
1711170 750
1711180 750
1711190 750
1711200 750
1711210 749
1711220 749
1711230 749
1711240 749
1711250 748
1711260 748
1711270 748
1711280 747
1711290 747
1711300 747
1711310 747
1711320 747
1711330 747
1711340 747
1711350 746
1711360 746
1711370 746
1711380 746
1711390 746
1711400 745
1711410 745
1711420 745
1711430 744
1711440 744
1711450 744
1711460 744
1711470 744
1711480 744
1711490 744
1711500 743
1711510 743
1711520 743
1711530 743
1711540 743
1711550 743
1711560 743
1711570 743
1711580 743
1711590 743
1711600 743
1711610 743
1711620 743
1711630 743
1711640 743
1711650 743
1711660 743
1711670 743
1711680 744
1711690 744
1711700 744
1711710 744
1711720 744
1711730 744
1711740 744
1711750 744
1711760 744
1711770 745
1711780 745
1711790 745
1711800 745
1711810 745
1711820 745
1711830 745
1711840 745
1711850 745
1711860 745
1711870 745
1711880 745
1711890 745
1711900 746
1711910 746
1711920 746
1711930 746
1711940 746
1711950 746
1711960 747
1711970 747
1711980 747
1711990 747
1712000 748
1712010 748
1712020 748
1712030 748
1712040 748
1712050 749
1712060 749
1712070 749
1712080 749
1712090 749
1712100 749
1712110 749
1712120 750
1712130 750
1712140 750
1712150 750
1712160 750
1712170 750
1712180 750
1712190 750
1712200 750
1712210 750
1712220 750
1712230 749
1712240 749
1712250 749
1712260 749
1712270 749
1712280 748
1712290 748
1712300 747
1712310 747
1712320 747
1712330 746
1712340 746
1712350 745
1712360 745
1712370 744
1712380 744
1712390 743
1712400 743
1712410 743
1712420 743
1712430 742
1712440 743
1712450 743
1712460 742
1712470 742
1712480 742
1712490 742
1712500 742
1712510 742
1712520 742
1712530 742
1712540 742
1712550 742
1712560 743
1712570 743
1712580 743
1712590 743
1712600 744
1712610 744
1712620 744
1712630 745
1712640 745
1712650 746
1712660 746
1712670 747
1712680 746
1712690 746
1712700 745
1712710 745
1712720 744
1712730 743
1712740 742
1712750 741
1712760 740
1712770 740
1712780 739
1712790 738
1712800 737
1712810 737
1712820 736
1712830 735
1712840 735
1712850 734
1712860 733
1712870 733
1712880 732
1712890 732
1712900 731
1712910 730
1712920 730
1712930 729
1712940 728
1712950 728
1712960 727
1712970 727
1712980 726
1712990 725
1713000 725
1713010 725
1713020 725
1713030 725
1713040 724
1713050 724
1713060 724
1713070 724
1713080 724
1713090 724
1713100 725
1713110 725
1713120 726
1713130 726
1713140 727
1713150 728
1713160 729
1713170 729
1713180 730
1713190 731
1713200 733
1713210 734
1713220 735
1713230 736
1713240 736
1713250 735
1713260 734
1713270 733
1713280 732
1713290 730
1713300 729
1713310 728
1713320 727
1713330 726
1713340 726
1713350 725
1713360 724
1713370 723
1713380 723
1713390 723
1713400 723
1713410 723
1713420 723
1713430 724
1713440 725
1713450 725
1713460 726
1713470 727
1713480 729
1713490 730
1713500 732
1713510 733
1713520 734
1713530 735
1713540 736
1713550 736
1713560 737
1713570 738
1713580 739
1713590 739
1713600 740
1713610 740
1713620 740
1713630 739
1713640 738
1713650 736
1713660 734
1713670 732
1713680 731
1713690 729
1713700 727
1713710 725
1713720 723
1713730 721
1713740 719
1713750 717
1713760 716
1713770 714
1713780 712
1713790 711
1713800 709
1713810 708
1713820 706
1713830 705
1713840 704
1713850 703
1713860 702
1713870 700
1713880 699
1713890 697
1713900 695
1713910 693
1713920 691
1713930 690
1713940 688
1713950 687
1713960 685
1713970 684
1713980 682
1713990 681
1714000 679
1714010 678
1714020 676
1714030 675
1714040 673
1714050 672
1714060 670
1714070 669
1714080 667
1714090 666
1714100 664
1714110 663
1714120 661
1714130 659
1714140 657
1714150 655
1714160 653
1714170 651
1714180 649
1714190 647
1714200 645
1714210 643
1714220 641
1714230 640
1714240 639
1714250 638
1714260 637
1714270 636
1714280 635
1714290 634
1714300 632
1714310 631
1714320 630
1714330 629
1714340 628
1714350 627
1714360 625
1714370 623
1714380 622
1714390 620
1714400 618
1714410 616
1714420 614
1714430 612
1714440 610
1714450 608
1714460 605
1714470 603
1714480 600
1714490 598
1714500 596
1714510 594
1714520 592
1714530 590
1714540 588
1714550 586
1714560 584
1714570 582
1714580 579
1714590 577
1714600 575
1714610 572
1714620 569
1714630 567
1714640 564
1714650 561
1714660 557
1714670 554
1714680 551
1714690 547
1714700 544
1714710 541
1714720 538
1714730 535
1714740 532
1714750 528
1714760 525
1714770 521
1714780 518
1714790 515
1714800 511
1714810 508
1714820 506
1714830 503
1714840 500
1714850 497
1714860 494
1714870 490
1714880 487
1714890 485
1714900 482
1714910 479
1714920 476
1714930 472
1714940 469
1714950 466
1714960 464
1714970 461
1714980 458
1714990 454
1715000 451
1715010 448
1715020 446
1715030 443
1715040 443
1715050 444
1715060 446
1715070 447
1715080 449
1715090 451
1715100 453
1715110 454
1715120 455
1715130 458
1715140 462
1715150 466
1715160 469
1715170 471
1715180 472
1715190 474
1715200 475
1715210 476
1715220 477
1715230 478
1715240 479
1715250 480
1715260 481
1715270 481
1715280 481
1715290 480
1715300 479
1715310 478
1715320 477
1715330 477
1715340 477
1715350 477
1715360 477
1715370 478
1715380 479
1715390 479
1715400 480
1715410 481
1715420 481
1715430 482
1715440 482
1715450 482
1715460 481
1715470 479
1715480 476
1715490 472
1715500 469
1715510 465
1715520 461
1715530 456
1715540 453
1715550 449
1715560 445
1715570 442
1715580 439
1715590 436
1715600 432
1715610 428
1715620 424
1715630 419
1715640 415
1715650 411
1715660 408
1715670 405
1715680 402
1715690 398
1715700 395
1715710 392
1715720 389
1715730 391
1715740 395
1715750 398
1715760 397
1715770 394
1715780 392
1715790 392
1715800 396
1715810 400
1715820 404
1715830 407
1715840 410
1715850 413
1715860 416
1715870 419
1715880 422
1715890 426
1715900 429
1715910 432
1715920 436
1715930 439
1715940 442
1715950 446
1715960 450
1715970 454
1715980 457
1715990 461
1716000 464
1716010 467
1716020 470
1716030 473
1716040 477
1716050 480
1716060 483
1716070 486
1716080 490
1716090 492
1716100 495
1716110 497
1716120 500
1716130 502
1716140 505
1716150 507
1716160 508
1716170 508
1716180 509
1716190 509
1716200 509
1716210 510
1716220 511
1716230 512
1716240 513
1716250 513
1716260 514
1716270 516
1716280 517
1716290 518
1716300 520
1716310 522
1716320 523
1716330 525
1716340 527
1716350 529
1716360 531
1716370 532
1716380 534
1716390 536
1716400 538
1716410 540
1716420 542
1716430 544
1716440 546
1716450 548
1716460 550
1716470 552
1716480 555
1716490 557
1716500 558
1716510 560
1716520 561
1716530 563
1716540 565
1716550 568
1716560 570
1716570 572
1716580 574
1716590 576
1716600 579
1716610 582
1716620 585
1716630 588
1716640 591
1716650 595
1716660 598
1716670 601
1716680 605
1716690 608
1716700 612
1716710 615
1716720 619
1716730 622
1716740 624
1716750 627
1716760 630
1716770 632
1716780 635
1716790 638
1716800 640
1716810 643
1716820 645
1716830 647
1716840 647
1716850 646
1716860 644
1716870 642
1716880 640
1716890 639
1716900 637
1716910 635
1716920 633
1716930 631
1716940 628
1716950 626
1716960 624
1716970 623
1716980 621
1716990 619
1717000 617
1717010 616
1717020 614
1717030 612
1717040 611
1717050 609
1717060 607
1717070 605
1717080 603
1717090 601
1717100 599
1717110 596
1717120 594
1717130 593
1717140 591
1717150 589
1717160 587
1717170 585
1717180 583
1717190 582
1717200 580
1717210 579
1717220 577
1717230 576
1717240 574
1717250 573
1717260 572
1717270 570
1717280 568
1717290 566
1717300 564
1717310 561
1717320 559
1717330 557
1717340 555
1717350 552
1717360 550
1717370 548
1717380 546
1717390 544
1717400 542
1717410 541
1717420 539
1717430 537
1717440 536
1717450 534
1717460 532
1717470 530
1717480 529
1717490 527
1717500 526
1717510 524
1717520 523
1717530 521
1717540 519
1717550 517
1717560 515
1717570 514
1717580 512
1717590 510
1717600 509
1717610 507
1717620 505
1717630 503
1717640 501
1717650 499
1717660 497
1717670 495
1717680 493
1717690 491
1717700 489
1717710 487
1717720 485
1717730 483
1717740 480
1717750 478
1717760 476
1717770 473
1717780 471
1717790 468
1717800 466
1717810 463
1717820 460
1717830 458
1717840 455
1717850 452
1717860 449
1717870 446
1717880 443
1717890 440
1717900 438
1717910 435
1717920 433
1717930 430
1717940 427
1717950 424
1717960 421
1717970 418
1717980 416
1717990 414
1718000 413
1718010 414
1718020 415
1718030 417
1718040 419
1718050 420
1718060 422
1718070 424
1718080 426
1718090 428
1718100 431
1718110 432
1718120 434
1718130 435
1718140 436
1718150 436
1718160 435
1718170 434
1718180 433
1718190 432
1718200 432
1718210 431
1718220 431
1718230 430
1718240 429
1718250 428
1718260 427
1718270 426
1718280 425
1718290 424
1718300 423
1718310 422
1718320 420
1718330 419
1718340 417
1718350 416
1718360 414
1718370 413
1718380 412
1718390 411
1718400 410
1718410 409
1718420 407
1718430 406
1718440 404
1718450 403
1718460 401
1718470 399
1718480 397
1718490 395
1718500 394
1718510 392
1718520 391
1718530 389
1718540 387
1718550 384
1718560 381
1718570 378
1718580 375
1718590 372
1718600 369
1718610 367
1718620 364
1718630 361
1718640 359
1718650 356
1718660 353
1718670 350
1718680 347
1718690 343
1718700 340
1718710 336
1718720 332
1718730 330
1718740 331
1718750 333
1718760 337
1718770 342
1718780 347
1718790 351
1718800 354
1718810 356
1718820 359
1718830 361
1718840 363
1718850 365
1718860 367
1718870 368
1718880 369
1718890 370
1718900 371
1718910 372
1718920 373
1718930 373
1718940 373
1718950 372
1718960 371
1718970 370
1718980 368
1718990 367
1719000 364
1719010 361
1719020 359
1719030 358
1719040 355
1719050 353
1719060 351
1719070 350
1719080 349
1719090 349
1719100 347
1719110 346
1719120 343
1719130 342
1719140 340
1719150 338
1719160 337
1719170 336
1719180 338
1719190 338
1719200 338
1719210 339
1719220 340
1719230 341
1719240 342
1719250 343
1719260 345
1719270 346
1719280 348
1719290 349
1719300 349
1719310 348
1719320 347
1719330 346
1719340 345
1719350 345
1719360 344
1719370 344
1719380 343
1719390 344
1719400 344
1719410 344
1719420 343
1719430 342
1719440 342
1719450 342
1719460 341
1719470 341
1719480 341
1719490 340
1719500 340
1719510 339
1719520 338
1719530 338
1719540 340
1719550 342
1719560 344
1719570 344
1719580 345
1719590 345
1719600 346
1719610 348
1719620 349
1719630 350
1719640 351
1719650 352
1719660 352
1719670 352
1719680 353
1719690 353
1719700 353
1719710 353
1719720 353
1719730 352
1719740 352
1719750 351
1719760 349
1719770 348
1719780 347
1719790 345
1719800 344
1719810 342
1719820 340
1719830 338
1719840 336
1719850 334
1719860 331
1719870 327
1719880 324
1719890 322
1719900 319
1719910 316
1719920 313
1719930 311
1719940 308
1719950 306
1719960 304
1719970 303
1719980 301
1719990 299
