1700000 826
1700010 826
1700020 826
1700030 826
1700040 827
1700050 827
1700060 827
1700070 828
1700080 828
1700090 829
1700100 830
1700110 830
1700120 831
1700130 832
1700140 833
1700150 834
1700160 835
1700170 836
1700180 837
1700190 837
1700200 837
1700210 837
1700220 837
1700230 837
1700240 837
1700250 837
1700260 837
1700270 837
1700280 837
1700290 837
1700300 837
1700310 837
1700320 837
1700330 837
1700340 837
1700350 836
1700360 836
1700370 836
1700380 836
1700390 836
1700400 836
1700410 835
1700420 835
1700430 834
1700440 833
1700450 833
1700460 832
1700470 831
1700480 831
1700490 830
1700500 830
1700510 829
1700520 829
1700530 828
1700540 828
1700550 827
1700560 826
1700570 826
1700580 825
1700590 825
1700600 824
1700610 824
1700620 823
1700630 823
1700640 822
1700650 821
1700660 821
1700670 820
1700680 820
1700690 819
1700700 819
1700710 818
1700720 817
1700730 817
1700740 817
1700750 816
1700760 816
1700770 816
1700780 816
1700790 815
1700800 815
1700810 814
1700820 814
1700830 813
1700840 812
1700850 812
1700860 811
1700870 810
1700880 810
1700890 809
1700900 809
1700910 808
1700920 807
1700930 806
1700940 805
1700950 804
1700960 805
1700970 805
1700980 805
1700990 804
1701000 803
1701010 802
1701020 802
1701030 801
1701040 801
1701050 800
1701060 800
1701070 800
1701080 799
1701090 798
1701100 797
1701110 796
1701120 795
1701130 794
1701140 793
1701150 793
1701160 793
1701170 793
1701180 792
1701190 792
1701200 792
1701210 791
1701220 791
1701230 791
1701240 791
1701250 792
1701260 792
1701270 793
1701280 793
1701290 793
1701300 793
1701310 793
1701320 793
1701330 792
1701340 792
1701350 792
1701360 792
1701370 792
1701380 792
1701390 792
1701400 792
1701410 791
1701420 791
1701430 790
1701440 790
1701450 789
1701460 789
1701470 789
1701480 789
1701490 789
1701500 789
1701510 789
1701520 789
1701530 789
1701540 789
1701550 789
1701560 789
1701570 788
1701580 787
1701590 785
1701600 784
1701610 782
1701620 780
1701630 779
1701640 778
1701650 778
1701660 777
1701670 777
1701680 777
1701690 776
1701700 775
1701710 775
1701720 774
1701730 773
1701740 773
1701750 773
1701760 772
1701770 772
1701780 771
1701790 770
1701800 770
1701810 769
1701820 768
1701830 768
1701840 767
1701850 766
1701860 765
1701870 763
1701880 761
1701890 760
1701900 759
1701910 759
1701920 759
1701930 758
1701940 758
1701950 757
1701960 757
1701970 756
1701980 756
1701990 756
1702000 756
1702010 757
1702020 758
1702030 757
1702040 757
1702050 756
1702060 756
1702070 756
1702080 755
1702090 755
1702100 755
1702110 754
1702120 754
1702130 754
1702140 754
1702150 754
1702160 754
1702170 754
1702180 755
1702190 755
1702200 754
1702210 754
1702220 754
1702230 754
1702240 754
1702250 754
1702260 754
1702270 754
1702280 753
1702290 753
1702300 753
1702310 753
1702320 752
1702330 752
1702340 752
1702350 751
1702360 751
1702370 750
1702380 750
1702390 749
1702400 749
1702410 748
1702420 748
1702430 748
1702440 748
1702450 748
1702460 747
1702470 747
1702480 747
1702490 746
1702500 746
1702510 746
1702520 746
1702530 745
1702540 745
1702550 745
1702560 744
1702570 744
1702580 744
1702590 744
1702600 743
1702610 743
1702620 743
1702630 742
1702640 742
1702650 742
1702660 742
1702670 741
1702680 741
1702690 741
1702700 741
1702710 741
1702720 741
1702730 741
1702740 741
1702750 741
1702760 742
1702770 742
1702780 742
1702790 742
1702800 742
1702810 743
1702820 743
1702830 744
1702840 744
1702850 744
1702860 745
1702870 745
1702880 746
1702890 746
1702900 747
1702910 747
1702920 747
1702930 748
1702940 749
1702950 749
1702960 750
1702970 751
1702980 752
1702990 753
1703000 754
1703010 755
1703020 756
1703030 757
1703040 758
1703050 760
1703060 762
1703070 763
1703080 765
1703090 766
1703100 768
1703110 769
1703120 769
1703130 770
1703140 769
1703150 769
1703160 769
1703170 768
1703180 767
1703190 767
1703200 766
1703210 765
1703220 764
1703230 763
1703240 763
1703250 763
1703260 762
1703270 762
1703280 761
1703290 760
1703300 759
1703310 758
1703320 757
1703330 756
1703340 755
1703350 754
1703360 752
1703370 751
1703380 750
1703390 749
1703400 748
1703410 747
1703420 746
1703430 745
1703440 743
1703450 742
1703460 741
1703470 740
1703480 738
1703490 737
1703500 735
1703510 734
1703520 732
1703530 730
1703540 728
1703550 726
1703560 725
1703570 724
1703580 722
1703590 721
1703600 720
1703610 719
1703620 718
1703630 717
1703640 717
1703650 716
1703660 716
1703670 715
1703680 715
1703690 714
1703700 714
1703710 713
1703720 713
1703730 712
1703740 712
1703750 711
1703760 711
1703770 711
1703780 711
1703790 710
1703800 710
1703810 710
1703820 710
1703830 710
1703840 710
1703850 710
1703860 710
1703870 710
1703880 709
1703890 710
1703900 711
1703910 712
1703920 713
1703930 713
1703940 714
1703950 714
1703960 715
1703970 714
1703980 714
1703990 712
1704000 711
1704010 710
1704020 708
1704030 706
1704040 703
1704050 701
1704060 699
1704070 697
1704080 695
1704090 692
1704100 690
1704110 687
1704120 685
1704130 682
1704140 680
1704150 678
1704160 676
1704170 675
1704180 674
1704190 672
1704200 671
1704210 669
1704220 668
1704230 667
1704240 665
1704250 664
1704260 663
1704270 662
1704280 661
1704290 660
1704300 659
1704310 659
1704320 659
1704330 658
1704340 658
1704350 657
1704360 656
1704370 656
1704380 656
1704390 655
1704400 655
1704410 655
1704420 655
1704430 655
1704440 656
1704450 656
1704460 656
1704470 656
1704480 655
1704490 656
1704500 656
1704510 656
1704520 656
1704530 656
1704540 655
1704550 653
1704560 651
1704570 650
1704580 648
1704590 647
1704600 645
1704610 644
1704620 642
1704630 640
1704640 638
1704650 636
1704660 634
1704670 633
1704680 632
1704690 631
1704700 630
1704710 628
1704720 627
1704730 626
1704740 625
1704750 623
1704760 622
1704770 621
1704780 620
1704790 619
1704800 618
1704810 617
1704820 616
1704830 615
1704840 614
1704850 614
1704860 613
1704870 613
1704880 612
1704890 611
1704900 611
1704910 610
1704920 608
1704930 607
1704940 605
1704950 604
1704960 603
1704970 602
1704980 601
1704990 599
1705000 598
1705010 597
1705020 596
1705030 595
1705040 592
1705050 589
1705060 586
1705070 584
1705080 583
1705090 582
1705100 581
1705110 581
1705120 581
1705130 581
1705140 580
1705150 579
1705160 578
1705170 578
1705180 578
1705190 579
1705200 579
1705210 579
1705220 579
1705230 578
1705240 578
1705250 577
1705260 577
1705270 576
1705280 574
1705290 573
1705300 572
1705310 571
1705320 570
1705330 569
1705340 568
1705350 567
1705360 566
1705370 565
1705380 564
1705390 563
1705400 560
1705410 556
1705420 553
1705430 550
1705440 548
1705450 546
1705460 544
1705470 542
1705480 540
1705490 538
1705500 536
1705510 534
1705520 532
1705530 531
1705540 529
1705550 528
1705560 527
1705570 526
1705580 524
1705590 523
1705600 521
1705610 519
1705620 517
1705630 515
1705640 513
1705650 511
1705660 508
1705670 506
1705680 504
1705690 501
1705700 500
1705710 498
1705720 496
1705730 494
1705740 492
1705750 490
1705760 488
1705770 486
1705780 484
1705790 483
1705800 481
1705810 478
1705820 476
1705830 474
1705840 472
1705850 471
1705860 470
1705870 468
1705880 467
1705890 464
1705900 462
1705910 460
1705920 459
1705930 457
1705940 456
1705950 454
1705960 452
1705970 449
1705980 447
1705990 446
1706000 444
1706010 442
1706020 440
1706030 439
1706040 438
1706050 438
1706060 438
1706070 438
1706080 438
1706090 438
1706100 438
1706110 440
1706120 443
1706130 447
1706140 451
1706150 455
1706160 461
1706170 467
1706180 472
1706190 479
1706200 485
1706210 492
1706220 500
1706230 507
1706240 512
1706250 513
1706260 514
1706270 515
1706280 518
1706290 522
1706300 527
1706310 531
1706320 536
1706330 541
1706340 545
1706350 549
1706360 553
1706370 556
1706380 560
1706390 562
1706400 563
1706410 562
1706420 560
1706430 557
1706440 555
1706450 554
1706460 552
1706470 550
1706480 549
1706490 548
1706500 546
1706510 546
1706520 545
1706530 545
1706540 544
1706550 544
1706560 544
1706570 546
1706580 547
1706590 548
1706600 550
1706610 552
1706620 554
1706630 556
1706640 557
1706650 559
1706660 560
1706670 562
1706680 563
1706690 565
1706700 567
1706710 568
1706720 569
1706730 570
1706740 571
1706750 571
1706760 571
1706770 571
1706780 571
1706790 570
1706800 571
1706810 571
1706820 571
1706830 571
1706840 572
1706850 572
1706860 572
1706870 572
1706880 572
1706890 572
1706900 572
1706910 573
1706920 573
1706930 573
1706940 573
1706950 573
1706960 573
1706970 572
1706980 571
1706990 569
1707000 568
1707010 567
1707020 565
1707030 563
1707040 561
1707050 559
1707060 557
1707070 555
1707080 552
1707090 550
1707100 548
1707110 546
1707120 543
1707130 540
1707140 538
1707150 535
1707160 532
1707170 530
1707180 527
1707190 525
1707200 522
1707210 519
1707220 517
1707230 514
1707240 512
1707250 510
1707260 507
1707270 505
1707280 502
1707290 500
1707300 497
1707310 495
1707320 493
1707330 491
1707340 489
1707350 487
1707360 484
1707370 481
1707380 479
1707390 478
1707400 476
1707410 475
1707420 473
1707430 471
1707440 469
1707450 467
1707460 465
1707470 464
1707480 463
1707490 462
1707500 459
1707510 457
1707520 456
1707530 457
1707540 460
1707550 464
1707560 467
1707570 471
1707580 474
1707590 477
1707600 480
1707610 483
1707620 486
1707630 489
1707640 492
1707650 495
1707660 498
1707670 501
1707680 504
1707690 507
1707700 510
1707710 512
1707720 515
1707730 517
1707740 520
1707750 523
1707760 525
1707770 527
1707780 530
1707790 533
1707800 535
1707810 538
1707820 541
1707830 544
1707840 547
1707850 550
1707860 552
1707870 555
1707880 558
1707890 561
1707900 564
1707910 567
1707920 571
1707930 574
1707940 577
1707950 580
1707960 582
1707970 585
1707980 587
1707990 589
1708000 591
1708010 592
1708020 594
1708030 595
1708040 596
1708050 597
1708060 597
1708070 595
1708080 593
1708090 590
1708100 586
1708110 583
1708120 580
1708130 578
1708140 575
1708150 573
1708160 571
1708170 569
1708180 568
1708190 566
1708200 564
1708210 562
1708220 560
1708230 558
1708240 557
1708250 555
1708260 552
1708270 550
1708280 549
1708290 548
1708300 546
1708310 544
1708320 542
1708330 540
1708340 538
1708350 536
1708360 535
1708370 533
1708380 531
1708390 529
1708400 527
1708410 525
1708420 523
1708430 521
1708440 519
1708450 518
1708460 516
1708470 514
1708480 512
1708490 510
1708500 508
1708510 505
1708520 503
1708530 501
1708540 498
1708550 495
1708560 492
1708570 489
1708580 487
1708590 484
1708600 481
1708610 480
1708620 479
1708630 481
1708640 482
1708650 483
1708660 484
1708670 485
1708680 486
1708690 488
1708700 490
1708710 492
1708720 495
1708730 497
1708740 499
1708750 501
1708760 503
1708770 504
1708780 504
1708790 505
1708800 505
1708810 504
1708820 502
1708830 500
1708840 497
1708850 495
1708860 492
1708870 489
1708880 487
1708890 484
1708900 482
1708910 479
1708920 476
1708930 474
1708940 471
1708950 469
1708960 467
1708970 465
1708980 463
1708990 460
1709000 457
1709010 455
1709020 454
1709030 452
1709040 449
1709050 448
1709060 448
1709070 449
1709080 451
1709090 452
1709100 453
1709110 453
1709120 454
1709130 454
1709140 454
1709150 454
1709160 453
1709170 452
1709180 452
1709190 451
1709200 450
1709210 449
1709220 448
1709230 448
1709240 448
1709250 447
1709260 447
1709270 446
1709280 445
1709290 444
1709300 443
1709310 441
1709320 438
1709330 436
1709340 436
1709350 439
1709360 443
1709370 446
1709380 451
1709390 455
1709400 460
1709410 466
1709420 471
1709430 476
1709440 482
1709450 487
1709460 492
1709470 495
1709480 497
1709490 499
1709500 499
1709510 499
1709520 499
1709530 500
1709540 500
1709550 502
1709560 504
1709570 506
1709580 508
1709590 512
1709600 515
1709610 517
1709620 521
1709630 523
1709640 525
1709650 527
1709660 530
1709670 533
1709680 535
1709690 538
1709700 541
1709710 543
1709720 546
1709730 549
1709740 551
1709750 554
1709760 556
1709770 559
1709780 562
1709790 565
1709800 569
1709810 572
1709820 576
1709830 579
1709840 583
1709850 587
1709860 590
1709870 593
1709880 596
1709890 599
1709900 602
1709910 605
1709920 607
1709930 610
1709940 612
1709950 614
1709960 616
1709970 617
1709980 619
1709990 620
1710000 621
1710010 621
1710020 622
1710030 622
1710040 621
1710050 621
1710060 620
1710070 621
1710080 621
1710090 622
1710100 623
1710110 625
1710120 626
1710130 628
1710140 629
1710150 631
1710160 632
1710170 634
1710180 635
1710190 637
1710200 638
1710210 640
1710220 642
1710230 644
1710240 646
1710250 648
1710260 650
1710270 652
1710280 655
1710290 658
1710300 661
1710310 665
1710320 668
1710330 672
1710340 675
1710350 679
1710360 683
1710370 686
1710380 690
1710390 693
1710400 697
1710410 700
1710420 703
1710430 706
1710440 708
1710450 711
1710460 714
1710470 718
1710480 721
1710490 724
1710500 728
1710510 731
1710520 733
1710530 735
1710540 735
1710550 735
1710560 734
1710570 733
1710580 733
1710590 732
1710600 731
1710610 731
1710620 731
1710630 731
1710640 731
1710650 731
1710660 731
1710670 732
1710680 732
1710690 733
1710700 734
1710710 735
1710720 736
1710730 737
1710740 737
1710750 738
1710760 739
1710770 740
1710780 741
1710790 743
1710800 744
1710810 745
1710820 746
1710830 747
1710840 748
1710850 749
1710860 750
1710870 751
1710880 753
1710890 754
1710900 755
1710910 755
1710920 756
1710930 757
1710940 758
1710950 759
1710960 759
1710970 760
1710980 760
1710990 760
1711000 760
1711010 760
1711020 760
1711030 760
1711040 760
1711050 759
1711060 759
1711070 759
1711080 758
1711090 758
1711100 758
1711110 757
1711120 757
1711130 757
1711140 757
1711150 756
1711160 755
1711170 755
1711180 755
1711190 754
1711200 754
1711210 753
1711220 753
1711230 753
1711240 753
1711250 752
1711260 752
1711270 752
1711280 752
1711290 751
1711300 751
1711310 750
1711320 750
1711330 750
1711340 749
1711350 749
1711360 749
1711370 748
1711380 748
1711390 748
1711400 747
1711410 747
1711420 746
1711430 746
1711440 746
1711450 745
1711460 745
1711470 744
1711480 744
1711490 743
1711500 743
1711510 742
1711520 742
1711530 741
1711540 740
1711550 739
1711560 738
1711570 737
1711580 736
1711590 735
1711600 735
1711610 734
1711620 733
1711630 732
1711640 731
1711650 730
1711660 729
1711670 729
1711680 728
1711690 728
1711700 728
1711710 728
1711720 728
1711730 728
1711740 728
1711750 728
1711760 729
1711770 729
1711780 729
1711790 730
1711800 730
1711810 730
1711820 731
1711830 732
1711840 732
1711850 733
1711860 734
1711870 734
1711880 735
1711890 736
1711900 737
1711910 738
1711920 739
1711930 740
1711940 741
1711950 742
1711960 743
1711970 744
1711980 745
1711990 746
1712000 747
1712010 748
1712020 749
1712030 749
1712040 750
1712050 751
1712060 752
1712070 753
1712080 754
1712090 754
1712100 755
1712110 756
1712120 757
1712130 757
1712140 758
1712150 759
1712160 760
1712170 760
1712180 761
1712190 761
1712200 762
1712210 762
1712220 762
1712230 761
1712240 761
1712250 760
1712260 759
1712270 758
1712280 757
1712290 756
1712300 755
1712310 753
1712320 752
1712330 751
1712340 750
1712350 748
1712360 747
1712370 746
1712380 745
1712390 743
1712400 742
1712410 742
1712420 741
1712430 740
1712440 739
1712450 738
1712460 737
1712470 735
1712480 734
1712490 734
1712500 733
1712510 732
1712520 731
1712530 730
1712540 729
1712550 729
1712560 728
1712570 727
1712580 726
1712590 725
1712600 725
1712610 725
1712620 725
1712630 725
1712640 724
1712650 724
1712660 724
1712670 724
1712680 724
1712690 724
1712700 724
1712710 724
1712720 724
1712730 724
1712740 724
1712750 724
1712760 725
1712770 725
1712780 726
1712790 726
1712800 727
1712810 726
1712820 726
1712830 725
1712840 724
1712850 722
1712860 721
1712870 720
1712880 719
1712890 718
1712900 717
1712910 715
1712920 713
1712930 711
1712940 709
1712950 706
1712960 704
1712970 702
1712980 701
1712990 700
1713000 698
1713010 697
1713020 697
1713030 696
1713040 695
1713050 694
1713060 692
1713070 691
1713080 691
1713090 690
1713100 690
1713110 691
1713120 692
1713130 693
1713140 694
1713150 694
1713160 695
1713170 695
1713180 695
1713190 696
1713200 697
1713210 697
1713220 698
1713230 699
1713240 700
1713250 700
1713260 699
1713270 697
1713280 695
1713290 692
1713300 690
1713310 688
1713320 687
1713330 687
1713340 686
1713350 686
1713360 686
1713370 686
1713380 686
1713390 686
1713400 687
1713410 687
1713420 688
1713430 689
1713440 689
1713450 690
1713460 691
1713470 693
1713480 694
1713490 696
1713500 697
1713510 698
1713520 699
1713530 700
1713540 702
1713550 703
1713560 704
1713570 706
1713580 708
1713590 710
1713600 712
1713610 714
1713620 715
1713630 716
1713640 717
1713650 718
1713660 718
1713670 717
1713680 716
1713690 714
1713700 713
1713710 712
1713720 710
1713730 709
1713740 707
1713750 705
1713760 704
1713770 702
1713780 700
1713790 698
1713800 697
1713810 695
1713820 693
1713830 691
1713840 690
1713850 688
1713860 686
1713870 684
1713880 683
1713890 681
1713900 679
1713910 677
1713920 675
1713930 674
1713940 672
1713950 670
1713960 668
1713970 666
1713980 664
1713990 662
1714000 660
1714010 657
1714020 655
1714030 652
1714040 650
1714050 647
1714060 645
1714070 643
1714080 641
1714090 639
1714100 637
1714110 636
1714120 634
1714130 632
1714140 631
1714150 629
1714160 627
1714170 625
1714180 623
1714190 620
1714200 618
1714210 616
1714220 614
1714230 613
1714240 611
1714250 609
1714260 607
1714270 605
1714280 603
1714290 601
1714300 600
1714310 598
1714320 596
1714330 593
1714340 590
1714350 587
1714360 583
1714370 581
1714380 579
1714390 578
1714400 576
1714410 574
1714420 571
1714430 569
1714440 567
1714450 564
1714460 562
1714470 560
1714480 558
1714490 556
1714500 553
1714510 552
1714520 550
1714530 548
1714540 547
1714550 545
1714560 543
1714570 542
1714580 540
1714590 538
1714600 536
1714610 534
1714620 532
1714630 530
1714640 528
1714650 527
1714660 525
1714670 524
1714680 523
1714690 521
1714700 520
1714710 518
1714720 517
1714730 515
1714740 514
1714750 512
1714760 511
1714770 510
1714780 509
1714790 508
1714800 507
1714810 506
1714820 505
1714830 504
1714840 502
1714850 501
1714860 500
1714870 499
1714880 498
1714890 498
1714900 497
1714910 496
1714920 495
1714930 495
1714940 494
1714950 493
1714960 493
1714970 493
1714980 492
1714990 492
1715000 491
1715010 491
1715020 490
1715030 489
1715040 487
1715050 486
1715060 484
1715070 482
1715080 480
1715090 478
1715100 476
1715110 473
1715120 471
1715130 469
1715140 466
1715150 465
1715160 465
1715170 464
1715180 464
1715190 463
1715200 463
1715210 462
1715220 461
1715230 460
1715240 459
1715250 458
1715260 456
1715270 454
1715280 453
1715290 451
1715300 449
1715310 447
1715320 445
1715330 443
1715340 441
1715350 439
1715360 438
1715370 436
1715380 435
1715390 433
1715400 431
1715410 429
1715420 426
1715430 424
1715440 422
1715450 420
1715460 418
1715470 416
1715480 413
1715490 411
1715500 410
1715510 408
1715520 406
1715530 405
1715540 403
1715550 401
1715560 399
1715570 397
1715580 394
1715590 392
1715600 389
1715610 386
1715620 383
1715630 380
1715640 377
1715650 375
1715660 374
1715670 373
1715680 373
1715690 372
1715700 369
1715710 370
1715720 373
1715730 379
1715740 385
1715750 391
1715760 396
1715770 401
1715780 406
1715790 410
1715800 414
1715810 418
1715820 421
1715830 423
1715840 426
1715850 429
1715860 431
1715870 434
1715880 437
1715890 440
1715900 443
1715910 446
1715920 449
1715930 451
1715940 454
1715950 456
1715960 458
1715970 460
1715980 462
1715990 464
1716000 466
1716010 468
1716020 469
1716030 471
1716040 473
1716050 475
1716060 477
1716070 479
1716080 481
1716090 483
1716100 485
1716110 487
1716120 489
1716130 491
1716140 493
1716150 495
1716160 497
1716170 499
1716180 501
1716190 503
1716200 505
1716210 508
1716220 510
1716230 513
1716240 515
1716250 518
1716260 520
1716270 522
1716280 524
1716290 526
1716300 528
1716310 531
1716320 533
1716330 536
1716340 539
1716350 542
1716360 545
1716370 547
1716380 549
1716390 551
1716400 554
1716410 556
1716420 559
1716430 562
1716440 564
1716450 567
1716460 569
1716470 572
1716480 574
1716490 576
1716500 578
1716510 581
1716520 583
1716530 586
1716540 588
1716550 591
1716560 594
1716570 597
1716580 599
1716590 602
1716600 605
1716610 609
1716620 613
1716630 617
1716640 621
1716650 623
1716660 625
1716670 627
1716680 630
1716690 631
1716700 633
1716710 634
1716720 636
1716730 637
1716740 639
1716750 641
1716760 642
1716770 644
1716780 646
1716790 647
1716800 647
1716810 647
1716820 647
1716830 647
1716840 645
1716850 644
1716860 642
1716870 640
1716880 638
1716890 636
1716900 635
1716910 633
1716920 631
1716930 630
1716940 628
1716950 626
1716960 624
1716970 622
1716980 621
1716990 619
1717000 617
1717010 615
1717020 613
1717030 611
1717040 609
1717050 607
1717060 605
1717070 602
1717080 600
1717090 599
1717100 597
1717110 595
1717120 594
1717130 592
1717140 590
1717150 589
1717160 587
1717170 586
1717180 585
1717190 583
1717200 582
1717210 581
1717220 579
1717230 578
1717240 576
1717250 575
1717260 574
1717270 572
1717280 571
1717290 570
1717300 569
1717310 568
1717320 566
1717330 565
1717340 564
1717350 562
1717360 559
1717370 557
1717380 555
1717390 553
1717400 551
1717410 548
1717420 546
1717430 544
1717440 542
1717450 540
1717460 538
1717470 536
1717480 534
1717490 532
1717500 529
1717510 527
1717520 524
1717530 522
1717540 520
1717550 518
1717560 516
1717570 513
1717580 511
1717590 508
1717600 506
1717610 503
1717620 500
1717630 499
1717640 497
1717650 496
1717660 494
1717670 492
1717680 490
1717690 488
1717700 487
1717710 485
1717720 484
1717730 482
1717740 481
1717750 479
1717760 477
1717770 476
1717780 474
1717790 473
1717800 472
1717810 470
1717820 469
1717830 467
1717840 465
1717850 464
1717860 462
1717870 461
1717880 460
1717890 458
1717900 457
1717910 455
1717920 454
1717930 452
1717940 451
1717950 449
1717960 448
1717970 447
1717980 445
1717990 444
1718000 442
1718010 441
1718020 439
1718030 437
1718040 435
1718050 432
1718060 430
1718070 427
1718080 425
1718090 424
1718100 423
1718110 422
1718120 422
1718130 421
1718140 419
1718150 417
1718160 415
1718170 413
1718180 412
1718190 411
1718200 410
1718210 410
1718220 410
1718230 409
1718240 409
1718250 408
1718260 406
1718270 405
1718280 405
1718290 404
1718300 403
1718310 403
1718320 402
1718330 401
1718340 400
1718350 400
1718360 399
1718370 399
1718380 398
1718390 398
1718400 397
1718410 397
1718420 397
1718430 397
1718440 397
1718450 397
1718460 397
1718470 397
1718480 397
1718490 397
1718500 397
1718510 397
1718520 396
1718530 396
1718540 396
1718550 396
1718560 395
1718570 395
1718580 395
1718590 395
1718600 394
1718610 394
1718620 393
1718630 392
1718640 390
1718650 389
1718660 387
1718670 385
1718680 383
1718690 380
1718700 377
1718710 375
1718720 372
1718730 370
1718740 367
1718750 364
1718760 362
1718770 359
1718780 356
1718790 352
1718800 349
1718810 347
1718820 345
1718830 344
1718840 342
1718850 340
1718860 338
1718870 335
1718880 332
1718890 329
1718900 326
1718910 323
1718920 320
1718930 316
1718940 314
1718950 314
1718960 313
1718970 312
1718980 311
1718990 310
1719000 309
1719010 307
1719020 305
1719030 302
1719040 299
1719050 297
1719060 295
1719070 293
1719080 292
1719090 291
1719100 290
1719110 289
1719120 288
1719130 287
1719140 286
1719150 285
1719160 284
1719170 284
1719180 283
1719190 283
1719200 282
1719210 282
1719220 282
1719230 281
1719240 281
1719250 280
1719260 281
1719270 282
1719280 283
1719290 283
1719300 283
1719310 283
1719320 283
1719330 283
1719340 283
1719350 283
1719360 283
1719370 283
1719380 283
1719390 283
1719400 283
1719410 283
1719420 283
1719430 283
1719440 283
1719450 283
1719460 283
1719470 283
1719480 282
1719490 282
1719500 280
1719510 279
1719520 280
1719530 284
1719540 286
1719550 287
1719560 289
1719570 290
1719580 293
1719590 294
1719600 296
1719610 298
1719620 300
1719630 301
1719640 304
1719650 305
1719660 307
1719670 308
1719680 309
1719690 309
1719700 309
1719710 308
1719720 306
1719730 302
1719740 298
1719750 296
1719760 295
1719770 295
1719780 296
1719790 295
1719800 293
1719810 292
1719820 290
1719830 289
1719840 287
1719850 286
1719860 282
1719870 279
1719880 278
1719890 276
1719900 274
1719910 272
1719920 271
1719930 269
1719940 267
1719950 266
1719960 265
1719970 264
1719980 262
1719990 260
