1700000 811
1700010 811
1700020 810
1700030 809
1700040 809
1700050 808
1700060 808
1700070 807
1700080 806
1700090 806
1700100 805
1700110 805
1700120 804
1700130 803
1700140 803
1700150 802
1700160 801
1700170 801
1700180 800
1700190 799
1700200 799
1700210 798
1700220 797
1700230 797
1700240 796
1700250 795
1700260 794
1700270 793
1700280 792
1700290 790
1700300 789
1700310 789
1700320 788
1700330 787
1700340 787
1700350 786
1700360 786
1700370 786
1700380 786
1700390 786
1700400 787
1700410 787
1700420 787
1700430 788
1700440 789
1700450 789
1700460 790
1700470 791
1700480 791
1700490 792
1700500 793
1700510 794
1700520 795
1700530 796
1700540 797
1700550 798
1700560 799
1700570 799
1700580 800
1700590 801
1700600 802
1700610 802
1700620 803
1700630 804
1700640 805
1700650 805
1700660 806
1700670 807
1700680 807
1700690 808
1700700 809
1700710 810
1700720 810
1700730 810
1700740 811
1700750 811
1700760 811
1700770 812
1700780 812
1700790 812
1700800 813
1700810 813
1700820 813
1700830 813
1700840 814
1700850 814
1700860 815
1700870 815
1700880 815
1700890 815
1700900 815
1700910 816
1700920 816
1700930 816
1700940 816
1700950 816
1700960 816
1700970 816
1700980 816
1700990 816
1701000 816
1701010 816
1701020 816
1701030 816
1701040 816
1701050 815
1701060 815
1701070 815
1701080 814
1701090 814
1701100 813
1701110 813
1701120 812
1701130 811
1701140 811
1701150 810
1701160 810
1701170 810
1701180 809
1701190 809
1701200 808
1701210 808
1701220 807
1701230 807
1701240 806
1701250 806
1701260 805
1701270 805
1701280 805
1701290 804
1701300 804
1701310 804
1701320 804
1701330 804
1701340 803
1701350 803
1701360 803
1701370 802
1701380 802
1701390 802
1701400 801
1701410 801
1701420 801
1701430 801
1701440 800
1701450 800
1701460 800
1701470 800
1701480 800
1701490 800
1701500 800
1701510 800
1701520 801
1701530 801
1701540 801
1701550 801
1701560 800
1701570 800
1701580 800
1701590 800
1701600 800
1701610 799
1701620 799
1701630 799
1701640 799
1701650 799
1701660 799
1701670 799
1701680 799
1701690 799
1701700 799
1701710 799
1701720 799
1701730 799
1701740 799
1701750 799
1701760 799
1701770 799
1701780 799
1701790 798
1701800 798
1701810 798
1701820 798
1701830 798
1701840 797
1701850 796
1701860 796
1701870 795
1701880 795
1701890 794
1701900 794
1701910 793
1701920 793
1701930 792
1701940 792
1701950 792
1701960 792
1701970 792
1701980 792
1701990 792
1702000 792
1702010 791
1702020 792
1702030 791
1702040 791
1702050 790
1702060 789
1702070 788
1702080 787
1702090 786
1702100 784
1702110 783
1702120 781
1702130 780
1702140 778
1702150 776
1702160 775
1702170 774
1702180 772
1702190 771
1702200 771
1702210 769
1702220 768
1702230 767
1702240 766
1702250 765
1702260 764
1702270 763
1702280 762
1702290 761
1702300 760
1702310 760
1702320 759
1702330 759
1702340 759
1702350 758
1702360 758
1702370 759
1702380 759
1702390 759
1702400 759
1702410 759
1702420 760
1702430 760
1702440 761
1702450 761
1702460 761
1702470 761
1702480 760
1702490 760
1702500 759
1702510 758
1702520 757
1702530 756
1702540 755
1702550 754
1702560 753
1702570 752
1702580 750
1702590 749
1702600 747
1702610 746
1702620 744
1702630 741
1702640 739
1702650 737
1702660 735
1702670 733
1702680 732
1702690 730
1702700 728
1702710 727
1702720 725
1702730 723
1702740 720
1702750 718
1702760 716
1702770 714
1702780 712
1702790 711
1702800 709
1702810 707
1702820 706
1702830 704
1702840 702
1702850 700
1702860 699
1702870 697
1702880 696
1702890 695
1702900 693
1702910 691
1702920 689
1702930 686
1702940 684
1702950 681
1702960 677
1702970 674
1702980 671
1702990 668
1703000 664
1703010 661
1703020 659
1703030 656
1703040 654
1703050 654
1703060 654
1703070 654
1703080 654
1703090 653
1703100 652
1703110 651
1703120 651
1703130 651
1703140 651
1703150 650
1703160 650
1703170 649
1703180 649
1703190 648
1703200 647
1703210 647
1703220 646
1703230 645
1703240 645
1703250 644
1703260 644
1703270 643
1703280 643
1703290 642
1703300 641
1703310 641
1703320 640
1703330 640
1703340 639
1703350 638
1703360 637
1703370 637
1703380 637
1703390 636
1703400 636
1703410 635
1703420 635
1703430 635
1703440 635
1703450 634
1703460 633
1703470 633
1703480 633
1703490 632
1703500 632
1703510 631
1703520 631
1703530 630
1703540 629
1703550 629
1703560 629
1703570 629
1703580 629
1703590 628
1703600 629
1703610 629
1703620 629
1703630 630
1703640 630
1703650 631
1703660 631
1703670 632
1703680 633
1703690 634
1703700 634
1703710 636
1703720 637
1703730 638
1703740 640
1703750 640
1703760 641
1703770 642
1703780 643
1703790 645
1703800 647
1703810 650
1703820 652
1703830 654
1703840 656
1703850 657
1703860 658
1703870 659
1703880 659
1703890 659
1703900 658
1703910 658
1703920 659
1703930 660
1703940 660
1703950 661
1703960 662
1703970 662
1703980 662
1703990 662
1704000 662
1704010 662
1704020 662
1704030 661
1704040 660
1704050 659
1704060 658
1704070 658
1704080 658
1704090 658
1704100 657
1704110 657
1704120 658
1704130 658
1704140 659
1704150 660
1704160 661
1704170 662
1704180 663
1704190 664
1704200 665
1704210 666
1704220 667
1704230 668
1704240 670
1704250 672
1704260 674
1704270 676
1704280 678
1704290 677
1704300 674
1704310 671
1704320 668
1704330 667
1704340 666
1704350 666
1704360 665
1704370 665
1704380 664
1704390 663
1704400 662
1704410 662
1704420 662
1704430 662
1704440 662
1704450 663
1704460 663
1704470 664
1704480 665
1704490 667
1704500 668
1704510 670
1704520 672
1704530 674
1704540 677
1704550 679
1704560 681
1704570 684
1704580 686
1704590 688
1704600 689
1704610 689
1704620 690
1704630 691
1704640 690
1704650 689
1704660 688
1704670 687
1704680 687
1704690 686
1704700 686
1704710 685
1704720 685
1704730 684
1704740 684
1704750 684
1704760 683
1704770 682
1704780 679
1704790 677
1704800 675
1704810 672
1704820 669
1704830 666
1704840 663
1704850 661
1704860 659
1704870 656
1704880 654
1704890 652
1704900 649
1704910 647
1704920 644
1704930 642
1704940 639
1704950 636
1704960 633
1704970 630
1704980 626
1704990 623
1705000 620
1705010 617
1705020 615
1705030 612
1705040 610
1705050 608
1705060 607
1705070 605
1705080 603
1705090 601
1705100 599
1705110 597
1705120 595
1705130 594
1705140 592
1705150 590
1705160 589
1705170 588
1705180 588
1705190 588
1705200 588
1705210 588
1705220 589
1705230 589
1705240 589
1705250 589
1705260 589
1705270 588
1705280 588
1705290 587
1705300 585
1705310 583
1705320 581
1705330 579
1705340 577
1705350 574
1705360 571
1705370 568
1705380 565
1705390 562
1705400 559
1705410 556
1705420 554
1705430 551
1705440 548
1705450 546
1705460 544
1705470 542
1705480 539
1705490 537
1705500 535
1705510 533
1705520 532
1705530 530
1705540 528
1705550 526
1705560 525
1705570 523
1705580 521
1705590 519
1705600 517
1705610 515
1705620 513
1705630 511
1705640 509
1705650 507
1705660 504
1705670 500
1705680 497
1705690 494
1705700 491
1705710 488
1705720 485
1705730 482
1705740 480
1705750 478
1705760 476
1705770 475
1705780 473
1705790 471
1705800 470
1705810 468
1705820 468
1705830 469
1705840 473
1705850 478
1705860 482
1705870 486
1705880 490
1705890 494
1705900 497
1705910 501
1705920 504
1705930 507
1705940 510
1705950 513
1705960 516
1705970 518
1705980 521
1705990 523
1706000 525
1706010 527
1706020 529
1706030 531
1706040 534
1706050 536
1706060 538
1706070 541
1706080 543
1706090 546
1706100 549
1706110 551
1706120 553
1706130 555
1706140 558
1706150 560
1706160 562
1706170 564
1706180 567
1706190 569
1706200 571
1706210 573
1706220 575
1706230 577
1706240 579
1706250 582
1706260 583
1706270 585
1706280 587
1706290 589
1706300 592
1706310 594
1706320 596
1706330 598
1706340 600
1706350 603
1706360 605
1706370 608
1706380 611
1706390 613
1706400 616
1706410 619
1706420 621
1706430 623
1706440 625
1706450 626
1706460 627
1706470 626
1706480 625
1706490 624
1706500 622
1706510 621
1706520 619
1706530 617
1706540 616
1706550 615
1706560 613
1706570 612
1706580 610
1706590 609
1706600 608
1706610 606
1706620 605
1706630 604
1706640 602
1706650 601
1706660 600
1706670 599
1706680 599
1706690 598
1706700 597
1706710 596
1706720 595
1706730 595
1706740 594
1706750 594
1706760 593
1706770 593
1706780 592
1706790 592
1706800 591
1706810 590
1706820 590
1706830 589
1706840 588
1706850 587
1706860 586
1706870 585
1706880 584
1706890 582
1706900 581
1706910 580
1706920 579
1706930 578
1706940 577
1706950 576
1706960 575
1706970 574
1706980 572
1706990 570
1707000 568
1707010 567
1707020 566
1707030 566
1707040 565
1707050 564
1707060 563
1707070 560
1707080 558
1707090 557
1707100 556
1707110 555
1707120 553
1707130 551
1707140 549
1707150 547
1707160 545
1707170 543
1707180 540
1707190 538
1707200 536
1707210 534
1707220 533
1707230 532
1707240 531
1707250 531
1707260 530
1707270 529
1707280 527
1707290 525
1707300 524
1707310 524
1707320 523
1707330 522
1707340 523
1707350 526
1707360 529
1707370 532
1707380 536
1707390 540
1707400 544
1707410 547
1707420 550
1707430 553
1707440 556
1707450 558
1707460 561
1707470 563
1707480 565
1707490 568
1707500 570
1707510 572
1707520 574
1707530 576
1707540 578
1707550 580
1707560 582
1707570 584
1707580 587
1707590 589
1707600 591
1707610 593
1707620 596
1707630 599
1707640 601
1707650 604
1707660 606
1707670 608
1707680 610
1707690 612
1707700 615
1707710 617
1707720 619
1707730 621
1707740 623
1707750 624
1707760 626
1707770 628
1707780 629
1707790 631
1707800 632
1707810 633
1707820 634
1707830 636
1707840 637
1707850 638
1707860 639
1707870 640
1707880 640
1707890 640
1707900 640
1707910 639
1707920 638
1707930 637
1707940 636
1707950 635
1707960 634
1707970 633
1707980 631
1707990 630
1708000 629
1708010 627
1708020 626
1708030 624
1708040 623
1708050 620
1708060 618
1708070 616
1708080 614
1708090 612
1708100 610
1708110 608
1708120 607
1708130 605
1708140 604
1708150 602
1708160 600
1708170 599
1708180 597
1708190 595
1708200 592
1708210 590
1708220 589
1708230 591
1708240 592
1708250 593
1708260 594
1708270 595
1708280 596
1708290 596
1708300 597
1708310 598
1708320 599
1708330 600
1708340 601
1708350 602
1708360 603
1708370 605
1708380 606
1708390 607
1708400 609
1708410 610
1708420 612
1708430 613
1708440 615
1708450 616
1708460 618
1708470 619
1708480 621
1708490 622
1708500 623
1708510 625
1708520 627
1708530 629
1708540 631
1708550 632
1708560 633
1708570 634
1708580 636
1708590 637
1708600 638
1708610 640
1708620 642
1708630 644
1708640 646
1708650 648
1708660 650
1708670 652
1708680 654
1708690 655
1708700 657
1708710 657
1708720 658
1708730 657
1708740 657
1708750 656
1708760 656
1708770 656
1708780 655
1708790 655
1708800 655
1708810 654
1708820 654
1708830 654
1708840 654
1708850 654
1708860 654
1708870 654
1708880 653
1708890 653
1708900 652
1708910 651
1708920 649
1708930 646
1708940 644
1708950 642
1708960 639
1708970 636
1708980 634
1708990 632
1709000 630
1709010 628
1709020 626
1709030 625
1709040 623
1709050 622
1709060 621
1709070 620
1709080 619
1709090 617
1709100 616
1709110 614
1709120 613
1709130 611
1709140 610
1709150 609
1709160 607
1709170 606
1709180 605
1709190 603
1709200 601
1709210 598
1709220 595
1709230 592
1709240 588
1709250 585
1709260 582
1709270 579
1709280 576
1709290 573
1709300 570
1709310 567
1709320 564
1709330 561
1709340 558
1709350 555
1709360 552
1709370 548
1709380 545
1709390 541
1709400 538
1709410 535
1709420 532
1709430 528
1709440 525
1709450 522
1709460 519
1709470 515
1709480 512
1709490 509
1709500 506
1709510 503
1709520 500
1709530 499
1709540 498
1709550 497
1709560 495
1709570 493
1709580 492
1709590 491
1709600 489
1709610 488
1709620 488
1709630 486
1709640 484
1709650 482
1709660 480
1709670 479
1709680 479
1709690 477
1709700 476
1709710 475
1709720 473
1709730 472
1709740 472
1709750 473
1709760 475
1709770 478
1709780 480
1709790 482
1709800 483
1709810 485
1709820 487
1709830 489
1709840 491
1709850 494
1709860 498
1709870 501
1709880 503
1709890 505
1709900 507
1709910 509
1709920 512
1709930 514
1709940 517
1709950 519
1709960 522
1709970 524
1709980 527
1709990 530
1710000 532
1710010 535
1710020 537
1710030 539
1710040 541
1710050 543
1710060 545
1710070 547
1710080 549
1710090 552
1710100 554
1710110 557
1710120 560
1710130 563
1710140 565
1710150 568
1710160 571
1710170 574
1710180 576
1710190 579
1710200 581
1710210 584
1710220 587
1710230 590
1710240 592
1710250 595
1710260 597
1710270 599
1710280 601
1710290 604
1710300 607
1710310 611
1710320 614
1710330 618
1710340 621
1710350 624
1710360 627
1710370 629
1710380 631
1710390 632
1710400 634
1710410 636
1710420 637
1710430 638
1710440 639
1710450 641
1710460 642
1710470 643
1710480 644
1710490 645
1710500 645
1710510 646
1710520 647
1710530 647
1710540 647
1710550 648
1710560 648
1710570 648
1710580 647
1710590 647
1710600 647
1710610 647
1710620 648
1710630 648
1710640 648
1710650 649
1710660 650
1710670 650
1710680 651
1710690 651
1710700 652
1710710 652
1710720 653
1710730 653
1710740 653
1710750 654
1710760 655
1710770 655
1710780 656
1710790 657
1710800 658
1710810 659
1710820 660
1710830 661
1710840 662
1710850 663
1710860 665
1710870 666
1710880 668
1710890 670
1710900 672
1710910 674
1710920 676
1710930 679
1710940 681
1710950 683
1710960 685
1710970 686
1710980 687
1710990 689
1711000 690
1711010 692
1711020 693
1711030 694
1711040 695
1711050 696
1711060 696
1711070 697
1711080 697
1711090 697
1711100 697
1711110 696
1711120 696
1711130 697
1711140 698
1711150 699
1711160 700
1711170 701
1711180 702
1711190 702
1711200 703
1711210 704
1711220 704
1711230 705
1711240 706
1711250 707
1711260 707
1711270 709
1711280 710
1711290 711
1711300 712
1711310 713
1711320 714
1711330 715
1711340 716
1711350 717
1711360 718
1711370 719
1711380 720
1711390 721
1711400 722
1711410 723
1711420 723
1711430 724
1711440 725
1711450 726
1711460 727
1711470 727
1711480 728
1711490 729
1711500 730
1711510 731
1711520 731
1711530 732
1711540 733
1711550 734
1711560 734
1711570 735
1711580 736
1711590 736
1711600 737
1711610 738
1711620 739
1711630 739
1711640 740
1711650 741
1711660 741
1711670 742
1711680 743
1711690 744
1711700 745
1711710 746
1711720 746
1711730 747
1711740 747
1711750 748
1711760 749
1711770 750
1711780 751
1711790 751
1711800 752
1711810 752
1711820 753
1711830 752
1711840 752
1711850 752
1711860 752
1711870 752
1711880 752
1711890 751
1711900 751
1711910 751
1711920 751
1711930 751
1711940 751
1711950 751
1711960 752
1711970 752
1711980 753
1711990 753
1712000 753
1712010 754
1712020 754
1712030 755
1712040 755
1712050 756
1712060 756
1712070 757
1712080 758
1712090 759
1712100 760
1712110 761
1712120 762
1712130 762
1712140 763
1712150 764
1712160 765
1712170 765
1712180 766
1712190 767
1712200 767
1712210 768
1712220 768
1712230 768
1712240 769
1712250 769
1712260 769
1712270 769
1712280 768
1712290 768
1712300 768
1712310 768
1712320 768
1712330 767
1712340 767
1712350 766
1712360 765
1712370 765
1712380 764
1712390 763
1712400 762
1712410 761
1712420 761
1712430 760
1712440 759
1712450 759
1712460 757
1712470 757
1712480 756
1712490 756
1712500 755
1712510 754
1712520 753
1712530 752
1712540 751
1712550 750
1712560 750
1712570 749
1712580 747
1712590 746
1712600 745
1712610 744
1712620 743
1712630 742
1712640 741
1712650 740
1712660 739
1712670 738
1712680 738
1712690 737
1712700 735
1712710 733
1712720 732
1712730 731
1712740 730
1712750 729
1712760 728
1712770 726
1712780 725
1712790 724
1712800 723
1712810 722
1712820 721
1712830 720
1712840 718
1712850 717
1712860 716
1712870 716
1712880 715
1712890 714
1712900 713
1712910 713
1712920 712
1712930 712
1712940 711
1712950 711
1712960 711
1712970 710
1712980 710
1712990 710
1713000 710
1713010 709
1713020 709
1713030 708
1713040 708
1713050 707
1713060 707
1713070 707
1713080 706
1713090 706
1713100 706
1713110 706
1713120 705
1713130 705
1713140 705
1713150 705
1713160 706
1713170 706
1713180 706
1713190 706
1713200 705
1713210 705
1713220 705
1713230 705
1713240 705
1713250 705
1713260 705
1713270 705
1713280 704
1713290 704
1713300 704
1713310 704
1713320 704
1713330 704
1713340 703
1713350 703
1713360 702
1713370 701
1713380 700
1713390 700
1713400 699
1713410 698
1713420 698
1713430 697
1713440 696
1713450 694
1713460 693
1713470 691
1713480 689
1713490 688
1713500 687
1713510 686
1713520 686
1713530 686
1713540 684
1713550 682
1713560 680
1713570 678
1713580 676
1713590 674
1713600 672
1713610 671
1713620 669
1713630 667
1713640 666
1713650 664
1713660 662
1713670 661
1713680 659
1713690 657
1713700 655
1713710 653
1713720 651
1713730 649
1713740 647
1713750 645
1713760 643
1713770 641
1713780 639
1713790 636
1713800 633
1713810 630
1713820 628
1713830 625
1713840 624
1713850 622
1713860 620
1713870 618
1713880 617
1713890 616
1713900 616
1713910 615
1713920 615
1713930 614
1713940 613
1713950 611
1713960 610
1713970 609
1713980 607
1713990 606
1714000 605
1714010 604
1714020 603
1714030 603
1714040 603
1714050 602
1714060 602
1714070 601
1714080 600
1714090 600
1714100 600
1714110 600
1714120 600
1714130 600
1714140 600
1714150 601
1714160 601
1714170 602
1714180 603
1714190 605
1714200 607
1714210 609
1714220 611
1714230 613
1714240 615
1714250 617
1714260 618
1714270 618
1714280 618
1714290 618
1714300 618
1714310 618
1714320 618
1714330 617
1714340 617
1714350 616
1714360 615
1714370 615
1714380 614
1714390 613
1714400 612
1714410 611
1714420 610
1714430 610
1714440 609
1714450 609
1714460 608
1714470 608
1714480 607
1714490 606
1714500 605
1714510 604
1714520 603
1714530 602
1714540 601
1714550 599
1714560 598
1714570 597
1714580 596
1714590 595
1714600 594
1714610 593
1714620 592
1714630 591
1714640 590
1714650 589
1714660 589
1714670 589
1714680 590
1714690 590
1714700 590
1714710 589
1714720 587
1714730 583
1714740 580
1714750 577
1714760 573
1714770 570
1714780 567
1714790 564
1714800 561
1714810 558
1714820 555
1714830 552
1714840 548
1714850 545
1714860 542
1714870 539
1714880 537
1714890 534
1714900 531
1714910 528
1714920 525
1714930 522
1714940 519
1714950 517
1714960 514
1714970 512
1714980 510
1714990 508
1715000 505
1715010 502
1715020 499
1715030 495
1715040 491
1715050 488
1715060 485
1715070 482
1715080 480
1715090 478
1715100 475
1715110 474
1715120 473
1715130 471
1715140 469
1715150 467
1715160 465
1715170 462
1715180 459
1715190 456
1715200 453
1715210 450
1715220 447
1715230 444
1715240 442
1715250 441
1715260 440
1715270 439
1715280 441
1715290 444
1715300 447
1715310 450
1715320 452
1715330 455
1715340 458
1715350 461
1715360 464
1715370 466
1715380 469
1715390 471
1715400 474
1715410 477
1715420 479
1715430 481
1715440 483
1715450 485
1715460 487
1715470 489
1715480 491
1715490 493
1715500 494
1715510 495
1715520 496
1715530 496
1715540 497
1715550 497
1715560 497
1715570 495
1715580 491
1715590 488
1715600 484
1715610 481
1715620 477
1715630 474
1715640 471
1715650 467
1715660 464
1715670 461
1715680 458
1715690 458
1715700 458
1715710 459
1715720 463
1715730 467
1715740 471
1715750 474
1715760 477
1715770 480
1715780 484
1715790 487
1715800 490
1715810 493
1715820 496
1715830 498
1715840 501
1715850 503
1715860 505
1715870 508
1715880 510
1715890 513
1715900 515
1715910 517
1715920 520
1715930 522
1715940 525
1715950 527
1715960 530
1715970 533
1715980 535
1715990 538
1716000 541
1716010 543
1716020 546
1716030 549
1716040 551
1716050 554
1716060 557
1716070 559
1716080 560
1716090 561
1716100 563
1716110 564
1716120 565
1716130 566
1716140 567
1716150 567
1716160 567
1716170 567
1716180 567
1716190 568
1716200 568
1716210 569
1716220 569
1716230 569
1716240 570
1716250 572
1716260 573
1716270 575
1716280 576
1716290 578
1716300 579
1716310 581
1716320 583
1716330 585
1716340 587
1716350 589
1716360 592
1716370 594
1716380 597
1716390 599
1716400 602
1716410 604
1716420 607
1716430 609
1716440 611
1716450 614
1716460 616
1716470 619
1716480 621
1716490 624
1716500 626
1716510 629
1716520 632
1716530 635
1716540 639
1716550 644
1716560 649
1716570 655
1716580 663
1716590 670
1716600 676
1716610 679
1716620 683
1716630 686
1716640 689
1716650 693
1716660 697
1716670 702
1716680 704
1716690 704
1716700 703
1716710 700
1716720 698
1716730 695
1716740 693
1716750 690
1716760 688
1716770 686
1716780 683
1716790 681
1716800 679
1716810 677
1716820 675
1716830 672
1716840 670
1716850 668
1716860 666
1716870 664
1716880 662
1716890 660
1716900 657
1716910 654
1716920 651
1716930 649
1716940 646
1716950 644
1716960 642
1716970 641
1716980 639
1716990 638
1717000 636
1717010 634
1717020 632
1717030 631
1717040 629
1717050 627
1717060 626
1717070 624
1717080 622
1717090 620
1717100 619
1717110 617
1717120 615
1717130 614
1717140 613
1717150 612
1717160 611
1717170 609
1717180 608
1717190 607
1717200 605
1717210 604
1717220 603
1717230 603
1717240 603
1717250 603
1717260 602
1717270 601
1717280 599
1717290 597
1717300 595
1717310 593
1717320 590
1717330 588
1717340 585
1717350 582
1717360 580
1717370 577
1717380 575
1717390 572
1717400 570
1717410 567
1717420 565
1717430 562
1717440 560
1717450 557
1717460 555
1717470 552
1717480 550
1717490 547
1717500 544
1717510 542
1717520 540
1717530 537
1717540 534
1717550 532
1717560 529
1717570 526
1717580 523
1717590 520
1717600 518
1717610 515
1717620 513
1717630 511
1717640 510
1717650 508
1717660 506
1717670 504
1717680 502
1717690 500
1717700 498
1717710 495
1717720 493
1717730 491
1717740 489
1717750 487
1717760 484
1717770 482
1717780 481
1717790 479
1717800 478
1717810 476
1717820 474
1717830 473
1717840 471
1717850 469
1717860 467
1717870 465
1717880 463
1717890 461
1717900 459
1717910 456
1717920 454
1717930 453
1717940 451
1717950 449
1717960 448
1717970 446
1717980 444
1717990 443
1718000 441
1718010 439
1718020 437
1718030 436
1718040 434
1718050 433
1718060 432
1718070 431
1718080 429
1718090 428
1718100 427
1718110 426
1718120 425
1718130 424
1718140 423
1718150 422
1718160 422
1718170 422
1718180 421
1718190 421
1718200 421
1718210 422
1718220 422
1718230 422
1718240 422
1718250 422
1718260 422
1718270 422
1718280 422
1718290 422
1718300 422
1718310 422
1718320 421
1718330 421
1718340 420
1718350 421
1718360 421
1718370 421
1718380 421
1718390 422
1718400 423
1718410 424
1718420 425
1718430 425
1718440 426
1718450 427
1718460 427
1718470 428
1718480 429
1718490 431
1718500 431
1718510 432
1718520 431
1718530 431
1718540 432
1718550 432
1718560 432
1718570 432
1718580 431
1718590 431
1718600 431
1718610 430
1718620 429
1718630 429
1718640 428
1718650 427
1718660 426
1718670 424
1718680 423
1718690 421
1718700 421
1718710 420
1718720 419
1718730 418
1718740 417
1718750 417
1718760 415
1718770 414
1718780 412
1718790 411
1718800 410
1718810 409
1718820 408
1718830 407
1718840 406
1718850 405
1718860 403
1718870 401
1718880 398
1718890 397
1718900 396
1718910 395
1718920 394
1718930 393
1718940 392
1718950 390
1718960 388
1718970 386
1718980 385
1718990 384
1719000 382
1719010 381
1719020 380
1719030 378
1719040 375
1719050 373
1719060 372
1719070 371
1719080 369
1719090 368
1719100 366
1719110 365
1719120 364
1719130 362
1719140 360
1719150 360
1719160 359
1719170 358
1719180 355
1719190 354
1719200 353
1719210 351
1719220 351
1719230 350
1719240 349
1719250 347
1719260 345
1719270 345
1719280 344
1719290 343
1719300 342
1719310 341
1719320 340
1719330 339
1719340 337
1719350 335
1719360 334
1719370 333
1719380 332
1719390 331
1719400 330
1719410 330
1719420 330
1719430 329
1719440 329
1719450 328
1719460 327
1719470 326
1719480 326
1719490 326
1719500 326
1719510 325
1719520 324
1719530 324
1719540 323
1719550 323
1719560 322
1719570 321
1719580 320
1719590 320
1719600 319
1719610 318
1719620 318
1719630 317
1719640 316
1719650 315
1719660 314
1719670 313
1719680 313
1719690 313
1719700 312
1719710 311
1719720 310
1719730 308
1719740 307
1719750 306
1719760 305
1719770 304
1719780 302
1719790 301
1719800 299
1719810 298
1719820 297
1719830 296
1719840 296
1719850 296
1719860 297
1719870 296
1719880 296
1719890 295
1719900 294
1719910 293
1719920 291
1719930 290
1719940 288
1719950 286
1719960 285
1719970 285
1719980 285
1719990 284
