1700000 798
1700010 798
1700020 798
1700030 797
1700040 797
1700050 797
1700060 796
1700070 796
1700080 796
1700090 796
1700100 795
1700110 795
1700120 795
1700130 795
1700140 794
1700150 794
1700160 794
1700170 794
1700180 794
1700190 794
1700200 793
1700210 793
1700220 793
1700230 793
1700240 793
1700250 793
1700260 793
1700270 793
1700280 792
1700290 792
1700300 792
1700310 792
1700320 792
1700330 792
1700340 792
1700350 792
1700360 791
1700370 791
1700380 791
1700390 791
1700400 791
1700410 791
1700420 790
1700430 790
1700440 790
1700450 790
1700460 790
1700470 790
1700480 789
1700490 789
1700500 789
1700510 789
1700520 789
1700530 788
1700540 787
1700550 787
1700560 786
1700570 786
1700580 786
1700590 786
1700600 786
1700610 786
1700620 786
1700630 786
1700640 786
1700650 785
1700660 785
1700670 785
1700680 785
1700690 785
1700700 784
1700710 784
1700720 784
1700730 784
1700740 784
1700750 783
1700760 783
1700770 783
1700780 783
1700790 783
1700800 783
1700810 783
1700820 783
1700830 783
1700840 782
1700850 782
1700860 782
1700870 782
1700880 782
1700890 782
1700900 782
1700910 782
1700920 782
1700930 782
1700940 783
1700950 783
1700960 783
1700970 783
1700980 783
1700990 784
1701000 784
1701010 785
1701020 785
1701030 785
1701040 785
1701050 786
1701060 786
1701070 786
1701080 786
1701090 786
1701100 787
1701110 788
1701120 788
1701130 788
1701140 787
1701150 786
1701160 785
1701170 784
1701180 784
1701190 783
1701200 783
1701210 782
1701220 780
1701230 780
1701240 779
1701250 778
1701260 776
1701270 775
1701280 774
1701290 773
1701300 772
1701310 771
1701320 769
1701330 768
1701340 767
1701350 766
1701360 764
1701370 763
1701380 762
1701390 761
1701400 760
1701410 758
1701420 757
1701430 756
1701440 753
1701450 751
1701460 749
1701470 748
1701480 748
1701490 747
1701500 747
1701510 746
1701520 745
1701530 744
1701540 743
1701550 742
1701560 741
1701570 740
1701580 738
1701590 738
1701600 737
1701610 736
1701620 736
1701630 735
1701640 734
1701650 733
1701660 732
1701670 731
1701680 730
1701690 730
1701700 729
1701710 728
1701720 727
1701730 725
1701740 724
1701750 723
1701760 722
1701770 722
1701780 721
1701790 721
1701800 720
1701810 720
1701820 719
1701830 719
1701840 719
1701850 718
1701860 718
1701870 718
1701880 718
1701890 718
1701900 719
1701910 719
1701920 719
1701930 719
1701940 720
1701950 720
1701960 720
1701970 720
1701980 720
1701990 720
1702000 719
1702010 719
1702020 719
1702030 718
1702040 718
1702050 717
1702060 716
1702070 715
1702080 715
1702090 715
1702100 716
1702110 716
1702120 717
1702130 717
1702140 718
1702150 719
1702160 720
1702170 721
1702180 722
1702190 723
1702200 724
1702210 725
1702220 725
1702230 726
1702240 726
1702250 727
1702260 727
1702270 728
1702280 728
1702290 729
1702300 729
1702310 730
1702320 730
1702330 731
1702340 731
1702350 732
1702360 732
1702370 732
1702380 732
1702390 733
1702400 733
1702410 733
1702420 733
1702430 733
1702440 734
1702450 734
1702460 734
1702470 734
1702480 735
1702490 735
1702500 735
1702510 736
1702520 736
1702530 736
1702540 737
1702550 737
1702560 737
1702570 738
1702580 738
1702590 738
1702600 739
1702610 739
1702620 740
1702630 740
1702640 741
1702650 741
1702660 742
1702670 742
1702680 743
1702690 743
1702700 743
1702710 744
1702720 744
1702730 744
1702740 745
1702750 745
1702760 746
1702770 746
1702780 746
1702790 746
1702800 746
1702810 746
1702820 746
1702830 746
1702840 745
1702850 744
1702860 744
1702870 743
1702880 742
1702890 741
1702900 740
1702910 739
1702920 738
1702930 737
1702940 736
1702950 736
1702960 735
1702970 734
1702980 734
1702990 733
1703000 732
1703010 731
1703020 731
1703030 730
1703040 729
1703050 728
1703060 727
1703070 726
1703080 726
1703090 725
1703100 724
1703110 723
1703120 723
1703130 722
1703140 722
1703150 721
1703160 720
1703170 719
1703180 719
1703190 718
1703200 717
1703210 716
1703220 715
1703230 715
1703240 714
1703250 713
1703260 713
1703270 712
1703280 711
1703290 711
1703300 710
1703310 709
1703320 709
1703330 708
1703340 707
1703350 707
1703360 706
1703370 705
1703380 705
1703390 704
1703400 703
1703410 701
1703420 699
1703430 696
1703440 694
1703450 693
1703460 692
1703470 692
1703480 692
1703490 692
1703500 692
1703510 692
1703520 692
1703530 693
1703540 693
1703550 694
1703560 694
1703570 693
1703580 693
1703590 693
1703600 693
1703610 692
1703620 691
1703630 690
1703640 688
1703650 686
1703660 685
1703670 685
1703680 684
1703690 683
1703700 682
1703710 681
1703720 681
1703730 681
1703740 680
1703750 680
1703760 679
1703770 678
1703780 678
1703790 677
1703800 677
1703810 677
1703820 677
1703830 677
1703840 677
1703850 677
1703860 677
1703870 676
1703880 676
1703890 676
1703900 676
1703910 676
1703920 676
1703930 676
1703940 676
1703950 676
1703960 677
1703970 677
1703980 679
1703990 680
1704000 681
1704010 683
1704020 685
1704030 687
1704040 688
1704050 690
1704060 691
1704070 692
1704080 694
1704090 696
1704100 698
1704110 700
1704120 702
1704130 704
1704140 707
1704150 708
1704160 710
1704170 712
1704180 714
1704190 715
1704200 716
1704210 717
1704220 718
1704230 720
1704240 721
1704250 722
1704260 723
1704270 725
1704280 726
1704290 729
1704300 731
1704310 733
1704320 735
1704330 736
1704340 738
1704350 740
1704360 742
1704370 744
1704380 746
1704390 748
1704400 749
1704410 751
1704420 752
1704430 752
1704440 752
1704450 752
1704460 752
1704470 751
1704480 750
1704490 749
1704500 748
1704510 747
1704520 746
1704530 746
1704540 745
1704550 744
1704560 742
1704570 741
1704580 740
1704590 740
1704600 739
1704610 738
1704620 738
1704630 737
1704640 737
1704650 737
1704660 736
1704670 735
1704680 735
1704690 735
1704700 735
1704710 735
1704720 735
1704730 735
1704740 735
1704750 735
1704760 735
1704770 735
1704780 735
1704790 735
1704800 735
1704810 736
1704820 736
1704830 737
1704840 737
1704850 738
1704860 738
1704870 738
1704880 739
1704890 739
1704900 740
1704910 741
1704920 741
1704930 739
1704940 737
1704950 734
1704960 731
1704970 729
1704980 729
1704990 728
1705000 728
1705010 728
1705020 728
1705030 728
1705040 728
1705050 728
1705060 728
1705070 728
1705080 728
1705090 728
1705100 728
1705110 728
1705120 728
1705130 728
1705140 729
1705150 729
1705160 729
1705170 729
1705180 729
1705190 728
1705200 728
1705210 728
1705220 728
1705230 727
1705240 727
1705250 727
1705260 727
1705270 727
1705280 727
1705290 728
1705300 730
1705310 731
1705320 732
1705330 732
1705340 732
1705350 732
1705360 732
1705370 732
1705380 733
1705390 733
1705400 733
1705410 733
1705420 733
1705430 733
1705440 734
1705450 734
1705460 734
1705470 734
1705480 734
1705490 734
1705500 734
1705510 734
1705520 734
1705530 734
1705540 734
1705550 734
1705560 734
1705570 734
1705580 734
1705590 734
1705600 734
1705610 734
1705620 734
1705630 734
1705640 734
1705650 734
1705660 734
1705670 735
1705680 735
1705690 735
1705700 735
1705710 735
1705720 735
1705730 735
1705740 735
1705750 735
1705760 736
1705770 736
1705780 736
1705790 736
1705800 736
1705810 737
1705820 737
1705830 737
1705840 737
1705850 738
1705860 738
1705870 738
1705880 738
1705890 739
1705900 739
1705910 739
1705920 739
1705930 740
1705940 740
1705950 740
1705960 740
1705970 740
1705980 741
1705990 741
1706000 741
1706010 741
1706020 742
1706030 742
1706040 742
1706050 742
1706060 742
1706070 743
1706080 743
1706090 743
1706100 744
1706110 744
1706120 744
1706130 744
1706140 744
1706150 744
1706160 744
1706170 744
1706180 744
1706190 744
1706200 744
1706210 744
1706220 744
1706230 744
1706240 744
1706250 744
1706260 744
1706270 744
1706280 744
1706290 744
1706300 744
1706310 744
1706320 744
1706330 744
1706340 744
1706350 744
1706360 744
1706370 744
1706380 744
1706390 744
1706400 744
1706410 743
1706420 743
1706430 743
1706440 743
1706450 743
1706460 743
1706470 743
1706480 742
1706490 742
1706500 742
1706510 742
1706520 742
1706530 742
1706540 741
1706550 741
1706560 741
1706570 741
1706580 741
1706590 740
1706600 740
1706610 740
1706620 740
1706630 740
1706640 740
1706650 739
1706660 739
1706670 738
1706680 738
1706690 738
1706700 737
1706710 737
1706720 737
1706730 737
1706740 736
1706750 736
1706760 736
1706770 735
1706780 735
1706790 735
1706800 735
1706810 734
1706820 734
1706830 734
1706840 734
1706850 734
1706860 734
1706870 733
1706880 733
1706890 733
1706900 732
1706910 732
1706920 732
1706930 731
1706940 731
1706950 730
1706960 730
1706970 729
1706980 729
1706990 729
1707000 729
1707010 728
1707020 728
1707030 728
1707040 727
1707050 727
1707060 727
1707070 727
1707080 726
1707090 726
1707100 726
1707110 726
1707120 725
1707130 725
1707140 725
1707150 724
1707160 724
1707170 724
1707180 723
1707190 723
1707200 723
1707210 723
1707220 722
1707230 722
1707240 722
1707250 722
1707260 722
1707270 722
1707280 722
1707290 721
1707300 721
1707310 721
1707320 721
1707330 721
1707340 721
1707350 721
1707360 721
1707370 721
1707380 721
1707390 721
1707400 722
1707410 722
1707420 722
1707430 722
1707440 722
1707450 722
1707460 722
1707470 722
1707480 722
1707490 722
1707500 722
1707510 721
1707520 721
1707530 720
1707540 719
1707550 718
1707560 718
1707570 717
1707580 717
1707590 716
1707600 716
1707610 715
1707620 715
1707630 714
1707640 714
1707650 713
1707660 713
1707670 712
1707680 712
1707690 711
1707700 711
1707710 710
1707720 710
1707730 709
1707740 709
1707750 709
1707760 708
1707770 708
1707780 707
1707790 707
1707800 706
1707810 706
1707820 706
1707830 705
1707840 705
1707850 705
1707860 704
1707870 704
1707880 703
1707890 703
1707900 703
1707910 703
1707920 702
1707930 702
1707940 702
1707950 701
1707960 701
1707970 701
1707980 700
1707990 700
1708000 700
1708010 699
1708020 699
1708030 698
1708040 698
1708050 697
1708060 697
1708070 696
1708080 696
1708090 695
1708100 694
1708110 693
1708120 693
1708130 692
1708140 692
1708150 690
1708160 689
1708170 687
1708180 686
1708190 686
1708200 685
1708210 685
1708220 684
1708230 684
1708240 684
1708250 684
1708260 684
1708270 685
1708280 687
1708290 689
1708300 691
1708310 693
1708320 695
1708330 697
1708340 699
1708350 701
1708360 702
1708370 703
1708380 704
1708390 705
1708400 706
1708410 707
1708420 708
1708430 708
1708440 709
1708450 710
1708460 711
1708470 711
1708480 712
1708490 712
1708500 713
1708510 713
1708520 714
1708530 714
1708540 714
1708550 715
1708560 715
1708570 715
1708580 715
1708590 715
1708600 715
1708610 715
1708620 715
1708630 715
1708640 715
1708650 715
1708660 715
1708670 715
1708680 715
1708690 714
1708700 714
1708710 714
1708720 714
1708730 714
1708740 713
1708750 713
1708760 713
1708770 712
1708780 712
1708790 712
1708800 711
1708810 711
1708820 711
1708830 710
1708840 710
1708850 710
1708860 710
1708870 709
1708880 709
1708890 708
1708900 708
1708910 708
1708920 707
1708930 707
1708940 706
1708950 706
1708960 706
1708970 706
1708980 706
1708990 706
1709000 706
1709010 706
1709020 706
1709030 706
1709040 706
1709050 706
1709060 706
1709070 706
1709080 706
1709090 706
1709100 706
1709110 706
1709120 706
1709130 706
1709140 706
1709150 706
1709160 706
1709170 705
1709180 705
1709190 705
1709200 705
1709210 705
1709220 704
1709230 704
1709240 704
1709250 704
1709260 703
1709270 703
1709280 703
1709290 702
1709300 702
1709310 702
1709320 702
1709330 701
1709340 701
1709350 701
1709360 701
1709370 700
1709380 700
1709390 700
1709400 699
1709410 699
1709420 699
1709430 698
1709440 698
1709450 698
1709460 698
1709470 697
1709480 696
1709490 696
1709500 695
1709510 695
1709520 694
1709530 693
1709540 693
1709550 692
1709560 692
1709570 692
1709580 692
1709590 692
1709600 692
1709610 693
1709620 693
1709630 693
1709640 693
1709650 693
1709660 693
1709670 693
1709680 693
1709690 692
1709700 692
1709710 691
1709720 691
1709730 691
1709740 690
1709750 690
1709760 689
1709770 689
1709780 688
1709790 688
1709800 688
1709810 687
1709820 687
1709830 687
1709840 686
1709850 686
1709860 686
1709870 686
1709880 686
1709890 686
1709900 686
1709910 685
1709920 685
1709930 684
1709940 684
1709950 684
1709960 684
1709970 684
1709980 684
1709990 684
1710000 684
1710010 684
1710020 684
1710030 683
1710040 683
1710050 683
1710060 683
1710070 683
1710080 682
1710090 682
1710100 682
1710110 682
1710120 682
1710130 681
1710140 681
1710150 681
1710160 680
1710170 680
1710180 680
1710190 680
1710200 679
1710210 679
1710220 679
1710230 678
1710240 678
1710250 678
1710260 678
1710270 677
1710280 677
1710290 677
1710300 677
1710310 676
1710320 676
1710330 675
1710340 674
1710350 674
1710360 673
1710370 673
1710380 672
1710390 672
1710400 671
1710410 671
1710420 670
1710430 670
1710440 669
1710450 669
1710460 668
1710470 667
1710480 667
1710490 666
1710500 666
1710510 665
1710520 664
1710530 662
1710540 661
1710550 660
1710560 659
1710570 658
1710580 658
1710590 657
1710600 657
1710610 656
1710620 656
1710630 655
1710640 654
1710650 653
1710660 652
1710670 651
1710680 651
1710690 650
1710700 651
1710710 651
1710720 651
1710730 651
1710740 653
1710750 655
1710760 657
1710770 659
1710780 661
1710790 664
1710800 666
1710810 668
1710820 670
1710830 671
1710840 673
1710850 675
1710860 677
1710870 678
1710880 679
1710890 680
1710900 680
1710910 681
1710920 682
1710930 682
1710940 683
1710950 683
1710960 684
1710970 684
1710980 685
1710990 685
1711000 685
1711010 685
1711020 686
1711030 686
1711040 686
1711050 687
1711060 687
1711070 687
1711080 688
1711090 688
1711100 689
1711110 690
1711120 691
1711130 692
1711140 692
1711150 693
1711160 694
1711170 696
1711180 699
1711190 702
1711200 703
1711210 703
1711220 702
1711230 702
1711240 702
1711250 702
1711260 702
1711270 702
1711280 703
1711290 703
1711300 703
1711310 704
1711320 704
1711330 703
1711340 703
1711350 703
1711360 703
1711370 703
1711380 703
1711390 703
1711400 703
1711410 704
1711420 704
1711430 704
1711440 704
1711450 704
1711460 705
1711470 705
1711480 705
1711490 706
1711500 706
1711510 707
1711520 707
1711530 708
1711540 708
1711550 708
1711560 708
1711570 709
1711580 709
1711590 709
1711600 710
1711610 710
1711620 711
1711630 711
1711640 712
1711650 713
1711660 714
1711670 714
1711680 715
1711690 716
1711700 717
1711710 718
1711720 719
1711730 719
1711740 719
1711750 719
1711760 719
1711770 718
1711780 718
1711790 717
1711800 716
1711810 716
1711820 715
1711830 714
1711840 714
1711850 713
1711860 713
1711870 712
1711880 712
1711890 712
1711900 711
1711910 711
1711920 711
1711930 710
1711940 710
1711950 710
1711960 710
1711970 709
1711980 709
1711990 709
1712000 709
1712010 709
1712020 709
1712030 709
1712040 709
1712050 709
1712060 709
1712070 709
1712080 709
1712090 709
1712100 709
1712110 709
1712120 709
1712130 709
1712140 709
1712150 710
1712160 710
1712170 710
1712180 710
1712190 710
1712200 710
1712210 710
1712220 710
1712230 711
1712240 711
1712250 711
1712260 711
1712270 711
1712280 711
1712290 711
1712300 712
1712310 712
1712320 712
1712330 712
1712340 712
1712350 712
1712360 713
1712370 713
1712380 713
1712390 713
1712400 712
1712410 712
1712420 712
1712430 712
1712440 710
1712450 710
1712460 710
1712470 710
1712480 709
1712490 709
1712500 709
1712510 709
1712520 709
1712530 708
1712540 708
1712550 708
1712560 708
1712570 708
1712580 708
1712590 708
1712600 708
1712610 708
1712620 708
1712630 708
1712640 708
1712650 708
1712660 708
1712670 708
1712680 708
1712690 708
1712700 707
1712710 707
1712720 707
1712730 707
1712740 707
1712750 707
1712760 707
1712770 707
1712780 707
1712790 706
1712800 706
1712810 706
1712820 706
1712830 706
1712840 706
1712850 706
1712860 706
1712870 705
1712880 705
1712890 705
1712900 705
1712910 705
1712920 705
1712930 705
1712940 704
1712950 704
1712960 704
1712970 704
1712980 704
1712990 704
1713000 704
1713010 704
1713020 704
1713030 704
1713040 704
1713050 704
1713060 703
1713070 703
1713080 703
1713090 703
1713100 703
1713110 703
1713120 703
1713130 703
1713140 703
1713150 703
1713160 703
1713170 703
1713180 703
1713190 703
1713200 703
1713210 703
1713220 703
1713230 704
1713240 704
1713250 704
1713260 704
1713270 704
1713280 704
1713290 704
1713300 704
1713310 705
1713320 705
1713330 705
1713340 705
1713350 705
1713360 706
1713370 706
1713380 707
1713390 707
1713400 708
1713410 709
1713420 709
1713430 710
1713440 711
1713450 712
1713460 712
1713470 713
1713480 714
1713490 715
1713500 715
1713510 715
1713520 715
1713530 715
1713540 715
1713550 714
1713560 713
1713570 710
1713580 707
1713590 705
1713600 703
1713610 702
1713620 700
1713630 699
1713640 698
1713650 697
1713660 696
1713670 696
1713680 695
1713690 695
1713700 695
1713710 694
1713720 694
1713730 694
1713740 693
1713750 693
1713760 693
1713770 692
1713780 692
1713790 692
1713800 692
1713810 692
1713820 692
1713830 691
1713840 691
1713850 691
1713860 691
1713870 690
1713880 690
1713890 690
1713900 689
1713910 689
1713920 689
1713930 689
1713940 689
1713950 689
1713960 688
1713970 688
1713980 688
1713990 687
1714000 687
1714010 686
1714020 686
1714030 686
1714040 685
1714050 685
1714060 685
1714070 684
1714080 684
1714090 684
1714100 683
1714110 683
1714120 683
1714130 682
1714140 682
1714150 682
1714160 681
1714170 681
1714180 680
1714190 680
1714200 679
1714210 679
1714220 678
1714230 677
1714240 677
1714250 676
1714260 676
1714270 675
1714280 675
1714290 674
1714300 673
1714310 673
1714320 672
1714330 672
1714340 671
1714350 671
1714360 671
1714370 670
1714380 670
1714390 670
1714400 669
1714410 669
1714420 669
1714430 668
1714440 668
1714450 668
1714460 668
1714470 668
1714480 667
1714490 667
1714500 667
1714510 667
1714520 666
1714530 666
1714540 666
1714550 666
1714560 665
1714570 665
1714580 665
1714590 665
1714600 665
1714610 664
1714620 664
1714630 664
1714640 664
1714650 664
1714660 663
1714670 663
1714680 663
1714690 663
1714700 663
1714710 663
1714720 662
1714730 662
1714740 662
1714750 662
1714760 662
1714770 661
1714780 661
1714790 661
1714800 661
1714810 660
1714820 660
1714830 660
1714840 660
1714850 659
1714860 659
1714870 659
1714880 659
1714890 659
1714900 659
1714910 658
1714920 658
1714930 658
1714940 658
1714950 658
1714960 658
1714970 657
1714980 657
1714990 657
1715000 657
1715010 657
1715020 657
1715030 656
1715040 656
1715050 656
1715060 656
1715070 656
1715080 656
1715090 656
1715100 656
1715110 655
1715120 655
1715130 655
1715140 655
1715150 655
1715160 655
1715170 655
1715180 655
1715190 655
1715200 654
1715210 654
1715220 654
1715230 654
1715240 654
1715250 654
1715260 654
1715270 654
1715280 654
1715290 654
1715300 654
1715310 653
1715320 653
1715330 653
1715340 653
1715350 653
1715360 653
1715370 653
1715380 653
1715390 652
1715400 652
1715410 652
1715420 651
1715430 650
1715440 650
1715450 649
1715460 648
1715470 648
1715480 647
1715490 647
1715500 646
1715510 646
1715520 646
1715530 646
1715540 646
1715550 646
1715560 646
1715570 646
1715580 646
1715590 646
1715600 647
1715610 648
1715620 650
1715630 651
1715640 653
1715650 655
1715660 656
1715670 656
1715680 657
1715690 657
1715700 658
1715710 659
1715720 660
1715730 661
1715740 662
1715750 662
1715760 663
1715770 664
1715780 665
1715790 666
1715800 666
1715810 667
1715820 668
1715830 668
1715840 669
1715850 669
1715860 669
1715870 670
1715880 670
1715890 670
1715900 671
1715910 671
1715920 671
1715930 672
1715940 672
1715950 672
1715960 672
1715970 673
1715980 673
1715990 673
1716000 673
1716010 673
1716020 672
1716030 672
1716040 672
1716050 672
1716060 672
1716070 672
1716080 671
1716090 671
1716100 671
1716110 671
1716120 670
1716130 670
1716140 670
1716150 670
1716160 670
1716170 669
1716180 669
1716190 669
1716200 668
1716210 667
1716220 666
1716230 667
1716240 667
1716250 668
1716260 669
1716270 671
1716280 672
1716290 673
1716300 674
1716310 675
1716320 676
1716330 677
1716340 679
1716350 680
1716360 681
1716370 682
1716380 683
1716390 684
1716400 685
1716410 686
1716420 686
1716430 686
1716440 686
1716450 686
1716460 686
1716470 685
1716480 684
1716490 683
1716500 683
1716510 682
1716520 681
1716530 681
1716540 680
1716550 679
1716560 679
1716570 678
1716580 678
1716590 677
1716600 677
1716610 676
1716620 676
1716630 676
1716640 676
1716650 676
1716660 676
1716670 676
1716680 676
1716690 676
1716700 677
1716710 677
1716720 677
1716730 678
1716740 678
1716750 679
1716760 678
1716770 678
1716780 678
1716790 677
1716800 677
1716810 677
1716820 676
1716830 676
1716840 676
1716850 676
1716860 676
1716870 676
1716880 676
1716890 676
1716900 677
1716910 677
1716920 677
1716930 677
1716940 677
1716950 677
1716960 678
1716970 678
1716980 678
1716990 678
1717000 678
1717010 679
1717020 679
1717030 680
1717040 680
1717050 681
1717060 682
1717070 682
1717080 683
1717090 684
1717100 684
1717110 685
1717120 685
1717130 685
1717140 686
1717150 687
1717160 688
1717170 689
1717180 691
1717190 693
1717200 695
1717210 695
1717220 695
1717230 693
1717240 692
1717250 690
1717260 689
1717270 688
1717280 687
1717290 686
1717300 685
1717310 683
1717320 682
1717330 680
1717340 679
1717350 677
1717360 675
1717370 674
1717380 672
1717390 670
1717400 669
1717410 668
1717420 667
1717430 666
1717440 664
1717450 663
1717460 661
1717470 659
1717480 657
1717490 655
1717500 653
1717510 650
1717520 648
1717530 646
1717540 643
1717550 641
1717560 638
1717570 636
1717580 634
1717590 632
1717600 630
1717610 627
1717620 625
1717630 624
1717640 623
1717650 624
1717660 624
1717670 624
1717680 624
1717690 624
1717700 625
1717710 625
1717720 625
1717730 625
1717740 625
1717750 625
1717760 626
1717770 625
1717780 625
1717790 624
1717800 622
1717810 620
1717820 619
1717830 617
1717840 615
1717850 614
1717860 612
1717870 610
1717880 608
1717890 606
1717900 604
1717910 602
1717920 600
1717930 597
1717940 595
1717950 592
1717960 590
1717970 587
1717980 584
1717990 581
1718000 578
1718010 575
1718020 572
1718030 569
1718040 567
1718050 564
1718060 561
1718070 558
1718080 555
1718090 552
1718100 549
1718110 545
1718120 542
1718130 539
1718140 536
1718150 533
1718160 530
1718170 526
1718180 523
1718190 519
1718200 516
1718210 513
1718220 510
1718230 509
1718240 509
1718250 512
1718260 515
1718270 517
1718280 520
1718290 522
1718300 525
1718310 527
1718320 530
1718330 533
1718340 535
1718350 539
1718360 543
1718370 546
1718380 547
1718390 547
1718400 547
1718410 548
1718420 549
1718430 550
1718440 551
1718450 553
1718460 554
1718470 556
1718480 557
1718490 558
1718500 559
1718510 559
1718520 560
1718530 559
1718540 559
1718550 559
1718560 558
1718570 557
1718580 555
1718590 553
1718600 551
1718610 550
1718620 548
1718630 547
1718640 547
1718650 546
1718660 545
1718670 545
1718680 545
1718690 545
1718700 545
1718710 546
1718720 546
1718730 546
1718740 546
1718750 546
1718760 545
1718770 544
1718780 543
1718790 543
1718800 542
1718810 542
1718820 542
1718830 542
1718840 543
1718850 544
1718860 546
1718870 548
1718880 550
1718890 552
1718900 554
1718910 557
1718920 559
1718930 562
1718940 564
1718950 566
1718960 567
1718970 569
1718980 570
1718990 571
1719000 572
1719010 573
1719020 573
1719030 574
1719040 574
1719050 574
1719060 575
1719070 575
1719080 575
1719090 576
1719100 576
1719110 576
1719120 577
1719130 577
1719140 577
1719150 576
1719160 576
1719170 576
1719180 575
1719190 574
1719200 573
1719210 570
1719220 568
1719230 565
1719240 562
1719250 560
1719260 559
1719270 558
1719280 557
1719290 556
1719300 555
1719310 553
1719320 552
1719330 551
1719340 549
1719350 548
1719360 547
1719370 546
1719380 545
1719390 544
1719400 543
1719410 542
1719420 541
1719430 540
1719440 538
1719450 537
1719460 536
1719470 535
1719480 534
1719490 533
1719500 532
1719510 530
1719520 528
1719530 525
1719540 521
1719550 517
1719560 513
1719570 509
1719580 506
1719590 503
1719600 500
1719610 497
1719620 495
1719630 493
1719640 491
1719650 489
1719660 487
1719670 485
1719680 483
1719690 481
1719700 479
1719710 478
1719720 476
1719730 475
1719740 473
1719750 472
1719760 470
1719770 469
1719780 468
1719790 467
1719800 466
1719810 465
1719820 464
1719830 462
1719840 459
1719850 457
1719860 455
1719870 453
1719880 451
1719890 450
1719900 448
1719910 446
1719920 445
1719930 443
1719940 440
1719950 436
1719960 432
1719970 428
1719980 424
1719990 424
