1700000 809
1700010 809
1700020 808
1700030 808
1700040 807
1700050 807
1700060 806
1700070 806
1700080 806
1700090 805
1700100 805
1700110 804
1700120 804
1700130 804
1700140 803
1700150 803
1700160 803
1700170 802
1700180 802
1700190 801
1700200 801
1700210 800
1700220 800
1700230 799
1700240 799
1700250 798
1700260 798
1700270 797
1700280 797
1700290 796
1700300 796
1700310 795
1700320 795
1700330 794
1700340 794
1700350 794
1700360 793
1700370 793
1700380 792
1700390 792
1700400 791
1700410 790
1700420 790
1700430 789
1700440 789
1700450 788
1700460 788
1700470 787
1700480 787
1700490 787
1700500 787
1700510 786
1700520 786
1700530 786
1700540 786
1700550 786
1700560 786
1700570 786
1700580 786
1700590 786
1700600 786
1700610 787
1700620 787
1700630 787
1700640 787
1700650 787
1700660 787
1700670 787
1700680 787
1700690 788
1700700 788
1700710 788
1700720 788
1700730 788
1700740 788
1700750 789
1700760 789
1700770 789
1700780 790
1700790 790
1700800 790
1700810 790
1700820 790
1700830 790
1700840 790
1700850 790
1700860 791
1700870 791
1700880 791
1700890 791
1700900 791
1700910 791
1700920 791
1700930 791
1700940 791
1700950 791
1700960 791
1700970 791
1700980 791
1700990 790
1701000 790
1701010 789
1701020 789
1701030 788
1701040 788
1701050 787
1701060 787
1701070 787
1701080 786
1701090 786
1701100 785
1701110 784
1701120 783
1701130 782
1701140 781
1701150 780
1701160 780
1701170 779
1701180 779
1701190 778
1701200 778
1701210 778
1701220 777
1701230 777
1701240 776
1701250 776
1701260 775
1701270 774
1701280 774
1701290 773
1701300 773
1701310 772
1701320 771
1701330 771
1701340 770
1701350 770
1701360 769
1701370 769
1701380 769
1701390 768
1701400 767
1701410 766
1701420 765
1701430 764
1701440 764
1701450 763
1701460 762
1701470 762
1701480 762
1701490 762
1701500 761
1701510 761
1701520 761
1701530 761
1701540 760
1701550 759
1701560 757
1701570 757
1701580 756
1701590 756
1701600 756
1701610 755
1701620 755
1701630 755
1701640 755
1701650 755
1701660 755
1701670 755
1701680 755
1701690 756
1701700 756
1701710 756
1701720 756
1701730 757
1701740 757
1701750 758
1701760 758
1701770 758
1701780 759
1701790 759
1701800 759
1701810 759
1701820 759
1701830 760
1701840 760
1701850 760
1701860 760
1701870 760
1701880 761
1701890 761
1701900 761
1701910 761
1701920 762
1701930 762
1701940 762
1701950 762
1701960 763
1701970 763
1701980 764
1701990 764
1702000 764
1702010 764
1702020 764
1702030 764
1702040 764
1702050 763
1702060 762
1702070 762
1702080 762
1702090 761
1702100 761
1702110 760
1702120 759
1702130 759
1702140 759
1702150 759
1702160 758
1702170 758
1702180 758
1702190 758
1702200 758
1702210 757
1702220 757
1702230 757
1702240 757
1702250 756
1702260 756
1702270 756
1702280 756
1702290 755
1702300 755
1702310 755
1702320 755
1702330 755
1702340 755
1702350 754
1702360 754
1702370 754
1702380 754
1702390 754
1702400 754
1702410 754
1702420 754
1702430 754
1702440 754
1702450 754
1702460 754
1702470 754
1702480 754
1702490 754
1702500 755
1702510 755
1702520 756
1702530 755
1702540 754
1702550 754
1702560 754
1702570 753
1702580 753
1702590 753
1702600 752
1702610 752
1702620 752
1702630 752
1702640 751
1702650 751
1702660 750
1702670 750
1702680 749
1702690 749
1702700 748
1702710 748
1702720 747
1702730 747
1702740 746
1702750 745
1702760 745
1702770 744
1702780 744
1702790 743
1702800 743
1702810 742
1702820 742
1702830 741
1702840 740
1702850 740
1702860 739
1702870 739
1702880 738
1702890 738
1702900 737
1702910 737
1702920 736
1702930 736
1702940 735
1702950 735
1702960 734
1702970 734
1702980 733
1702990 733
1703000 732
1703010 732
1703020 732
1703030 731
1703040 731
1703050 730
1703060 730
1703070 729
1703080 729
1703090 728
1703100 728
1703110 727
1703120 727
1703130 727
1703140 728
1703150 728
1703160 728
1703170 728
1703180 728
1703190 729
1703200 729
1703210 729
1703220 730
1703230 730
1703240 731
1703250 731
1703260 732
1703270 732
1703280 733
1703290 734
1703300 734
1703310 735
1703320 736
1703330 737
1703340 739
1703350 740
1703360 741
1703370 742
1703380 743
1703390 743
1703400 745
1703410 746
1703420 747
1703430 748
1703440 749
1703450 750
1703460 750
1703470 750
1703480 751
1703490 751
1703500 751
1703510 752
1703520 752
1703530 752
1703540 752
1703550 752
1703560 752
1703570 751
1703580 750
1703590 749
1703600 748
1703610 747
1703620 746
1703630 745
1703640 744
1703650 743
1703660 742
1703670 740
1703680 739
1703690 738
1703700 737
1703710 736
1703720 734
1703730 733
1703740 732
1703750 731
1703760 730
1703770 728
1703780 727
1703790 726
1703800 726
1703810 725
1703820 725
1703830 724
1703840 723
1703850 723
1703860 722
1703870 721
1703880 721
1703890 720
1703900 719
1703910 719
1703920 718
1703930 717
1703940 717
1703950 716
1703960 716
1703970 715
1703980 715
1703990 714
1704000 714
1704010 713
1704020 713
1704030 712
1704040 712
1704050 711
1704060 711
1704070 711
1704080 710
1704090 710
1704100 709
1704110 709
1704120 708
1704130 708
1704140 707
1704150 706
1704160 706
1704170 705
1704180 704
1704190 703
1704200 703
1704210 702
1704220 701
1704230 700
1704240 699
1704250 698
1704260 697
1704270 696
1704280 696
1704290 695
1704300 694
1704310 693
1704320 693
1704330 692
1704340 691
1704350 690
1704360 689
1704370 689
1704380 688
1704390 687
1704400 687
1704410 685
1704420 684
1704430 683
1704440 682
1704450 681
1704460 680
1704470 679
1704480 679
1704490 678
1704500 677
1704510 676
1704520 675
1704530 674
1704540 673
1704550 672
1704560 671
1704570 670
1704580 670
1704590 669
1704600 669
1704610 669
1704620 669
1704630 668
1704640 667
1704650 667
1704660 667
1704670 667
1704680 667
1704690 667
1704700 667
1704710 667
1704720 667
1704730 667
1704740 667
1704750 667
1704760 667
1704770 667
1704780 667
1704790 666
1704800 666
1704810 666
1704820 667
1704830 667
1704840 667
1704850 664
1704860 664
1704870 664
1704880 665
1704890 666
1704900 667
1704910 668
1704920 669
1704930 671
1704940 672
1704950 673
1704960 674
1704970 675
1704980 676
1704990 677
1705000 678
1705010 679
1705020 680
1705030 681
1705040 682
1705050 683
1705060 684
1705070 685
1705080 686
1705090 687
1705100 688
1705110 689
1705120 690
1705130 691
1705140 692
1705150 693
1705160 693
1705170 694
1705180 695
1705190 696
1705200 697
1705210 697
1705220 698
1705230 698
1705240 699
1705250 699
1705260 700
1705270 700
1705280 700
1705290 700
1705300 699
1705310 698
1705320 697
1705330 696
1705340 695
1705350 694
1705360 692
1705370 690
1705380 689
1705390 686
1705400 684
1705410 681
1705420 680
1705430 678
1705440 676
1705450 675
1705460 675
1705470 674
1705480 674
1705490 673
1705500 673
1705510 676
1705520 678
1705530 679
1705540 680
1705550 681
1705560 683
1705570 684
1705580 685
1705590 686
1705600 687
1705610 688
1705620 689
1705630 690
1705640 691
1705650 692
1705660 692
1705670 693
1705680 694
1705690 695
1705700 696
1705710 697
1705720 698
1705730 699
1705740 700
1705750 700
1705760 701
1705770 702
1705780 703
1705790 704
1705800 705
1705810 706
1705820 707
1705830 707
1705840 708
1705850 709
1705860 709
1705870 710
1705880 710
1705890 710
1705900 710
1705910 710
1705920 711
1705930 711
1705940 711
1705950 711
1705960 712
1705970 712
1705980 712
1705990 712
1706000 712
1706010 712
1706020 711
1706030 711
1706040 710
1706050 709
1706060 709
1706070 707
1706080 706
1706090 705
1706100 704
1706110 703
1706120 703
1706130 703
1706140 704
1706150 705
1706160 705
1706170 707
1706180 708
1706190 709
1706200 710
1706210 711
1706220 712
1706230 713
1706240 714
1706250 715
1706260 716
1706270 716
1706280 718
1706290 719
1706300 720
1706310 721
1706320 721
1706330 722
1706340 723
1706350 723
1706360 723
1706370 723
1706380 723
1706390 723
1706400 723
1706410 723
1706420 723
1706430 723
1706440 723
1706450 723
1706460 723
1706470 723
1706480 723
1706490 723
1706500 723
1706510 723
1706520 723
1706530 723
1706540 723
1706550 724
1706560 724
1706570 724
1706580 724
1706590 724
1706600 723
1706610 723
1706620 724
1706630 724
1706640 724
1706650 724
1706660 725
1706670 725
1706680 725
1706690 725
1706700 726
1706710 726
1706720 727
1706730 727
1706740 728
1706750 728
1706760 728
1706770 728
1706780 728
1706790 728
1706800 727
1706810 727
1706820 726
1706830 726
1706840 725
1706850 725
1706860 724
1706870 724
1706880 723
1706890 722
1706900 722
1706910 721
1706920 720
1706930 719
1706940 718
1706950 718
1706960 717
1706970 716
1706980 715
1706990 714
1707000 713
1707010 712
1707020 711
1707030 710
1707040 709
1707050 708
1707060 707
1707070 707
1707080 706
1707090 705
1707100 705
1707110 705
1707120 704
1707130 704
1707140 704
1707150 704
1707160 703
1707170 704
1707180 704
1707190 705
1707200 706
1707210 707
1707220 708
1707230 709
1707240 711
1707250 712
1707260 713
1707270 714
1707280 715
1707290 716
1707300 717
1707310 719
1707320 720
1707330 721
1707340 722
1707350 724
1707360 725
1707370 725
1707380 726
1707390 727
1707400 728
1707410 728
1707420 729
1707430 729
1707440 730
1707450 730
1707460 731
1707470 731
1707480 732
1707490 734
1707500 735
1707510 736
1707520 737
1707530 737
1707540 735
1707550 732
1707560 728
1707570 725
1707580 723
1707590 721
1707600 720
1707610 718
1707620 717
1707630 715
1707640 714
1707650 713
1707660 712
1707670 712
1707680 711
1707690 711
1707700 710
1707710 710
1707720 710
1707730 709
1707740 709
1707750 709
1707760 709
1707770 709
1707780 709
1707790 709
1707800 710
1707810 710
1707820 709
1707830 708
1707840 706
1707850 705
1707860 704
1707870 703
1707880 702
1707890 701
1707900 700
1707910 700
1707920 699
1707930 698
1707940 698
1707950 697
1707960 697
1707970 697
1707980 695
1707990 694
1708000 694
1708010 694
1708020 693
1708030 691
1708040 690
1708050 689
1708060 688
1708070 688
1708080 687
1708090 686
1708100 686
1708110 685
1708120 684
1708130 684
1708140 684
1708150 683
1708160 683
1708170 683
1708180 682
1708190 682
1708200 681
1708210 681
1708220 681
1708230 680
1708240 680
1708250 680
1708260 679
1708270 679
1708280 678
1708290 678
1708300 677
1708310 677
1708320 676
1708330 676
1708340 675
1708350 675
1708360 674
1708370 674
1708380 673
1708390 673
1708400 672
1708410 672
1708420 672
1708430 671
1708440 671
1708450 670
1708460 670
1708470 670
1708480 669
1708490 669
1708500 668
1708510 668
1708520 668
1708530 667
1708540 667
1708550 666
1708560 666
1708570 665
1708580 665
1708590 665
1708600 664
1708610 664
1708620 664
1708630 663
1708640 663
1708650 663
1708660 663
1708670 662
1708680 662
1708690 662
1708700 661
1708710 661
1708720 661
1708730 660
1708740 660
1708750 660
1708760 660
1708770 659
1708780 659
1708790 659
1708800 659
1708810 658
1708820 658
1708830 658
1708840 658
1708850 658
1708860 657
1708870 657
1708880 657
1708890 657
1708900 657
1708910 657
1708920 657
1708930 657
1708940 657
1708950 657
1708960 658
1708970 658
1708980 657
1708990 657
1709000 656
1709010 656
1709020 656
1709030 656
1709040 656
1709050 656
1709060 656
1709070 657
1709080 657
1709090 658
1709100 658
1709110 659
1709120 659
1709130 660
1709140 661
1709150 661
1709160 662
1709170 663
1709180 663
1709190 664
1709200 664
1709210 664
1709220 665
1709230 665
1709240 665
1709250 665
1709260 666
1709270 666
1709280 667
1709290 667
1709300 668
1709310 668
1709320 669
1709330 670
1709340 670
1709350 671
1709360 671
1709370 671
1709380 671
1709390 672
1709400 672
1709410 672
1709420 673
1709430 673
1709440 673
1709450 674
1709460 674
1709470 674
1709480 675
1709490 675
1709500 676
1709510 676
1709520 676
1709530 676
1709540 676
1709550 677
1709560 677
1709570 677
1709580 678
1709590 678
1709600 678
1709610 678
1709620 678
1709630 678
1709640 678
1709650 678
1709660 678
1709670 678
1709680 678
1709690 678
1709700 678
1709710 678
1709720 678
1709730 678
1709740 677
1709750 677
1709760 677
1709770 677
1709780 677
1709790 677
1709800 677
1709810 677
1709820 677
1709830 677
1709840 677
1709850 677
1709860 677
1709870 676
1709880 676
1709890 676
1709900 676
1709910 676
1709920 676
1709930 675
1709940 675
1709950 674
1709960 673
1709970 671
1709980 669
1709990 666
1710000 663
1710010 660
1710020 657
1710030 654
1710040 652
1710050 650
1710060 648
1710070 646
1710080 644
1710090 642
1710100 641
1710110 640
1710120 640
1710130 638
1710140 637
1710150 635
1710160 633
1710170 631
1710180 630
1710190 629
1710200 628
1710210 627
1710220 626
1710230 626
1710240 625
1710250 625
1710260 624
1710270 623
1710280 623
1710290 623
1710300 622
1710310 622
1710320 622
1710330 622
1710340 622
1710350 622
1710360 623
1710370 624
1710380 626
1710390 627
1710400 629
1710410 630
1710420 632
1710430 633
1710440 634
1710450 636
1710460 637
1710470 638
1710480 640
1710490 641
1710500 642
1710510 642
1710520 642
1710530 642
1710540 642
1710550 642
1710560 642
1710570 641
1710580 640
1710590 640
1710600 639
1710610 638
1710620 637
1710630 635
1710640 634
1710650 633
1710660 631
1710670 629
1710680 627
1710690 624
1710700 622
1710710 620
1710720 619
1710730 617
1710740 617
1710750 618
1710760 619
1710770 621
1710780 622
1710790 623
1710800 625
1710810 627
1710820 631
1710830 634
1710840 637
1710850 640
1710860 642
1710870 644
1710880 646
1710890 649
1710900 652
1710910 655
1710920 658
1710930 660
1710940 663
1710950 665
1710960 666
1710970 668
1710980 669
1710990 670
1711000 671
1711010 672
1711020 673
1711030 674
1711040 674
1711050 674
1711060 675
1711070 675
1711080 677
1711090 677
1711100 677
1711110 678
1711120 678
1711130 679
1711140 679
1711150 681
1711160 682
1711170 683
1711180 683
1711190 683
1711200 683
1711210 682
1711220 682
1711230 681
1711240 681
1711250 680
1711260 680
1711270 679
1711280 678
1711290 678
1711300 677
1711310 676
1711320 675
1711330 675
1711340 674
1711350 674
1711360 673
1711370 673
1711380 673
1711390 674
1711400 674
1711410 675
1711420 676
1711430 677
1711440 678
1711450 679
1711460 681
1711470 682
1711480 682
1711490 683
1711500 684
1711510 684
1711520 685
1711530 685
1711540 686
1711550 687
1711560 687
1711570 688
1711580 689
1711590 690
1711600 691
1711610 692
1711620 693
1711630 694
1711640 695
1711650 696
1711660 697
1711670 697
1711680 697
1711690 698
1711700 698
1711710 698
1711720 698
1711730 698
1711740 697
1711750 697
1711760 696
1711770 696
1711780 695
1711790 695
1711800 694
1711810 694
1711820 693
1711830 693
1711840 693
1711850 692
1711860 692
1711870 692
1711880 692
1711890 692
1711900 692
1711910 692
1711920 692
1711930 692
1711940 692
1711950 692
1711960 693
1711970 693
1711980 693
1711990 694
1712000 694
1712010 694
1712020 695
1712030 695
1712040 695
1712050 696
1712060 696
1712070 697
1712080 697
1712090 697
1712100 697
1712110 696
1712120 696
1712130 696
1712140 695
1712150 695
1712160 694
1712170 694
1712180 693
1712190 692
1712200 692
1712210 691
1712220 690
1712230 690
1712240 689
1712250 689
1712260 689
1712270 688
1712280 687
1712290 686
1712300 686
1712310 686
1712320 686
1712330 686
1712340 686
1712350 686
1712360 686
1712370 686
1712380 686
1712390 686
1712400 686
1712410 686
1712420 686
1712430 686
1712440 686
1712450 686
1712460 686
1712470 686
1712480 686
1712490 687
1712500 687
1712510 687
1712520 687
1712530 687
1712540 688
1712550 688
1712560 688
1712570 688
1712580 688
1712590 689
1712600 689
1712610 689
1712620 690
1712630 691
1712640 691
1712650 692
1712660 692
1712670 692
1712680 691
1712690 691
1712700 691
1712710 691
1712720 690
1712730 690
1712740 690
1712750 690
1712760 690
1712770 690
1712780 690
1712790 691
1712800 691
1712810 690
1712820 690
1712830 690
1712840 690
1712850 690
1712860 690
1712870 691
1712880 691
1712890 691
1712900 691
1712910 691
1712920 692
1712930 692
1712940 692
1712950 692
1712960 693
1712970 693
1712980 693
1712990 693
1713000 694
1713010 694
1713020 694
1713030 694
1713040 694
1713050 694
1713060 694
1713070 693
1713080 693
1713090 693
1713100 693
1713110 693
1713120 693
1713130 693
1713140 692
1713150 692
1713160 692
1713170 692
1713180 692
1713190 692
1713200 692
1713210 692
1713220 692
1713230 693
1713240 693
1713250 693
1713260 693
1713270 693
1713280 693
1713290 693
1713300 694
1713310 694
1713320 694
1713330 695
1713340 695
1713350 695
1713360 696
1713370 696
1713380 696
1713390 697
1713400 697
1713410 698
1713420 698
1713430 698
1713440 698
1713450 699
1713460 699
1713470 700
1713480 700
1713490 701
1713500 701
1713510 702
1713520 702
1713530 702
1713540 703
1713550 704
1713560 704
1713570 705
1713580 705
1713590 706
1713600 707
1713610 708
1713620 709
1713630 710
1713640 710
1713650 711
1713660 712
1713670 713
1713680 713
1713690 713
1713700 713
1713710 713
1713720 714
1713730 714
1713740 714
1713750 714
1713760 714
1713770 714
1713780 714
1713790 714
1713800 714
1713810 714
1713820 714
1713830 714
1713840 715
1713850 715
1713860 715
1713870 715
1713880 715
1713890 715
1713900 714
1713910 714
1713920 713
1713930 712
1713940 711
1713950 710
1713960 709
1713970 709
1713980 708
1713990 708
1714000 707
1714010 706
1714020 706
1714030 705
1714040 705
1714050 704
1714060 703
1714070 702
1714080 702
1714090 701
1714100 700
1714110 699
1714120 698
1714130 698
1714140 697
1714150 696
1714160 696
1714170 695
1714180 695
1714190 695
1714200 694
1714210 694
1714220 693
1714230 693
1714240 692
1714250 692
1714260 691
1714270 691
1714280 691
1714290 690
1714300 690
1714310 689
1714320 689
1714330 688
1714340 688
1714350 687
1714360 687
1714370 686
1714380 686
1714390 685
1714400 685
1714410 684
1714420 684
1714430 683
1714440 683
1714450 683
1714460 682
1714470 682
1714480 681
1714490 681
1714500 680
1714510 680
1714520 679
1714530 679
1714540 678
1714550 678
1714560 677
1714570 677
1714580 676
1714590 676
1714600 675
1714610 675
1714620 674
1714630 674
1714640 673
1714650 673
1714660 672
1714670 672
1714680 671
1714690 671
1714700 670
1714710 669
1714720 668
1714730 668
1714740 668
1714750 667
1714760 666
1714770 666
1714780 665
1714790 665
1714800 664
1714810 663
1714820 662
1714830 661
1714840 661
1714850 660
1714860 660
1714870 659
1714880 657
1714890 656
1714900 655
1714910 654
1714920 653
1714930 652
1714940 651
1714950 651
1714960 650
1714970 649
1714980 648
1714990 647
1715000 647
1715010 646
1715020 645
1715030 645
1715040 644
1715050 644
1715060 643
1715070 643
1715080 643
1715090 643
1715100 643
1715110 643
1715120 644
1715130 644
1715140 644
1715150 645
1715160 645
1715170 645
1715180 645
1715190 645
1715200 645
1715210 645
1715220 645
1715230 645
1715240 645
1715250 645
1715260 645
1715270 646
1715280 646
1715290 646
1715300 646
1715310 647
1715320 647
1715330 647
1715340 647
1715350 647
1715360 647
1715370 647
1715380 646
1715390 646
1715400 646
1715410 646
1715420 646
1715430 645
1715440 645
1715450 645
1715460 644
1715470 643
1715480 642
1715490 642
1715500 640
1715510 639
1715520 638
1715530 638
1715540 636
1715550 633
1715560 630
1715570 628
1715580 627
1715590 627
1715600 627
1715610 628
1715620 628
1715630 629
1715640 630
1715650 633
1715660 637
1715670 641
1715680 645
1715690 649
1715700 652
1715710 654
1715720 656
1715730 657
1715740 658
1715750 659
1715760 660
1715770 660
1715780 661
1715790 661
1715800 661
1715810 661
1715820 661
1715830 661
1715840 662
1715850 661
1715860 661
1715870 661
1715880 661
1715890 661
1715900 661
1715910 661
1715920 661
1715930 661
1715940 661
1715950 662
1715960 662
1715970 662
1715980 662
1715990 662
1716000 663
1716010 663
1716020 663
1716030 664
1716040 664
1716050 665
1716060 666
1716070 667
1716080 667
1716090 668
1716100 669
1716110 669
1716120 669
1716130 670
1716140 670
1716150 670
1716160 670
1716170 670
1716180 670
1716190 670
1716200 670
1716210 670
1716220 670
1716230 670
1716240 670
1716250 670
1716260 670
1716270 669
1716280 669
1716290 669
1716300 669
1716310 669
1716320 669
1716330 668
1716340 668
1716350 668
1716360 667
1716370 667
1716380 667
1716390 666
1716400 666
1716410 665
1716420 665
1716430 665
1716440 664
1716450 664
1716460 664
1716470 663
1716480 663
1716490 663
1716500 662
1716510 662
1716520 662
1716530 661
1716540 661
1716550 661
1716560 661
1716570 660
1716580 660
1716590 660
1716600 659
1716610 659
1716620 659
1716630 659
1716640 658
1716650 658
1716660 658
1716670 657
1716680 657
1716690 657
1716700 657
1716710 656
1716720 656
1716730 656
1716740 656
1716750 655
1716760 655
1716770 655
1716780 654
1716790 654
1716800 654
1716810 653
1716820 653
1716830 653
1716840 652
1716850 652
1716860 651
1716870 651
1716880 651
1716890 650
1716900 650
1716910 650
1716920 649
1716930 649
1716940 649
1716950 649
1716960 648
1716970 648
1716980 648
1716990 648
1717000 647
1717010 647
1717020 646
1717030 646
1717040 646
1717050 645
1717060 645
1717070 645
1717080 644
1717090 644
1717100 643
1717110 643
1717120 642
1717130 642
1717140 641
1717150 641
1717160 640
1717170 640
1717180 639
1717190 639
1717200 638
1717210 638
1717220 638
1717230 638
1717240 638
1717250 638
1717260 638
1717270 638
1717280 638
1717290 637
1717300 637
1717310 637
1717320 637
1717330 637
1717340 637
1717350 637
1717360 637
1717370 638
1717380 638
1717390 639
1717400 639
1717410 639
1717420 638
1717430 638
1717440 638
1717450 638
1717460 638
1717470 637
1717480 637
1717490 637
1717500 636
1717510 636
1717520 636
1717530 635
1717540 635
1717550 634
1717560 634
1717570 634
1717580 633
1717590 633
1717600 633
1717610 633
1717620 633
1717630 633
1717640 633
1717650 633
1717660 633
1717670 634
1717680 634
1717690 634
1717700 635
1717710 634
1717720 634
1717730 634
1717740 633
1717750 633
1717760 633
1717770 632
1717780 632
1717790 632
1717800 632
1717810 631
1717820 630
1717830 631
1717840 632
1717850 633
1717860 633
1717870 634
1717880 635
1717890 635
1717900 636
1717910 637
1717920 638
1717930 639
1717940 640
1717950 640
1717960 640
1717970 639
1717980 638
1717990 637
1718000 636
1718010 635
1718020 634
1718030 633
1718040 632
1718050 631
1718060 630
1718070 629
1718080 627
1718090 626
1718100 625
1718110 624
1718120 623
1718130 622
1718140 621
1718150 620
1718160 619
1718170 618
1718180 617
1718190 617
1718200 616
1718210 615
1718220 614
1718230 612
1718240 611
1718250 610
1718260 609
1718270 608
1718280 607
1718290 606
1718300 605
1718310 603
1718320 602
1718330 601
1718340 601
1718350 601
1718360 600
1718370 600
1718380 599
1718390 599
1718400 598
1718410 597
1718420 597
1718430 596
1718440 596
1718450 595
1718460 595
1718470 594
1718480 593
1718490 593
1718500 592
1718510 592
1718520 591
1718530 590
1718540 590
1718550 589
1718560 589
1718570 589
1718580 588
1718590 587
1718600 587
1718610 587
1718620 586
1718630 585
1718640 585
1718650 584
1718660 583
1718670 582
1718680 582
1718690 581
1718700 581
1718710 581
1718720 580
1718730 579
1718740 579
1718750 578
1718760 578
1718770 577
1718780 577
1718790 576
1718800 575
1718810 575
1718820 574
1718830 573
1718840 572
1718850 571
1718860 569
1718870 567
1718880 565
1718890 563
1718900 560
1718910 558
1718920 555
1718930 552
1718940 548
1718950 545
1718960 542
1718970 539
1718980 536
1718990 534
1719000 531
1719010 529
1719020 526
1719030 524
1719040 521
1719050 519
1719060 516
1719070 514
1719080 512
1719090 509
1719100 504
1719110 504
1719120 505
1719130 507
1719140 509
1719150 510
1719160 512
1719170 515
1719180 518
1719190 521
1719200 524
1719210 526
1719220 527
1719230 528
1719240 529
1719250 529
1719260 530
1719270 530
1719280 531
1719290 532
1719300 533
1719310 534
1719320 535
1719330 536
1719340 537
1719350 538
1719360 539
1719370 539
1719380 540
1719390 540
1719400 541
1719410 541
1719420 542
1719430 542
1719440 543
1719450 543
1719460 544
1719470 544
1719480 544
1719490 544
1719500 544
1719510 544
1719520 543
1719530 543
1719540 544
1719550 544
1719560 545
1719570 545
1719580 545
1719590 545
1719600 546
1719610 546
1719620 546
1719630 547
1719640 547
1719650 548
1719660 548
1719670 549
1719680 550
1719690 550
1719700 551
1719710 551
1719720 551
1719730 552
1719740 553
1719750 554
1719760 555
1719770 557
1719780 559
1719790 561
1719800 563
1719810 565
1719820 567
1719830 569
1719840 571
1719850 573
1719860 574
1719870 576
1719880 577
1719890 579
1719900 580
1719910 582
1719920 583
1719930 584
1719940 586
1719950 587
1719960 589
1719970 590
1719980 591
1719990 593
