1700000 810
1700010 810
1700020 810
1700030 811
1700040 811
1700050 811
1700060 812
1700070 812
1700080 812
1700090 812
1700100 813
1700110 813
1700120 813
1700130 814
1700140 814
1700150 814
1700160 814
1700170 814
1700180 815
1700190 815
1700200 815
1700210 815
1700220 816
1700230 816
1700240 816
1700250 816
1700260 816
1700270 816
1700280 816
1700290 816
1700300 815
1700310 815
1700320 815
1700330 814
1700340 814
1700350 814
1700360 814
1700370 813
1700380 813
1700390 812
1700400 812
1700410 812
1700420 811
1700430 811
1700440 810
1700450 810
1700460 809
1700470 809
1700480 808
1700490 808
1700500 807
1700510 807
1700520 807
1700530 806
1700540 806
1700550 806
1700560 805
1700570 805
1700580 805
1700590 804
1700600 804
1700610 804
1700620 803
1700630 803
1700640 803
1700650 802
1700660 802
1700670 802
1700680 802
1700690 801
1700700 801
1700710 801
1700720 801
1700730 801
1700740 800
1700750 800
1700760 800
1700770 800
1700780 799
1700790 799
1700800 799
1700810 799
1700820 798
1700830 798
1700840 798
1700850 798
1700860 798
1700870 797
1700880 797
1700890 797
1700900 796
1700910 796
1700920 796
1700930 795
1700940 795
1700950 795
1700960 794
1700970 794
1700980 794
1700990 793
1701000 793
1701010 792
1701020 792
1701030 792
1701040 791
1701050 791
1701060 790
1701070 790
1701080 790
1701090 789
1701100 789
1701110 788
1701120 788
1701130 788
1701140 787
1701150 787
1701160 787
1701170 786
1701180 786
1701190 785
1701200 785
1701210 785
1701220 784
1701230 784
1701240 784
1701250 783
1701260 783
1701270 783
1701280 782
1701290 782
1701300 782
1701310 781
1701320 781
1701330 781
1701340 780
1701350 780
1701360 780
1701370 780
1701380 779
1701390 779
1701400 779
1701410 779
1701420 779
1701430 779
1701440 778
1701450 778
1701460 778
1701470 778
1701480 778
1701490 778
1701500 777
1701510 777
1701520 777
1701530 777
1701540 777
1701550 776
1701560 776
1701570 776
1701580 776
1701590 776
1701600 775
1701610 775
1701620 775
1701630 775
1701640 775
1701650 775
1701660 774
1701670 774
1701680 774
1701690 774
1701700 774
1701710 774
1701720 773
1701730 773
1701740 772
1701750 772
1701760 772
1701770 772
1701780 771
1701790 771
1701800 771
1701810 771
1701820 770
1701830 770
1701840 770
1701850 769
1701860 769
1701870 769
1701880 768
1701890 768
1701900 768
1701910 767
1701920 767
1701930 767
1701940 767
1701950 766
1701960 766
1701970 766
1701980 765
1701990 765
1702000 765
1702010 764
1702020 764
1702030 764
1702040 764
1702050 763
1702060 763
1702070 763
1702080 763
1702090 762
1702100 762
1702110 762
1702120 761
1702130 761
1702140 761
1702150 761
1702160 760
1702170 760
1702180 760
1702190 759
1702200 759
1702210 759
1702220 758
1702230 758
1702240 758
1702250 757
1702260 757
1702270 757
1702280 756
1702290 756
1702300 755
1702310 755
1702320 755
1702330 754
1702340 754
1702350 754
1702360 753
1702370 753
1702380 753
1702390 752
1702400 752
1702410 752
1702420 751
1702430 751
1702440 750
1702450 750
1702460 750
1702470 751
1702480 752
1702490 752
1702500 753
1702510 753
1702520 753
1702530 753
1702540 753
1702550 753
1702560 753
1702570 753
1702580 753
1702590 753
1702600 753
1702610 752
1702620 752
1702630 752
1702640 752
1702650 752
1702660 751
1702670 751
1702680 751
1702690 750
1702700 750
1702710 750
1702720 749
1702730 749
1702740 749
1702750 748
1702760 748
1702770 747
1702780 747
1702790 747
1702800 746
1702810 746
1702820 745
1702830 745
1702840 745
1702850 744
1702860 744
1702870 743
1702880 743
1702890 743
1702900 743
1702910 742
1702920 742
1702930 741
1702940 740
1702950 740
1702960 739
1702970 739
1702980 738
1702990 736
1703000 735
1703010 734
1703020 734
1703030 734
1703040 735
1703050 736
1703060 737
1703070 737
1703080 737
1703090 737
1703100 736
1703110 736
1703120 735
1703130 734
1703140 734
1703150 734
1703160 734
1703170 734
1703180 734
1703190 733
1703200 731
1703210 730
1703220 729
1703230 728
1703240 726
1703250 724
1703260 722
1703270 722
1703280 722
1703290 722
1703300 722
1703310 721
1703320 721
1703330 721
1703340 721
1703350 721
1703360 721
1703370 721
1703380 721
1703390 721
1703400 722
1703410 723
1703420 724
1703430 726
1703440 727
1703450 726
1703460 726
1703470 726
1703480 726
1703490 725
1703500 725
1703510 725
1703520 725
1703530 726
1703540 727
1703550 728
1703560 728
1703570 729
1703580 730
1703590 731
1703600 732
1703610 732
1703620 733
1703630 734
1703640 735
1703650 736
1703660 737
1703670 737
1703680 737
1703690 737
1703700 739
1703710 741
1703720 742
1703730 744
1703740 745
1703750 745
1703760 745
1703770 746
1703780 747
1703790 748
1703800 749
1703810 749
1703820 750
1703830 751
1703840 752
1703850 753
1703860 754
1703870 755
1703880 756
1703890 757
1703900 757
1703910 757
1703920 758
1703930 759
1703940 759
1703950 760
1703960 761
1703970 762
1703980 762
1703990 763
1704000 763
1704010 764
1704020 765
1704030 765
1704040 766
1704050 766
1704060 767
1704070 768
1704080 768
1704090 769
1704100 769
1704110 770
1704120 770
1704130 771
1704140 772
1704150 772
1704160 773
1704170 773
1704180 774
1704190 774
1704200 775
1704210 776
1704220 776
1704230 777
1704240 777
1704250 778
1704260 778
1704270 779
1704280 779
1704290 780
1704300 781
1704310 781
1704320 781
1704330 782
1704340 782
1704350 783
1704360 783
1704370 783
1704380 784
1704390 784
1704400 784
1704410 785
1704420 785
1704430 785
1704440 786
1704450 786
1704460 786
1704470 786
1704480 787
1704490 787
1704500 787
1704510 787
1704520 787
1704530 787
1704540 787
1704550 787
1704560 787
1704570 786
1704580 786
1704590 786
1704600 786
1704610 786
1704620 786
1704630 786
1704640 786
1704650 785
1704660 785
1704670 785
1704680 785
1704690 785
1704700 785
1704710 785
1704720 785
1704730 785
1704740 784
1704750 784
1704760 784
1704770 784
1704780 784
1704790 784
1704800 784
1704810 784
1704820 784
1704830 784
1704840 784
1704850 784
1704860 784
1704870 784
1704880 784
1704890 784
1704900 784
1704910 784
1704920 784
1704930 784
1704940 784
1704950 784
1704960 784
1704970 784
1704980 784
1704990 784
1705000 784
1705010 784
1705020 784
1705030 784
1705040 784
1705050 784
1705060 783
1705070 783
1705080 783
1705090 783
1705100 783
1705110 783
1705120 783
1705130 783
1705140 783
1705150 783
1705160 782
1705170 782
1705180 782
1705190 782
1705200 781
1705210 781
1705220 781
1705230 781
1705240 780
1705250 780
1705260 780
1705270 780
1705280 779
1705290 779
1705300 779
1705310 779
1705320 779
1705330 779
1705340 779
1705350 779
1705360 779
1705370 778
1705380 778
1705390 778
1705400 778
1705410 778
1705420 778
1705430 778
1705440 778
1705450 779
1705460 779
1705470 779
1705480 779
1705490 779
1705500 780
1705510 780
1705520 780
1705530 781
1705540 781
1705550 781
1705560 781
1705570 782
1705580 782
1705590 782
1705600 782
1705610 781
1705620 781
1705630 781
1705640 781
1705650 781
1705660 781
1705670 781
1705680 781
1705690 781
1705700 781
1705710 781
1705720 781
1705730 781
1705740 781
1705750 780
1705760 780
1705770 780
1705780 780
1705790 780
1705800 780
1705810 780
1705820 780
1705830 780
1705840 780
1705850 779
1705860 779
1705870 779
1705880 779
1705890 779
1705900 778
1705910 778
1705920 778
1705930 778
1705940 777
1705950 777
1705960 777
1705970 776
1705980 776
1705990 776
1706000 775
1706010 775
1706020 775
1706030 774
1706040 774
1706050 774
1706060 773
1706070 773
1706080 773
1706090 772
1706100 772
1706110 772
1706120 772
1706130 771
1706140 771
1706150 771
1706160 771
1706170 770
1706180 770
1706190 770
1706200 770
1706210 769
1706220 769
1706230 769
1706240 769
1706250 769
1706260 769
1706270 768
1706280 768
1706290 768
1706300 768
1706310 767
1706320 767
1706330 767
1706340 767
1706350 767
1706360 766
1706370 766
1706380 766
1706390 766
1706400 766
1706410 766
1706420 765
1706430 765
1706440 765
1706450 765
1706460 765
1706470 765
1706480 765
1706490 765
1706500 765
1706510 765
1706520 765
1706530 765
1706540 765
1706550 764
1706560 764
1706570 764
1706580 764
1706590 764
1706600 764
1706610 764
1706620 763
1706630 763
1706640 763
1706650 763
1706660 763
1706670 763
1706680 762
1706690 762
1706700 762
1706710 761
1706720 761
1706730 761
1706740 760
1706750 760
1706760 760
1706770 760
1706780 760
1706790 760
1706800 760
1706810 760
1706820 760
1706830 759
1706840 759
1706850 759
1706860 759
1706870 759
1706880 759
1706890 759
1706900 759
1706910 759
1706920 759
1706930 759
1706940 758
1706950 758
1706960 758
1706970 758
1706980 758
1706990 758
1707000 758
1707010 758
1707020 758
1707030 757
1707040 757
1707050 756
1707060 756
1707070 755
1707080 755
1707090 754
1707100 754
1707110 753
1707120 753
1707130 752
1707140 752
1707150 751
1707160 751
1707170 750
1707180 749
1707190 748
1707200 748
1707210 747
1707220 747
1707230 747
1707240 747
1707250 746
1707260 746
1707270 746
1707280 746
1707290 746
1707300 746
1707310 745
1707320 745
1707330 745
1707340 745
1707350 744
1707360 744
1707370 744
1707380 744
1707390 744
1707400 744
1707410 743
1707420 743
1707430 743
1707440 743
1707450 742
1707460 742
1707470 742
1707480 741
1707490 741
1707500 741
1707510 740
1707520 740
1707530 739
1707540 738
1707550 736
1707560 735
1707570 733
1707580 732
1707590 731
1707600 730
1707610 729
1707620 728
1707630 728
1707640 728
1707650 727
1707660 727
1707670 726
1707680 726
1707690 726
1707700 725
1707710 725
1707720 724
1707730 724
1707740 724
1707750 724
1707760 723
1707770 723
1707780 723
1707790 722
1707800 722
1707810 722
1707820 722
1707830 723
1707840 724
1707850 725
1707860 727
1707870 729
1707880 731
1707890 733
1707900 735
1707910 737
1707920 739
1707930 739
1707940 739
1707950 739
1707960 739
1707970 739
1707980 739
1707990 740
1708000 740
1708010 740
1708020 739
1708030 739
1708040 738
1708050 738
1708060 738
1708070 737
1708080 737
1708090 737
1708100 736
1708110 736
1708120 735
1708130 735
1708140 734
1708150 734
1708160 734
1708170 734
1708180 734
1708190 734
1708200 734
1708210 734
1708220 734
1708230 734
1708240 734
1708250 734
1708260 734
1708270 734
1708280 734
1708290 734
1708300 734
1708310 734
1708320 734
1708330 734
1708340 734
1708350 734
1708360 734
1708370 734
1708380 734
1708390 734
1708400 733
1708410 733
1708420 733
1708430 733
1708440 733
1708450 732
1708460 732
1708470 732
1708480 732
1708490 732
1708500 732
1708510 731
1708520 731
1708530 731
1708540 730
1708550 730
1708560 730
1708570 730
1708580 729
1708590 729
1708600 729
1708610 728
1708620 728
1708630 728
1708640 727
1708650 726
1708660 726
1708670 726
1708680 725
1708690 725
1708700 724
1708710 724
1708720 723
1708730 723
1708740 723
1708750 723
1708760 722
1708770 722
1708780 722
1708790 721
1708800 721
1708810 721
1708820 721
1708830 720
1708840 720
1708850 720
1708860 720
1708870 719
1708880 719
1708890 719
1708900 719
1708910 718
1708920 718
1708930 718
1708940 718
1708950 717
1708960 717
1708970 717
1708980 716
1708990 716
1709000 715
1709010 715
1709020 714
1709030 714
1709040 713
1709050 713
1709060 712
1709070 712
1709080 711
1709090 711
1709100 711
1709110 711
1709120 711
1709130 711
1709140 711
1709150 711
1709160 711
1709170 711
1709180 711
1709190 711
1709200 711
1709210 710
1709220 710
1709230 710
1709240 710
1709250 710
1709260 710
1709270 710
1709280 710
1709290 710
1709300 710
1709310 710
1709320 710
1709330 710
1709340 710
1709350 710
1709360 710
1709370 710
1709380 710
1709390 710
1709400 710
1709410 711
1709420 711
1709430 711
1709440 712
1709450 712
1709460 712
1709470 712
1709480 712
1709490 712
1709500 712
1709510 712
1709520 712
1709530 712
1709540 712
1709550 712
1709560 712
1709570 712
1709580 712
1709590 712
1709600 712
1709610 712
1709620 713
1709630 713
1709640 714
1709650 714
1709660 716
1709670 717
1709680 719
1709690 719
1709700 718
1709710 717
1709720 715
1709730 714
1709740 713
1709750 712
1709760 711
1709770 710
1709780 709
1709790 709
1709800 708
1709810 708
1709820 707
1709830 707
1709840 706
1709850 706
1709860 705
1709870 705
1709880 704
1709890 704
1709900 704
1709910 703
1709920 703
1709930 703
1709940 702
1709950 702
1709960 701
1709970 701
1709980 701
1709990 701
1710000 701
1710010 700
1710020 700
1710030 699
1710040 699
1710050 699
1710060 699
1710070 699
1710080 699
1710090 699
1710100 698
1710110 698
1710120 698
1710130 697
1710140 696
1710150 696
1710160 695
1710170 694
1710180 694
1710190 693
1710200 693
1710210 692
1710220 691
1710230 690
1710240 690
1710250 689
1710260 689
1710270 688
1710280 688
1710290 687
1710300 687
1710310 686
1710320 686
1710330 686
1710340 685
1710350 685
1710360 685
1710370 684
1710380 684
1710390 684
1710400 683
1710410 683
1710420 683
1710430 682
1710440 682
1710450 680
1710460 679
1710470 678
1710480 677
1710490 677
1710500 676
1710510 676
1710520 675
1710530 674
1710540 673
1710550 673
1710560 672
1710570 672
1710580 671
1710590 670
1710600 669
1710610 668
1710620 667
1710630 666
1710640 666
1710650 664
1710660 663
1710670 661
1710680 660
1710690 659
1710700 659
1710710 658
1710720 656
1710730 656
1710740 655
1710750 654
1710760 654
1710770 654
1710780 653
1710790 652
1710800 652
1710810 651
1710820 650
1710830 649
1710840 648
1710850 647
1710860 645
1710870 643
1710880 642
1710890 640
1710900 640
1710910 639
1710920 639
1710930 638
1710940 638
1710950 638
1710960 638
1710970 638
1710980 639
1710990 640
1711000 640
1711010 640
1711020 640
1711030 640
1711040 639
1711050 639
1711060 639
1711070 639
1711080 639
1711090 639
1711100 640
1711110 640
1711120 641
1711130 641
1711140 641
1711150 641
1711160 641
1711170 640
1711180 640
1711190 641
1711200 641
1711210 641
1711220 641
1711230 641
1711240 641
1711250 641
1711260 640
1711270 640
1711280 640
1711290 640
1711300 640
1711310 640
1711320 640
1711330 638
1711340 637
1711350 637
1711360 637
1711370 637
1711380 639
1711390 641
1711400 643
1711410 645
1711420 646
1711430 646
1711440 647
1711450 648
1711460 648
1711470 649
1711480 649
1711490 650
1711500 650
1711510 651
1711520 651
1711530 652
1711540 652
1711550 653
1711560 653
1711570 653
1711580 653
1711590 653
1711600 653
1711610 653
1711620 653
1711630 653
1711640 653
1711650 653
1711660 653
1711670 653
1711680 652
1711690 652
1711700 652
1711710 652
1711720 652
1711730 652
1711740 652
1711750 652
1711760 652
1711770 652
1711780 652
1711790 652
1711800 651
1711810 651
1711820 651
1711830 651
1711840 651
1711850 650
1711860 650
1711870 650
1711880 650
1711890 650
1711900 650
1711910 650
1711920 650
1711930 649
1711940 649
1711950 649
1711960 649
1711970 649
1711980 649
1711990 649
1712000 649
1712010 649
1712020 649
1712030 649
1712040 649
1712050 649
1712060 649
1712070 649
1712080 649
1712090 649
1712100 649
1712110 649
1712120 649
1712130 649
1712140 649
1712150 649
1712160 649
1712170 649
1712180 649
1712190 649
1712200 649
1712210 649
1712220 649
1712230 649
1712240 649
1712250 649
1712260 648
1712270 648
1712280 648
1712290 647
1712300 647
1712310 647
1712320 646
1712330 646
1712340 646
1712350 645
1712360 645
1712370 645
1712380 644
1712390 644
1712400 644
1712410 644
1712420 643
1712430 643
1712440 643
1712450 642
1712460 642
1712470 642
1712480 641
1712490 641
1712500 640
1712510 640
1712520 640
1712530 640
1712540 639
1712550 639
1712560 639
1712570 638
1712580 638
1712590 638
1712600 637
1712610 637
1712620 637
1712630 636
1712640 636
1712650 636
1712660 636
1712670 636
1712680 635
1712690 634
1712700 634
1712710 634
1712720 634
1712730 634
1712740 633
1712750 633
1712760 633
1712770 632
1712780 632
1712790 632
1712800 631
1712810 631
1712820 631
1712830 630
1712840 630
1712850 630
1712860 629
1712870 629
1712880 629
1712890 628
1712900 628
1712910 627
1712920 627
1712930 626
1712940 625
1712950 624
1712960 624
1712970 624
1712980 624
1712990 623
1713000 623
1713010 622
1713020 621
1713030 621
1713040 621
1713050 620
1713060 619
1713070 617
1713080 617
1713090 617
1713100 616
1713110 616
1713120 615
1713130 614
1713140 613
1713150 613
1713160 612
1713170 612
1713180 612
1713190 612
1713200 612
1713210 612
1713220 612
1713230 613
1713240 614
1713250 614
1713260 615
1713270 616
1713280 616
1713290 616
1713300 616
1713310 616
1713320 616
1713330 616
1713340 617
1713350 616
1713360 614
1713370 611
1713380 607
1713390 601
1713400 596
1713410 592
1713420 589
1713430 585
1713440 582
1713450 578
1713460 574
1713470 570
1713480 566
1713490 562
1713500 558
1713510 554
1713520 550
1713530 547
1713540 544
1713550 541
1713560 538
1713570 535
1713580 532
1713590 530
1713600 528
1713610 526
1713620 523
1713630 521
1713640 519
1713650 517
1713660 514
1713670 511
1713680 510
1713690 508
1713700 505
1713710 502
1713720 500
1713730 499
1713740 497
1713750 496
1713760 496
1713770 495
1713780 495
1713790 495
1713800 497
1713810 500
1713820 504
1713830 508
1713840 512
1713850 517
1713860 523
1713870 527
1713880 532
1713890 534
1713900 536
1713910 538
1713920 538
1713930 539
1713940 541
1713950 543
1713960 545
1713970 548
1713980 551
1713990 553
1714000 557
1714010 559
1714020 561
1714030 565
1714040 569
1714050 572
1714060 576
1714070 579
1714080 581
1714090 584
1714100 586
1714110 588
1714120 590
1714130 591
1714140 592
1714150 592
1714160 592
1714170 592
1714180 591
1714190 591
1714200 591
1714210 592
1714220 593
1714230 594
1714240 596
1714250 598
1714260 600
1714270 602
1714280 603
1714290 604
1714300 605
1714310 605
1714320 605
1714330 605
1714340 605
1714350 606
1714360 606
1714370 607
1714380 607
1714390 607
1714400 607
1714410 607
1714420 607
1714430 607
1714440 607
1714450 608
1714460 609
1714470 609
1714480 610
1714490 611
1714500 611
1714510 611
1714520 611
1714530 611
1714540 611
1714550 609
1714560 607
1714570 605
1714580 603
1714590 601
1714600 599
1714610 598
1714620 597
1714630 596
1714640 595
1714650 594
1714660 593
1714670 593
1714680 592
1714690 592
1714700 592
1714710 592
1714720 592
1714730 592
1714740 593
1714750 593
1714760 593
1714770 594
1714780 595
1714790 595
1714800 596
1714810 597
1714820 597
1714830 597
1714840 597
1714850 597
1714860 597
1714870 598
1714880 599
1714890 599
1714900 599
1714910 598
1714920 597
1714930 595
1714940 594
1714950 593
1714960 592
1714970 592
1714980 592
1714990 592
1715000 592
1715010 593
1715020 594
1715030 595
1715040 596
1715050 596
1715060 597
1715070 598
1715080 600
1715090 601
1715100 603
1715110 605
1715120 607
1715130 609
1715140 610
1715150 611
1715160 612
1715170 612
1715180 613
1715190 613
1715200 613
1715210 613
1715220 613
1715230 613
1715240 613
1715250 614
1715260 614
1715270 614
1715280 614
1715290 614
1715300 614
1715310 615
1715320 615
1715330 615
1715340 616
1715350 616
1715360 616
1715370 616
1715380 617
1715390 617
1715400 617
1715410 618
1715420 618
1715430 618
1715440 619
1715450 619
1715460 619
1715470 620
1715480 620
1715490 620
1715500 621
1715510 621
1715520 622
1715530 622
1715540 622
1715550 623
1715560 623
1715570 624
1715580 624
1715590 624
1715600 625
1715610 625
1715620 626
1715630 626
1715640 626
1715650 626
1715660 627
1715670 627
1715680 627
1715690 627
1715700 627
1715710 628
1715720 628
1715730 628
1715740 628
1715750 628
1715760 628
1715770 628
1715780 628
1715790 628
1715800 628
1715810 628
1715820 628
1715830 628
1715840 628
1715850 628
1715860 628
1715870 628
1715880 629
1715890 629
1715900 629
1715910 629
1715920 629
1715930 629
1715940 630
1715950 630
1715960 630
1715970 630
1715980 631
1715990 631
1716000 632
1716010 632
1716020 633
1716030 633
1716040 634
1716050 635
1716060 636
1716070 636
1716080 637
1716090 637
1716100 638
1716110 638
1716120 639
1716130 640
1716140 640
1716150 641
1716160 641
1716170 641
1716180 642
1716190 642
1716200 643
1716210 643
1716220 643
1716230 643
1716240 643
1716250 643
1716260 643
1716270 643
1716280 643
1716290 643
1716300 643
1716310 643
1716320 643
1716330 643
1716340 643
1716350 643
1716360 643
1716370 643
1716380 643
1716390 643
1716400 643
1716410 643
1716420 643
1716430 642
1716440 642
1716450 642
1716460 642
1716470 642
1716480 642
1716490 642
1716500 642
1716510 642
1716520 642
1716530 641
1716540 641
1716550 641
1716560 641
1716570 640
1716580 640
1716590 640
1716600 639
1716610 639
1716620 639
1716630 639
1716640 638
1716650 638
1716660 638
1716670 637
1716680 637
1716690 637
1716700 636
1716710 636
1716720 636
1716730 635
1716740 635
1716750 635
1716760 634
1716770 634
1716780 634
1716790 633
1716800 633
1716810 632
1716820 632
1716830 631
1716840 631
1716850 631
1716860 631
1716870 630
1716880 629
1716890 629
1716900 629
1716910 628
1716920 628
1716930 628
1716940 628
1716950 627
1716960 627
1716970 627
1716980 627
1716990 626
1717000 626
1717010 625
1717020 624
1717030 624
1717040 623
1717050 623
1717060 622
1717070 622
1717080 621
1717090 621
1717100 620
1717110 620
1717120 620
1717130 619
1717140 619
1717150 619
1717160 618
1717170 618
1717180 618
1717190 618
1717200 617
1717210 617
1717220 617
1717230 616
1717240 616
1717250 616
1717260 616
1717270 615
1717280 615
1717290 615
1717300 615
1717310 615
1717320 615
1717330 615
1717340 615
1717350 615
1717360 615
1717370 614
1717380 614
1717390 613
1717400 612
1717410 612
1717420 611
1717430 611
1717440 610
1717450 608
1717460 608
1717470 608
1717480 608
1717490 608
1717500 609
1717510 611
1717520 612
1717530 613
1717540 615
1717550 616
1717560 617
1717570 618
1717580 620
1717590 621
1717600 622
1717610 623
1717620 624
1717630 624
1717640 625
1717650 625
1717660 625
1717670 625
1717680 624
1717690 624
1717700 624
1717710 623
1717720 623
1717730 622
1717740 622
1717750 621
1717760 621
1717770 620
1717780 620
1717790 619
1717800 619
1717810 618
1717820 617
1717830 617
1717840 616
1717850 615
1717860 614
1717870 613
1717880 613
1717890 612
1717900 611
1717910 610
1717920 610
1717930 609
1717940 609
1717950 608
1717960 608
1717970 608
1717980 608
1717990 608
1718000 608
1718010 608
1718020 608
1718030 608
1718040 608
1718050 607
1718060 607
1718070 607
1718080 607
1718090 607
1718100 607
1718110 607
1718120 607
1718130 607
1718140 608
1718150 608
1718160 608
1718170 608
1718180 608
1718190 607
1718200 607
1718210 607
1718220 606
1718230 606
1718240 606
1718250 606
1718260 605
1718270 605
1718280 605
1718290 604
1718300 604
1718310 604
1718320 604
1718330 603
1718340 603
1718350 603
1718360 603
1718370 603
1718380 603
1718390 603
1718400 603
1718410 603
1718420 602
1718430 602
1718440 601
1718450 601
1718460 601
1718470 600
1718480 600
1718490 599
1718500 599
1718510 598
1718520 598
1718530 597
1718540 597
1718550 596
1718560 596
1718570 595
1718580 595
1718590 595
1718600 594
1718610 594
1718620 593
1718630 593
1718640 592
1718650 592
1718660 592
1718670 591
1718680 591
1718690 590
1718700 590
1718710 589
1718720 589
1718730 588
1718740 587
1718750 586
1718760 585
1718770 585
1718780 584
1718790 583
1718800 582
1718810 581
1718820 580
1718830 579
1718840 578
1718850 578
1718860 576
1718870 575
1718880 574
1718890 573
1718900 572
1718910 571
1718920 570
1718930 570
1718940 569
1718950 569
1718960 568
1718970 568
1718980 568
1718990 568
1719000 567
1719010 567
1719020 566
1719030 565
1719040 565
1719050 564
1719060 564
1719070 563
1719080 563
1719090 562
1719100 561
1719110 561
1719120 560
1719130 560
1719140 559
1719150 559
1719160 559
1719170 559
1719180 559
1719190 559
1719200 559
1719210 559
1719220 560
1719230 560
1719240 560
1719250 561
1719260 561
1719270 561
1719280 562
1719290 562
1719300 562
1719310 562
1719320 562
1719330 562
1719340 561
1719350 561
1719360 561
1719370 561
1719380 561
1719390 561
1719400 560
1719410 560
1719420 560
1719430 559
1719440 559
1719450 558
1719460 558
1719470 557
1719480 555
1719490 554
1719500 552
1719510 551
1719520 550
1719530 549
1719540 547
1719550 546
1719560 544
1719570 543
1719580 540
1719590 537
1719600 535
1719610 534
1719620 533
1719630 533
1719640 533
1719650 534
1719660 536
1719670 538
1719680 540
1719690 543
1719700 547
1719710 550
1719720 553
1719730 555
1719740 556
1719750 557
1719760 559
1719770 560
1719780 562
1719790 563
1719800 564
1719810 565
1719820 566
1719830 567
1719840 569
1719850 569
1719860 570
1719870 571
1719880 571
1719890 572
1719900 572
1719910 573
1719920 573
1719930 574
1719940 575
1719950 576
1719960 577
1719970 578
1719980 580
1719990 581
