1700000 811
1700010 811
1700020 812
1700030 812
1700040 812
1700050 812
1700060 813
1700070 813
1700080 813
1700090 813
1700100 814
1700110 814
1700120 814
1700130 814
1700140 815
1700150 815
1700160 815
1700170 815
1700180 816
1700190 816
1700200 816
1700210 816
1700220 816
1700230 816
1700240 816
1700250 816
1700260 816
1700270 816
1700280 816
1700290 816
1700300 815
1700310 815
1700320 815
1700330 814
1700340 814
1700350 814
1700360 814
1700370 813
1700380 813
1700390 813
1700400 812
1700410 812
1700420 811
1700430 811
1700440 810
1700450 810
1700460 810
1700470 809
1700480 809
1700490 808
1700500 808
1700510 807
1700520 807
1700530 807
1700540 806
1700550 806
1700560 806
1700570 805
1700580 805
1700590 805
1700600 804
1700610 804
1700620 804
1700630 803
1700640 803
1700650 803
1700660 802
1700670 802
1700680 802
1700690 802
1700700 801
1700710 801
1700720 801
1700730 801
1700740 800
1700750 800
1700760 800
1700770 800
1700780 799
1700790 799
1700800 799
1700810 799
1700820 798
1700830 798
1700840 798
1700850 798
1700860 797
1700870 797
1700880 797
1700890 796
1700900 796
1700910 796
1700920 795
1700930 795
1700940 794
1700950 794
1700960 794
1700970 793
1700980 793
1700990 792
1701000 792
1701010 792
1701020 791
1701030 791
1701040 790
1701050 790
1701060 789
1701070 789
1701080 789
1701090 788
1701100 788
1701110 787
1701120 787
1701130 787
1701140 786
1701150 786
1701160 786
1701170 785
1701180 785
1701190 785
1701200 784
1701210 784
1701220 784
1701230 783
1701240 783
1701250 783
1701260 782
1701270 782
1701280 782
1701290 781
1701300 781
1701310 781
1701320 781
1701330 780
1701340 780
1701350 780
1701360 780
1701370 780
1701380 779
1701390 779
1701400 779
1701410 779
1701420 779
1701430 779
1701440 779
1701450 779
1701460 778
1701470 778
1701480 778
1701490 778
1701500 778
1701510 778
1701520 777
1701530 777
1701540 777
1701550 777
1701560 777
1701570 776
1701580 776
1701590 776
1701600 776
1701610 776
1701620 776
1701630 776
1701640 775
1701650 775
1701660 775
1701670 775
1701680 775
1701690 774
1701700 774
1701710 774
1701720 774
1701730 774
1701740 773
1701750 773
1701760 772
1701770 772
1701780 772
1701790 772
1701800 771
1701810 771
1701820 771
1701830 771
1701840 770
1701850 770
1701860 770
1701870 769
1701880 769
1701890 769
1701900 768
1701910 768
1701920 768
1701930 768
1701940 767
1701950 767
1701960 767
1701970 766
1701980 766
1701990 766
1702000 765
1702010 765
1702020 765
1702030 764
1702040 764
1702050 764
1702060 763
1702070 763
1702080 763
1702090 763
1702100 762
1702110 762
1702120 762
1702130 762
1702140 761
1702150 761
1702160 760
1702170 760
1702180 760
1702190 760
1702200 759
1702210 759
1702220 759
1702230 758
1702240 758
1702250 758
1702260 758
1702270 758
1702280 757
1702290 757
1702300 757
1702310 756
1702320 756
1702330 755
1702340 755
1702350 755
1702360 754
1702370 754
1702380 754
1702390 753
1702400 753
1702410 752
1702420 751
1702430 750
1702440 749
1702450 749
1702460 749
1702470 749
1702480 749
1702490 750
1702500 750
1702510 751
1702520 751
1702530 752
1702540 752
1702550 752
1702560 753
1702570 753
1702580 752
1702590 752
1702600 752
1702610 752
1702620 751
1702630 751
1702640 751
1702650 750
1702660 750
1702670 750
1702680 749
1702690 749
1702700 749
1702710 748
1702720 748
1702730 748
1702740 747
1702750 747
1702760 746
1702770 746
1702780 745
1702790 745
1702800 745
1702810 744
1702820 744
1702830 743
1702840 743
1702850 743
1702860 742
1702870 742
1702880 742
1702890 741
1702900 741
1702910 740
1702920 740
1702930 739
1702940 739
1702950 739
1702960 738
1702970 738
1702980 737
1702990 736
1703000 736
1703010 735
1703020 734
1703030 733
1703040 732
1703050 731
1703060 731
1703070 731
1703080 733
1703090 734
1703100 734
1703110 734
1703120 734
1703130 734
1703140 733
1703150 733
1703160 733
1703170 732
1703180 732
1703190 730
1703200 729
1703210 728
1703220 727
1703230 726
1703240 724
1703250 723
1703260 722
1703270 722
1703280 722
1703290 722
1703300 722
1703310 722
1703320 721
1703330 721
1703340 721
1703350 721
1703360 722
1703370 722
1703380 723
1703390 726
1703400 730
1703410 736
1703420 740
1703430 741
1703440 739
1703450 736
1703460 733
1703470 731
1703480 729
1703490 729
1703500 729
1703510 729
1703520 729
1703530 728
1703540 728
1703550 730
1703560 731
1703570 732
1703580 733
1703590 733
1703600 734
1703610 735
1703620 736
1703630 736
1703640 736
1703650 736
1703660 736
1703670 737
1703680 739
1703690 741
1703700 742
1703710 743
1703720 743
1703730 744
1703740 745
1703750 746
1703760 746
1703770 747
1703780 747
1703790 748
1703800 749
1703810 750
1703820 750
1703830 751
1703840 752
1703850 753
1703860 754
1703870 755
1703880 756
1703890 757
1703900 757
1703910 757
1703920 758
1703930 759
1703940 760
1703950 761
1703960 761
1703970 762
1703980 762
1703990 763
1704000 763
1704010 764
1704020 765
1704030 765
1704040 766
1704050 767
1704060 767
1704070 768
1704080 768
1704090 769
1704100 769
1704110 770
1704120 771
1704130 771
1704140 772
1704150 772
1704160 773
1704170 773
1704180 774
1704190 774
1704200 775
1704210 776
1704220 777
1704230 777
1704240 777
1704250 778
1704260 779
1704270 779
1704280 780
1704290 780
1704300 781
1704310 781
1704320 782
1704330 782
1704340 783
1704350 783
1704360 784
1704370 784
1704380 785
1704390 785
1704400 785
1704410 785
1704420 786
1704430 786
1704440 786
1704450 786
1704460 786
1704470 786
1704480 786
1704490 787
1704500 787
1704510 787
1704520 787
1704530 787
1704540 787
1704550 786
1704560 786
1704570 786
1704580 786
1704590 786
1704600 786
1704610 786
1704620 786
1704630 786
1704640 786
1704650 786
1704660 786
1704670 786
1704680 785
1704690 785
1704700 785
1704710 785
1704720 785
1704730 785
1704740 785
1704750 785
1704760 784
1704770 784
1704780 784
1704790 784
1704800 784
1704810 784
1704820 784
1704830 784
1704840 784
1704850 785
1704860 784
1704870 784
1704880 784
1704890 784
1704900 784
1704910 785
1704920 785
1704930 785
1704940 785
1704950 785
1704960 785
1704970 785
1704980 785
1704990 785
1705000 785
1705010 785
1705020 785
1705030 785
1705040 785
1705050 784
1705060 784
1705070 784
1705080 784
1705090 784
1705100 784
1705110 784
1705120 784
1705130 784
1705140 784
1705150 783
1705160 783
1705170 783
1705180 783
1705190 782
1705200 782
1705210 782
1705220 782
1705230 781
1705240 781
1705250 781
1705260 780
1705270 780
1705280 780
1705290 780
1705300 780
1705310 780
1705320 780
1705330 780
1705340 780
1705350 780
1705360 779
1705370 779
1705380 779
1705390 779
1705400 779
1705410 779
1705420 779
1705430 779
1705440 779
1705450 779
1705460 779
1705470 780
1705480 780
1705490 780
1705500 780
1705510 780
1705520 781
1705530 781
1705540 781
1705550 782
1705560 782
1705570 782
1705580 782
1705590 782
1705600 782
1705610 782
1705620 782
1705630 782
1705640 782
1705650 782
1705660 782
1705670 782
1705680 782
1705690 782
1705700 782
1705710 782
1705720 782
1705730 782
1705740 781
1705750 781
1705760 781
1705770 781
1705780 780
1705790 780
1705800 780
1705810 780
1705820 780
1705830 779
1705840 779
1705850 779
1705860 779
1705870 779
1705880 778
1705890 778
1705900 778
1705910 778
1705920 777
1705930 777
1705940 777
1705950 777
1705960 776
1705970 776
1705980 776
1705990 775
1706000 775
1706010 775
1706020 774
1706030 774
1706040 774
1706050 773
1706060 773
1706070 773
1706080 773
1706090 772
1706100 772
1706110 772
1706120 772
1706130 772
1706140 771
1706150 771
1706160 771
1706170 771
1706180 770
1706190 770
1706200 770
1706210 770
1706220 770
1706230 769
1706240 769
1706250 769
1706260 769
1706270 769
1706280 769
1706290 768
1706300 768
1706310 768
1706320 768
1706330 768
1706340 767
1706350 767
1706360 767
1706370 767
1706380 767
1706390 767
1706400 767
1706410 767
1706420 766
1706430 766
1706440 766
1706450 766
1706460 766
1706470 766
1706480 766
1706490 766
1706500 766
1706510 766
1706520 766
1706530 766
1706540 766
1706550 765
1706560 765
1706570 765
1706580 765
1706590 765
1706600 765
1706610 765
1706620 764
1706630 764
1706640 764
1706650 763
1706660 763
1706670 762
1706680 762
1706690 762
1706700 761
1706710 761
1706720 761
1706730 761
1706740 760
1706750 760
1706760 760
1706770 760
1706780 759
1706790 759
1706800 759
1706810 759
1706820 759
1706830 759
1706840 758
1706850 758
1706860 758
1706870 758
1706880 758
1706890 758
1706900 758
1706910 758
1706920 757
1706930 757
1706940 757
1706950 757
1706960 757
1706970 757
1706980 757
1706990 756
1707000 756
1707010 756
1707020 756
1707030 756
1707040 755
1707050 755
1707060 755
1707070 754
1707080 754
1707090 753
1707100 753
1707110 752
1707120 752
1707130 751
1707140 750
1707150 750
1707160 749
1707170 749
1707180 748
1707190 747
1707200 746
1707210 745
1707220 744
1707230 743
1707240 743
1707250 743
1707260 743
1707270 743
1707280 743
1707290 742
1707300 742
1707310 742
1707320 742
1707330 742
1707340 742
1707350 741
1707360 741
1707370 741
1707380 740
1707390 740
1707400 740
1707410 740
1707420 740
1707430 739
1707440 739
1707450 738
1707460 738
1707470 738
1707480 737
1707490 737
1707500 736
1707510 735
1707520 734
1707530 732
1707540 731
1707550 730
1707560 729
1707570 728
1707580 728
1707590 727
1707600 727
1707610 726
1707620 726
1707630 725
1707640 725
1707650 725
1707660 724
1707670 724
1707680 724
1707690 723
1707700 723
1707710 723
1707720 723
1707730 722
1707740 722
1707750 722
1707760 722
1707770 721
1707780 721
1707790 721
1707800 721
1707810 722
1707820 723
1707830 724
1707840 725
1707850 727
1707860 729
1707870 731
1707880 732
1707890 734
1707900 736
1707910 738
1707920 739
1707930 740
1707940 740
1707950 739
1707960 739
1707970 739
1707980 738
1707990 738
1708000 738
1708010 738
1708020 737
1708030 737
1708040 736
1708050 736
1708060 735
1708070 735
1708080 734
1708090 734
1708100 734
1708110 733
1708120 733
1708130 733
1708140 733
1708150 732
1708160 732
1708170 732
1708180 732
1708190 732
1708200 732
1708210 732
1708220 732
1708230 732
1708240 732
1708250 732
1708260 732
1708270 732
1708280 732
1708290 731
1708300 731
1708310 731
1708320 731
1708330 731
1708340 731
1708350 731
1708360 731
1708370 731
1708380 731
1708390 731
1708400 731
1708410 731
1708420 732
1708430 732
1708440 732
1708450 732
1708460 732
1708470 732
1708480 732
1708490 732
1708500 732
1708510 732
1708520 731
1708530 731
1708540 731
1708550 731
1708560 731
1708570 730
1708580 730
1708590 729
1708600 729
1708610 728
1708620 728
1708630 727
1708640 726
1708650 726
1708660 725
1708670 725
1708680 724
1708690 724
1708700 724
1708710 723
1708720 723
1708730 722
1708740 722
1708750 722
1708760 722
1708770 721
1708780 721
1708790 721
1708800 721
1708810 720
1708820 720
1708830 720
1708840 720
1708850 720
1708860 719
1708870 719
1708880 719
1708890 718
1708900 718
1708910 718
1708920 718
1708930 718
1708940 718
1708950 718
1708960 717
1708970 717
1708980 717
1708990 716
1709000 716
1709010 716
1709020 715
1709030 715
1709040 715
1709050 714
1709060 714
1709070 713
1709080 713
1709090 713
1709100 713
1709110 713
1709120 713
1709130 713
1709140 713
1709150 713
1709160 713
1709170 713
1709180 713
1709190 713
1709200 713
1709210 713
1709220 713
1709230 713
1709240 713
1709250 712
1709260 712
1709270 712
1709280 712
1709290 712
1709300 712
1709310 712
1709320 712
1709330 712
1709340 712
1709350 712
1709360 712
1709370 712
1709380 712
1709390 712
1709400 712
1709410 713
1709420 713
1709430 713
1709440 714
1709450 714
1709460 714
1709470 714
1709480 714
1709490 714
1709500 714
1709510 714
1709520 713
1709530 713
1709540 713
1709550 713
1709560 713
1709570 713
1709580 713
1709590 713
1709600 714
1709610 714
1709620 714
1709630 714
1709640 715
1709650 715
1709660 716
1709670 717
1709680 717
1709690 717
1709700 716
1709710 715
1709720 714
1709730 713
1709740 712
1709750 711
1709760 710
1709770 710
1709780 709
1709790 709
1709800 708
1709810 708
1709820 708
1709830 707
1709840 707
1709850 707
1709860 707
1709870 707
1709880 706
1709890 706
1709900 706
1709910 705
1709920 705
1709930 704
1709940 704
1709950 704
1709960 704
1709970 704
1709980 704
1709990 704
1710000 704
1710010 703
1710020 701
1710030 700
1710040 698
1710050 698
1710060 698
1710070 700
1710080 701
1710090 701
1710100 701
1710110 700
1710120 698
1710130 698
1710140 697
1710150 696
1710160 695
1710170 695
1710180 694
1710190 693
1710200 692
1710210 691
1710220 690
1710230 690
1710240 689
1710250 689
1710260 688
1710270 687
1710280 686
1710290 686
1710300 685
1710310 684
1710320 684
1710330 683
1710340 683
1710350 682
1710360 682
1710370 681
1710380 681
1710390 680
1710400 680
1710410 679
1710420 678
1710430 677
1710440 676
1710450 675
1710460 675
1710470 674
1710480 674
1710490 673
1710500 673
1710510 672
1710520 672
1710530 671
1710540 671
1710550 670
1710560 670
1710570 669
1710580 668
1710590 667
1710600 666
1710610 665
1710620 665
1710630 664
1710640 662
1710650 661
1710660 659
1710670 658
1710680 657
1710690 656
1710700 655
1710710 654
1710720 653
1710730 652
1710740 652
1710750 651
1710760 651
1710770 650
1710780 650
1710790 649
1710800 649
1710810 648
1710820 647
1710830 647
1710840 646
1710850 645
1710860 644
1710870 643
1710880 642
1710890 641
1710900 641
1710910 641
1710920 640
1710930 640
1710940 640
1710950 641
1710960 642
1710970 643
1710980 644
1710990 644
1711000 644
1711010 644
1711020 644
1711030 643
1711040 643
1711050 642
1711060 642
1711070 642
1711080 642
1711090 643
1711100 643
1711110 643
1711120 644
1711130 644
1711140 644
1711150 645
1711160 645
1711170 645
1711180 645
1711190 645
1711200 645
1711210 645
1711220 645
1711230 645
1711240 645
1711250 644
1711260 643
1711270 643
1711280 643
1711290 643
1711300 642
1711310 641
1711320 641
1711330 641
1711340 640
1711350 638
1711360 638
1711370 638
1711380 639
1711390 641
1711400 643
1711410 644
1711420 645
1711430 646
1711440 646
1711450 647
1711460 647
1711470 648
1711480 648
1711490 649
1711500 649
1711510 650
1711520 650
1711530 651
1711540 651
1711550 651
1711560 652
1711570 652
1711580 652
1711590 652
1711600 652
1711610 652
1711620 652
1711630 652
1711640 652
1711650 652
1711660 652
1711670 652
1711680 652
1711690 652
1711700 652
1711710 652
1711720 652
1711730 652
1711740 652
1711750 652
1711760 652
1711770 652
1711780 652
1711790 652
1711800 652
1711810 651
1711820 651
1711830 651
1711840 651
1711850 651
1711860 651
1711870 651
1711880 651
1711890 651
1711900 650
1711910 650
1711920 650
1711930 650
1711940 650
1711950 649
1711960 649
1711970 649
1711980 649
1711990 649
1712000 649
1712010 649
1712020 649
1712030 649
1712040 649
1712050 648
1712060 648
1712070 648
1712080 648
1712090 648
1712100 648
1712110 648
1712120 648
1712130 648
1712140 648
1712150 648
1712160 648
1712170 648
1712180 648
1712190 648
1712200 648
1712210 648
1712220 648
1712230 648
1712240 648
1712250 648
1712260 647
1712270 647
1712280 647
1712290 646
1712300 646
1712310 646
1712320 645
1712330 645
1712340 645
1712350 645
1712360 644
1712370 644
1712380 644
1712390 644
1712400 643
1712410 643
1712420 643
1712430 642
1712440 642
1712450 642
1712460 641
1712470 641
1712480 641
1712490 640
1712500 640
1712510 640
1712520 640
1712530 639
1712540 639
1712550 639
1712560 638
1712570 638
1712580 638
1712590 637
1712600 637
1712610 637
1712620 636
1712630 636
1712640 636
1712650 636
1712660 635
1712670 635
1712680 634
1712690 634
1712700 634
1712710 634
1712720 634
1712730 633
1712740 633
1712750 632
1712760 632
1712770 632
1712780 631
1712790 631
1712800 631
1712810 630
1712820 630
1712830 630
1712840 630
1712850 629
1712860 629
1712870 629
1712880 629
1712890 629
1712900 628
1712910 628
1712920 626
1712930 625
1712940 625
1712950 624
1712960 623
1712970 623
1712980 623
1712990 623
1713000 622
1713010 622
1713020 621
1713030 621
1713040 621
1713050 620
1713060 618
1713070 617
1713080 617
1713090 617
1713100 616
1713110 616
1713120 615
1713130 614
1713140 613
1713150 613
1713160 612
1713170 611
1713180 611
1713190 610
1713200 610
1713210 610
1713220 609
1713230 609
1713240 609
1713250 609
1713260 610
1713270 610
1713280 611
1713290 611
1713300 612
1713310 612
1713320 612
1713330 611
1713340 610
1713350 609
1713360 608
1713370 606
1713380 603
1713390 598
1713400 592
1713410 586
1713420 582
1713430 578
1713440 574
1713450 571
1713460 569
1713470 566
1713480 562
1713490 558
1713500 555
1713510 552
1713520 548
1713530 545
1713540 542
1713550 538
1713560 535
1713570 532
1713580 529
1713590 527
1713600 525
1713610 523
1713620 521
1713630 519
1713640 516
1713650 514
1713660 511
1713670 509
1713680 507
1713690 505
1713700 503
1713710 502
1713720 500
1713730 499
1713740 497
1713750 496
1713760 496
1713770 495
1713780 496
1713790 499
1713800 504
1713810 507
1713820 510
1713830 515
1713840 520
1713850 526
1713860 531
1713870 537
1713880 542
1713890 545
1713900 548
1713910 549
1713920 551
1713930 553
1713940 554
1713950 556
1713960 558
1713970 560
1713980 562
1713990 564
1714000 567
1714010 569
1714020 571
1714030 574
1714040 576
1714050 578
1714060 581
1714070 583
1714080 585
1714090 587
1714100 588
1714110 590
1714120 591
1714130 593
1714140 594
1714150 596
1714160 596
1714170 597
1714180 598
1714190 598
1714200 599
1714210 599
1714220 600
1714230 601
1714240 602
1714250 602
1714260 603
1714270 603
1714280 604
1714290 604
1714300 605
1714310 605
1714320 606
1714330 606
1714340 606
1714350 607
1714360 607
1714370 608
1714380 608
1714390 609
1714400 609
1714410 610
1714420 611
1714430 612
1714440 613
1714450 614
1714460 616
1714470 618
1714480 620
1714490 621
1714500 621
1714510 620
1714520 618
1714530 617
1714540 615
1714550 614
1714560 612
1714570 610
1714580 609
1714590 608
1714600 607
1714610 606
1714620 605
1714630 605
1714640 604
1714650 604
1714660 604
1714670 604
1714680 603
1714690 603
1714700 603
1714710 603
1714720 603
1714730 603
1714740 603
1714750 603
1714760 604
1714770 604
1714780 605
1714790 606
1714800 606
1714810 606
1714820 606
1714830 606
1714840 606
1714850 605
1714860 605
1714870 605
1714880 605
1714890 605
1714900 605
1714910 604
1714920 603
1714930 602
1714940 602
1714950 601
1714960 600
1714970 599
1714980 599
1714990 599
1715000 599
1715010 599
1715020 599
1715030 600
1715040 600
1715050 601
1715060 602
1715070 603
1715080 604
1715090 606
1715100 607
1715110 609
1715120 610
1715130 611
1715140 614
1715150 615
1715160 617
1715170 618
1715180 618
1715190 618
1715200 618
1715210 618
1715220 619
1715230 619
1715240 619
1715250 619
1715260 619
1715270 619
1715280 619
1715290 619
1715300 619
1715310 620
1715320 620
1715330 620
1715340 621
1715350 621
1715360 621
1715370 621
1715380 622
1715390 622
1715400 622
1715410 622
1715420 622
1715430 623
1715440 623
1715450 623
1715460 624
1715470 624
1715480 624
1715490 624
1715500 625
1715510 625
1715520 625
1715530 626
1715540 626
1715550 626
1715560 627
1715570 627
1715580 627
1715590 628
1715600 628
1715610 628
1715620 629
1715630 629
1715640 630
1715650 630
1715660 630
1715670 630
1715680 630
1715690 631
1715700 631
1715710 631
1715720 631
1715730 631
1715740 631
1715750 632
1715760 632
1715770 632
1715780 632
1715790 632
1715800 632
1715810 632
1715820 632
1715830 632
1715840 632
1715850 632
1715860 632
1715870 632
1715880 632
1715890 632
1715900 632
1715910 632
1715920 633
1715930 633
1715940 633
1715950 633
1715960 634
1715970 634
1715980 635
1715990 635
1716000 635
1716010 636
1716020 636
1716030 636
1716040 637
1716050 637
1716060 638
1716070 638
1716080 639
1716090 639
1716100 640
1716110 641
1716120 641
1716130 642
1716140 643
1716150 644
1716160 644
1716170 645
1716180 645
1716190 646
1716200 647
1716210 647
1716220 647
1716230 648
1716240 648
1716250 648
1716260 648
1716270 648
1716280 648
1716290 648
1716300 647
1716310 647
1716320 647
1716330 647
1716340 647
1716350 647
1716360 646
1716370 646
1716380 646
1716390 646
1716400 646
1716410 646
1716420 646
1716430 645
1716440 645
1716450 645
1716460 645
1716470 645
1716480 645
1716490 645
1716500 645
1716510 644
1716520 644
1716530 643
1716540 643
1716550 643
1716560 642
1716570 642
1716580 641
1716590 641
1716600 641
1716610 640
1716620 640
1716630 640
1716640 639
1716650 639
1716660 638
1716670 638
1716680 638
1716690 637
1716700 637
1716710 637
1716720 636
1716730 636
1716740 635
1716750 635
1716760 635
1716770 634
1716780 634
1716790 633
1716800 633
1716810 633
1716820 632
1716830 632
1716840 631
1716850 631
1716860 630
1716870 630
1716880 630
1716890 629
1716900 629
1716910 629
1716920 628
1716930 628
1716940 628
1716950 627
1716960 627
1716970 626
1716980 626
1716990 626
1717000 625
1717010 625
1717020 625
1717030 624
1717040 624
1717050 623
1717060 623
1717070 623
1717080 622
1717090 622
1717100 622
1717110 621
1717120 621
1717130 621
1717140 621
1717150 621
1717160 620
1717170 620
1717180 620
1717190 620
1717200 620
1717210 619
1717220 619
1717230 619
1717240 619
1717250 619
1717260 618
1717270 618
1717280 617
1717290 617
1717300 616
1717310 616
1717320 616
1717330 616
1717340 616
1717350 616
1717360 615
1717370 615
1717380 614
1717390 613
1717400 612
1717410 612
1717420 611
1717430 610
1717440 609
1717450 609
1717460 609
1717470 609
1717480 610
1717490 610
1717500 612
1717510 613
1717520 614
1717530 616
1717540 617
1717550 618
1717560 619
1717570 620
1717580 622
1717590 623
1717600 625
1717610 626
1717620 626
1717630 626
1717640 626
1717650 626
1717660 626
1717670 625
1717680 625
1717690 625
1717700 624
1717710 623
1717720 623
1717730 622
1717740 622
1717750 621
1717760 620
1717770 620
1717780 619
1717790 619
1717800 619
1717810 618
1717820 617
1717830 617
1717840 616
1717850 615
1717860 615
1717870 614
1717880 613
1717890 613
1717900 612
1717910 612
1717920 612
1717930 611
1717940 611
1717950 611
1717960 610
1717970 610
1717980 610
1717990 610
1718000 610
1718010 610
1718020 610
1718030 610
1718040 610
1718050 610
1718060 610
1718070 610
1718080 610
1718090 610
1718100 611
1718110 611
1718120 610
1718130 610
1718140 610
1718150 610
1718160 610
1718170 609
1718180 609
1718190 609
1718200 609
1718210 609
1718220 608
1718230 608
1718240 608
1718250 607
1718260 607
1718270 607
1718280 606
1718290 606
1718300 606
1718310 606
1718320 605
1718330 605
1718340 605
1718350 605
1718360 605
1718370 605
1718380 604
1718390 604
1718400 604
1718410 603
1718420 603
1718430 603
1718440 603
1718450 602
1718460 602
1718470 602
1718480 601
1718490 601
1718500 600
1718510 600
1718520 599
1718530 599
1718540 598
1718550 597
1718560 597
1718570 596
1718580 596
1718590 595
1718600 595
1718610 594
1718620 593
1718630 593
1718640 592
1718650 592
1718660 592
1718670 591
1718680 590
1718690 589
1718700 588
1718710 588
1718720 587
1718730 586
1718740 585
1718750 585
1718760 584
1718770 583
1718780 582
1718790 581
1718800 580
1718810 580
1718820 579
1718830 578
1718840 577
1718850 576
1718860 575
1718870 574
1718880 573
1718890 572
1718900 571
1718910 570
1718920 570
1718930 569
1718940 568
1718950 568
1718960 568
1718970 568
1718980 568
1718990 568
1719000 568
1719010 568
1719020 568
1719030 568
1719040 568
1719050 567
1719060 567
1719070 567
1719080 566
1719090 566
1719100 565
1719110 565
1719120 564
1719130 562
1719140 561
1719150 560
1719160 559
1719170 557
1719180 555
1719190 554
1719200 553
1719210 552
1719220 552
1719230 552
1719240 552
1719250 553
1719260 554
1719270 555
1719280 555
1719290 555
1719300 555
1719310 555
1719320 555
1719330 554
1719340 554
1719350 554
1719360 553
1719370 553
1719380 553
1719390 553
1719400 553
1719410 553
1719420 553
1719430 552
1719440 551
1719450 551
1719460 550
1719470 550
1719480 549
1719490 549
1719500 548
1719510 547
1719520 544
1719530 541
1719540 537
1719550 536
1719560 535
1719570 534
1719580 534
1719590 535
1719600 536
1719610 537
1719620 539
1719630 540
1719640 543
1719650 545
1719660 548
1719670 551
1719680 554
1719690 556
1719700 558
1719710 560
1719720 562
1719730 564
1719740 566
1719750 567
1719760 569
1719770 570
1719780 572
1719790 573
1719800 574
1719810 575
1719820 576
1719830 578
1719840 579
1719850 580
1719860 581
1719870 582
1719880 583
1719890 584
1719900 584
1719910 585
1719920 585
1719930 585
1719940 586
1719950 586
1719960 586
1719970 587
1719980 587
1719990 588
