1700000 737
1700010 737
1700020 738
1700030 738
1700040 738
1700050 739
1700060 739
1700070 739
1700080 739
1700090 739
1700100 739
1700110 739
1700120 739
1700130 739
1700140 739
1700150 739
1700160 740
1700170 740
1700180 740
1700190 740
1700200 741
1700210 741
1700220 741
1700230 741
1700240 741
1700250 741
1700260 740
1700270 739
1700280 738
1700290 737
1700300 736
1700310 735
1700320 734
1700330 733
1700340 733
1700350 733
1700360 734
1700370 734
1700380 735
1700390 736
1700400 737
1700410 738
1700420 739
1700430 740
1700440 740
1700450 741
1700460 742
1700470 742
1700480 743
1700490 743
1700500 744
1700510 745
1700520 746
1700530 746
1700540 747
1700550 747
1700560 748
1700570 749
1700580 749
1700590 750
1700600 751
1700610 751
1700620 752
1700630 753
1700640 754
1700650 754
1700660 755
1700670 756
1700680 757
1700690 757
1700700 758
1700710 759
1700720 760
1700730 761
1700740 762
1700750 763
1700760 764
1700770 765
1700780 766
1700790 767
1700800 768
1700810 769
1700820 769
1700830 770
1700840 771
1700850 772
1700860 773
1700870 774
1700880 775
1700890 776
1700900 777
1700910 778
1700920 779
1700930 781
1700940 782
1700950 783
1700960 784
1700970 784
1700980 785
1700990 786
1701000 786
1701010 786
1701020 787
1701030 787
1701040 787
1701050 787
1701060 787
1701070 786
1701080 786
1701090 786
1701100 786
1701110 785
1701120 784
1701130 783
1701140 783
1701150 782
1701160 781
1701170 781
1701180 780
1701190 780
1701200 780
1701210 779
1701220 779
1701230 778
1701240 778
1701250 777
1701260 777
1701270 776
1701280 776
1701290 775
1701300 775
1701310 775
1701320 775
1701330 774
1701340 774
1701350 774
1701360 773
1701370 773
1701380 772
1701390 772
1701400 772
1701410 771
1701420 771
1701430 771
1701440 770
1701450 770
1701460 769
1701470 769
1701480 768
1701490 768
1701500 768
1701510 767
1701520 767
1701530 767
1701540 766
1701550 766
1701560 766
1701570 765
1701580 765
1701590 764
1701600 764
1701610 764
1701620 763
1701630 763
1701640 763
1701650 762
1701660 762
1701670 762
1701680 762
1701690 761
1701700 761
1701710 761
1701720 760
1701730 760
1701740 760
1701750 760
1701760 759
1701770 759
1701780 759
1701790 758
1701800 758
1701810 758
1701820 758
1701830 757
1701840 757
1701850 757
1701860 756
1701870 756
1701880 755
1701890 755
1701900 754
1701910 754
1701920 753
1701930 753
1701940 752
1701950 752
1701960 751
1701970 751
1701980 750
1701990 750
1702000 750
1702010 749
1702020 749
1702030 748
1702040 748
1702050 747
1702060 747
1702070 747
1702080 746
1702090 746
1702100 745
1702110 745
1702120 744
1702130 744
1702140 743
1702150 743
1702160 742
1702170 742
1702180 742
1702190 741
1702200 741
1702210 740
1702220 740
1702230 739
1702240 739
1702250 739
1702260 739
1702270 738
1702280 738
1702290 737
1702300 737
1702310 737
1702320 736
1702330 736
1702340 736
1702350 735
1702360 735
1702370 735
1702380 734
1702390 734
1702400 734
1702410 734
1702420 734
1702430 734
1702440 734
1702450 734
1702460 734
1702470 733
1702480 733
1702490 733
1702500 733
1702510 733
1702520 733
1702530 733
1702540 733
1702550 733
1702560 733
1702570 732
1702580 732
1702590 732
1702600 732
1702610 731
1702620 731
1702630 731
1702640 731
1702650 730
1702660 730
1702670 730
1702680 730
1702690 730
1702700 730
1702710 730
1702720 730
1702730 730
1702740 729
1702750 729
1702760 729
1702770 729
1702780 729
1702790 729
1702800 729
1702810 729
1702820 729
1702830 729
1702840 728
1702850 728
1702860 728
1702870 727
1702880 727
1702890 727
1702900 726
1702910 726
1702920 725
1702930 725
1702940 725
1702950 724
1702960 724
1702970 723
1702980 723
1702990 722
1703000 721
1703010 721
1703020 720
1703030 720
1703040 719
1703050 718
1703060 717
1703070 716
1703080 715
1703090 714
1703100 714
1703110 713
1703120 712
1703130 712
1703140 711
1703150 711
1703160 711
1703170 711
1703180 711
1703190 711
1703200 711
1703210 711
1703220 711
1703230 710
1703240 710
1703250 709
1703260 708
1703270 707
1703280 707
1703290 708
1703300 709
1703310 709
1703320 709
1703330 709
1703340 709
1703350 709
1703360 709
1703370 709
1703380 708
1703390 708
1703400 708
1703410 707
1703420 707
1703430 706
1703440 705
1703450 705
1703460 704
1703470 704
1703480 703
1703490 702
1703500 702
1703510 701
1703520 701
1703530 700
1703540 700
1703550 699
1703560 698
1703570 696
1703580 696
1703590 695
1703600 694
1703610 694
1703620 694
1703630 693
1703640 694
1703650 694
1703660 695
1703670 697
1703680 699
1703690 701
1703700 704
1703710 706
1703720 709
1703730 711
1703740 713
1703750 716
1703760 719
1703770 721
1703780 724
1703790 727
1703800 729
1703810 730
1703820 732
1703830 733
1703840 734
1703850 735
1703860 735
1703870 736
1703880 737
1703890 737
1703900 737
1703910 738
1703920 738
1703930 739
1703940 739
1703950 739
1703960 739
1703970 739
1703980 739
1703990 739
1704000 739
1704010 739
1704020 739
1704030 738
1704040 738
1704050 738
1704060 737
1704070 737
1704080 737
1704090 737
1704100 737
1704110 737
1704120 736
1704130 736
1704140 737
1704150 737
1704160 736
1704170 736
1704180 736
1704190 736
1704200 736
1704210 736
1704220 735
1704230 735
1704240 735
1704250 735
1704260 735
1704270 735
1704280 735
1704290 735
1704300 735
1704310 735
1704320 735
1704330 735
1704340 735
1704350 735
1704360 735
1704370 735
1704380 734
1704390 734
1704400 734
1704410 734
1704420 734
1704430 733
1704440 733
1704450 733
1704460 733
1704470 732
1704480 732
1704490 731
1704500 731
1704510 730
1704520 730
1704530 729
1704540 729
1704550 728
1704560 727
1704570 726
1704580 725
1704590 724
1704600 723
1704610 723
1704620 722
1704630 721
1704640 720
1704650 719
1704660 718
1704670 717
1704680 716
1704690 716
1704700 715
1704710 714
1704720 713
1704730 712
1704740 712
1704750 711
1704760 710
1704770 710
1704780 710
1704790 709
1704800 709
1704810 708
1704820 708
1704830 707
1704840 707
1704850 706
1704860 706
1704870 707
1704880 708
1704890 709
1704900 710
1704910 711
1704920 712
1704930 712
1704940 713
1704950 713
1704960 713
1704970 714
1704980 714
1704990 715
1705000 715
1705010 715
1705020 716
1705030 716
1705040 717
1705050 717
1705060 718
1705070 718
1705080 718
1705090 719
1705100 719
1705110 720
1705120 720
1705130 720
1705140 720
1705150 721
1705160 721
1705170 721
1705180 721
1705190 722
1705200 722
1705210 722
1705220 723
1705230 723
1705240 724
1705250 724
1705260 724
1705270 725
1705280 725
1705290 725
1705300 726
1705310 726
1705320 726
1705330 727
1705340 727
1705350 728
1705360 728
1705370 729
1705380 729
1705390 729
1705400 729
1705410 730
1705420 730
1705430 730
1705440 730
1705450 730
1705460 730
1705470 730
1705480 730
1705490 730
1705500 730
1705510 729
1705520 729
1705530 729
1705540 729
1705550 728
1705560 728
1705570 728
1705580 727
1705590 727
1705600 726
1705610 725
1705620 725
1705630 724
1705640 723
1705650 722
1705660 722
1705670 722
1705680 722
1705690 722
1705700 723
1705710 723
1705720 724
1705730 725
1705740 725
1705750 726
1705760 726
1705770 726
1705780 726
1705790 727
1705800 728
1705810 728
1705820 729
1705830 729
1705840 729
1705850 730
1705860 731
1705870 731
1705880 732
1705890 733
1705900 734
1705910 734
1705920 735
1705930 736
1705940 736
1705950 737
1705960 737
1705970 738
1705980 738
1705990 738
1706000 738
1706010 738
1706020 738
1706030 738
1706040 738
1706050 738
1706060 738
1706070 738
1706080 738
1706090 738
1706100 738
1706110 738
1706120 738
1706130 738
1706140 738
1706150 738
1706160 738
1706170 738
1706180 738
1706190 738
1706200 738
1706210 738
1706220 738
1706230 738
1706240 737
1706250 737
1706260 737
1706270 737
1706280 737
1706290 737
1706300 736
1706310 736
1706320 736
1706330 736
1706340 736
1706350 736
1706360 736
1706370 736
1706380 735
1706390 735
1706400 735
1706410 735
1706420 735
1706430 735
1706440 735
1706450 734
1706460 734
1706470 734
1706480 734
1706490 734
1706500 734
1706510 733
1706520 733
1706530 733
1706540 733
1706550 733
1706560 733
1706570 733
1706580 733
1706590 733
1706600 733
1706610 733
1706620 733
1706630 733
1706640 733
1706650 732
1706660 732
1706670 732
1706680 733
1706690 733
1706700 733
1706710 733
1706720 733
1706730 733
1706740 733
1706750 733
1706760 733
1706770 733
1706780 734
1706790 734
1706800 734
1706810 734
1706820 734
1706830 734
1706840 735
1706850 735
1706860 735
1706870 735
1706880 735
1706890 736
1706900 736
1706910 736
1706920 737
1706930 737
1706940 737
1706950 737
1706960 738
1706970 738
1706980 738
1706990 738
1707000 739
1707010 739
1707020 739
1707030 740
1707040 740
1707050 741
1707060 741
1707070 741
1707080 742
1707090 742
1707100 742
1707110 742
1707120 742
1707130 742
1707140 742
1707150 742
1707160 742
1707170 741
1707180 741
1707190 741
1707200 741
1707210 740
1707220 740
1707230 739
1707240 739
1707250 739
1707260 739
1707270 738
1707280 738
1707290 737
1707300 737
1707310 736
1707320 736
1707330 735
1707340 735
1707350 735
1707360 734
1707370 734
1707380 733
1707390 733
1707400 732
1707410 731
1707420 730
1707430 730
1707440 729
1707450 729
1707460 729
1707470 729
1707480 730
1707490 730
1707500 731
1707510 731
1707520 732
1707530 733
1707540 734
1707550 734
1707560 735
1707570 735
1707580 735
1707590 736
1707600 736
1707610 737
1707620 737
1707630 738
1707640 738
1707650 738
1707660 739
1707670 739
1707680 739
1707690 740
1707700 740
1707710 741
1707720 741
1707730 742
1707740 742
1707750 743
1707760 743
1707770 744
1707780 744
1707790 745
1707800 745
1707810 746
1707820 746
1707830 746
1707840 747
1707850 747
1707860 747
1707870 748
1707880 748
1707890 748
1707900 749
1707910 749
1707920 749
1707930 749
1707940 749
1707950 750
1707960 750
1707970 750
1707980 750
1707990 750
1708000 749
1708010 749
1708020 749
1708030 749
1708040 749
1708050 748
1708060 748
1708070 748
1708080 747
1708090 747
1708100 747
1708110 747
1708120 746
1708130 746
1708140 746
1708150 745
1708160 745
1708170 745
1708180 744
1708190 744
1708200 744
1708210 743
1708220 743
1708230 743
1708240 742
1708250 742
1708260 742
1708270 742
1708280 741
1708290 741
1708300 741
1708310 741
1708320 740
1708330 740
1708340 740
1708350 740
1708360 740
1708370 740
1708380 740
1708390 739
1708400 739
1708410 739
1708420 739
1708430 739
1708440 739
1708450 739
1708460 739
1708470 739
1708480 739
1708490 739
1708500 739
1708510 740
1708520 740
1708530 740
1708540 740
1708550 740
1708560 740
1708570 740
1708580 741
1708590 741
1708600 741
1708610 741
1708620 741
1708630 741
1708640 741
1708650 741
1708660 741
1708670 741
1708680 741
1708690 741
1708700 741
1708710 741
1708720 741
1708730 741
1708740 741
1708750 741
1708760 741
1708770 741
1708780 741
1708790 741
1708800 741
1708810 741
1708820 741
1708830 741
1708840 741
1708850 741
1708860 741
1708870 740
1708880 740
1708890 740
1708900 740
1708910 740
1708920 739
1708930 739
1708940 738
1708950 738
1708960 738
1708970 737
1708980 737
1708990 736
1709000 736
1709010 735
1709020 735
1709030 734
1709040 734
1709050 733
1709060 733
1709070 732
1709080 732
1709090 731
1709100 731
1709110 730
1709120 730
1709130 729
1709140 729
1709150 728
1709160 728
1709170 727
1709180 727
1709190 726
1709200 725
1709210 725
1709220 724
1709230 724
1709240 723
1709250 722
1709260 722
1709270 721
1709280 721
1709290 720
1709300 719
1709310 719
1709320 718
1709330 718
1709340 717
1709350 716
1709360 716
1709370 715
1709380 714
1709390 714
1709400 713
1709410 712
1709420 711
1709430 711
1709440 710
1709450 710
1709460 709
1709470 709
1709480 708
1709490 707
1709500 707
1709510 706
1709520 706
1709530 706
1709540 705
1709550 705
1709560 704
1709570 703
1709580 703
1709590 703
1709600 702
1709610 702
1709620 702
1709630 701
1709640 701
1709650 701
1709660 700
1709670 700
1709680 700
1709690 700
1709700 700
1709710 700
1709720 700
1709730 700
1709740 700
1709750 700
1709760 700
1709770 700
1709780 700
1709790 699
1709800 698
1709810 698
1709820 697
1709830 697
1709840 696
1709850 695
1709860 695
1709870 694
1709880 694
1709890 693
1709900 692
1709910 691
1709920 691
1709930 690
1709940 689
1709950 688
1709960 687
1709970 686
1709980 686
1709990 685
1710000 684
1710010 684
1710020 683
1710030 682
1710040 681
1710050 681
1710060 680
1710070 679
1710080 678
1710090 678
1710100 677
1710110 676
1710120 675
1710130 674
1710140 672
1710150 670
1710160 669
1710170 667
1710180 666
1710190 665
1710200 665
1710210 666
1710220 667
1710230 669
1710240 670
1710250 671
1710260 671
1710270 671
1710280 670
1710290 670
1710300 669
1710310 669
1710320 669
1710330 669
1710340 669
1710350 668
1710360 668
1710370 667
1710380 665
1710390 663
1710400 662
1710410 660
1710420 659
1710430 659
1710440 658
1710450 658
1710460 659
1710470 659
1710480 659
1710490 659
1710500 660
1710510 661
1710520 662
1710530 663
1710540 664
1710550 664
1710560 665
1710570 665
1710580 666
1710590 667
1710600 667
1710610 668
1710620 668
1710630 668
1710640 668
1710650 668
1710660 668
1710670 667
1710680 667
1710690 667
1710700 667
1710710 667
1710720 666
1710730 666
1710740 666
1710750 665
1710760 665
1710770 664
1710780 664
1710790 664
1710800 664
1710810 663
1710820 663
1710830 663
1710840 663
1710850 663
1710860 662
1710870 662
1710880 662
1710890 661
1710900 661
1710910 661
1710920 661
1710930 660
1710940 659
1710950 658
1710960 657
1710970 657
1710980 656
1710990 656
1711000 655
1711010 655
1711020 654
1711030 654
1711040 653
1711050 652
1711060 652
1711070 651
1711080 651
1711090 650
1711100 649
1711110 648
1711120 647
1711130 646
1711140 645
1711150 645
1711160 644
1711170 643
1711180 642
1711190 641
1711200 640
1711210 640
1711220 639
1711230 639
1711240 638
1711250 638
1711260 637
1711270 636
1711280 636
1711290 636
1711300 636
1711310 635
1711320 635
1711330 635
1711340 635
1711350 635
1711360 634
1711370 634
1711380 633
1711390 632
1711400 632
1711410 631
1711420 631
1711430 631
1711440 630
1711450 630
1711460 630
1711470 629
1711480 629
1711490 629
1711500 629
1711510 629
1711520 630
1711530 631
1711540 631
1711550 632
1711560 632
1711570 633
1711580 633
1711590 634
1711600 634
1711610 634
1711620 633
1711630 633
1711640 633
1711650 632
1711660 632
1711670 632
1711680 632
1711690 632
1711700 631
1711710 631
1711720 631
1711730 630
1711740 630
1711750 629
1711760 628
1711770 627
1711780 626
1711790 625
1711800 624
1711810 623
1711820 623
1711830 622
1711840 622
1711850 621
1711860 621
1711870 621
1711880 622
1711890 623
1711900 623
1711910 623
1711920 623
1711930 623
1711940 624
1711950 624
1711960 624
1711970 624
1711980 624
1711990 624
1712000 624
1712010 624
1712020 624
1712030 624
1712040 625
1712050 625
1712060 625
1712070 625
1712080 625
1712090 625
1712100 626
1712110 626
1712120 626
1712130 626
1712140 626
1712150 626
1712160 626
1712170 626
1712180 626
1712190 626
1712200 626
1712210 626
1712220 626
1712230 626
1712240 626
1712250 626
1712260 626
1712270 625
1712280 625
1712290 625
1712300 625
1712310 625
1712320 625
1712330 625
1712340 624
1712350 624
1712360 624
1712370 624
1712380 624
1712390 623
1712400 622
1712410 622
1712420 622
1712430 621
1712440 621
1712450 620
1712460 619
1712470 619
1712480 619
1712490 618
1712500 618
1712510 617
1712520 617
1712530 617
1712540 617
1712550 616
1712560 616
1712570 616
1712580 616
1712590 615
1712600 615
1712610 615
1712620 615
1712630 615
1712640 614
1712650 614
1712660 614
1712670 614
1712680 614
1712690 613
1712700 613
1712710 613
1712720 613
1712730 613
1712740 612
1712750 612
1712760 612
1712770 612
1712780 612
1712790 612
1712800 611
1712810 611
1712820 611
1712830 611
1712840 611
1712850 611
1712860 611
1712870 611
1712880 611
1712890 611
1712900 611
1712910 612
1712920 612
1712930 612
1712940 613
1712950 613
1712960 614
1712970 614
1712980 614
1712990 614
1713000 614
1713010 614
1713020 614
1713030 614
1713040 614
1713050 613
1713060 612
1713070 611
1713080 610
1713090 609
1713100 608
1713110 607
1713120 605
1713130 604
1713140 603
1713150 601
1713160 599
1713170 596
1713180 593
1713190 591
1713200 588
1713210 585
1713220 582
1713230 580
1713240 578
1713250 576
1713260 574
1713270 572
1713280 571
1713290 569
1713300 568
1713310 567
1713320 565
1713330 564
1713340 562
1713350 559
1713360 556
1713370 553
1713380 549
1713390 546
1713400 543
1713410 540
1713420 537
1713430 534
1713440 532
1713450 529
1713460 527
1713470 524
1713480 522
1713490 520
1713500 517
1713510 515
1713520 512
1713530 510
1713540 508
1713550 506
1713560 505
1713570 503
1713580 501
1713590 498
1713600 495
1713610 492
1713620 489
1713630 485
1713640 482
1713650 479
1713660 477
1713670 475
1713680 473
1713690 471
1713700 471
1713710 470
1713720 470
1713730 469
1713740 469
1713750 469
1713760 468
1713770 468
1713780 467
1713790 467
1713800 467
1713810 467
1713820 467
1713830 467
1713840 466
1713850 466
1713860 466
1713870 466
1713880 466
1713890 466
1713900 466
1713910 465
1713920 466
1713930 468
1713940 470
1713950 472
1713960 475
1713970 477
1713980 479
1713990 480
1714000 482
1714010 483
1714020 485
1714030 486
1714040 488
1714050 490
1714060 492
1714070 494
1714080 496
1714090 500
1714100 502
1714110 503
1714120 505
1714130 509
1714140 514
1714150 518
1714160 522
1714170 526
1714180 530
1714190 536
1714200 542
1714210 547
1714220 552
1714230 557
1714240 562
1714250 566
1714260 571
1714270 576
1714280 580
1714290 583
1714300 586
1714310 588
1714320 590
1714330 592
1714340 594
1714350 596
1714360 598
1714370 600
1714380 602
1714390 603
1714400 605
1714410 607
1714420 609
1714430 609
1714440 608
1714450 607
1714460 606
1714470 606
1714480 605
1714490 604
1714500 603
1714510 602
1714520 601
1714530 600
1714540 599
1714550 597
1714560 596
1714570 595
1714580 594
1714590 593
1714600 591
1714610 590
1714620 589
1714630 588
1714640 587
1714650 586
1714660 585
1714670 584
1714680 584
1714690 583
1714700 583
1714710 582
1714720 582
1714730 581
1714740 580
1714750 579
1714760 578
1714770 577
1714780 576
1714790 574
1714800 573
1714810 571
1714820 570
1714830 568
1714840 566
1714850 564
1714860 563
1714870 561
1714880 559
1714890 557
1714900 556
1714910 554
1714920 552
1714930 549
1714940 546
1714950 543
1714960 540
1714970 537
1714980 534
1714990 532
1715000 529
1715010 527
1715020 525
1715030 524
1715040 523
1715050 521
1715060 520
1715070 519
1715080 517
1715090 516
1715100 513
1715110 510
1715120 507
1715130 504
1715140 499
1715150 495
1715160 491
1715170 488
1715180 485
1715190 482
1715200 478
1715210 475
1715220 471
1715230 468
1715240 465
1715250 463
1715260 463
1715270 465
1715280 469
1715290 473
1715300 478
1715310 480
1715320 480
1715330 479
1715340 477
1715350 474
1715360 472
1715370 472
1715380 474
1715390 477
1715400 479
1715410 481
1715420 482
1715430 482
1715440 485
1715450 488
1715460 492
1715470 497
1715480 503
1715490 507
1715500 511
1715510 515
1715520 516
1715530 517
1715540 518
1715550 518
1715560 518
1715570 517
1715580 516
1715590 515
1715600 514
1715610 514
1715620 513
1715630 513
1715640 512
1715650 512
1715660 513
1715670 513
1715680 514
1715690 515
1715700 515
1715710 514
1715720 513
1715730 512
1715740 511
1715750 509
1715760 507
1715770 505
1715780 503
1715790 500
1715800 498
1715810 496
1715820 494
1715830 491
1715840 489
1715850 486
1715860 482
1715870 478
1715880 475
1715890 472
1715900 468
1715910 465
1715920 461
1715930 457
1715940 454
1715950 451
1715960 447
1715970 444
1715980 441
1715990 438
1716000 435
1716010 432
1716020 430
1716030 429
1716040 427
1716050 426
1716060 426
1716070 426
1716080 427
1716090 430
1716100 433
1716110 437
1716120 442
1716130 446
1716140 451
1716150 454
1716160 456
1716170 457
1716180 457
1716190 457
1716200 456
1716210 456
1716220 456
1716230 457
1716240 457
1716250 456
1716260 455
1716270 455
1716280 454
1716290 453
1716300 452
1716310 452
1716320 452
1716330 452
1716340 452
1716350 451
1716360 451
1716370 451
1716380 452
1716390 452
1716400 453
1716410 454
1716420 454
1716430 454
1716440 455
1716450 455
1716460 455
1716470 456
1716480 456
1716490 457
1716500 458
1716510 460
1716520 463
1716530 464
1716540 464
1716550 464
1716560 464
1716570 466
1716580 469
1716590 471
1716600 472
1716610 472
1716620 473
1716630 473
1716640 474
1716650 474
1716660 475
1716670 475
1716680 473
1716690 470
1716700 468
1716710 465
1716720 463
1716730 462
1716740 465
1716750 466
1716760 467
1716770 467
1716780 467
1716790 467
1716800 467
1716810 467
1716820 468
1716830 468
1716840 469
1716850 470
1716860 470
1716870 471
1716880 471
1716890 472
1716900 473
1716910 475
1716920 476
1716930 477
1716940 479
1716950 480
1716960 483
1716970 486
1716980 490
1716990 493
1717000 496
1717010 499
1717020 502
1717030 504
1717040 506
1717050 509
1717060 512
1717070 517
1717080 522
1717090 529
1717100 536
1717110 541
1717120 547
1717130 551
1717140 555
1717150 556
1717160 560
1717170 564
1717180 569
1717190 569
1717200 569
1717210 567
1717220 564
1717230 562
1717240 559
1717250 556
1717260 553
1717270 551
1717280 548
1717290 546
1717300 544
1717310 543
1717320 542
1717330 541
1717340 540
1717350 539
1717360 538
1717370 536
1717380 535
1717390 534
1717400 532
1717410 531
1717420 530
1717430 528
1717440 527
1717450 525
1717460 523
1717470 521
1717480 518
1717490 516
1717500 514
1717510 513
1717520 514
1717530 515
1717540 518
1717550 521
1717560 523
1717570 525
1717580 528
1717590 530
1717600 532
1717610 534
1717620 536
1717630 539
1717640 541
1717650 543
1717660 544
1717670 546
1717680 548
1717690 549
1717700 550
1717710 550
1717720 549
1717730 548
1717740 548
1717750 547
1717760 546
1717770 545
1717780 544
1717790 543
1717800 542
1717810 541
1717820 540
1717830 540
1717840 539
1717850 539
1717860 539
1717870 538
1717880 538
1717890 538
1717900 537
1717910 537
1717920 538
1717930 539
1717940 540
1717950 542
1717960 544
1717970 546
1717980 547
1717990 550
1718000 552
1718010 555
1718020 557
1718030 559
1718040 562
1718050 564
1718060 566
1718070 568
1718080 570
1718090 572
1718100 575
1718110 576
1718120 577
1718130 578
1718140 579
1718150 580
1718160 581
1718170 582
1718180 583
1718190 583
1718200 583
1718210 583
1718220 583
1718230 583
1718240 582
1718250 582
1718260 582
1718270 581
1718280 581
1718290 581
1718300 581
1718310 581
1718320 581
1718330 580
1718340 580
1718350 580
1718360 579
1718370 579
1718380 578
1718390 578
1718400 577
1718410 577
1718420 576
1718430 576
1718440 575
1718450 575
1718460 574
1718470 574
1718480 574
1718490 574
1718500 572
1718510 571
1718520 571
1718530 570
1718540 570
1718550 569
1718560 569
1718570 568
1718580 568
1718590 568
1718600 567
1718610 567
1718620 566
1718630 565
1718640 564
1718650 564
1718660 563
1718670 563
1718680 562
1718690 562
1718700 561
1718710 561
1718720 560
1718730 560
1718740 560
1718750 559
1718760 558
1718770 558
1718780 558
1718790 557
1718800 557
1718810 557
1718820 556
1718830 556
1718840 556
1718850 556
1718860 555
1718870 555
1718880 555
1718890 554
1718900 554
1718910 554
1718920 554
1718930 554
1718940 554
1718950 554
1718960 554
1718970 554
1718980 554
1718990 554
1719000 554
1719010 555
1719020 556
1719030 556
1719040 556
1719050 556
1719060 556
1719070 557
1719080 557
1719090 558
1719100 559
1719110 560
1719120 561
1719130 562
1719140 563
1719150 565
1719160 566
1719170 567
1719180 567
1719190 567
1719200 567
1719210 567
1719220 567
1719230 567
1719240 566
1719250 566
1719260 566
1719270 566
1719280 566
1719290 565
1719300 565
1719310 566
1719320 566
1719330 566
1719340 566
1719350 566
1719360 566
1719370 566
1719380 567
1719390 567
1719400 567
1719410 567
1719420 567
1719430 567
1719440 567
1719450 568
1719460 568
1719470 569
1719480 569
1719490 569
1719500 569
1719510 569
1719520 569
1719530 569
1719540 569
1719550 569
1719560 569
1719570 569
1719580 569
1719590 569
1719600 569
1719610 569
1719620 569
1719630 569
1719640 569
1719650 569
1719660 569
1719670 569
1719680 569
1719690 569
1719700 569
1719710 569
1719720 569
1719730 569
1719740 569
1719750 569
1719760 569
1719770 569
1719780 570
1719790 570
1719800 570
1719810 570
1719820 570
1719830 571
1719840 571
1719850 571
1719860 571
1719870 571
1719880 572
1719890 572
1719900 573
1719910 573
1719920 574
1719930 574
1719940 575
1719950 575
1719960 576
1719970 576
1719980 576
1719990 576
