1700000 739
1700010 739
1700020 739
1700030 740
1700040 740
1700050 740
1700060 740
1700070 741
1700080 741
1700090 741
1700100 741
1700110 741
1700120 742
1700130 742
1700140 742
1700150 742
1700160 743
1700170 743
1700180 743
1700190 744
1700200 744
1700210 744
1700220 744
1700230 744
1700240 743
1700250 742
1700260 742
1700270 741
1700280 740
1700290 739
1700300 738
1700310 737
1700320 737
1700330 736
1700340 736
1700350 737
1700360 738
1700370 738
1700380 739
1700390 740
1700400 741
1700410 741
1700420 742
1700430 743
1700440 743
1700450 744
1700460 745
1700470 745
1700480 746
1700490 747
1700500 747
1700510 748
1700520 748
1700530 749
1700540 750
1700550 750
1700560 751
1700570 751
1700580 752
1700590 753
1700600 754
1700610 754
1700620 755
1700630 756
1700640 757
1700650 757
1700660 758
1700670 759
1700680 759
1700690 760
1700700 761
1700710 762
1700720 763
1700730 764
1700740 765
1700750 766
1700760 767
1700770 768
1700780 769
1700790 769
1700800 770
1700810 771
1700820 772
1700830 773
1700840 774
1700850 775
1700860 777
1700870 778
1700880 780
1700890 782
1700900 783
1700910 784
1700920 786
1700930 787
1700940 788
1700950 788
1700960 789
1700970 789
1700980 789
1700990 789
1701000 789
1701010 789
1701020 789
1701030 789
1701040 789
1701050 789
1701060 788
1701070 788
1701080 787
1701090 787
1701100 786
1701110 786
1701120 786
1701130 785
1701140 784
1701150 784
1701160 783
1701170 782
1701180 782
1701190 781
1701200 781
1701210 780
1701220 780
1701230 779
1701240 779
1701250 778
1701260 777
1701270 777
1701280 776
1701290 776
1701300 776
1701310 775
1701320 775
1701330 774
1701340 774
1701350 774
1701360 773
1701370 773
1701380 773
1701390 772
1701400 772
1701410 771
1701420 771
1701430 771
1701440 770
1701450 770
1701460 770
1701470 769
1701480 769
1701490 768
1701500 768
1701510 767
1701520 767
1701530 767
1701540 766
1701550 766
1701560 766
1701570 765
1701580 765
1701590 765
1701600 764
1701610 764
1701620 764
1701630 764
1701640 763
1701650 763
1701660 763
1701670 763
1701680 762
1701690 762
1701700 762
1701710 761
1701720 761
1701730 761
1701740 761
1701750 761
1701760 760
1701770 760
1701780 760
1701790 759
1701800 759
1701810 759
1701820 758
1701830 758
1701840 757
1701850 757
1701860 757
1701870 756
1701880 756
1701890 755
1701900 755
1701910 755
1701920 754
1701930 754
1701940 753
1701950 753
1701960 753
1701970 752
1701980 752
1701990 752
1702000 751
1702010 751
1702020 750
1702030 750
1702040 749
1702050 749
1702060 748
1702070 748
1702080 747
1702090 747
1702100 746
1702110 746
1702120 746
1702130 745
1702140 745
1702150 744
1702160 744
1702170 743
1702180 743
1702190 742
1702200 741
1702210 741
1702220 741
1702230 740
1702240 740
1702250 739
1702260 739
1702270 738
1702280 738
1702290 737
1702300 737
1702310 737
1702320 736
1702330 736
1702340 736
1702350 735
1702360 735
1702370 734
1702380 734
1702390 734
1702400 733
1702410 733
1702420 732
1702430 732
1702440 731
1702450 731
1702460 730
1702470 730
1702480 730
1702490 730
1702500 729
1702510 729
1702520 729
1702530 729
1702540 729
1702550 729
1702560 729
1702570 729
1702580 728
1702590 728
1702600 728
1702610 728
1702620 727
1702630 727
1702640 727
1702650 727
1702660 727
1702670 726
1702680 726
1702690 726
1702700 726
1702710 726
1702720 726
1702730 726
1702740 726
1702750 726
1702760 726
1702770 726
1702780 726
1702790 726
1702800 726
1702810 726
1702820 725
1702830 725
1702840 725
1702850 725
1702860 724
1702870 724
1702880 724
1702890 723
1702900 723
1702910 723
1702920 722
1702930 721
1702940 721
1702950 720
1702960 720
1702970 719
1702980 718
1702990 718
1703000 717
1703010 716
1703020 716
1703030 715
1703040 714
1703050 713
1703060 713
1703070 712
1703080 711
1703090 711
1703100 711
1703110 710
1703120 710
1703130 709
1703140 709
1703150 709
1703160 709
1703170 709
1703180 709
1703190 708
1703200 708
1703210 708
1703220 708
1703230 708
1703240 708
1703250 707
1703260 707
1703270 707
1703280 706
1703290 706
1703300 705
1703310 705
1703320 704
1703330 704
1703340 704
1703350 703
1703360 703
1703370 703
1703380 703
1703390 703
1703400 702
1703410 702
1703420 701
1703430 701
1703440 701
1703450 701
1703460 701
1703470 700
1703480 700
1703490 700
1703500 699
1703510 699
1703520 698
1703530 698
1703540 697
1703550 697
1703560 697
1703570 697
1703580 697
1703590 697
1703600 696
1703610 695
1703620 695
1703630 694
1703640 694
1703650 695
1703660 696
1703670 696
1703680 697
1703690 699
1703700 702
1703710 704
1703720 707
1703730 709
1703740 712
1703750 714
1703760 717
1703770 719
1703780 721
1703790 723
1703800 725
1703810 727
1703820 728
1703830 729
1703840 730
1703850 731
1703860 732
1703870 733
1703880 734
1703890 735
1703900 736
1703910 736
1703920 737
1703930 737
1703940 737
1703950 737
1703960 737
1703970 737
1703980 737
1703990 737
1704000 737
1704010 737
1704020 737
1704030 737
1704040 737
1704050 737
1704060 736
1704070 736
1704080 736
1704090 736
1704100 736
1704110 736
1704120 736
1704130 736
1704140 736
1704150 736
1704160 736
1704170 736
1704180 736
1704190 735
1704200 735
1704210 735
1704220 735
1704230 735
1704240 735
1704250 735
1704260 735
1704270 735
1704280 735
1704290 735
1704300 735
1704310 735
1704320 735
1704330 735
1704340 734
1704350 734
1704360 734
1704370 734
1704380 734
1704390 734
1704400 734
1704410 733
1704420 733
1704430 733
1704440 733
1704450 732
1704460 732
1704470 732
1704480 732
1704490 731
1704500 731
1704510 730
1704520 730
1704530 729
1704540 728
1704550 728
1704560 727
1704570 727
1704580 726
1704590 725
1704600 725
1704610 724
1704620 723
1704630 722
1704640 722
1704650 721
1704660 720
1704670 719
1704680 718
1704690 718
1704700 717
1704710 717
1704720 716
1704730 716
1704740 715
1704750 715
1704760 714
1704770 714
1704780 713
1704790 712
1704800 712
1704810 711
1704820 711
1704830 711
1704840 710
1704850 710
1704860 709
1704870 709
1704880 710
1704890 710
1704900 711
1704910 712
1704920 714
1704930 714
1704940 715
1704950 716
1704960 716
1704970 717
1704980 717
1704990 718
1705000 718
1705010 719
1705020 719
1705030 720
1705040 720
1705050 721
1705060 721
1705070 722
1705080 722
1705090 722
1705100 723
1705110 723
1705120 723
1705130 724
1705140 724
1705150 725
1705160 725
1705170 725
1705180 726
1705190 726
1705200 727
1705210 727
1705220 727
1705230 727
1705240 728
1705250 728
1705260 728
1705270 728
1705280 729
1705290 729
1705300 730
1705310 730
1705320 730
1705330 731
1705340 731
1705350 731
1705360 731
1705370 732
1705380 732
1705390 732
1705400 732
1705410 732
1705420 732
1705430 732
1705440 732
1705450 732
1705460 732
1705470 732
1705480 732
1705490 732
1705500 732
1705510 732
1705520 732
1705530 732
1705540 731
1705550 731
1705560 731
1705570 730
1705580 730
1705590 729
1705600 729
1705610 728
1705620 728
1705630 727
1705640 726
1705650 725
1705660 725
1705670 724
1705680 724
1705690 724
1705700 724
1705710 724
1705720 724
1705730 724
1705740 725
1705750 725
1705760 725
1705770 726
1705780 726
1705790 727
1705800 727
1705810 728
1705820 728
1705830 729
1705840 729
1705850 730
1705860 730
1705870 731
1705880 732
1705890 733
1705900 734
1705910 734
1705920 735
1705930 735
1705940 736
1705950 736
1705960 736
1705970 737
1705980 737
1705990 737
1706000 737
1706010 737
1706020 738
1706030 738
1706040 738
1706050 738
1706060 738
1706070 738
1706080 738
1706090 738
1706100 738
1706110 738
1706120 738
1706130 738
1706140 738
1706150 738
1706160 738
1706170 738
1706180 738
1706190 738
1706200 738
1706210 738
1706220 738
1706230 737
1706240 737
1706250 737
1706260 737
1706270 737
1706280 737
1706290 737
1706300 737
1706310 737
1706320 737
1706330 737
1706340 737
1706350 736
1706360 736
1706370 736
1706380 736
1706390 736
1706400 736
1706410 736
1706420 736
1706430 736
1706440 736
1706450 736
1706460 735
1706470 735
1706480 735
1706490 735
1706500 735
1706510 735
1706520 735
1706530 735
1706540 735
1706550 735
1706560 735
1706570 735
1706580 735
1706590 735
1706600 735
1706610 735
1706620 735
1706630 735
1706640 735
1706650 735
1706660 735
1706670 735
1706680 735
1706690 735
1706700 735
1706710 735
1706720 735
1706730 736
1706740 736
1706750 736
1706760 736
1706770 736
1706780 736
1706790 736
1706800 736
1706810 737
1706820 737
1706830 737
1706840 737
1706850 737
1706860 738
1706870 738
1706880 738
1706890 738
1706900 738
1706910 739
1706920 739
1706930 739
1706940 740
1706950 740
1706960 740
1706970 740
1706980 741
1706990 741
1707000 742
1707010 742
1707020 742
1707030 742
1707040 743
1707050 743
1707060 744
1707070 744
1707080 744
1707090 745
1707100 745
1707110 744
1707120 744
1707130 744
1707140 743
1707150 743
1707160 743
1707170 742
1707180 742
1707190 741
1707200 741
1707210 741
1707220 740
1707230 740
1707240 739
1707250 739
1707260 738
1707270 738
1707280 737
1707290 737
1707300 736
1707310 736
1707320 736
1707330 735
1707340 735
1707350 735
1707360 735
1707370 735
1707380 735
1707390 735
1707400 735
1707410 734
1707420 734
1707430 733
1707440 733
1707450 732
1707460 732
1707470 732
1707480 732
1707490 732
1707500 733
1707510 733
1707520 734
1707530 735
1707540 735
1707550 735
1707560 735
1707570 736
1707580 736
1707590 736
1707600 737
1707610 737
1707620 738
1707630 738
1707640 739
1707650 739
1707660 739
1707670 739
1707680 740
1707690 740
1707700 741
1707710 741
1707720 742
1707730 742
1707740 743
1707750 743
1707760 744
1707770 744
1707780 745
1707790 745
1707800 745
1707810 746
1707820 746
1707830 747
1707840 747
1707850 747
1707860 748
1707870 748
1707880 748
1707890 749
1707900 749
1707910 749
1707920 749
1707930 749
1707940 750
1707950 750
1707960 750
1707970 750
1707980 750
1707990 751
1708000 751
1708010 751
1708020 751
1708030 750
1708040 750
1708050 750
1708060 750
1708070 750
1708080 749
1708090 749
1708100 749
1708110 749
1708120 748
1708130 748
1708140 748
1708150 747
1708160 747
1708170 747
1708180 746
1708190 746
1708200 746
1708210 745
1708220 745
1708230 745
1708240 744
1708250 744
1708260 744
1708270 743
1708280 743
1708290 743
1708300 743
1708310 742
1708320 742
1708330 742
1708340 742
1708350 742
1708360 742
1708370 742
1708380 741
1708390 741
1708400 741
1708410 741
1708420 741
1708430 741
1708440 741
1708450 741
1708460 741
1708470 741
1708480 741
1708490 741
1708500 741
1708510 741
1708520 741
1708530 741
1708540 741
1708550 741
1708560 741
1708570 741
1708580 742
1708590 742
1708600 742
1708610 742
1708620 742
1708630 742
1708640 742
1708650 742
1708660 741
1708670 741
1708680 741
1708690 741
1708700 741
1708710 741
1708720 741
1708730 741
1708740 741
1708750 741
1708760 741
1708770 741
1708780 741
1708790 741
1708800 741
1708810 741
1708820 741
1708830 740
1708840 740
1708850 740
1708860 740
1708870 740
1708880 739
1708890 739
1708900 739
1708910 738
1708920 738
1708930 738
1708940 737
1708950 737
1708960 736
1708970 736
1708980 735
1708990 735
1709000 734
1709010 734
1709020 733
1709030 733
1709040 732
1709050 732
1709060 732
1709070 731
1709080 731
1709090 730
1709100 730
1709110 729
1709120 729
1709130 728
1709140 728
1709150 727
1709160 727
1709170 726
1709180 726
1709190 725
1709200 724
1709210 724
1709220 723
1709230 722
1709240 722
1709250 721
1709260 720
1709270 720
1709280 719
1709290 718
1709300 717
1709310 717
1709320 716
1709330 715
1709340 714
1709350 713
1709360 713
1709370 712
1709380 711
1709390 710
1709400 709
1709410 708
1709420 707
1709430 707
1709440 706
1709450 705
1709460 705
1709470 705
1709480 705
1709490 704
1709500 704
1709510 703
1709520 703
1709530 702
1709540 702
1709550 701
1709560 700
1709570 700
1709580 699
1709590 699
1709600 699
1709610 698
1709620 698
1709630 698
1709640 698
1709650 697
1709660 697
1709670 697
1709680 697
1709690 696
1709700 696
1709710 696
1709720 697
1709730 697
1709740 697
1709750 697
1709760 698
1709770 698
1709780 698
1709790 698
1709800 698
1709810 698
1709820 698
1709830 698
1709840 698
1709850 698
1709860 698
1709870 698
1709880 698
1709890 698
1709900 697
1709910 696
1709920 694
1709930 693
1709940 691
1709950 690
1709960 689
1709970 688
1709980 686
1709990 685
1710000 684
1710010 684
1710020 683
1710030 682
1710040 681
1710050 681
1710060 680
1710070 679
1710080 678
1710090 677
1710100 676
1710110 675
1710120 674
1710130 673
1710140 672
1710150 671
1710160 670
1710170 668
1710180 667
1710190 665
1710200 664
1710210 662
1710220 661
1710230 661
1710240 661
1710250 662
1710260 663
1710270 664
1710280 664
1710290 663
1710300 663
1710310 663
1710320 663
1710330 663
1710340 663
1710350 663
1710360 663
1710370 663
1710380 662
1710390 661
1710400 659
1710410 658
1710420 656
1710430 656
1710440 655
1710450 654
1710460 654
1710470 655
1710480 655
1710490 656
1710500 657
1710510 659
1710520 662
1710530 662
1710540 662
1710550 662
1710560 662
1710570 662
1710580 662
1710590 662
1710600 663
1710610 663
1710620 663
1710630 664
1710640 664
1710650 664
1710660 664
1710670 664
1710680 664
1710690 664
1710700 664
1710710 664
1710720 663
1710730 663
1710740 662
1710750 662
1710760 662
1710770 661
1710780 661
1710790 661
1710800 660
1710810 660
1710820 660
1710830 660
1710840 660
1710850 660
1710860 660
1710870 660
1710880 660
1710890 659
1710900 659
1710910 659
1710920 658
1710930 658
1710940 657
1710950 656
1710960 655
1710970 655
1710980 654
1710990 654
1711000 653
1711010 653
1711020 652
1711030 652
1711040 651
1711050 651
1711060 650
1711070 650
1711080 649
1711090 648
1711100 648
1711110 647
1711120 647
1711130 646
1711140 645
1711150 645
1711160 644
1711170 643
1711180 643
1711190 642
1711200 642
1711210 641
1711220 641
1711230 640
1711240 640
1711250 639
1711260 638
1711270 638
1711280 637
1711290 637
1711300 636
1711310 635
1711320 635
1711330 634
1711340 634
1711350 633
1711360 632
1711370 631
1711380 631
1711390 630
1711400 630
1711410 630
1711420 629
1711430 628
1711440 627
1711450 627
1711460 627
1711470 626
1711480 626
1711490 626
1711500 626
1711510 627
1711520 628
1711530 629
1711540 630
1711550 631
1711560 631
1711570 630
1711580 630
1711590 629
1711600 629
1711610 629
1711620 628
1711630 628
1711640 628
1711650 628
1711660 627
1711670 627
1711680 627
1711690 627
1711700 626
1711710 626
1711720 626
1711730 625
1711740 625
1711750 624
1711760 623
1711770 623
1711780 622
1711790 621
1711800 621
1711810 620
1711820 619
1711830 618
1711840 618
1711850 617
1711860 616
1711870 616
1711880 617
1711890 617
1711900 618
1711910 618
1711920 619
1711930 619
1711940 619
1711950 620
1711960 620
1711970 621
1711980 621
1711990 622
1712000 622
1712010 623
1712020 623
1712030 624
1712040 624
1712050 624
1712060 625
1712070 625
1712080 626
1712090 626
1712100 626
1712110 626
1712120 627
1712130 627
1712140 627
1712150 627
1712160 627
1712170 628
1712180 628
1712190 628
1712200 628
1712210 628
1712220 628
1712230 627
1712240 627
1712250 627
1712260 627
1712270 627
1712280 626
1712290 625
1712300 625
1712310 624
1712320 624
1712330 623
1712340 623
1712350 622
1712360 621
1712370 621
1712380 620
1712390 620
1712400 620
1712410 619
1712420 618
1712430 616
1712440 615
1712450 614
1712460 612
1712470 611
1712480 609
1712490 608
1712500 608
1712510 608
1712520 609
1712530 609
1712540 609
1712550 610
1712560 610
1712570 610
1712580 610
1712590 610
1712600 610
1712610 610
1712620 610
1712630 610
1712640 610
1712650 609
1712660 609
1712670 609
1712680 609
1712690 608
1712700 608
1712710 608
1712720 607
1712730 606
1712740 606
1712750 606
1712760 606
1712770 605
1712780 606
1712790 606
1712800 606
1712810 607
1712820 608
1712830 609
1712840 609
1712850 611
1712860 612
1712870 613
1712880 614
1712890 615
1712900 616
1712910 617
1712920 618
1712930 618
1712940 619
1712950 621
1712960 622
1712970 623
1712980 624
1712990 625
1713000 625
1713010 624
1713020 623
1713030 623
1713040 622
1713050 620
1713060 619
1713070 618
1713080 617
1713090 615
1713100 614
1713110 613
1713120 612
1713130 611
1713140 609
1713150 608
1713160 607
1713170 605
1713180 603
1713190 602
1713200 600
1713210 598
1713220 596
1713230 593
1713240 591
1713250 589
1713260 588
1713270 586
1713280 585
1713290 584
1713300 582
1713310 580
1713320 577
1713330 574
1713340 572
1713350 569
1713360 566
1713370 563
1713380 560
1713390 557
1713400 554
1713410 551
1713420 549
1713430 547
1713440 544
1713450 542
1713460 539
1713470 535
1713480 532
1713490 529
1713500 527
1713510 524
1713520 521
1713530 518
1713540 515
1713550 513
1713560 510
1713570 507
1713580 504
1713590 501
1713600 498
1713610 494
1713620 490
1713630 487
1713640 485
1713650 481
1713660 478
1713670 475
1713680 473
1713690 472
1713700 472
1713710 471
1713720 472
1713730 472
1713740 472
1713750 472
1713760 471
1713770 471
1713780 470
1713790 470
1713800 470
1713810 469
1713820 469
1713830 469
1713840 469
1713850 468
1713860 468
1713870 468
1713880 468
1713890 468
1713900 467
1713910 467
1713920 466
1713930 466
1713940 465
1713950 465
1713960 465
1713970 464
1713980 464
1713990 464
1714000 465
1714010 466
1714020 468
1714030 471
1714040 473
1714050 475
1714060 478
1714070 480
1714080 482
1714090 485
1714100 488
1714110 491
1714120 494
1714130 497
1714140 501
1714150 505
1714160 509
1714170 513
1714180 516
1714190 520
1714200 523
1714210 527
1714220 531
1714230 536
1714240 540
1714250 545
1714260 549
1714270 553
1714280 558
1714290 562
1714300 566
1714310 571
1714320 575
1714330 579
1714340 583
1714350 586
1714360 589
1714370 592
1714380 595
1714390 598
1714400 601
1714410 603
1714420 604
1714430 605
1714440 606
1714450 607
1714460 607
1714470 607
1714480 606
1714490 605
1714500 604
1714510 603
1714520 602
1714530 600
1714540 599
1714550 598
1714560 596
1714570 595
1714580 593
1714590 592
1714600 591
1714610 590
1714620 589
1714630 588
1714640 587
1714650 586
1714660 585
1714670 584
1714680 583
1714690 582
1714700 582
1714710 581
1714720 581
1714730 580
1714740 579
1714750 578
1714760 577
1714770 576
1714780 575
1714790 574
1714800 572
1714810 571
1714820 569
1714830 567
1714840 565
1714850 563
1714860 561
1714870 558
1714880 556
1714890 553
1714900 551
1714910 549
1714920 547
1714930 545
1714940 543
1714950 541
1714960 540
1714970 538
1714980 537
1714990 536
1715000 535
1715010 534
1715020 533
1715030 532
1715040 530
1715050 528
1715060 525
1715070 522
1715080 519
1715090 516
1715100 513
1715110 510
1715120 507
1715130 503
1715140 500
1715150 497
1715160 494
1715170 490
1715180 487
1715190 484
1715200 480
1715210 476
1715220 472
1715230 468
1715240 463
1715250 459
1715260 455
1715270 453
1715280 455
1715290 459
1715300 461
1715310 461
1715320 460
1715330 459
1715340 456
1715350 452
1715360 451
1715370 453
1715380 453
1715390 453
1715400 453
1715410 455
1715420 460
1715430 469
1715440 477
1715450 484
1715460 490
1715470 495
1715480 498
1715490 498
1715500 498
1715510 498
1715520 500
1715530 501
1715540 502
1715550 502
1715560 502
1715570 501
1715580 500
1715590 499
1715600 498
1715610 497
1715620 497
1715630 498
1715640 499
1715650 500
1715660 502
1715670 504
1715680 505
1715690 505
1715700 504
1715710 501
1715720 499
1715730 495
1715740 492
1715750 489
1715760 486
1715770 483
1715780 480
1715790 478
1715800 476
1715810 474
1715820 472
1715830 471
1715840 469
1715850 467
1715860 466
1715870 465
1715880 464
1715890 463
1715900 461
1715910 457
1715920 453
1715930 449
1715940 446
1715950 442
1715960 439
1715970 435
1715980 432
1715990 429
1716000 428
1716010 427
1716020 427
1716030 427
1716040 427
1716050 428
1716060 430
1716070 432
1716080 435
1716090 439
1716100 444
1716110 451
1716120 458
1716130 464
1716140 469
1716150 476
1716160 479
1716170 479
1716180 478
1716190 478
1716200 476
1716210 475
1716220 475
1716230 474
1716240 473
1716250 472
1716260 472
1716270 472
1716280 472
1716290 472
1716300 471
1716310 471
1716320 471
1716330 471
1716340 472
1716350 472
1716360 474
1716370 476
1716380 477
1716390 477
1716400 477
1716410 478
1716420 479
1716430 480
1716440 482
1716450 483
1716460 483
1716470 482
1716480 481
1716490 481
1716500 481
1716510 482
1716520 484
1716530 486
1716540 488
1716550 489
1716560 490
1716570 492
1716580 494
1716590 497
1716600 498
1716610 499
1716620 497
1716630 495
1716640 494
1716650 494
1716660 492
1716670 490
1716680 487
1716690 485
1716700 484
1716710 482
1716720 481
1716730 481
1716740 483
1716750 485
1716760 486
1716770 487
1716780 487
1716790 487
1716800 487
1716810 487
1716820 487
1716830 487
1716840 487
1716850 487
1716860 487
1716870 488
1716880 489
1716890 491
1716900 492
1716910 493
1716920 494
1716930 495
1716940 497
1716950 499
1716960 502
1716970 505
1716980 509
1716990 512
1717000 515
1717010 518
1717020 521
1717030 523
1717040 526
1717050 529
1717060 531
1717070 534
1717080 539
1717090 545
1717100 550
1717110 554
1717120 558
1717130 563
1717140 569
1717150 577
1717160 578
1717170 579
1717180 580
1717190 581
1717200 580
1717210 579
1717220 577
1717230 574
1717240 572
1717250 570
1717260 567
1717270 565
1717280 564
1717290 563
1717300 562
1717310 561
1717320 560
1717330 559
1717340 558
1717350 557
1717360 556
1717370 554
1717380 551
1717390 549
1717400 547
1717410 544
1717420 542
1717430 539
1717440 537
1717450 534
1717460 532
1717470 529
1717480 526
1717490 524
1717500 522
1717510 522
1717520 523
1717530 524
1717540 525
1717550 527
1717560 528
1717570 530
1717580 532
1717590 534
1717600 537
1717610 539
1717620 541
1717630 544
1717640 547
1717650 550
1717660 551
1717670 553
1717680 556
1717690 558
1717700 560
1717710 561
1717720 561
1717730 561
1717740 560
1717750 560
1717760 559
1717770 557
1717780 556
1717790 555
1717800 554
1717810 553
1717820 553
1717830 552
1717840 552
1717850 551
1717860 551
1717870 550
1717880 550
1717890 549
1717900 548
1717910 549
1717920 549
1717930 549
1717940 550
1717950 550
1717960 551
1717970 552
1717980 553
1717990 554
1718000 555
1718010 556
1718020 558
1718030 560
1718040 562
1718050 564
1718060 565
1718070 566
1718080 567
1718090 570
1718100 572
1718110 572
1718120 573
1718130 574
1718140 574
1718150 576
1718160 578
1718170 578
1718180 579
1718190 580
1718200 581
1718210 581
1718220 582
1718230 583
1718240 584
1718250 584
1718260 584
1718270 584
1718280 584
1718290 584
1718300 583
1718310 583
1718320 582
1718330 582
1718340 581
1718350 581
1718360 581
1718370 580
1718380 580
1718390 580
1718400 579
1718410 579
1718420 578
1718430 578
1718440 577
1718450 576
1718460 576
1718470 576
1718480 575
1718490 575
1718500 574
1718510 573
1718520 572
1718530 572
1718540 571
1718550 570
1718560 570
1718570 569
1718580 569
1718590 568
1718600 567
1718610 567
1718620 566
1718630 566
1718640 565
1718650 565
1718660 564
1718670 564
1718680 563
1718690 563
1718700 562
1718710 561
1718720 561
1718730 560
1718740 560
1718750 560
1718760 559
1718770 559
1718780 558
1718790 558
1718800 558
1718810 557
1718820 557
1718830 557
1718840 557
1718850 556
1718860 556
1718870 556
1718880 556
1718890 556
1718900 556
1718910 556
1718920 555
1718930 555
1718940 555
1718950 555
1718960 555
1718970 555
1718980 556
1718990 556
1719000 556
1719010 556
1719020 556
1719030 556
1719040 556
1719050 556
1719060 557
1719070 557
1719080 557
1719090 557
1719100 558
1719110 559
1719120 561
1719130 562
1719140 563
1719150 564
1719160 565
1719170 566
1719180 566
1719190 567
1719200 568
1719210 569
1719220 570
1719230 571
1719240 572
1719250 573
1719260 573
1719270 573
1719280 573
1719290 572
1719300 572
1719310 572
1719320 572
1719330 572
1719340 572
1719350 572
1719360 572
1719370 572
1719380 571
1719390 571
1719400 570
1719410 570
1719420 569
1719430 569
1719440 569
1719450 569
1719460 568
1719470 568
1719480 568
1719490 568
1719500 568
1719510 568
1719520 568
1719530 569
1719540 568
1719550 568
1719560 568
1719570 568
1719580 567
1719590 567
1719600 567
1719610 567
1719620 567
1719630 567
1719640 567
1719650 567
1719660 567
1719670 567
1719680 566
1719690 566
1719700 566
1719710 566
1719720 567
1719730 567
1719740 567
1719750 566
1719760 566
1719770 566
1719780 566
1719790 566
1719800 566
1719810 566
1719820 566
1719830 566
1719840 566
1719850 566
1719860 566
1719870 566
1719880 566
1719890 567
1719900 567
1719910 567
1719920 567
1719930 567
1719940 567
1719950 567
1719960 567
1719970 567
1719980 568
1719990 568
