1700000 770
1700010 770
1700020 771
1700030 771
1700040 771
1700050 771
1700060 772
1700070 772
1700080 772
1700090 772
1700100 773
1700110 773
1700120 773
1700130 773
1700140 773
1700150 773
1700160 774
1700170 774
1700180 774
1700190 774
1700200 774
1700210 774
1700220 774
1700230 775
1700240 775
1700250 775
1700260 775
1700270 775
1700280 774
1700290 774
1700300 774
1700310 774
1700320 774
1700330 774
1700340 774
1700350 773
1700360 773
1700370 774
1700380 774
1700390 774
1700400 774
1700410 774
1700420 774
1700430 775
1700440 775
1700450 775
1700460 775
1700470 776
1700480 776
1700490 776
1700500 776
1700510 777
1700520 777
1700530 777
1700540 777
1700550 777
1700560 778
1700570 778
1700580 778
1700590 778
1700600 779
1700610 779
1700620 779
1700630 779
1700640 779
1700650 780
1700660 780
1700670 780
1700680 780
1700690 781
1700700 781
1700710 781
1700720 781
1700730 781
1700740 781
1700750 782
1700760 782
1700770 782
1700780 782
1700790 782
1700800 782
1700810 782
1700820 782
1700830 782
1700840 782
1700850 782
1700860 782
1700870 782
1700880 782
1700890 782
1700900 782
1700910 782
1700920 782
1700930 782
1700940 782
1700950 782
1700960 782
1700970 782
1700980 782
1700990 782
1701000 782
1701010 782
1701020 782
1701030 782
1701040 782
1701050 782
1701060 782
1701070 782
1701080 782
1701090 782
1701100 782
1701110 782
1701120 782
1701130 782
1701140 781
1701150 781
1701160 781
1701170 781
1701180 781
1701190 781
1701200 780
1701210 780
1701220 780
1701230 780
1701240 780
1701250 779
1701260 779
1701270 779
1701280 779
1701290 779
1701300 778
1701310 778
1701320 778
1701330 778
1701340 778
1701350 777
1701360 777
1701370 777
1701380 777
1701390 777
1701400 776
1701410 776
1701420 776
1701430 776
1701440 775
1701450 775
1701460 775
1701470 775
1701480 774
1701490 774
1701500 774
1701510 774
1701520 774
1701530 774
1701540 773
1701550 773
1701560 773
1701570 773
1701580 772
1701590 772
1701600 772
1701610 772
1701620 772
1701630 771
1701640 771
1701650 771
1701660 770
1701670 770
1701680 770
1701690 770
1701700 769
1701710 769
1701720 769
1701730 768
1701740 768
1701750 768
1701760 768
1701770 767
1701780 767
1701790 767
1701800 766
1701810 766
1701820 766
1701830 765
1701840 765
1701850 765
1701860 765
1701870 764
1701880 764
1701890 764
1701900 763
1701910 763
1701920 763
1701930 762
1701940 762
1701950 762
1701960 761
1701970 761
1701980 761
1701990 760
1702000 760
1702010 760
1702020 759
1702030 759
1702040 758
1702050 758
1702060 758
1702070 757
1702080 757
1702090 757
1702100 756
1702110 756
1702120 756
1702130 756
1702140 756
1702150 755
1702160 755
1702170 754
1702180 754
1702190 753
1702200 753
1702210 752
1702220 752
1702230 752
1702240 751
1702250 751
1702260 751
1702270 750
1702280 750
1702290 749
1702300 749
1702310 749
1702320 748
1702330 748
1702340 748
1702350 748
1702360 748
1702370 748
1702380 748
1702390 748
1702400 748
1702410 748
1702420 748
1702430 749
1702440 749
1702450 749
1702460 749
1702470 749
1702480 749
1702490 749
1702500 749
1702510 749
1702520 749
1702530 749
1702540 749
1702550 749
1702560 749
1702570 748
1702580 748
1702590 748
1702600 748
1702610 747
1702620 747
1702630 747
1702640 747
1702650 746
1702660 746
1702670 746
1702680 745
1702690 745
1702700 745
1702710 745
1702720 744
1702730 744
1702740 744
1702750 744
1702760 743
1702770 743
1702780 743
1702790 742
1702800 742
1702810 742
1702820 741
1702830 741
1702840 740
1702850 740
1702860 740
1702870 739
1702880 739
1702890 739
1702900 738
1702910 738
1702920 738
1702930 737
1702940 737
1702950 737
1702960 736
1702970 736
1702980 736
1702990 735
1703000 735
1703010 734
1703020 734
1703030 734
1703040 733
1703050 733
1703060 732
1703070 732
1703080 732
1703090 731
1703100 731
1703110 731
1703120 730
1703130 730
1703140 729
1703150 729
1703160 729
1703170 728
1703180 728
1703190 727
1703200 727
1703210 727
1703220 726
1703230 726
1703240 725
1703250 725
1703260 725
1703270 724
1703280 724
1703290 723
1703300 723
1703310 722
1703320 722
1703330 722
1703340 721
1703350 721
1703360 721
1703370 720
1703380 720
1703390 719
1703400 719
1703410 719
1703420 718
1703430 718
1703440 718
1703450 717
1703460 717
1703470 716
1703480 716
1703490 715
1703500 714
1703510 713
1703520 712
1703530 711
1703540 710
1703550 709
1703560 708
1703570 707
1703580 707
1703590 706
1703600 706
1703610 706
1703620 705
1703630 705
1703640 705
1703650 705
1703660 705
1703670 705
1703680 705
1703690 706
1703700 708
1703710 711
1703720 714
1703730 717
1703740 720
1703750 723
1703760 725
1703770 726
1703780 728
1703790 730
1703800 732
1703810 733
1703820 733
1703830 734
1703840 735
1703850 735
1703860 736
1703870 737
1703880 738
1703890 739
1703900 739
1703910 740
1703920 741
1703930 742
1703940 742
1703950 743
1703960 744
1703970 745
1703980 745
1703990 746
1704000 746
1704010 747
1704020 747
1704030 748
1704040 748
1704050 749
1704060 749
1704070 748
1704080 748
1704090 748
1704100 748
1704110 748
1704120 748
1704130 748
1704140 748
1704150 748
1704160 748
1704170 747
1704180 748
1704190 748
1704200 748
1704210 748
1704220 748
1704230 748
1704240 748
1704250 748
1704260 749
1704270 749
1704280 749
1704290 749
1704300 749
1704310 749
1704320 750
1704330 750
1704340 750
1704350 750
1704360 750
1704370 751
1704380 751
1704390 751
1704400 751
1704410 751
1704420 751
1704430 752
1704440 752
1704450 752
1704460 752
1704470 752
1704480 752
1704490 752
1704500 752
1704510 753
1704520 753
1704530 752
1704540 752
1704550 752
1704560 752
1704570 752
1704580 752
1704590 751
1704600 751
1704610 751
1704620 751
1704630 751
1704640 751
1704650 750
1704660 750
1704670 750
1704680 750
1704690 750
1704700 749
1704710 749
1704720 749
1704730 749
1704740 748
1704750 748
1704760 748
1704770 747
1704780 747
1704790 746
1704800 746
1704810 745
1704820 745
1704830 744
1704840 744
1704850 745
1704860 745
1704870 745
1704880 746
1704890 746
1704900 746
1704910 746
1704920 746
1704930 747
1704940 747
1704950 747
1704960 747
1704970 747
1704980 747
1704990 748
1705000 748
1705010 748
1705020 748
1705030 748
1705040 748
1705050 748
1705060 748
1705070 749
1705080 749
1705090 749
1705100 749
1705110 749
1705120 749
1705130 749
1705140 748
1705150 748
1705160 748
1705170 748
1705180 748
1705190 748
1705200 748
1705210 748
1705220 747
1705230 747
1705240 747
1705250 747
1705260 747
1705270 746
1705280 746
1705290 746
1705300 746
1705310 746
1705320 745
1705330 745
1705340 745
1705350 745
1705360 745
1705370 745
1705380 744
1705390 744
1705400 744
1705410 744
1705420 744
1705430 744
1705440 743
1705450 743
1705460 743
1705470 743
1705480 743
1705490 743
1705500 742
1705510 742
1705520 742
1705530 742
1705540 742
1705550 742
1705560 742
1705570 742
1705580 741
1705590 741
1705600 741
1705610 741
1705620 741
1705630 741
1705640 741
1705650 740
1705660 740
1705670 740
1705680 740
1705690 740
1705700 740
1705710 740
1705720 739
1705730 739
1705740 739
1705750 738
1705760 738
1705770 739
1705780 739
1705790 739
1705800 739
1705810 739
1705820 739
1705830 739
1705840 739
1705850 739
1705860 739
1705870 739
1705880 739
1705890 739
1705900 739
1705910 739
1705920 739
1705930 739
1705940 739
1705950 739
1705960 740
1705970 740
1705980 740
1705990 741
1706000 741
1706010 741
1706020 741
1706030 741
1706040 742
1706050 742
1706060 742
1706070 742
1706080 743
1706090 743
1706100 743
1706110 743
1706120 743
1706130 744
1706140 744
1706150 744
1706160 744
1706170 745
1706180 745
1706190 745
1706200 745
1706210 746
1706220 746
1706230 746
1706240 747
1706250 747
1706260 747
1706270 748
1706280 748
1706290 748
1706300 748
1706310 749
1706320 749
1706330 749
1706340 749
1706350 750
1706360 750
1706370 750
1706380 750
1706390 751
1706400 751
1706410 751
1706420 752
1706430 752
1706440 752
1706450 752
1706460 753
1706470 753
1706480 753
1706490 753
1706500 753
1706510 754
1706520 754
1706530 754
1706540 754
1706550 754
1706560 754
1706570 754
1706580 754
1706590 754
1706600 754
1706610 754
1706620 754
1706630 754
1706640 754
1706650 754
1706660 754
1706670 754
1706680 754
1706690 754
1706700 754
1706710 755
1706720 755
1706730 755
1706740 755
1706750 755
1706760 755
1706770 755
1706780 755
1706790 755
1706800 755
1706810 755
1706820 755
1706830 755
1706840 755
1706850 755
1706860 755
1706870 755
1706880 755
1706890 755
1706900 755
1706910 755
1706920 755
1706930 755
1706940 755
1706950 755
1706960 755
1706970 755
1706980 755
1706990 755
1707000 755
1707010 755
1707020 755
1707030 755
1707040 755
1707050 755
1707060 755
1707070 755
1707080 755
1707090 755
1707100 755
1707110 755
1707120 755
1707130 754
1707140 754
1707150 754
1707160 754
1707170 754
1707180 754
1707190 753
1707200 753
1707210 753
1707220 753
1707230 752
1707240 752
1707250 752
1707260 752
1707270 751
1707280 751
1707290 751
1707300 750
1707310 750
1707320 750
1707330 751
1707340 751
1707350 752
1707360 752
1707370 752
1707380 752
1707390 752
1707400 753
1707410 753
1707420 753
1707430 753
1707440 753
1707450 753
1707460 753
1707470 753
1707480 753
1707490 753
1707500 753
1707510 753
1707520 753
1707530 753
1707540 753
1707550 753
1707560 753
1707570 753
1707580 753
1707590 753
1707600 753
1707610 753
1707620 753
1707630 753
1707640 753
1707650 753
1707660 753
1707670 753
1707680 753
1707690 753
1707700 753
1707710 753
1707720 753
1707730 753
1707740 753
1707750 753
1707760 753
1707770 753
1707780 753
1707790 753
1707800 753
1707810 753
1707820 753
1707830 753
1707840 753
1707850 753
1707860 753
1707870 753
1707880 753
1707890 753
1707900 754
1707910 754
1707920 754
1707930 754
1707940 754
1707950 754
1707960 754
1707970 754
1707980 754
1707990 754
1708000 754
1708010 754
1708020 754
1708030 754
1708040 754
1708050 754
1708060 754
1708070 753
1708080 753
1708090 753
1708100 753
1708110 753
1708120 753
1708130 753
1708140 752
1708150 752
1708160 752
1708170 752
1708180 752
1708190 752
1708200 752
1708210 752
1708220 752
1708230 752
1708240 752
1708250 752
1708260 752
1708270 752
1708280 752
1708290 752
1708300 752
1708310 752
1708320 752
1708330 752
1708340 752
1708350 751
1708360 751
1708370 751
1708380 751
1708390 751
1708400 751
1708410 751
1708420 751
1708430 751
1708440 751
1708450 751
1708460 751
1708470 751
1708480 751
1708490 751
1708500 751
1708510 750
1708520 750
1708530 750
1708540 750
1708550 750
1708560 749
1708570 749
1708580 749
1708590 749
1708600 749
1708610 749
1708620 749
1708630 748
1708640 748
1708650 748
1708660 748
1708670 747
1708680 747
1708690 747
1708700 746
1708710 746
1708720 746
1708730 745
1708740 745
1708750 744
1708760 744
1708770 743
1708780 743
1708790 743
1708800 742
1708810 742
1708820 741
1708830 741
1708840 741
1708850 740
1708860 740
1708870 740
1708880 739
1708890 739
1708900 738
1708910 738
1708920 738
1708930 737
1708940 737
1708950 737
1708960 737
1708970 737
1708980 736
1708990 735
1709000 735
1709010 734
1709020 734
1709030 733
1709040 733
1709050 733
1709060 732
1709070 732
1709080 732
1709090 731
1709100 731
1709110 731
1709120 730
1709130 729
1709140 729
1709150 728
1709160 727
1709170 727
1709180 726
1709190 726
1709200 725
1709210 725
1709220 724
1709230 723
1709240 722
1709250 722
1709260 721
1709270 721
1709280 720
1709290 719
1709300 719
1709310 718
1709320 717
1709330 717
1709340 716
1709350 716
1709360 715
1709370 715
1709380 714
1709390 713
1709400 713
1709410 712
1709420 712
1709430 711
1709440 711
1709450 710
1709460 710
1709470 709
1709480 709
1709490 708
1709500 708
1709510 708
1709520 707
1709530 706
1709540 705
1709550 704
1709560 704
1709570 703
1709580 702
1709590 701
1709600 700
1709610 700
1709620 699
1709630 698
1709640 697
1709650 696
1709660 695
1709670 694
1709680 693
1709690 692
1709700 690
1709710 689
1709720 688
1709730 687
1709740 685
1709750 685
1709760 684
1709770 683
1709780 682
1709790 681
1709800 681
1709810 680
1709820 680
1709830 679
1709840 677
1709850 676
1709860 674
1709870 672
1709880 670
1709890 669
1709900 667
1709910 666
1709920 665
1709930 664
1709940 663
1709950 662
1709960 662
1709970 661
1709980 660
1709990 659
1710000 658
1710010 657
1710020 656
1710030 656
1710040 654
1710050 654
1710060 653
1710070 653
1710080 653
1710090 653
1710100 653
1710110 653
1710120 653
1710130 653
1710140 653
1710150 654
1710160 655
1710170 656
1710180 657
1710190 659
1710200 660
1710210 660
1710220 661
1710230 661
1710240 660
1710250 660
1710260 660
1710270 660
1710280 660
1710290 659
1710300 658
1710310 657
1710320 657
1710330 656
1710340 656
1710350 657
1710360 657
1710370 657
1710380 658
1710390 659
1710400 660
1710410 661
1710420 663
1710430 664
1710440 665
1710450 668
1710460 670
1710470 673
1710480 675
1710490 677
1710500 676
1710510 675
1710520 674
1710530 674
1710540 674
1710550 674
1710560 674
1710570 674
1710580 673
1710590 673
1710600 672
1710610 671
1710620 670
1710630 669
1710640 668
1710650 666
1710660 665
1710670 664
1710680 663
1710690 662
1710700 661
1710710 660
1710720 659
1710730 658
1710740 657
1710750 656
1710760 655
1710770 654
1710780 653
1710790 652
1710800 651
1710810 651
1710820 650
1710830 649
1710840 648
1710850 647
1710860 646
1710870 645
1710880 644
1710890 643
1710900 642
1710910 641
1710920 640
1710930 639
1710940 638
1710950 637
1710960 635
1710970 634
1710980 633
1710990 632
1711000 632
1711010 632
1711020 631
1711030 631
1711040 631
1711050 631
1711060 631
1711070 631
1711080 630
1711090 630
1711100 630
1711110 629
1711120 628
1711130 627
1711140 626
1711150 625
1711160 623
1711170 622
1711180 620
1711190 618
1711200 616
1711210 614
1711220 612
1711230 610
1711240 609
1711250 607
1711260 605
1711270 604
1711280 603
1711290 602
1711300 600
1711310 599
1711320 598
1711330 597
1711340 596
1711350 595
1711360 594
1711370 594
1711380 596
1711390 598
1711400 600
1711410 603
1711420 606
1711430 609
1711440 611
1711450 614
1711460 616
1711470 618
1711480 620
1711490 621
1711500 622
1711510 621
1711520 621
1711530 621
1711540 621
1711550 621
1711560 621
1711570 620
1711580 620
1711590 620
1711600 620
1711610 620
1711620 620
1711630 620
1711640 620
1711650 619
1711660 619
1711670 619
1711680 619
1711690 618
1711700 618
1711710 618
1711720 617
1711730 617
1711740 616
1711750 616
1711760 615
1711770 615
1711780 614
1711790 614
1711800 612
1711810 610
1711820 608
1711830 605
1711840 603
1711850 600
1711860 597
1711870 595
1711880 592
1711890 591
1711900 589
1711910 587
1711920 585
1711930 583
1711940 582
1711950 580
1711960 578
1711970 576
1711980 575
1711990 574
1712000 573
1712010 572
1712020 571
1712030 571
1712040 570
1712050 568
1712060 567
1712070 566
1712080 565
1712090 565
1712100 564
1712110 563
1712120 563
1712130 562
1712140 562
1712150 562
1712160 562
1712170 562
1712180 561
1712190 561
1712200 562
1712210 563
1712220 564
1712230 565
1712240 568
1712250 572
1712260 576
1712270 580
1712280 583
1712290 585
1712300 586
1712310 583
1712320 578
1712330 574
1712340 569
1712350 565
1712360 561
1712370 556
1712380 553
1712390 551
1712400 552
1712410 555
1712420 558
1712430 561
1712440 565
1712450 568
1712460 571
1712470 575
1712480 578
1712490 581
1712500 585
1712510 589
1712520 592
1712530 596
1712540 599
1712550 602
1712560 605
1712570 607
1712580 608
1712590 606
1712600 604
1712610 602
1712620 600
1712630 598
1712640 596
1712650 595
1712660 593
1712670 591
1712680 590
1712690 589
1712700 588
1712710 587
1712720 586
1712730 585
1712740 585
1712750 584
1712760 584
1712770 583
1712780 582
1712790 581
1712800 579
1712810 578
1712820 577
1712830 575
1712840 573
1712850 572
1712860 571
1712870 570
1712880 568
1712890 567
1712900 565
1712910 564
1712920 563
1712930 563
1712940 565
1712950 567
1712960 569
1712970 571
1712980 572
1712990 573
1713000 574
1713010 576
1713020 577
1713030 578
1713040 579
1713050 580
1713060 580
1713070 581
1713080 582
1713090 582
1713100 582
1713110 582
1713120 581
1713130 581
1713140 580
1713150 579
1713160 579
1713170 580
1713180 580
1713190 580
1713200 580
1713210 580
1713220 581
1713230 582
1713240 583
1713250 584
1713260 585
1713270 587
1713280 589
1713290 591
1713300 593
1713310 595
1713320 596
1713330 598
1713340 599
1713350 601
1713360 602
1713370 604
1713380 605
1713390 607
1713400 608
1713410 610
1713420 611
1713430 613
1713440 614
1713450 616
1713460 617
1713470 618
1713480 619
1713490 621
1713500 622
1713510 624
1713520 626
1713530 629
1713540 630
1713550 630
1713560 631
1713570 631
1713580 631
1713590 631
1713600 630
1713610 630
1713620 630
1713630 629
1713640 629
1713650 629
1713660 629
1713670 628
1713680 628
1713690 627
1713700 626
1713710 625
1713720 625
1713730 625
1713740 625
1713750 625
1713760 625
1713770 625
1713780 626
1713790 627
1713800 627
1713810 628
1713820 629
1713830 633
1713840 636
1713850 638
1713860 640
1713870 641
1713880 641
1713890 637
1713900 632
1713910 626
1713920 623
1713930 621
1713940 620
1713950 619
1713960 617
1713970 616
1713980 615
1713990 614
1714000 613
1714010 614
1714020 616
1714030 620
1714040 623
1714050 623
1714060 622
1714070 619
1714080 615
1714090 611
1714100 605
1714110 600
1714120 597
1714130 595
1714140 593
1714150 590
1714160 585
1714170 581
1714180 577
1714190 571
1714200 565
1714210 557
1714220 551
1714230 546
1714240 541
1714250 537
1714260 532
1714270 528
1714280 524
1714290 520
1714300 516
1714310 513
1714320 509
1714330 505
1714340 502
1714350 499
1714360 495
1714370 492
1714380 488
1714390 485
1714400 482
1714410 480
1714420 478
1714430 476
1714440 474
1714450 472
1714460 469
1714470 468
1714480 467
1714490 466
1714500 466
1714510 465
1714520 465
1714530 465
1714540 465
1714550 466
1714560 466
1714570 467
1714580 468
1714590 469
1714600 470
1714610 469
1714620 468
1714630 467
1714640 465
1714650 463
1714660 460
1714670 457
1714680 454
1714690 452
1714700 452
1714710 452
1714720 451
1714730 450
1714740 451
1714750 453
1714760 458
1714770 464
1714780 468
1714790 472
1714800 474
1714810 474
1714820 473
1714830 472
1714840 470
1714850 468
1714860 466
1714870 464
1714880 462
1714890 459
1714900 456
1714910 453
1714920 451
1714930 450
1714940 450
1714950 449
1714960 449
1714970 448
1714980 448
1714990 448
1715000 447
1715010 447
1715020 447
1715030 447
1715040 447
1715050 446
1715060 446
1715070 445
1715080 444
1715090 444
1715100 443
1715110 442
1715120 442
1715130 443
1715140 447
1715150 454
1715160 461
1715170 468
1715180 473
1715190 478
1715200 481
1715210 484
1715220 487
1715230 489
1715240 491
1715250 493
1715260 495
1715270 497
1715280 500
1715290 504
1715300 508
1715310 511
1715320 515
1715330 519
1715340 522
1715350 524
1715360 526
1715370 529
1715380 532
1715390 535
1715400 539
1715410 543
1715420 546
1715430 550
1715440 554
1715450 556
1715460 558
1715470 560
1715480 561
1715490 563
1715500 564
1715510 565
1715520 565
1715530 564
1715540 563
1715550 562
1715560 560
1715570 559
1715580 559
1715590 559
1715600 561
1715610 563
1715620 566
1715630 568
1715640 571
1715650 573
1715660 575
1715670 576
1715680 576
1715690 575
1715700 573
1715710 572
1715720 571
1715730 570
1715740 570
1715750 569
1715760 568
1715770 567
1715780 566
1715790 565
1715800 565
1715810 565
1715820 565
1715830 567
1715840 570
1715850 573
1715860 575
1715870 576
1715880 578
1715890 579
1715900 579
1715910 579
1715920 579
1715930 578
1715940 576
1715950 575
1715960 573
1715970 571
1715980 571
1715990 570
1716000 571
1716010 571
1716020 572
1716030 574
1716040 574
1716050 575
1716060 575
1716070 575
1716080 575
1716090 574
1716100 574
1716110 574
1716120 574
1716130 574
1716140 574
1716150 576
1716160 577
1716170 578
1716180 580
1716190 581
1716200 582
1716210 583
1716220 584
1716230 585
1716240 586
1716250 587
1716260 588
1716270 589
1716280 589
1716290 590
1716300 591
1716310 592
1716320 593
1716330 593
1716340 594
1716350 595
1716360 595
1716370 596
1716380 596
1716390 597
1716400 597
1716410 598
1716420 599
1716430 600
1716440 601
1716450 602
1716460 603
1716470 604
1716480 604
1716490 605
1716500 605
1716510 606
1716520 606
1716530 607
1716540 607
1716550 607
1716560 606
1716570 606
1716580 606
1716590 605
1716600 606
1716610 606
1716620 607
1716630 607
1716640 608
1716650 609
1716660 609
1716670 610
1716680 611
1716690 611
1716700 612
1716710 612
1716720 613
1716730 613
1716740 613
1716750 613
1716760 613
1716770 613
1716780 613
1716790 613
1716800 613
1716810 613
1716820 613
1716830 613
1716840 613
1716850 613
1716860 613
1716870 614
1716880 614
1716890 614
1716900 614
1716910 614
1716920 615
1716930 616
1716940 617
1716950 617
1716960 617
1716970 617
1716980 617
1716990 618
1717000 618
1717010 618
1717020 618
1717030 619
1717040 620
1717050 621
1717060 622
1717070 623
1717080 624
1717090 624
1717100 623
1717110 622
1717120 621
1717130 620
1717140 620
1717150 619
1717160 618
1717170 617
1717180 616
1717190 615
1717200 614
1717210 613
1717220 612
1717230 612
1717240 611
1717250 611
1717260 612
1717270 612
1717280 613
1717290 613
1717300 614
1717310 614
1717320 614
1717330 614
1717340 615
1717350 615
1717360 616
1717370 616
1717380 615
1717390 615
1717400 614
1717410 614
1717420 613
1717430 613
1717440 613
1717450 613
1717460 613
1717470 612
1717480 612
1717490 611
1717500 611
1717510 610
1717520 610
1717530 610
1717540 610
1717550 610
1717560 610
1717570 610
1717580 610
1717590 610
1717600 610
1717610 610
1717620 610
1717630 610
1717640 610
1717650 611
1717660 611
1717670 611
1717680 611
1717690 612
1717700 612
1717710 612
1717720 612
1717730 612
1717740 612
1717750 612
1717760 612
1717770 612
1717780 612
1717790 612
1717800 612
1717810 612
1717820 613
1717830 613
1717840 613
1717850 612
1717860 612
1717870 612
1717880 612
1717890 613
1717900 613
1717910 613
1717920 614
1717930 614
1717940 615
1717950 616
1717960 617
1717970 617
1717980 618
1717990 618
1718000 618
1718010 618
1718020 617
1718030 616
1718040 616
1718050 616
1718060 616
1718070 615
1718080 615
1718090 614
1718100 613
1718110 613
1718120 611
1718130 610
1718140 610
1718150 609
1718160 609
1718170 609
1718180 609
1718190 609
1718200 609
1718210 609
1718220 609
1718230 609
1718240 609
1718250 608
1718260 608
1718270 608
1718280 608
1718290 608
1718300 608
1718310 608
1718320 607
1718330 606
1718340 605
1718350 604
1718360 603
1718370 602
1718380 601
1718390 600
1718400 599
1718410 599
1718420 598
1718430 597
1718440 596
1718450 596
1718460 595
1718470 594
1718480 593
1718490 592
1718500 591
1718510 590
1718520 590
1718530 588
1718540 587
1718550 586
1718560 585
1718570 584
1718580 582
1718590 581
1718600 579
1718610 579
1718620 578
1718630 577
1718640 576
1718650 575
1718660 575
1718670 575
1718680 575
1718690 575
1718700 575
1718710 575
1718720 575
1718730 575
1718740 575
1718750 575
1718760 575
1718770 576
1718780 576
1718790 576
1718800 576
1718810 576
1718820 576
1718830 577
1718840 577
1718850 578
1718860 578
1718870 578
1718880 578
1718890 579
1718900 579
1718910 579
1718920 579
1718930 579
1718940 578
1718950 578
1718960 578
1718970 578
1718980 579
1718990 579
1719000 579
1719010 579
1719020 579
1719030 580
1719040 580
1719050 580
1719060 580
1719070 580
1719080 581
1719090 581
1719100 582
1719110 582
1719120 582
1719130 582
1719140 583
1719150 583
1719160 583
1719170 583
1719180 584
1719190 584
1719200 584
1719210 584
1719220 584
1719230 584
1719240 584
1719250 584
1719260 584
1719270 584
1719280 584
1719290 584
1719300 585
1719310 585
1719320 585
1719330 585
1719340 586
1719350 586
1719360 586
1719370 586
1719380 587
1719390 587
1719400 587
1719410 588
1719420 588
1719430 588
1719440 588
1719450 588
1719460 588
1719470 588
1719480 588
1719490 588
1719500 588
1719510 588
1719520 588
1719530 588
1719540 588
1719550 588
1719560 588
1719570 588
1719580 589
1719590 589
1719600 589
1719610 589
1719620 590
1719630 590
1719640 590
1719650 590
1719660 590
1719670 590
1719680 590
1719690 590
1719700 590
1719710 590
1719720 590
1719730 590
1719740 590
1719750 590
1719760 590
1719770 590
1719780 590
1719790 590
1719800 590
1719810 590
1719820 590
1719830 590
1719840 590
1719850 590
1719860 590
1719870 590
1719880 590
1719890 591
1719900 591
1719910 593
1719920 594
1719930 593
1719940 593
1719950 593
1719960 592
1719970 592
1719980 591
1719990 591
