1700000 725
1700010 725
1700020 726
1700030 726
1700040 726
1700050 726
1700060 727
1700070 727
1700080 728
1700090 728
1700100 729
1700110 729
1700120 729
1700130 729
1700140 729
1700150 729
1700160 729
1700170 729
1700180 729
1700190 729
1700200 729
1700210 729
1700220 730
1700230 730
1700240 730
1700250 730
1700260 730
1700270 729
1700280 728
1700290 726
1700300 725
1700310 723
1700320 723
1700330 723
1700340 722
1700350 720
1700360 721
1700370 722
1700380 724
1700390 725
1700400 726
1700410 727
1700420 728
1700430 729
1700440 730
1700450 730
1700460 731
1700470 732
1700480 732
1700490 733
1700500 734
1700510 734
1700520 735
1700530 736
1700540 736
1700550 737
1700560 738
1700570 739
1700580 739
1700590 740
1700600 741
1700610 742
1700620 742
1700630 743
1700640 744
1700650 744
1700660 745
1700670 746
1700680 747
1700690 747
1700700 748
1700710 749
1700720 750
1700730 751
1700740 752
1700750 753
1700760 754
1700770 755
1700780 756
1700790 757
1700800 758
1700810 759
1700820 759
1700830 761
1700840 762
1700850 762
1700860 763
1700870 764
1700880 765
1700890 766
1700900 767
1700910 768
1700920 768
1700930 769
1700940 770
1700950 771
1700960 772
1700970 774
1700980 775
1700990 776
1701000 777
1701010 777
1701020 778
1701030 778
1701040 778
1701050 778
1701060 777
1701070 777
1701080 777
1701090 776
1701100 776
1701110 776
1701120 775
1701130 775
1701140 774
1701150 774
1701160 773
1701170 773
1701180 773
1701190 772
1701200 772
1701210 771
1701220 771
1701230 771
1701240 770
1701250 770
1701260 770
1701270 770
1701280 769
1701290 769
1701300 769
1701310 769
1701320 768
1701330 768
1701340 768
1701350 768
1701360 768
1701370 768
1701380 768
1701390 768
1701400 768
1701410 768
1701420 768
1701430 768
1701440 768
1701450 768
1701460 768
1701470 768
1701480 767
1701490 767
1701500 767
1701510 766
1701520 766
1701530 766
1701540 766
1701550 765
1701560 765
1701570 765
1701580 764
1701590 764
1701600 764
1701610 763
1701620 763
1701630 762
1701640 762
1701650 762
1701660 761
1701670 761
1701680 761
1701690 760
1701700 760
1701710 760
1701720 759
1701730 759
1701740 758
1701750 758
1701760 757
1701770 757
1701780 757
1701790 756
1701800 756
1701810 756
1701820 755
1701830 755
1701840 755
1701850 754
1701860 754
1701870 754
1701880 753
1701890 753
1701900 753
1701910 753
1701920 752
1701930 752
1701940 751
1701950 751
1701960 751
1701970 750
1701980 750
1701990 750
1702000 749
1702010 749
1702020 749
1702030 749
1702040 748
1702050 748
1702060 748
1702070 748
1702080 747
1702090 747
1702100 747
1702110 747
1702120 747
1702130 747
1702140 746
1702150 746
1702160 746
1702170 746
1702180 745
1702190 745
1702200 745
1702210 745
1702220 745
1702230 744
1702240 744
1702250 744
1702260 744
1702270 743
1702280 743
1702290 743
1702300 743
1702310 743
1702320 743
1702330 742
1702340 742
1702350 742
1702360 742
1702370 742
1702380 741
1702390 741
1702400 741
1702410 740
1702420 740
1702430 740
1702440 740
1702450 739
1702460 739
1702470 739
1702480 739
1702490 738
1702500 738
1702510 738
1702520 737
1702530 737
1702540 737
1702550 737
1702560 736
1702570 736
1702580 736
1702590 735
1702600 735
1702610 735
1702620 735
1702630 734
1702640 734
1702650 734
1702660 733
1702670 733
1702680 733
1702690 732
1702700 732
1702710 732
1702720 731
1702730 731
1702740 731
1702750 731
1702760 730
1702770 730
1702780 729
1702790 729
1702800 729
1702810 728
1702820 728
1702830 728
1702840 728
1702850 727
1702860 727
1702870 727
1702880 727
1702890 727
1702900 727
1702910 727
1702920 727
1702930 727
1702940 726
1702950 726
1702960 726
1702970 725
1702980 725
1702990 725
1703000 725
1703010 724
1703020 724
1703030 723
1703040 723
1703050 723
1703060 723
1703070 723
1703080 723
1703090 722
1703100 722
1703110 722
1703120 722
1703130 721
1703140 721
1703150 721
1703160 720
1703170 720
1703180 720
1703190 720
1703200 719
1703210 719
1703220 718
1703230 718
1703240 718
1703250 717
1703260 717
1703270 716
1703280 716
1703290 715
1703300 715
1703310 714
1703320 713
1703330 712
1703340 710
1703350 709
1703360 707
1703370 705
1703380 704
1703390 703
1703400 701
1703410 700
1703420 699
1703430 699
1703440 698
1703450 697
1703460 697
1703470 696
1703480 695
1703490 695
1703500 694
1703510 693
1703520 692
1703530 691
1703540 691
1703550 691
1703560 691
1703570 692
1703580 692
1703590 693
1703600 695
1703610 698
1703620 701
1703630 704
1703640 706
1703650 709
1703660 712
1703670 715
1703680 718
1703690 721
1703700 724
1703710 726
1703720 726
1703730 727
1703740 728
1703750 729
1703760 730
1703770 731
1703780 732
1703790 733
1703800 734
1703810 735
1703820 735
1703830 736
1703840 736
1703850 737
1703860 737
1703870 737
1703880 737
1703890 738
1703900 738
1703910 738
1703920 738
1703930 738
1703940 738
1703950 738
1703960 738
1703970 738
1703980 738
1703990 738
1704000 738
1704010 738
1704020 738
1704030 738
1704040 738
1704050 738
1704060 738
1704070 737
1704080 737
1704090 737
1704100 737
1704110 736
1704120 736
1704130 736
1704140 736
1704150 735
1704160 735
1704170 735
1704180 734
1704190 734
1704200 734
1704210 733
1704220 733
1704230 733
1704240 733
1704250 732
1704260 732
1704270 732
1704280 732
1704290 732
1704300 732
1704310 732
1704320 732
1704330 732
1704340 732
1704350 732
1704360 732
1704370 732
1704380 732
1704390 732
1704400 732
1704410 732
1704420 732
1704430 731
1704440 731
1704450 731
1704460 731
1704470 730
1704480 730
1704490 729
1704500 729
1704510 729
1704520 728
1704530 728
1704540 727
1704550 727
1704560 726
1704570 726
1704580 725
1704590 725
1704600 724
1704610 724
1704620 723
1704630 723
1704640 722
1704650 722
1704660 721
1704670 721
1704680 720
1704690 720
1704700 719
1704710 719
1704720 718
1704730 717
1704740 717
1704750 716
1704760 715
1704770 714
1704780 714
1704790 712
1704800 711
1704810 710
1704820 709
1704830 708
1704840 706
1704850 705
1704860 703
1704870 702
1704880 700
1704890 699
1704900 699
1704910 698
1704920 698
1704930 697
1704940 696
1704950 696
1704960 696
1704970 696
1704980 697
1704990 697
1705000 698
1705010 699
1705020 699
1705030 700
1705040 700
1705050 701
1705060 701
1705070 702
1705080 702
1705090 702
1705100 703
1705110 703
1705120 704
1705130 704
1705140 704
1705150 705
1705160 705
1705170 705
1705180 706
1705190 706
1705200 706
1705210 707
1705220 707
1705230 707
1705240 708
1705250 708
1705260 708
1705270 709
1705280 709
1705290 709
1705300 710
1705310 710
1705320 711
1705330 711
1705340 712
1705350 712
1705360 712
1705370 713
1705380 713
1705390 713
1705400 714
1705410 714
1705420 714
1705430 714
1705440 715
1705450 715
1705460 715
1705470 715
1705480 715
1705490 715
1705500 715
1705510 714
1705520 714
1705530 714
1705540 715
1705550 716
1705560 717
1705570 719
1705580 721
1705590 722
1705600 723
1705610 724
1705620 725
1705630 725
1705640 726
1705650 726
1705660 726
1705670 727
1705680 727
1705690 727
1705700 728
1705710 728
1705720 729
1705730 729
1705740 730
1705750 730
1705760 731
1705770 731
1705780 732
1705790 732
1705800 733
1705810 733
1705820 733
1705830 734
1705840 734
1705850 735
1705860 736
1705870 736
1705880 737
1705890 738
1705900 738
1705910 739
1705920 739
1705930 740
1705940 740
1705950 740
1705960 741
1705970 741
1705980 741
1705990 741
1706000 741
1706010 741
1706020 741
1706030 742
1706040 742
1706050 742
1706060 742
1706070 742
1706080 742
1706090 742
1706100 742
1706110 742
1706120 742
1706130 742
1706140 742
1706150 742
1706160 742
1706170 742
1706180 742
1706190 742
1706200 741
1706210 741
1706220 741
1706230 740
1706240 740
1706250 740
1706260 740
1706270 739
1706280 739
1706290 739
1706300 738
1706310 738
1706320 738
1706330 737
1706340 737
1706350 737
1706360 736
1706370 736
1706380 736
1706390 735
1706400 735
1706410 735
1706420 734
1706430 734
1706440 734
1706450 733
1706460 733
1706470 733
1706480 732
1706490 732
1706500 732
1706510 731
1706520 731
1706530 730
1706540 730
1706550 730
1706560 730
1706570 729
1706580 729
1706590 729
1706600 729
1706610 728
1706620 728
1706630 728
1706640 728
1706650 727
1706660 727
1706670 727
1706680 726
1706690 726
1706700 726
1706710 726
1706720 725
1706730 725
1706740 725
1706750 725
1706760 724
1706770 724
1706780 725
1706790 725
1706800 725
1706810 725
1706820 725
1706830 725
1706840 725
1706850 725
1706860 725
1706870 726
1706880 726
1706890 726
1706900 726
1706910 726
1706920 726
1706930 726
1706940 727
1706950 727
1706960 727
1706970 727
1706980 727
1706990 728
1707000 728
1707010 728
1707020 729
1707030 729
1707040 729
1707050 729
1707060 729
1707070 730
1707080 730
1707090 730
1707100 730
1707110 730
1707120 730
1707130 730
1707140 731
1707150 731
1707160 731
1707170 731
1707180 732
1707190 732
1707200 732
1707210 732
1707220 732
1707230 732
1707240 732
1707250 732
1707260 732
1707270 731
1707280 731
1707290 731
1707300 731
1707310 730
1707320 730
1707330 730
1707340 730
1707350 729
1707360 729
1707370 729
1707380 728
1707390 728
1707400 727
1707410 727
1707420 726
1707430 725
1707440 724
1707450 724
1707460 723
1707470 723
1707480 723
1707490 723
1707500 724
1707510 724
1707520 725
1707530 726
1707540 727
1707550 728
1707560 729
1707570 730
1707580 730
1707590 731
1707600 732
1707610 733
1707620 733
1707630 734
1707640 734
1707650 735
1707660 735
1707670 736
1707680 736
1707690 737
1707700 737
1707710 738
1707720 738
1707730 739
1707740 739
1707750 740
1707760 740
1707770 741
1707780 741
1707790 741
1707800 742
1707810 742
1707820 743
1707830 743
1707840 743
1707850 744
1707860 744
1707870 744
1707880 744
1707890 744
1707900 745
1707910 745
1707920 744
1707930 744
1707940 744
1707950 744
1707960 743
1707970 743
1707980 743
1707990 742
1708000 742
1708010 742
1708020 741
1708030 741
1708040 741
1708050 741
1708060 740
1708070 740
1708080 740
1708090 739
1708100 739
1708110 738
1708120 738
1708130 738
1708140 737
1708150 737
1708160 736
1708170 736
1708180 736
1708190 735
1708200 735
1708210 735
1708220 734
1708230 734
1708240 734
1708250 733
1708260 733
1708270 733
1708280 732
1708290 732
1708300 732
1708310 731
1708320 731
1708330 731
1708340 730
1708350 730
1708360 730
1708370 730
1708380 730
1708390 730
1708400 730
1708410 730
1708420 731
1708430 731
1708440 731
1708450 732
1708460 732
1708470 732
1708480 733
1708490 733
1708500 734
1708510 734
1708520 735
1708530 735
1708540 735
1708550 736
1708560 736
1708570 737
1708580 737
1708590 738
1708600 738
1708610 739
1708620 739
1708630 739
1708640 740
1708650 740
1708660 741
1708670 741
1708680 741
1708690 741
1708700 742
1708710 742
1708720 742
1708730 742
1708740 742
1708750 743
1708760 743
1708770 743
1708780 743
1708790 744
1708800 744
1708810 745
1708820 745
1708830 746
1708840 746
1708850 746
1708860 745
1708870 745
1708880 744
1708890 743
1708900 742
1708910 741
1708920 741
1708930 740
1708940 740
1708950 739
1708960 739
1708970 738
1708980 738
1708990 737
1709000 737
1709010 737
1709020 736
1709030 735
1709040 735
1709050 734
1709060 734
1709070 734
1709080 734
1709090 733
1709100 732
1709110 731
1709120 731
1709130 730
1709140 729
1709150 729
1709160 728
1709170 727
1709180 727
1709190 726
1709200 726
1709210 725
1709220 724
1709230 724
1709240 724
1709250 723
1709260 723
1709270 722
1709280 722
1709290 721
1709300 720
1709310 720
1709320 719
1709330 719
1709340 718
1709350 718
1709360 717
1709370 717
1709380 716
1709390 716
1709400 715
1709410 714
1709420 714
1709430 714
1709440 713
1709450 713
1709460 712
1709470 712
1709480 711
1709490 711
1709500 711
1709510 710
1709520 710
1709530 709
1709540 709
1709550 709
1709560 708
1709570 708
1709580 708
1709590 707
1709600 707
1709610 706
1709620 706
1709630 705
1709640 704
1709650 704
1709660 703
1709670 702
1709680 701
1709690 700
1709700 699
1709710 698
1709720 697
1709730 696
1709740 695
1709750 695
1709760 694
1709770 693
1709780 693
1709790 692
1709800 692
1709810 691
1709820 690
1709830 689
1709840 689
1709850 688
1709860 688
1709870 687
1709880 686
1709890 686
1709900 686
1709910 685
1709920 684
1709930 684
1709940 683
1709950 683
1709960 683
1709970 683
1709980 682
1709990 682
1710000 681
1710010 681
1710020 681
1710030 681
1710040 681
1710050 680
1710060 680
1710070 680
1710080 681
1710090 681
1710100 681
1710110 681
1710120 682
1710130 682
1710140 682
1710150 683
1710160 683
1710170 683
1710180 683
1710190 683
1710200 684
1710210 684
1710220 684
1710230 684
1710240 683
1710250 683
1710260 683
1710270 682
1710280 682
1710290 681
1710300 681
1710310 680
1710320 680
1710330 679
1710340 679
1710350 678
1710360 677
1710370 677
1710380 676
1710390 676
1710400 675
1710410 675
1710420 675
1710430 675
1710440 674
1710450 674
1710460 674
1710470 674
1710480 674
1710490 674
1710500 673
1710510 673
1710520 673
1710530 673
1710540 673
1710550 673
1710560 673
1710570 673
1710580 672
1710590 672
1710600 672
1710610 672
1710620 672
1710630 672
1710640 672
1710650 672
1710660 672
1710670 672
1710680 672
1710690 672
1710700 672
1710710 672
1710720 671
1710730 671
1710740 671
1710750 671
1710760 671
1710770 670
1710780 669
1710790 669
1710800 669
1710810 668
1710820 668
1710830 668
1710840 667
1710850 667
1710860 666
1710870 666
1710880 665
1710890 665
1710900 665
1710910 664
1710920 664
1710930 663
1710940 662
1710950 661
1710960 661
1710970 660
1710980 660
1710990 659
1711000 659
1711010 659
1711020 658
1711030 658
1711040 658
1711050 658
1711060 658
1711070 657
1711080 657
1711090 657
1711100 656
1711110 656
1711120 656
1711130 656
1711140 656
1711150 656
1711160 656
1711170 656
1711180 655
1711190 655
1711200 655
1711210 655
1711220 654
1711230 654
1711240 654
1711250 653
1711260 653
1711270 652
1711280 652
1711290 652
1711300 651
1711310 651
1711320 651
1711330 650
1711340 650
1711350 649
1711360 649
1711370 648
1711380 648
1711390 648
1711400 648
1711410 647
1711420 647
1711430 647
1711440 647
1711450 646
1711460 646
1711470 646
1711480 646
1711490 646
1711500 645
1711510 645
1711520 645
1711530 645
1711540 645
1711550 645
1711560 644
1711570 644
1711580 645
1711590 645
1711600 645
1711610 646
1711620 646
1711630 647
1711640 647
1711650 648
1711660 648
1711670 648
1711680 647
1711690 646
1711700 646
1711710 645
1711720 645
1711730 644
1711740 644
1711750 644
1711760 643
1711770 643
1711780 643
1711790 642
1711800 642
1711810 642
1711820 642
1711830 641
1711840 641
1711850 640
1711860 640
1711870 640
1711880 639
1711890 639
1711900 639
1711910 638
1711920 638
1711930 638
1711940 638
1711950 637
1711960 637
1711970 637
1711980 636
1711990 635
1712000 635
1712010 634
1712020 634
1712030 633
1712040 633
1712050 632
1712060 632
1712070 632
1712080 631
1712090 631
1712100 631
1712110 630
1712120 630
1712130 630
1712140 629
1712150 629
1712160 629
1712170 628
1712180 628
1712190 628
1712200 628
1712210 627
1712220 627
1712230 627
1712240 627
1712250 626
1712260 626
1712270 626
1712280 626
1712290 626
1712300 625
1712310 625
1712320 625
1712330 625
1712340 624
1712350 624
1712360 624
1712370 624
1712380 623
1712390 623
1712400 622
1712410 622
1712420 621
1712430 621
1712440 620
1712450 620
1712460 619
1712470 618
1712480 618
1712490 618
1712500 617
1712510 616
1712520 616
1712530 615
1712540 615
1712550 615
1712560 614
1712570 613
1712580 613
1712590 612
1712600 612
1712610 611
1712620 611
1712630 611
1712640 610
1712650 610
1712660 610
1712670 610
1712680 609
1712690 609
1712700 609
1712710 608
1712720 607
1712730 605
1712740 603
1712750 602
1712760 601
1712770 600
1712780 600
1712790 600
1712800 600
1712810 599
1712820 599
1712830 599
1712840 598
1712850 597
1712860 597
1712870 596
1712880 596
1712890 595
1712900 594
1712910 594
1712920 594
1712930 594
1712940 593
1712950 593
1712960 592
1712970 592
1712980 591
1712990 591
1713000 590
1713010 589
1713020 589
1713030 589
1713040 589
1713050 589
1713060 589
1713070 589
1713080 590
1713090 590
1713100 591
1713110 591
1713120 590
1713130 591
1713140 591
1713150 591
1713160 592
1713170 593
1713180 594
1713190 595
1713200 597
1713210 599
1713220 600
1713230 600
1713240 600
1713250 599
1713260 597
1713270 596
1713280 595
1713290 594
1713300 592
1713310 590
1713320 588
1713330 585
1713340 582
1713350 578
1713360 574
1713370 570
1713380 566
1713390 563
1713400 559
1713410 556
1713420 552
1713430 548
1713440 544
1713450 541
1713460 537
1713470 534
1713480 530
1713490 527
1713500 523
1713510 519
1713520 516
1713530 512
1713540 509
1713550 507
1713560 504
1713570 502
1713580 500
1713590 498
1713600 496
1713610 494
1713620 492
1713630 490
1713640 488
1713650 486
1713660 484
1713670 482
1713680 480
1713690 478
1713700 476
1713710 474
1713720 471
1713730 470
1713740 470
1713750 470
1713760 469
1713770 469
1713780 469
1713790 469
1713800 469
1713810 469
1713820 469
1713830 469
1713840 469
1713850 469
1713860 469
1713870 469
1713880 469
1713890 470
1713900 473
1713910 475
1713920 478
1713930 481
1713940 483
1713950 485
1713960 488
1713970 491
1713980 495
1713990 498
1714000 502
1714010 507
1714020 512
1714030 516
1714040 519
1714050 522
1714060 526
1714070 529
1714080 532
1714090 535
1714100 539
1714110 542
1714120 545
1714130 548
1714140 551
1714150 555
1714160 559
1714170 562
1714180 566
1714190 569
1714200 572
1714210 576
1714220 579
1714230 582
1714240 585
1714250 588
1714260 591
1714270 594
1714280 598
1714290 601
1714300 603
1714310 605
1714320 606
1714330 608
1714340 610
1714350 613
1714360 616
1714370 618
1714380 619
1714390 620
1714400 620
1714410 622
1714420 623
1714430 624
1714440 624
1714450 625
1714460 626
1714470 627
1714480 627
1714490 628
1714500 627
1714510 627
1714520 625
1714530 623
1714540 621
1714550 618
1714560 616
1714570 613
1714580 611
1714590 608
1714600 606
1714610 603
1714620 600
1714630 597
1714640 594
1714650 591
1714660 589
1714670 587
1714680 586
1714690 584
1714700 582
1714710 580
1714720 579
1714730 577
1714740 576
1714750 574
1714760 573
1714770 571
1714780 569
1714790 567
1714800 565
1714810 563
1714820 561
1714830 559
1714840 557
1714850 555
1714860 551
1714870 548
1714880 548
1714890 547
1714900 547
1714910 547
1714920 547
1714930 547
1714940 547
1714950 546
1714960 545
1714970 545
1714980 544
1714990 543
1715000 542
1715010 541
1715020 540
1715030 539
1715040 538
1715050 537
1715060 535
1715070 534
1715080 533
1715090 531
1715100 530
1715110 529
1715120 529
1715130 529
1715140 529
1715150 530
1715160 531
1715170 531
1715180 532
1715190 533
1715200 533
1715210 534
1715220 534
1715230 534
1715240 534
1715250 534
1715260 533
1715270 533
1715280 533
1715290 533
1715300 533
1715310 534
1715320 535
1715330 536
1715340 537
1715350 537
1715360 538
1715370 538
1715380 538
1715390 537
1715400 537
1715410 536
1715420 536
1715430 534
1715440 533
1715450 534
1715460 535
1715470 537
1715480 539
1715490 541
1715500 543
1715510 545
1715520 546
1715530 548
1715540 548
1715550 550
1715560 553
1715570 556
1715580 558
1715590 560
1715600 560
1715610 559
1715620 558
1715630 558
1715640 557
1715650 557
1715660 556
1715670 555
1715680 555
1715690 553
1715700 552
1715710 550
1715720 548
1715730 546
1715740 543
1715750 540
1715760 536
1715770 532
1715780 529
1715790 526
1715800 522
1715810 518
1715820 515
1715830 511
1715840 508
1715850 505
1715860 502
1715870 500
1715880 499
1715890 499
1715900 498
1715910 497
1715920 497
1715930 495
1715940 493
1715950 490
1715960 489
1715970 487
1715980 485
1715990 482
1716000 480
1716010 478
1716020 476
1716030 474
1716040 471
1716050 467
1716060 464
1716070 461
1716080 460
1716090 458
1716100 456
1716110 455
1716120 453
1716130 451
1716140 448
1716150 446
1716160 444
1716170 441
1716180 439
1716190 436
1716200 436
1716210 437
1716220 439
1716230 440
1716240 441
1716250 444
1716260 448
1716270 452
1716280 455
1716290 455
1716300 454
1716310 453
1716320 455
1716330 456
1716340 457
1716350 457
1716360 455
1716370 454
1716380 453
1716390 451
1716400 450
1716410 450
1716420 452
1716430 455
1716440 455
1716450 454
1716460 452
1716470 451
1716480 451
1716490 451
1716500 451
1716510 451
1716520 450
1716530 449
1716540 448
1716550 448
1716560 447
1716570 446
1716580 443
1716590 441
1716600 438
1716610 436
1716620 435
1716630 435
1716640 435
1716650 434
1716660 433
1716670 432
1716680 431
1716690 430
1716700 428
1716710 427
1716720 425
1716730 424
1716740 423
1716750 423
1716760 422
1716770 421
1716780 420
1716790 419
1716800 419
1716810 418
1716820 418
1716830 417
1716840 417
1716850 417
1716860 417
1716870 416
1716880 417
1716890 417
1716900 417
1716910 418
1716920 419
1716930 420
1716940 422
1716950 423
1716960 424
1716970 426
1716980 428
1716990 430
1717000 433
1717010 436
1717020 439
1717030 443
1717040 447
1717050 451
1717060 455
1717070 460
1717080 464
1717090 470
1717100 475
1717110 481
1717120 488
1717130 494
1717140 500
1717150 505
1717160 509
1717170 510
1717180 508
1717190 506
1717200 504
1717210 502
1717220 501
1717230 499
1717240 498
1717250 497
1717260 498
1717270 497
1717280 495
1717290 493
1717300 490
1717310 488
1717320 486
1717330 485
1717340 483
1717350 481
1717360 479
1717370 476
1717380 474
1717390 471
1717400 470
1717410 469
1717420 471
1717430 474
1717440 476
1717450 480
1717460 483
1717470 488
1717480 493
1717490 498
1717500 503
1717510 509
1717520 513
1717530 517
1717540 520
1717550 522
1717560 524
1717570 524
1717580 524
1717590 523
1717600 522
1717610 520
1717620 518
1717630 516
1717640 514
1717650 513
1717660 511
1717670 510
1717680 508
1717690 507
1717700 506
1717710 505
1717720 505
1717730 504
1717740 503
1717750 503
1717760 502
1717770 502
1717780 501
1717790 501
1717800 500
1717810 499
1717820 499
1717830 502
1717840 505
1717850 508
1717860 511
1717870 514
1717880 516
1717890 519
1717900 522
1717910 525
1717920 528
1717930 530
1717940 534
1717950 538
1717960 542
1717970 546
1717980 548
1717990 550
1718000 552
1718010 553
1718020 555
1718030 556
1718040 556
1718050 555
1718060 555
1718070 555
1718080 555
1718090 556
1718100 557
1718110 558
1718120 559
1718130 561
1718140 563
1718150 564
1718160 564
1718170 564
1718180 565
1718190 566
1718200 568
1718210 568
1718220 569
1718230 570
1718240 570
1718250 570
1718260 570
1718270 570
1718280 570
1718290 570
1718300 570
1718310 570
1718320 570
1718330 570
1718340 571
1718350 571
1718360 572
1718370 572
1718380 572
1718390 572
1718400 572
1718410 572
1718420 572
1718430 572
1718440 572
1718450 572
1718460 571
1718470 571
1718480 571
1718490 570
1718500 569
1718510 569
1718520 569
1718530 569
1718540 568
1718550 568
1718560 568
1718570 567
1718580 567
1718590 567
1718600 566
1718610 566
1718620 565
1718630 565
1718640 565
1718650 564
1718660 564
1718670 563
1718680 563
1718690 562
1718700 562
1718710 562
1718720 561
1718730 560
1718740 560
1718750 559
1718760 559
1718770 558
1718780 557
1718790 557
1718800 556
1718810 556
1718820 555
1718830 555
1718840 554
1718850 553
1718860 552
1718870 551
1718880 551
1718890 550
1718900 548
1718910 547
1718920 547
1718930 546
1718940 546
1718950 545
1718960 546
1718970 548
1718980 550
1718990 552
1719000 554
1719010 554
1719020 554
1719030 553
1719040 553
1719050 552
1719060 552
1719070 551
1719080 551
1719090 551
1719100 550
1719110 550
1719120 550
1719130 549
1719140 549
1719150 549
1719160 550
1719170 550
1719180 550
1719190 550
1719200 551
1719210 551
1719220 552
1719230 552
1719240 553
1719250 553
1719260 553
1719270 554
1719280 554
1719290 555
1719300 555
1719310 556
1719320 557
1719330 558
1719340 559
1719350 560
1719360 561
1719370 562
1719380 563
1719390 564
1719400 565
1719410 566
1719420 568
1719430 569
1719440 569
1719450 570
1719460 571
1719470 571
1719480 572
1719490 573
1719500 573
1719510 574
1719520 575
1719530 576
1719540 576
1719550 576
1719560 577
1719570 577
1719580 577
1719590 578
1719600 578
1719610 579
1719620 580
1719630 580
1719640 580
1719650 580
1719660 580
1719670 580
1719680 580
1719690 579
1719700 579
1719710 578
1719720 578
1719730 577
1719740 577
1719750 576
1719760 576
1719770 575
1719780 575
1719790 574
1719800 574
1719810 574
1719820 573
1719830 573
1719840 572
1719850 571
1719860 570
1719870 569
1719880 569
1719890 568
1719900 568
1719910 568
1719920 567
1719930 566
1719940 565
1719950 564
1719960 563
1719970 562
1719980 562
1719990 561
