1700000 702
1700010 701
1700020 699
1700030 697
1700040 695
1700050 693
1700060 692
1700070 691
1700080 691
1700090 690
1700100 690
1700110 690
1700120 689
1700130 689
1700140 689
1700150 689
1700160 689
1700170 690
1700180 691
1700190 691
1700200 692
1700210 692
1700220 692
1700230 693
1700240 692
1700250 692
1700260 691
1700270 691
1700280 692
1700290 692
1700300 693
1700310 694
1700320 694
1700330 694
1700340 695
1700350 695
1700360 696
1700370 697
1700380 697
1700390 698
1700400 699
1700410 700
1700420 701
1700430 701
1700440 702
1700450 703
1700460 704
1700470 705
1700480 706
1700490 707
1700500 708
1700510 709
1700520 710
1700530 711
1700540 711
1700550 712
1700560 713
1700570 714
1700580 715
1700590 716
1700600 717
1700610 718
1700620 719
1700630 720
1700640 722
1700650 723
1700660 723
1700670 724
1700680 724
1700690 725
1700700 726
1700710 727
1700720 727
1700730 728
1700740 729
1700750 729
1700760 730
1700770 730
1700780 731
1700790 732
1700800 733
1700810 734
1700820 735
1700830 735
1700840 736
1700850 737
1700860 738
1700870 739
1700880 739
1700890 740
1700900 740
1700910 741
1700920 742
1700930 742
1700940 743
1700950 743
1700960 744
1700970 744
1700980 745
1700990 745
1701000 746
1701010 746
1701020 746
1701030 746
1701040 746
1701050 746
1701060 745
1701070 745
1701080 745
1701090 745
1701100 744
1701110 744
1701120 744
1701130 743
1701140 743
1701150 743
1701160 743
1701170 743
1701180 743
1701190 743
1701200 744
1701210 744
1701220 744
1701230 744
1701240 744
1701250 744
1701260 745
1701270 745
1701280 745
1701290 745
1701300 746
1701310 746
1701320 746
1701330 746
1701340 747
1701350 747
1701360 748
1701370 748
1701380 749
1701390 749
1701400 749
1701410 749
1701420 750
1701430 750
1701440 750
1701450 750
1701460 751
1701470 751
1701480 751
1701490 752
1701500 752
1701510 752
1701520 753
1701530 753
1701540 753
1701550 754
1701560 754
1701570 754
1701580 754
1701590 755
1701600 755
1701610 755
1701620 755
1701630 755
1701640 756
1701650 756
1701660 756
1701670 756
1701680 756
1701690 756
1701700 756
1701710 755
1701720 755
1701730 755
1701740 755
1701750 754
1701760 754
1701770 754
1701780 753
1701790 753
1701800 752
1701810 752
1701820 752
1701830 751
1701840 751
1701850 750
1701860 750
1701870 750
1701880 749
1701890 749
1701900 748
1701910 748
1701920 747
1701930 747
1701940 747
1701950 746
1701960 746
1701970 745
1701980 745
1701990 744
1702000 744
1702010 743
1702020 743
1702030 742
1702040 742
1702050 742
1702060 741
1702070 741
1702080 741
1702090 741
1702100 740
1702110 740
1702120 740
1702130 740
1702140 740
1702150 740
1702160 740
1702170 740
1702180 740
1702190 740
1702200 741
1702210 741
1702220 741
1702230 741
1702240 742
1702250 742
1702260 742
1702270 743
1702280 743
1702290 743
1702300 743
1702310 743
1702320 743
1702330 743
1702340 743
1702350 743
1702360 743
1702370 744
1702380 744
1702390 744
1702400 745
1702410 745
1702420 746
1702430 746
1702440 747
1702450 747
1702460 748
1702470 748
1702480 749
1702490 749
1702500 749
1702510 749
1702520 750
1702530 750
1702540 750
1702550 750
1702560 749
1702570 749
1702580 749
1702590 749
1702600 748
1702610 748
1702620 747
1702630 746
1702640 746
1702650 745
1702660 745
1702670 744
1702680 743
1702690 743
1702700 742
1702710 742
1702720 741
1702730 741
1702740 740
1702750 740
1702760 739
1702770 739
1702780 738
1702790 738
1702800 737
1702810 737
1702820 736
1702830 736
1702840 735
1702850 735
1702860 734
1702870 734
1702880 733
1702890 733
1702900 732
1702910 732
1702920 731
1702930 730
1702940 730
1702950 730
1702960 729
1702970 729
1702980 729
1702990 728
1703000 728
1703010 727
1703020 727
1703030 727
1703040 726
1703050 726
1703060 725
1703070 725
1703080 724
1703090 724
1703100 724
1703110 723
1703120 723
1703130 722
1703140 722
1703150 721
1703160 721
1703170 720
1703180 720
1703190 719
1703200 719
1703210 718
1703220 718
1703230 717
1703240 716
1703250 714
1703260 712
1703270 711
1703280 709
1703290 707
1703300 706
1703310 705
1703320 704
1703330 703
1703340 702
1703350 702
1703360 701
1703370 700
1703380 700
1703390 699
1703400 699
1703410 699
1703420 698
1703430 698
1703440 698
1703450 698
1703460 698
1703470 698
1703480 697
1703490 696
1703500 695
1703510 694
1703520 693
1703530 692
1703540 690
1703550 688
1703560 686
1703570 684
1703580 683
1703590 683
1703600 684
1703610 685
1703620 685
1703630 685
1703640 686
1703650 688
1703660 690
1703670 693
1703680 696
1703690 699
1703700 702
1703710 704
1703720 706
1703730 707
1703740 708
1703750 709
1703760 709
1703770 710
1703780 711
1703790 711
1703800 712
1703810 713
1703820 714
1703830 715
1703840 715
1703850 716
1703860 717
1703870 718
1703880 719
1703890 719
1703900 720
1703910 721
1703920 722
1703930 722
1703940 723
1703950 723
1703960 724
1703970 725
1703980 725
1703990 726
1704000 726
1704010 726
1704020 727
1704030 727
1704040 727
1704050 727
1704060 728
1704070 728
1704080 729
1704090 729
1704100 729
1704110 730
1704120 730
1704130 730
1704140 729
1704150 729
1704160 728
1704170 726
1704180 725
1704190 723
1704200 722
1704210 720
1704220 719
1704230 718
1704240 717
1704250 717
1704260 716
1704270 715
1704280 715
1704290 714
1704300 714
1704310 713
1704320 712
1704330 711
1704340 710
1704350 709
1704360 708
1704370 707
1704380 706
1704390 705
1704400 704
1704410 702
1704420 700
1704430 698
1704440 696
1704450 694
1704460 693
1704470 691
1704480 690
1704490 689
1704500 688
1704510 687
1704520 686
1704530 686
1704540 686
1704550 686
1704560 686
1704570 685
1704580 683
1704590 682
1704600 680
1704610 679
1704620 678
1704630 678
1704640 678
1704650 678
1704660 678
1704670 678
1704680 679
1704690 680
1704700 681
1704710 682
1704720 683
1704730 685
1704740 685
1704750 686
1704760 687
1704770 688
1704780 689
1704790 691
1704800 693
1704810 694
1704820 695
1704830 695
1704840 696
1704850 696
1704860 697
1704870 698
1704880 698
1704890 699
1704900 700
1704910 701
1704920 701
1704930 701
1704940 701
1704950 701
1704960 701
1704970 702
1704980 702
1704990 702
1705000 702
1705010 703
1705020 703
1705030 704
1705040 704
1705050 704
1705060 705
1705070 706
1705080 706
1705090 707
1705100 707
1705110 707
1705120 708
1705130 708
1705140 709
1705150 709
1705160 710
1705170 711
1705180 711
1705190 712
1705200 712
1705210 713
1705220 713
1705230 714
1705240 714
1705250 715
1705260 715
1705270 716
1705280 716
1705290 717
1705300 717
1705310 718
1705320 719
1705330 719
1705340 720
1705350 720
1705360 721
1705370 721
1705380 721
1705390 722
1705400 722
1705410 723
1705420 723
1705430 724
1705440 724
1705450 724
1705460 725
1705470 725
1705480 725
1705490 725
1705500 726
1705510 726
1705520 726
1705530 727
1705540 727
1705550 727
1705560 727
1705570 727
1705580 728
1705590 728
1705600 728
1705610 728
1705620 728
1705630 729
1705640 729
1705650 729
1705660 729
1705670 729
1705680 729
1705690 729
1705700 729
1705710 729
1705720 730
1705730 730
1705740 730
1705750 730
1705760 730
1705770 731
1705780 731
1705790 731
1705800 731
1705810 731
1705820 731
1705830 731
1705840 731
1705850 732
1705860 732
1705870 732
1705880 732
1705890 732
1705900 733
1705910 733
1705920 733
1705930 733
1705940 734
1705950 734
1705960 734
1705970 734
1705980 735
1705990 735
1706000 735
1706010 735
1706020 736
1706030 736
1706040 736
1706050 736
1706060 737
1706070 737
1706080 737
1706090 737
1706100 738
1706110 738
1706120 738
1706130 738
1706140 739
1706150 739
1706160 739
1706170 739
1706180 739
1706190 739
1706200 740
1706210 740
1706220 740
1706230 740
1706240 740
1706250 740
1706260 739
1706270 739
1706280 739
1706290 739
1706300 739
1706310 739
1706320 739
1706330 739
1706340 738
1706350 738
1706360 738
1706370 738
1706380 737
1706390 737
1706400 737
1706410 737
1706420 737
1706430 736
1706440 736
1706450 736
1706460 736
1706470 735
1706480 735
1706490 735
1706500 734
1706510 734
1706520 734
1706530 733
1706540 733
1706550 732
1706560 732
1706570 732
1706580 731
1706590 731
1706600 730
1706610 730
1706620 729
1706630 729
1706640 728
1706650 728
1706660 728
1706670 728
1706680 727
1706690 727
1706700 727
1706710 726
1706720 726
1706730 726
1706740 726
1706750 725
1706760 725
1706770 725
1706780 725
1706790 724
1706800 724
1706810 724
1706820 724
1706830 724
1706840 723
1706850 723
1706860 723
1706870 722
1706880 722
1706890 721
1706900 721
1706910 720
1706920 720
1706930 719
1706940 718
1706950 718
1706960 717
1706970 717
1706980 716
1706990 716
1707000 715
1707010 714
1707020 714
1707030 713
1707040 713
1707050 712
1707060 712
1707070 711
1707080 709
1707090 708
1707100 707
1707110 706
1707120 705
1707130 705
1707140 705
1707150 704
1707160 704
1707170 704
1707180 704
1707190 703
1707200 703
1707210 703
1707220 702
1707230 702
1707240 701
1707250 701
1707260 701
1707270 701
1707280 700
1707290 700
1707300 700
1707310 700
1707320 700
1707330 700
1707340 700
1707350 700
1707360 700
1707370 699
1707380 699
1707390 699
1707400 699
1707410 700
1707420 700
1707430 700
1707440 701
1707450 701
1707460 701
1707470 701
1707480 701
1707490 701
1707500 701
1707510 701
1707520 701
1707530 701
1707540 702
1707550 702
1707560 702
1707570 702
1707580 702
1707590 702
1707600 702
1707610 702
1707620 702
1707630 702
1707640 702
1707650 703
1707660 703
1707670 703
1707680 703
1707690 703
1707700 703
1707710 704
1707720 704
1707730 704
1707740 705
1707750 705
1707760 705
1707770 705
1707780 705
1707790 705
1707800 705
1707810 705
1707820 706
1707830 706
1707840 706
1707850 706
1707860 706
1707870 707
1707880 707
1707890 707
1707900 708
1707910 708
1707920 708
1707930 708
1707940 709
1707950 709
1707960 709
1707970 709
1707980 709
1707990 710
1708000 710
1708010 710
1708020 710
1708030 710
1708040 710
1708050 710
1708060 710
1708070 710
1708080 710
1708090 710
1708100 710
1708110 710
1708120 709
1708130 709
1708140 709
1708150 709
1708160 709
1708170 709
1708180 708
1708190 708
1708200 708
1708210 707
1708220 707
1708230 707
1708240 706
1708250 706
1708260 706
1708270 705
1708280 705
1708290 704
1708300 704
1708310 703
1708320 703
1708330 702
1708340 702
1708350 701
1708360 700
1708370 700
1708380 700
1708390 700
1708400 700
1708410 701
1708420 702
1708430 702
1708440 703
1708450 703
1708460 704
1708470 704
1708480 705
1708490 705
1708500 706
1708510 706
1708520 707
1708530 707
1708540 708
1708550 709
1708560 709
1708570 710
1708580 711
1708590 711
1708600 712
1708610 713
1708620 713
1708630 714
1708640 714
1708650 715
1708660 716
1708670 716
1708680 717
1708690 717
1708700 718
1708710 719
1708720 719
1708730 720
1708740 721
1708750 721
1708760 722
1708770 722
1708780 722
1708790 722
1708800 722
1708810 723
1708820 723
1708830 723
1708840 723
1708850 723
1708860 723
1708870 723
1708880 722
1708890 722
1708900 722
1708910 722
1708920 721
1708930 720
1708940 720
1708950 719
1708960 719
1708970 719
1708980 718
1708990 718
1709000 718
1709010 717
1709020 717
1709030 716
1709040 716
1709050 716
1709060 715
1709070 715
1709080 715
1709090 714
1709100 714
1709110 714
1709120 713
1709130 713
1709140 713
1709150 712
1709160 712
1709170 712
1709180 711
1709190 711
1709200 711
1709210 711
1709220 710
1709230 710
1709240 710
1709250 709
1709260 709
1709270 709
1709280 708
1709290 708
1709300 708
1709310 707
1709320 707
1709330 707
1709340 706
1709350 706
1709360 705
1709370 705
1709380 705
1709390 704
1709400 704
1709410 704
1709420 703
1709430 703
1709440 702
1709450 702
1709460 702
1709470 701
1709480 701
1709490 701
1709500 700
1709510 700
1709520 700
1709530 700
1709540 699
1709550 698
1709560 698
1709570 698
1709580 698
1709590 697
1709600 697
1709610 697
1709620 697
1709630 696
1709640 696
1709650 696
1709660 696
1709670 696
1709680 696
1709690 696
1709700 696
1709710 696
1709720 696
1709730 696
1709740 696
1709750 696
1709760 696
1709770 697
1709780 697
1709790 697
1709800 697
1709810 698
1709820 698
1709830 699
1709840 700
1709850 700
1709860 700
1709870 700
1709880 700
1709890 699
1709900 699
1709910 699
1709920 699
1709930 699
1709940 699
1709950 699
1709960 700
1709970 702
1709980 703
1709990 703
1710000 702
1710010 701
1710020 700
1710030 700
1710040 700
1710050 700
1710060 699
1710070 699
1710080 698
1710090 698
1710100 698
1710110 697
1710120 697
1710130 697
1710140 696
1710150 696
1710160 695
1710170 694
1710180 694
1710190 693
1710200 693
1710210 692
1710220 692
1710230 691
1710240 691
1710250 690
1710260 690
1710270 690
1710280 689
1710290 689
1710300 689
1710310 689
1710320 689
1710330 689
1710340 689
1710350 690
1710360 690
1710370 690
1710380 690
1710390 689
1710400 689
1710410 689
1710420 689
1710430 689
1710440 689
1710450 688
1710460 688
1710470 688
1710480 688
1710490 687
1710500 687
1710510 687
1710520 687
1710530 686
1710540 685
1710550 685
1710560 684
1710570 684
1710580 683
1710590 683
1710600 682
1710610 682
1710620 681
1710630 680
1710640 679
1710650 678
1710660 678
1710670 678
1710680 678
1710690 678
1710700 677
1710710 677
1710720 676
1710730 676
1710740 676
1710750 675
1710760 675
1710770 675
1710780 674
1710790 674
1710800 673
1710810 672
1710820 672
1710830 672
1710840 671
1710850 671
1710860 670
1710870 669
1710880 669
1710890 669
1710900 669
1710910 668
1710920 667
1710930 667
1710940 667
1710950 667
1710960 666
1710970 666
1710980 665
1710990 665
1711000 664
1711010 664
1711020 664
1711030 664
1711040 663
1711050 663
1711060 663
1711070 663
1711080 663
1711090 663
1711100 662
1711110 661
1711120 660
1711130 660
1711140 659
1711150 658
1711160 657
1711170 657
1711180 657
1711190 656
1711200 655
1711210 654
1711220 654
1711230 653
1711240 653
1711250 652
1711260 652
1711270 652
1711280 652
1711290 651
1711300 652
1711310 652
1711320 652
1711330 653
1711340 653
1711350 653
1711360 653
1711370 653
1711380 652
1711390 651
1711400 651
1711410 650
1711420 650
1711430 649
1711440 648
1711450 647
1711460 646
1711470 646
1711480 645
1711490 644
1711500 644
1711510 644
1711520 643
1711530 642
1711540 642
1711550 641
1711560 641
1711570 640
1711580 640
1711590 639
1711600 639
1711610 638
1711620 638
1711630 638
1711640 637
1711650 637
1711660 636
1711670 636
1711680 636
1711690 635
1711700 635
1711710 634
1711720 634
1711730 634
1711740 633
1711750 633
1711760 632
1711770 632
1711780 631
1711790 631
1711800 631
1711810 630
1711820 630
1711830 630
1711840 630
1711850 629
1711860 629
1711870 628
1711880 627
1711890 627
1711900 626
1711910 626
1711920 626
1711930 625
1711940 625
1711950 625
1711960 624
1711970 624
1711980 624
1711990 623
1712000 623
1712010 623
1712020 623
1712030 623
1712040 623
1712050 623
1712060 623
1712070 623
1712080 623
1712090 624
1712100 624
1712110 624
1712120 624
1712130 624
1712140 624
1712150 624
1712160 624
1712170 624
1712180 625
1712190 625
1712200 625
1712210 625
1712220 626
1712230 626
1712240 626
1712250 626
1712260 627
1712270 627
1712280 627
1712290 627
1712300 627
1712310 628
1712320 628
1712330 628
1712340 629
1712350 629
1712360 630
1712370 630
1712380 631
1712390 631
1712400 632
1712410 633
1712420 634
1712430 635
1712440 636
1712450 638
1712460 639
1712470 640
1712480 641
1712490 642
1712500 643
1712510 644
1712520 644
1712530 645
1712540 645
1712550 644
1712560 644
1712570 643
1712580 643
1712590 642
1712600 641
1712610 641
1712620 640
1712630 639
1712640 638
1712650 638
1712660 637
1712670 636
1712680 636
1712690 635
1712700 634
1712710 634
1712720 633
1712730 632
1712740 632
1712750 631
1712760 631
1712770 630
1712780 630
1712790 629
1712800 629
1712810 628
1712820 628
1712830 627
1712840 627
1712850 626
1712860 626
1712870 625
1712880 625
1712890 624
1712900 623
1712910 623
1712920 622
1712930 621
1712940 620
1712950 619
1712960 618
1712970 617
1712980 617
1712990 616
1713000 615
1713010 614
1713020 614
1713030 613
1713040 612
1713050 611
1713060 610
1713070 610
1713080 609
1713090 608
1713100 608
1713110 606
1713120 605
1713130 605
1713140 604
1713150 603
1713160 603
1713170 602
1713180 601
1713190 599
1713200 598
1713210 597
1713220 596
1713230 595
1713240 594
1713250 593
1713260 592
1713270 590
1713280 589
1713290 588
1713300 587
1713310 586
1713320 585
1713330 584
1713340 582
1713350 581
1713360 579
1713370 578
1713380 577
1713390 576
1713400 575
1713410 574
1713420 572
1713430 571
1713440 570
1713450 569
1713460 566
1713470 564
1713480 560
1713490 557
1713500 554
1713510 551
1713520 548
1713530 546
1713540 543
1713550 540
1713560 537
1713570 534
1713580 531
1713590 528
1713600 525
1713610 522
1713620 519
1713630 516
1713640 514
1713650 513
1713660 512
1713670 514
1713680 515
1713690 517
1713700 516
1713710 513
1713720 511
1713730 508
1713740 505
1713750 503
1713760 502
1713770 500
1713780 499
1713790 498
1713800 496
1713810 494
1713820 492
1713830 491
1713840 489
1713850 488
1713860 487
1713870 486
1713880 485
1713890 484
1713900 482
1713910 481
1713920 479
1713930 478
1713940 477
1713950 476
1713960 476
1713970 475
1713980 475
1713990 474
1714000 474
1714010 474
1714020 474
1714030 474
1714040 473
1714050 473
1714060 473
1714070 473
1714080 474
1714090 474
1714100 474
1714110 474
1714120 474
1714130 474
1714140 475
1714150 477
1714160 480
1714170 484
1714180 488
1714190 491
1714200 496
1714210 500
1714220 504
1714230 509
1714240 514
1714250 519
1714260 524
1714270 528
1714280 533
1714290 539
1714300 544
1714310 548
1714320 551
1714330 555
1714340 560
1714350 563
1714360 567
1714370 571
1714380 575
1714390 580
1714400 585
1714410 591
1714420 594
1714430 596
1714440 596
1714450 596
1714460 596
1714470 595
1714480 595
1714490 596
1714500 596
1714510 597
1714520 599
1714530 601
1714540 603
1714550 605
1714560 606
1714570 608
1714580 610
1714590 611
1714600 613
1714610 614
1714620 616
1714630 618
1714640 619
1714650 621
1714660 623
1714670 625
1714680 626
1714690 628
1714700 629
1714710 631
1714720 632
1714730 633
1714740 633
1714750 633
1714760 633
1714770 634
1714780 634
1714790 634
1714800 633
1714810 632
1714820 631
1714830 630
1714840 628
1714850 627
1714860 625
1714870 623
1714880 621
1714890 619
1714900 618
1714910 616
1714920 615
1714930 614
1714940 613
1714950 612
1714960 611
1714970 611
1714980 611
1714990 611
1715000 612
1715010 613
1715020 614
1715030 614
1715040 614
1715050 614
1715060 613
1715070 613
1715080 612
1715090 612
1715100 611
1715110 610
1715120 610
1715130 609
1715140 609
1715150 608
1715160 607
1715170 606
1715180 606
1715190 605
1715200 604
1715210 603
1715220 602
1715230 602
1715240 601
1715250 600
1715260 599
1715270 599
1715280 598
1715290 598
1715300 597
1715310 597
1715320 596
1715330 596
1715340 595
1715350 594
1715360 593
1715370 592
1715380 591
1715390 590
1715400 589
1715410 588
1715420 587
1715430 586
1715440 584
1715450 583
1715460 582
1715470 581
1715480 580
1715490 579
1715500 578
1715510 577
1715520 575
1715530 574
1715540 573
1715550 572
1715560 571
1715570 570
1715580 568
1715590 567
1715600 566
1715610 564
1715620 563
1715630 561
1715640 559
1715650 557
1715660 554
1715670 553
1715680 552
1715690 552
1715700 553
1715710 555
1715720 556
1715730 557
1715740 559
1715750 560
1715760 560
1715770 561
1715780 561
1715790 561
1715800 561
1715810 561
1715820 562
1715830 562
1715840 562
1715850 562
1715860 562
1715870 561
1715880 561
1715890 561
1715900 562
1715910 562
1715920 563
1715930 565
1715940 567
1715950 568
1715960 569
1715970 570
1715980 572
1715990 574
1716000 575
1716010 576
1716020 577
1716030 576
1716040 575
1716050 574
1716060 573
1716070 572
1716080 570
1716090 568
1716100 566
1716110 564
1716120 562
1716130 560
1716140 558
1716150 557
1716160 556
1716170 555
1716180 554
1716190 553
1716200 553
1716210 552
1716220 552
1716230 551
1716240 551
1716250 551
1716260 551
1716270 550
1716280 550
1716290 550
1716300 550
1716310 550
1716320 550
1716330 549
1716340 549
1716350 548
1716360 548
1716370 548
1716380 547
1716390 547
1716400 547
1716410 546
1716420 546
1716430 546
1716440 545
1716450 545
1716460 544
1716470 543
1716480 542
1716490 541
1716500 540
1716510 539
1716520 538
1716530 537
1716540 535
1716550 533
1716560 531
1716570 529
1716580 527
1716590 525
1716600 523
1716610 521
1716620 519
1716630 517
1716640 514
1716650 511
1716660 508
1716670 506
1716680 504
1716690 503
1716700 501
1716710 500
1716720 498
1716730 498
1716740 497
1716750 496
1716760 495
1716770 495
1716780 494
1716790 493
1716800 492
1716810 491
1716820 490
1716830 489
1716840 487
1716850 485
1716860 482
1716870 479
1716880 475
1716890 472
1716900 469
1716910 466
1716920 463
1716930 459
1716940 456
1716950 453
1716960 449
1716970 446
1716980 442
1716990 439
1717000 437
1717010 434
1717020 431
1717030 428
1717040 425
1717050 422
1717060 422
1717070 421
1717080 420
1717090 419
1717100 419
1717110 419
1717120 420
1717130 421
1717140 422
1717150 422
1717160 423
1717170 424
1717180 426
1717190 428
1717200 429
1717210 430
1717220 432
1717230 435
1717240 438
1717250 439
1717260 440
1717270 442
1717280 444
1717290 447
1717300 450
1717310 454
1717320 459
1717330 464
1717340 468
1717350 471
1717360 473
1717370 475
1717380 478
1717390 481
1717400 483
1717410 485
1717420 484
1717430 482
1717440 481
1717450 479
1717460 476
1717470 473
1717480 470
1717490 467
1717500 464
1717510 461
1717520 458
1717530 455
1717540 452
1717550 449
1717560 446
1717570 443
1717580 440
1717590 437
1717600 435
1717610 432
1717620 429
1717630 425
1717640 421
1717650 416
1717660 412
1717670 409
1717680 406
1717690 403
1717700 401
1717710 400
1717720 399
1717730 399
1717740 399
1717750 398
1717760 398
1717770 397
1717780 399
1717790 402
1717800 406
1717810 411
1717820 414
1717830 417
1717840 420
1717850 423
1717860 425
1717870 427
1717880 428
1717890 429
1717900 431
1717910 433
1717920 436
1717930 438
1717940 440
1717950 442
1717960 444
1717970 446
1717980 448
1717990 450
1718000 452
1718010 454
1718020 456
1718030 458
1718040 461
1718050 463
1718060 466
1718070 469
1718080 473
1718090 477
1718100 482
1718110 486
1718120 490
1718130 494
1718140 498
1718150 502
1718160 505
1718170 509
1718180 512
1718190 516
1718200 519
1718210 522
1718220 525
1718230 528
1718240 531
1718250 534
1718260 536
1718270 537
1718280 538
1718290 539
1718300 541
1718310 543
1718320 544
1718330 546
1718340 547
1718350 548
1718360 549
1718370 550
1718380 550
1718390 551
1718400 552
1718410 552
1718420 552
1718430 552
1718440 552
1718450 551
1718460 551
1718470 551
1718480 551
1718490 552
1718500 553
1718510 554
1718520 555
1718530 557
1718540 558
1718550 558
1718560 558
1718570 558
1718580 557
1718590 557
1718600 556
1718610 556
1718620 556
1718630 556
1718640 556
1718650 556
1718660 556
1718670 555
1718680 553
1718690 552
1718700 549
1718710 547
1718720 544
1718730 543
1718740 541
1718750 540
1718760 537
1718770 535
1718780 533
1718790 531
1718800 528
1718810 526
1718820 523
1718830 521
1718840 519
1718850 520
1718860 521
1718870 521
1718880 521
1718890 520
1718900 519
1718910 516
1718920 514
1718930 512
1718940 514
1718950 516
1718960 518
1718970 520
1718980 522
1718990 525
1719000 527
1719010 529
1719020 530
1719030 532
1719040 534
1719050 535
1719060 537
1719070 538
1719080 539
1719090 540
1719100 541
1719110 543
1719120 544
1719130 546
1719140 547
1719150 549
1719160 550
1719170 551
1719180 552
1719190 554
1719200 555
1719210 556
1719220 557
1719230 557
1719240 558
1719250 559
1719260 561
1719270 562
1719280 564
1719290 565
1719300 566
1719310 567
1719320 568
1719330 569
1719340 570
1719350 570
1719360 571
1719370 572
1719380 572
1719390 573
1719400 573
1719410 572
1719420 572
1719430 571
1719440 571
1719450 571
1719460 570
1719470 569
1719480 568
1719490 567
1719500 566
1719510 566
1719520 565
1719530 564
1719540 563
1719550 563
1719560 562
1719570 562
1719580 561
1719590 561
1719600 560
1719610 559
1719620 559
1719630 558
1719640 558
1719650 558
1719660 557
1719670 557
1719680 555
1719690 554
1719700 553
1719710 552
1719720 552
1719730 550
1719740 550
1719750 549
1719760 548
1719770 548
1719780 547
1719790 546
1719800 546
1719810 545
1719820 544
1719830 543
1719840 543
1719850 542
1719860 541
1719870 540
1719880 540
1719890 540
1719900 539
1719910 538
1719920 537
1719930 536
1719940 535
1719950 535
1719960 534
1719970 533
1719980 532
1719990 532
