1700000 730
1700010 730
1700020 730
1700030 729
1700040 729
1700050 729
1700060 729
1700070 729
1700080 728
1700090 728
1700100 728
1700110 728
1700120 728
1700130 728
1700140 727
1700150 727
1700160 727
1700170 727
1700180 727
1700190 727
1700200 727
1700210 727
1700220 727
1700230 727
1700240 727
1700250 727
1700260 727
1700270 727
1700280 727
1700290 727
1700300 727
1700310 727
1700320 727
1700330 727
1700340 726
1700350 726
1700360 726
1700370 726
1700380 726
1700390 726
1700400 725
1700410 725
1700420 725
1700430 725
1700440 724
1700450 724
1700460 724
1700470 723
1700480 723
1700490 723
1700500 722
1700510 722
1700520 722
1700530 721
1700540 721
1700550 721
1700560 720
1700570 720
1700580 720
1700590 719
1700600 719
1700610 719
1700620 718
1700630 718
1700640 718
1700650 718
1700660 717
1700670 717
1700680 717
1700690 717
1700700 717
1700710 716
1700720 716
1700730 716
1700740 715
1700750 715
1700760 715
1700770 714
1700780 714
1700790 713
1700800 713
1700810 712
1700820 712
1700830 711
1700840 710
1700850 710
1700860 709
1700870 708
1700880 708
1700890 707
1700900 706
1700910 706
1700920 705
1700930 704
1700940 703
1700950 702
1700960 701
1700970 700
1700980 700
1700990 699
1701000 698
1701010 697
1701020 696
1701030 695
1701040 693
1701050 691
1701060 689
1701070 687
1701080 686
1701090 684
1701100 683
1701110 682
1701120 681
1701130 680
1701140 679
1701150 678
1701160 676
1701170 675
1701180 675
1701190 675
1701200 675
1701210 675
1701220 675
1701230 675
1701240 676
1701250 676
1701260 676
1701270 677
1701280 678
1701290 680
1701300 682
1701310 683
1701320 683
1701330 683
1701340 682
1701350 681
1701360 679
1701370 676
1701380 674
1701390 673
1701400 671
1701410 670
1701420 670
1701430 669
1701440 669
1701450 669
1701460 669
1701470 669
1701480 669
1701490 669
1701500 669
1701510 669
1701520 669
1701530 669
1701540 669
1701550 668
1701560 668
1701570 668
1701580 668
1701590 668
1701600 668
1701610 668
1701620 668
1701630 668
1701640 667
1701650 667
1701660 667
1701670 667
1701680 667
1701690 667
1701700 667
1701710 667
1701720 667
1701730 667
1701740 667
1701750 667
1701760 667
1701770 667
1701780 667
1701790 667
1701800 667
1701810 667
1701820 666
1701830 666
1701840 666
1701850 666
1701860 666
1701870 666
1701880 666
1701890 666
1701900 666
1701910 666
1701920 666
1701930 666
1701940 666
1701950 666
1701960 666
1701970 665
1701980 665
1701990 666
1702000 667
1702010 669
1702020 670
1702030 670
1702040 671
1702050 672
1702060 672
1702070 673
1702080 674
1702090 674
1702100 674
1702110 675
1702120 675
1702130 675
1702140 675
1702150 675
1702160 676
1702170 676
1702180 676
1702190 676
1702200 676
1702210 676
1702220 676
1702230 676
1702240 676
1702250 675
1702260 675
1702270 675
1702280 675
1702290 675
1702300 675
1702310 674
1702320 674
1702330 673
1702340 673
1702350 672
1702360 671
1702370 670
1702380 670
1702390 670
1702400 670
1702410 670
1702420 670
1702430 670
1702440 670
1702450 669
1702460 669
1702470 669
1702480 668
1702490 668
1702500 667
1702510 667
1702520 667
1702530 666
1702540 666
1702550 665
1702560 665
1702570 664
1702580 663
1702590 663
1702600 662
1702610 662
1702620 661
1702630 661
1702640 660
1702650 660
1702660 660
1702670 661
1702680 661
1702690 661
1702700 661
1702710 661
1702720 661
1702730 661
1702740 661
1702750 661
1702760 661
1702770 661
1702780 661
1702790 661
1702800 661
1702810 660
1702820 660
1702830 660
1702840 660
1702850 660
1702860 659
1702870 659
1702880 659
1702890 659
1702900 659
1702910 659
1702920 659
1702930 659
1702940 659
1702950 659
1702960 659
1702970 659
1702980 659
1702990 659
1703000 658
1703010 658
1703020 658
1703030 658
1703040 658
1703050 658
1703060 658
1703070 658
1703080 658
1703090 658
1703100 658
1703110 658
1703120 658
1703130 659
1703140 659
1703150 660
1703160 661
1703170 662
1703180 662
1703190 663
1703200 663
1703210 664
1703220 665
1703230 666
1703240 666
1703250 667
1703260 667
1703270 667
1703280 667
1703290 667
1703300 667
1703310 667
1703320 667
1703330 667
1703340 667
1703350 667
1703360 667
1703370 667
1703380 667
1703390 668
1703400 668
1703410 668
1703420 668
1703430 667
1703440 667
1703450 667
1703460 667
1703470 667
1703480 667
1703490 667
1703500 667
1703510 667
1703520 666
1703530 666
1703540 665
1703550 665
1703560 665
1703570 665
1703580 664
1703590 664
1703600 663
1703610 662
1703620 660
1703630 659
1703640 658
1703650 657
1703660 657
1703670 657
1703680 657
1703690 657
1703700 657
1703710 656
1703720 656
1703730 657
1703740 657
1703750 657
1703760 656
1703770 656
1703780 656
1703790 656
1703800 656
1703810 656
1703820 655
1703830 655
1703840 655
1703850 654
1703860 654
1703870 655
1703880 655
1703890 655
1703900 655
1703910 654
1703920 654
1703930 654
1703940 654
1703950 654
1703960 653
1703970 653
1703980 653
1703990 653
1704000 653
1704010 652
1704020 652
1704030 652
1704040 652
1704050 651
1704060 651
1704070 651
1704080 652
1704090 653
1704100 654
1704110 655
1704120 656
1704130 658
1704140 659
1704150 660
1704160 660
1704170 661
1704180 661
1704190 662
1704200 662
1704210 663
1704220 663
1704230 664
1704240 665
1704250 665
1704260 667
1704270 668
1704280 670
1704290 670
1704300 671
1704310 672
1704320 672
1704330 673
1704340 673
1704350 674
1704360 674
1704370 675
1704380 675
1704390 676
1704400 676
1704410 676
1704420 676
1704430 675
1704440 675
1704450 674
1704460 673
1704470 672
1704480 671
1704490 670
1704500 669
1704510 668
1704520 667
1704530 666
1704540 664
1704550 663
1704560 661
1704570 658
1704580 656
1704590 653
1704600 649
1704610 644
1704620 643
1704630 642
1704640 642
1704650 643
1704660 643
1704670 643
1704680 643
1704690 643
1704700 643
1704710 644
1704720 644
1704730 644
1704740 644
1704750 644
1704760 644
1704770 644
1704780 645
1704790 645
1704800 645
1704810 646
1704820 646
1704830 646
1704840 647
1704850 648
1704860 649
1704870 650
1704880 652
1704890 654
1704900 657
1704910 659
1704920 661
1704930 663
1704940 665
1704950 667
1704960 668
1704970 669
1704980 670
1704990 671
1705000 671
1705010 671
1705020 671
1705030 671
1705040 671
1705050 670
1705060 670
1705070 669
1705080 669
1705090 668
1705100 667
1705110 666
1705120 665
1705130 666
1705140 667
1705150 669
1705160 671
1705170 673
1705180 674
1705190 675
1705200 676
1705210 677
1705220 678
1705230 679
1705240 680
1705250 681
1705260 682
1705270 683
1705280 683
1705290 684
1705300 685
1705310 686
1705320 687
1705330 688
1705340 689
1705350 690
1705360 691
1705370 692
1705380 692
1705390 693
1705400 694
1705410 695
1705420 696
1705430 697
1705440 698
1705450 698
1705460 699
1705470 699
1705480 700
1705490 701
1705500 702
1705510 703
1705520 704
1705530 704
1705540 705
1705550 705
1705560 706
1705570 706
1705580 707
1705590 707
1705600 708
1705610 709
1705620 709
1705630 710
1705640 711
1705650 711
1705660 712
1705670 712
1705680 713
1705690 714
1705700 714
1705710 715
1705720 715
1705730 715
1705740 715
1705750 715
1705760 715
1705770 715
1705780 716
1705790 716
1705800 716
1705810 716
1705820 717
1705830 717
1705840 717
1705850 717
1705860 717
1705870 717
1705880 717
1705890 718
1705900 718
1705910 718
1705920 718
1705930 718
1705940 718
1705950 719
1705960 719
1705970 719
1705980 719
1705990 719
1706000 719
1706010 719
1706020 720
1706030 720
1706040 720
1706050 720
1706060 720
1706070 721
1706080 721
1706090 721
1706100 722
1706110 722
1706120 722
1706130 723
1706140 723
1706150 723
1706160 724
1706170 724
1706180 724
1706190 725
1706200 725
1706210 725
1706220 726
1706230 726
1706240 726
1706250 727
1706260 727
1706270 727
1706280 727
1706290 728
1706300 728
1706310 728
1706320 728
1706330 728
1706340 728
1706350 728
1706360 728
1706370 728
1706380 728
1706390 728
1706400 728
1706410 728
1706420 728
1706430 728
1706440 728
1706450 728
1706460 728
1706470 727
1706480 727
1706490 727
1706500 726
1706510 726
1706520 726
1706530 726
1706540 726
1706550 726
1706560 725
1706570 725
1706580 725
1706590 725
1706600 724
1706610 724
1706620 724
1706630 724
1706640 724
1706650 724
1706660 724
1706670 724
1706680 724
1706690 724
1706700 724
1706710 724
1706720 724
1706730 724
1706740 724
1706750 724
1706760 725
1706770 725
1706780 725
1706790 725
1706800 725
1706810 725
1706820 725
1706830 725
1706840 725
1706850 725
1706860 725
1706870 725
1706880 725
1706890 725
1706900 725
1706910 725
1706920 725
1706930 725
1706940 725
1706950 725
1706960 725
1706970 725
1706980 725
1706990 725
1707000 725
1707010 725
1707020 725
1707030 725
1707040 725
1707050 725
1707060 725
1707070 725
1707080 725
1707090 725
1707100 726
1707110 726
1707120 726
1707130 726
1707140 726
1707150 726
1707160 727
1707170 727
1707180 727
1707190 727
1707200 727
1707210 728
1707220 728
1707230 728
1707240 728
1707250 728
1707260 728
1707270 728
1707280 729
1707290 729
1707300 729
1707310 729
1707320 729
1707330 729
1707340 728
1707350 728
1707360 728
1707370 728
1707380 728
1707390 727
1707400 727
1707410 727
1707420 727
1707430 726
1707440 726
1707450 726
1707460 726
1707470 725
1707480 725
1707490 725
1707500 724
1707510 724
1707520 723
1707530 723
1707540 723
1707550 722
1707560 722
1707570 722
1707580 722
1707590 722
1707600 721
1707610 721
1707620 721
1707630 720
1707640 719
1707650 719
1707660 718
1707670 717
1707680 716
1707690 715
1707700 715
1707710 714
1707720 713
1707730 712
1707740 712
1707750 710
1707760 709
1707770 707
1707780 706
1707790 705
1707800 705
1707810 704
1707820 703
1707830 702
1707840 702
1707850 701
1707860 700
1707870 699
1707880 699
1707890 698
1707900 697
1707910 697
1707920 696
1707930 696
1707940 695
1707950 694
1707960 694
1707970 693
1707980 693
1707990 692
1708000 692
1708010 691
1708020 691
1708030 690
1708040 689
1708050 689
1708060 688
1708070 688
1708080 687
1708090 687
1708100 686
1708110 686
1708120 685
1708130 685
1708140 684
1708150 684
1708160 683
1708170 683
1708180 682
1708190 682
1708200 681
1708210 680
1708220 680
1708230 679
1708240 679
1708250 679
1708260 678
1708270 678
1708280 678
1708290 678
1708300 678
1708310 678
1708320 678
1708330 678
1708340 678
1708350 678
1708360 678
1708370 677
1708380 677
1708390 677
1708400 676
1708410 676
1708420 676
1708430 675
1708440 675
1708450 675
1708460 675
1708470 674
1708480 674
1708490 673
1708500 672
1708510 672
1708520 671
1708530 671
1708540 670
1708550 670
1708560 669
1708570 668
1708580 668
1708590 667
1708600 667
1708610 666
1708620 665
1708630 664
1708640 664
1708650 663
1708660 662
1708670 662
1708680 661
1708690 660
1708700 659
1708710 658
1708720 657
1708730 656
1708740 655
1708750 654
1708760 653
1708770 653
1708780 652
1708790 652
1708800 651
1708810 650
1708820 649
1708830 649
1708840 648
1708850 647
1708860 646
1708870 645
1708880 644
1708890 644
1708900 643
1708910 642
1708920 642
1708930 641
1708940 640
1708950 640
1708960 639
1708970 638
1708980 638
1708990 638
1709000 638
1709010 638
1709020 638
1709030 638
1709040 638
1709050 637
1709060 637
1709070 636
1709080 638
1709090 639
1709100 641
1709110 642
1709120 645
1709130 647
1709140 649
1709150 651
1709160 653
1709170 655
1709180 657
1709190 659
1709200 661
1709210 664
1709220 666
1709230 668
1709240 670
1709250 671
1709260 673
1709270 674
1709280 676
1709290 677
1709300 679
1709310 680
1709320 680
1709330 681
1709340 681
1709350 682
1709360 683
1709370 683
1709380 684
1709390 684
1709400 685
1709410 685
1709420 686
1709430 686
1709440 686
1709450 686
1709460 687
1709470 687
1709480 687
1709490 687
1709500 687
1709510 687
1709520 687
1709530 687
1709540 687
1709550 687
1709560 687
1709570 687
1709580 687
1709590 686
1709600 686
1709610 685
1709620 685
1709630 685
1709640 684
1709650 683
1709660 683
1709670 682
1709680 681
1709690 680
1709700 680
1709710 679
1709720 679
1709730 678
1709740 678
1709750 677
1709760 677
1709770 677
1709780 676
1709790 676
1709800 675
1709810 675
1709820 675
1709830 674
1709840 674
1709850 674
1709860 673
1709870 673
1709880 673
1709890 672
1709900 672
1709910 672
1709920 671
1709930 671
1709940 671
1709950 670
1709960 670
1709970 670
1709980 670
1709990 670
1710000 669
1710010 669
1710020 669
1710030 669
1710040 669
1710050 668
1710060 668
1710070 668
1710080 667
1710090 667
1710100 667
1710110 666
1710120 666
1710130 666
1710140 665
1710150 664
1710160 664
1710170 663
1710180 663
1710190 662
1710200 662
1710210 661
1710220 661
1710230 660
1710240 660
1710250 659
1710260 659
1710270 658
1710280 657
1710290 656
1710300 655
1710310 654
1710320 653
1710330 653
1710340 653
1710350 652
1710360 652
1710370 652
1710380 652
1710390 652
1710400 652
1710410 652
1710420 652
1710430 652
1710440 653
1710450 653
1710460 653
1710470 653
1710480 653
1710490 653
1710500 653
1710510 653
1710520 653
1710530 653
1710540 651
1710550 649
1710560 649
1710570 649
1710580 649
1710590 649
1710600 649
1710610 649
1710620 649
1710630 648
1710640 648
1710650 647
1710660 647
1710670 646
1710680 646
1710690 645
1710700 644
1710710 642
1710720 640
1710730 638
1710740 636
1710750 635
1710760 633
1710770 632
1710780 631
1710790 630
1710800 628
1710810 627
1710820 626
1710830 625
1710840 623
1710850 622
1710860 621
1710870 620
1710880 620
1710890 619
1710900 619
1710910 618
1710920 617
1710930 615
1710940 613
1710950 611
1710960 609
1710970 608
1710980 607
1710990 606
1711000 606
1711010 607
1711020 609
1711030 612
1711040 613
1711050 614
1711060 615
1711070 616
1711080 617
1711090 619
1711100 622
1711110 625
1711120 628
1711130 630
1711140 632
1711150 634
1711160 636
1711170 640
1711180 643
1711190 646
1711200 646
1711210 645
1711220 644
1711230 643
1711240 642
1711250 643
1711260 643
1711270 643
1711280 644
1711290 644
1711300 645
1711310 645
1711320 646
1711330 647
1711340 648
1711350 649
1711360 650
1711370 651
1711380 652
1711390 652
1711400 653
1711410 653
1711420 654
1711430 654
1711440 654
1711450 654
1711460 654
1711470 653
1711480 653
1711490 652
1711500 652
1711510 651
1711520 650
1711530 650
1711540 649
1711550 649
1711560 648
1711570 647
1711580 646
1711590 645
1711600 645
1711610 644
1711620 643
1711630 642
1711640 641
1711650 639
1711660 638
1711670 637
1711680 636
1711690 635
1711700 634
1711710 633
1711720 632
1711730 632
1711740 631
1711750 631
1711760 630
1711770 629
1711780 628
1711790 627
1711800 625
1711810 624
1711820 623
1711830 621
1711840 620
1711850 619
1711860 618
1711870 616
1711880 615
1711890 613
1711900 612
1711910 610
1711920 609
1711930 608
1711940 607
1711950 606
1711960 605
1711970 604
1711980 603
1711990 601
1712000 600
1712010 598
1712020 597
1712030 595
1712040 594
1712050 592
1712060 590
1712070 588
1712080 588
1712090 589
1712100 589
1712110 590
1712120 590
1712130 590
1712140 589
1712150 589
1712160 589
1712170 589
1712180 589
1712190 589
1712200 588
1712210 588
1712220 588
1712230 588
1712240 589
1712250 589
1712260 590
1712270 591
1712280 591
1712290 592
1712300 592
1712310 592
1712320 592
1712330 591
1712340 591
1712350 590
1712360 590
1712370 589
1712380 589
1712390 588
1712400 588
1712410 588
1712420 589
1712430 589
1712440 590
1712450 591
1712460 591
1712470 591
1712480 592
1712490 593
1712500 595
1712510 595
1712520 596
1712530 596
1712540 597
1712550 598
1712560 600
1712570 602
1712580 605
1712590 607
1712600 609
1712610 610
1712620 612
1712630 613
1712640 613
1712650 613
1712660 613
1712670 612
1712680 612
1712690 610
1712700 609
1712710 608
1712720 607
1712730 606
1712740 606
1712750 606
1712760 606
1712770 607
1712780 607
1712790 608
1712800 608
1712810 609
1712820 609
1712830 609
1712840 610
1712850 610
1712860 610
1712870 611
1712880 611
1712890 612
1712900 613
1712910 614
1712920 616
1712930 617
1712940 619
1712950 621
1712960 622
1712970 623
1712980 623
1712990 622
1713000 621
1713010 620
1713020 619
1713030 618
1713040 616
1713050 614
1713060 611
1713070 608
1713080 605
1713090 601
1713100 599
1713110 596
1713120 593
1713130 591
1713140 589
1713150 587
1713160 585
1713170 583
1713180 581
1713190 579
1713200 577
1713210 575
1713220 573
1713230 571
1713240 569
1713250 566
1713260 563
1713270 559
1713280 555
1713290 551
1713300 548
1713310 545
1713320 543
1713330 541
1713340 540
1713350 539
1713360 539
1713370 538
1713380 536
1713390 533
1713400 531
1713410 528
1713420 527
1713430 524
1713440 522
1713450 520
1713460 518
1713470 517
1713480 515
1713490 513
1713500 512
1713510 511
1713520 509
1713530 507
1713540 506
1713550 504
1713560 503
1713570 502
1713580 501
1713590 500
1713600 498
1713610 497
1713620 495
1713630 494
1713640 493
1713650 493
1713660 492
1713670 492
1713680 491
1713690 491
1713700 493
1713710 495
1713720 501
1713730 506
1713740 510
1713750 512
1713760 511
1713770 508
1713780 504
1713790 504
1713800 507
1713810 510
1713820 513
1713830 516
1713840 518
1713850 521
1713860 524
1713870 526
1713880 529
1713890 532
1713900 535
1713910 538
1713920 541
1713930 544
1713940 547
1713950 551
1713960 554
1713970 558
1713980 562
1713990 565
1714000 569
1714010 572
1714020 576
1714030 579
1714040 582
1714050 585
1714060 589
1714070 593
1714080 594
1714090 596
1714100 596
1714110 597
1714120 597
1714130 597
1714140 597
1714150 597
1714160 597
1714170 597
1714180 597
1714190 597
1714200 597
1714210 597
1714220 597
1714230 597
1714240 597
1714250 597
1714260 596
1714270 596
1714280 596
1714290 596
1714300 595
1714310 595
1714320 595
1714330 595
1714340 594
1714350 594
1714360 594
1714370 594
1714380 594
1714390 594
1714400 594
1714410 594
1714420 594
1714430 594
1714440 594
1714450 594
1714460 594
1714470 594
1714480 594
1714490 594
1714500 594
1714510 595
1714520 595
1714530 595
1714540 595
1714550 595
1714560 595
1714570 595
1714580 596
1714590 596
1714600 596
1714610 596
1714620 597
1714630 597
1714640 597
1714650 598
1714660 598
1714670 598
1714680 598
1714690 598
1714700 599
1714710 599
1714720 599
1714730 599
1714740 599
1714750 599
1714760 599
1714770 600
1714780 600
1714790 600
1714800 600
1714810 600
1714820 600
1714830 600
1714840 601
1714850 601
1714860 601
1714870 601
1714880 601
1714890 601
1714900 602
1714910 602
1714920 602
1714930 602
1714940 602
1714950 602
1714960 602
1714970 603
1714980 603
1714990 603
1715000 603
1715010 603
1715020 603
1715030 603
1715040 603
1715050 603
1715060 603
1715070 603
1715080 603
1715090 603
1715100 603
1715110 603
1715120 603
1715130 603
1715140 603
1715150 603
1715160 603
1715170 602
1715180 602
1715190 602
1715200 602
1715210 602
1715220 602
1715230 602
1715240 602
1715250 601
1715260 601
1715270 601
1715280 601
1715290 601
1715300 600
1715310 600
1715320 600
1715330 600
1715340 600
1715350 600
1715360 600
1715370 600
1715380 598
1715390 598
1715400 598
1715410 597
1715420 597
1715430 597
1715440 597
1715450 596
1715460 596
1715470 596
1715480 596
1715490 595
1715500 595
1715510 595
1715520 594
1715530 594
1715540 593
1715550 593
1715560 592
1715570 592
1715580 591
1715590 591
1715600 591
1715610 590
1715620 590
1715630 589
1715640 589
1715650 588
1715660 588
1715670 587
1715680 587
1715690 586
1715700 586
1715710 585
1715720 585
1715730 585
1715740 585
1715750 584
1715760 584
1715770 584
1715780 583
1715790 583
1715800 583
1715810 583
1715820 582
1715830 582
1715840 582
1715850 581
1715860 581
1715870 581
1715880 580
1715890 580
1715900 580
1715910 579
1715920 579
1715930 579
1715940 578
1715950 578
1715960 578
1715970 577
1715980 577
1715990 576
1716000 576
1716010 575
1716020 575
1716030 574
1716040 574
1716050 573
1716060 573
1716070 572
1716080 572
1716090 572
1716100 572
1716110 572
1716120 571
1716130 571
1716140 570
1716150 570
1716160 570
1716170 569
1716180 569
1716190 569
1716200 568
1716210 568
1716220 568
1716230 568
1716240 568
1716250 568
1716260 568
1716270 568
1716280 568
1716290 568
1716300 568
1716310 568
1716320 568
1716330 568
1716340 569
1716350 569
1716360 569
1716370 569
1716380 569
1716390 570
1716400 570
1716410 570
1716420 570
1716430 570
1716440 569
1716450 569
1716460 568
1716470 568
1716480 567
1716490 567
1716500 566
1716510 566
1716520 566
1716530 566
1716540 566
1716550 566
1716560 567
1716570 567
1716580 567
1716590 566
1716600 566
1716610 565
1716620 564
1716630 562
1716640 561
1716650 560
1716660 558
1716670 556
1716680 554
1716690 552
1716700 549
1716710 546
1716720 544
1716730 541
1716740 539
1716750 536
1716760 534
1716770 531
1716780 529
1716790 526
1716800 524
1716810 521
1716820 519
1716830 518
1716840 517
1716850 516
1716860 514
1716870 512
1716880 509
1716890 505
1716900 502
1716910 499
1716920 497
1716930 494
1716940 491
1716950 488
1716960 485
1716970 481
1716980 478
1716990 475
1717000 472
1717010 469
1717020 466
1717030 464
1717040 463
1717050 462
1717060 461
1717070 460
1717080 460
1717090 460
1717100 461
1717110 461
1717120 462
1717130 463
1717140 464
1717150 465
1717160 466
1717170 468
1717180 471
1717190 473
1717200 476
1717210 480
1717220 483
1717230 487
1717240 490
1717250 493
1717260 495
1717270 496
1717280 497
1717290 498
1717300 499
1717310 500
1717320 500
1717330 501
1717340 501
1717350 502
1717360 503
1717370 504
1717380 506
1717390 507
1717400 509
1717410 510
1717420 511
1717430 511
1717440 510
1717450 508
1717460 505
1717470 500
1717480 496
1717490 492
1717500 489
1717510 485
1717520 482
1717530 477
1717540 473
1717550 468
1717560 461
1717570 455
1717580 449
1717590 445
1717600 441
1717610 437
1717620 434
1717630 431
1717640 428
1717650 425
1717660 423
1717670 421
1717680 419
1717690 419
1717700 420
1717710 420
1717720 419
1717730 416
1717740 413
1717750 409
1717760 406
1717770 404
1717780 402
1717790 401
1717800 398
1717810 396
1717820 395
1717830 393
1717840 392
1717850 390
1717860 389
1717870 388
1717880 387
1717890 386
1717900 386
1717910 385
1717920 385
1717930 385
1717940 384
1717950 384
1717960 383
1717970 383
1717980 383
1717990 383
1718000 383
1718010 383
1718020 383
1718030 383
1718040 383
1718050 383
1718060 383
1718070 383
1718080 383
1718090 383
1718100 383
1718110 383
1718120 383
1718130 384
1718140 384
1718150 385
1718160 385
1718170 385
1718180 385
1718190 385
1718200 384
1718210 383
1718220 383
1718230 382
1718240 382
1718250 382
1718260 382
1718270 381
1718280 381
1718290 381
1718300 381
1718310 381
1718320 380
1718330 380
1718340 380
1718350 380
1718360 380
1718370 380
1718380 380
1718390 380
1718400 380
1718410 380
1718420 380
1718430 380
1718440 380
1718450 380
1718460 380
1718470 380
1718480 380
1718490 379
1718500 379
1718510 379
1718520 379
1718530 379
1718540 379
1718550 379
1718560 379
1718570 380
1718580 380
1718590 380
1718600 380
1718610 380
1718620 380
1718630 380
1718640 380
1718650 380
1718660 379
1718670 379
1718680 379
1718690 379
1718700 379
1718710 379
1718720 379
1718730 378
1718740 378
1718750 378
1718760 378
1718770 378
1718780 378
1718790 377
1718800 377
1718810 377
1718820 377
1718830 377
1718840 378
1718850 378
1718860 379
1718870 380
1718880 382
1718890 384
1718900 386
1718910 388
1718920 389
1718930 391
1718940 393
1718950 395
1718960 397
1718970 399
1718980 402
1718990 405
1719000 409
1719010 414
1719020 422
1719030 428
1719040 432
1719050 429
1719060 425
1719070 418
1719080 413
1719090 409
1719100 404
1719110 399
1719120 395
1719130 390
1719140 386
1719150 382
1719160 377
1719170 374
1719180 373
1719190 372
1719200 372
1719210 372
1719220 373
1719230 373
1719240 373
1719250 372
1719260 372
1719270 372
1719280 372
1719290 371
1719300 372
1719310 372
1719320 375
1719330 378
1719340 381
1719350 382
1719360 383
1719370 383
1719380 383
1719390 382
1719400 382
1719410 382
1719420 382
1719430 383
1719440 382
1719450 382
1719460 382
1719470 382
1719480 381
1719490 381
1719500 381
1719510 381
1719520 380
1719530 380
1719540 379
1719550 378
1719560 377
1719570 376
1719580 375
1719590 374
1719600 373
1719610 372
1719620 372
1719630 371
1719640 370
1719650 369
1719660 368
1719670 368
1719680 368
1719690 368
1719700 368
1719710 368
1719720 368
1719730 368
1719740 368
1719750 367
1719760 366
1719770 366
1719780 366
1719790 365
1719800 368
1719810 371
1719820 376
1719830 381
1719840 385
1719850 390
1719860 393
1719870 397
1719880 400
1719890 403
1719900 406
1719910 410
1719920 414
1719930 417
1719940 420
1719950 423
1719960 426
1719970 429
1719980 433
1719990 436
