1700000 743
1700010 743
1700020 743
1700030 743
1700040 743
1700050 743
1700060 742
1700070 742
1700080 742
1700090 742
1700100 742
1700110 741
1700120 741
1700130 741
1700140 741
1700150 740
1700160 740
1700170 740
1700180 739
1700190 739
1700200 739
1700210 738
1700220 738
1700230 737
1700240 736
1700250 736
1700260 735
1700270 734
1700280 733
1700290 732
1700300 732
1700310 732
1700320 731
1700330 731
1700340 731
1700350 731
1700360 731
1700370 730
1700380 730
1700390 729
1700400 729
1700410 729
1700420 728
1700430 729
1700440 729
1700450 729
1700460 729
1700470 729
1700480 729
1700490 729
1700500 730
1700510 731
1700520 732
1700530 733
1700540 734
1700550 735
1700560 736
1700570 736
1700580 737
1700590 738
1700600 738
1700610 739
1700620 740
1700630 741
1700640 742
1700650 743
1700660 744
1700670 744
1700680 745
1700690 746
1700700 746
1700710 746
1700720 746
1700730 747
1700740 747
1700750 747
1700760 747
1700770 747
1700780 747
1700790 747
1700800 747
1700810 747
1700820 747
1700830 747
1700840 746
1700850 746
1700860 746
1700870 746
1700880 745
1700890 745
1700900 745
1700910 745
1700920 745
1700930 745
1700940 744
1700950 744
1700960 744
1700970 744
1700980 744
1700990 743
1701000 743
1701010 743
1701020 743
1701030 742
1701040 742
1701050 742
1701060 742
1701070 741
1701080 741
1701090 741
1701100 741
1701110 741
1701120 740
1701130 740
1701140 740
1701150 740
1701160 739
1701170 739
1701180 739
1701190 739
1701200 738
1701210 738
1701220 738
1701230 738
1701240 738
1701250 738
1701260 738
1701270 737
1701280 737
1701290 737
1701300 737
1701310 737
1701320 737
1701330 737
1701340 737
1701350 737
1701360 737
1701370 737
1701380 737
1701390 737
1701400 737
1701410 737
1701420 737
1701430 737
1701440 736
1701450 736
1701460 735
1701470 735
1701480 735
1701490 736
1701500 737
1701510 737
1701520 738
1701530 739
1701540 739
1701550 740
1701560 740
1701570 741
1701580 741
1701590 742
1701600 742
1701610 743
1701620 743
1701630 744
1701640 744
1701650 745
1701660 745
1701670 746
1701680 746
1701690 747
1701700 748
1701710 748
1701720 749
1701730 749
1701740 749
1701750 750
1701760 750
1701770 750
1701780 750
1701790 751
1701800 751
1701810 751
1701820 751
1701830 751
1701840 751
1701850 751
1701860 752
1701870 752
1701880 752
1701890 752
1701900 752
1701910 752
1701920 753
1701930 753
1701940 753
1701950 754
1701960 754
1701970 755
1701980 755
1701990 756
1702000 756
1702010 756
1702020 757
1702030 757
1702040 757
1702050 757
1702060 757
1702070 758
1702080 758
1702090 758
1702100 758
1702110 758
1702120 758
1702130 758
1702140 758
1702150 757
1702160 757
1702170 757
1702180 757
1702190 756
1702200 756
1702210 756
1702220 756
1702230 755
1702240 755
1702250 755
1702260 755
1702270 754
1702280 754
1702290 754
1702300 754
1702310 753
1702320 753
1702330 753
1702340 753
1702350 753
1702360 753
1702370 752
1702380 752
1702390 752
1702400 752
1702410 751
1702420 751
1702430 751
1702440 751
1702450 751
1702460 750
1702470 750
1702480 750
1702490 750
1702500 750
1702510 750
1702520 749
1702530 749
1702540 749
1702550 749
1702560 749
1702570 748
1702580 748
1702590 748
1702600 748
1702610 748
1702620 748
1702630 748
1702640 747
1702650 747
1702660 747
1702670 747
1702680 747
1702690 747
1702700 747
1702710 747
1702720 746
1702730 746
1702740 746
1702750 746
1702760 746
1702770 746
1702780 745
1702790 745
1702800 745
1702810 745
1702820 745
1702830 745
1702840 745
1702850 744
1702860 744
1702870 744
1702880 744
1702890 744
1702900 744
1702910 744
1702920 744
1702930 744
1702940 743
1702950 743
1702960 743
1702970 743
1702980 743
1702990 743
1703000 743
1703010 743
1703020 742
1703030 742
1703040 742
1703050 742
1703060 742
1703070 742
1703080 742
1703090 742
1703100 742
1703110 741
1703120 741
1703130 741
1703140 741
1703150 741
1703160 741
1703170 741
1703180 741
1703190 741
1703200 741
1703210 740
1703220 740
1703230 740
1703240 740
1703250 740
1703260 740
1703270 739
1703280 739
1703290 739
1703300 739
1703310 739
1703320 739
1703330 739
1703340 739
1703350 739
1703360 738
1703370 738
1703380 738
1703390 738
1703400 738
1703410 738
1703420 738
1703430 738
1703440 738
1703450 737
1703460 737
1703470 737
1703480 737
1703490 737
1703500 737
1703510 737
1703520 737
1703530 737
1703540 736
1703550 736
1703560 736
1703570 736
1703580 736
1703590 736
1703600 736
1703610 736
1703620 736
1703630 736
1703640 736
1703650 736
1703660 735
1703670 735
1703680 735
1703690 735
1703700 735
1703710 735
1703720 734
1703730 734
1703740 734
1703750 734
1703760 734
1703770 734
1703780 733
1703790 733
1703800 733
1703810 733
1703820 733
1703830 733
1703840 733
1703850 733
1703860 732
1703870 732
1703880 732
1703890 732
1703900 732
1703910 732
1703920 732
1703930 732
1703940 732
1703950 732
1703960 732
1703970 732
1703980 732
1703990 732
1704000 733
1704010 733
1704020 734
1704030 735
1704040 735
1704050 736
1704060 737
1704070 738
1704080 739
1704090 739
1704100 740
1704110 739
1704120 738
1704130 737
1704140 736
1704150 735
1704160 735
1704170 734
1704180 732
1704190 731
1704200 730
1704210 729
1704220 729
1704230 728
1704240 727
1704250 726
1704260 725
1704270 724
1704280 723
1704290 722
1704300 722
1704310 721
1704320 721
1704330 720
1704340 720
1704350 720
1704360 719
1704370 719
1704380 719
1704390 718
1704400 718
1704410 717
1704420 717
1704430 716
1704440 716
1704450 715
1704460 715
1704470 714
1704480 714
1704490 713
1704500 713
1704510 712
1704520 712
1704530 711
1704540 711
1704550 710
1704560 709
1704570 708
1704580 708
1704590 707
1704600 706
1704610 705
1704620 704
1704630 704
1704640 703
1704650 702
1704660 701
1704670 700
1704680 700
1704690 699
1704700 698
1704710 698
1704720 697
1704730 696
1704740 695
1704750 694
1704760 694
1704770 693
1704780 692
1704790 691
1704800 691
1704810 690
1704820 689
1704830 689
1704840 688
1704850 688
1704860 686
1704870 685
1704880 683
1704890 682
1704900 681
1704910 679
1704920 677
1704930 675
1704940 672
1704950 670
1704960 668
1704970 666
1704980 664
1704990 661
1705000 659
1705010 656
1705020 654
1705030 651
1705040 647
1705050 643
1705060 638
1705070 636
1705080 634
1705090 634
1705100 634
1705110 634
1705120 634
1705130 634
1705140 634
1705150 634
1705160 634
1705170 634
1705180 634
1705190 633
1705200 633
1705210 634
1705220 635
1705230 636
1705240 637
1705250 638
1705260 640
1705270 642
1705280 644
1705290 647
1705300 650
1705310 652
1705320 654
1705330 654
1705340 655
1705350 656
1705360 655
1705370 654
1705380 653
1705390 653
1705400 653
1705410 652
1705420 653
1705430 654
1705440 655
1705450 652
1705460 648
1705470 645
1705480 643
1705490 641
1705500 639
1705510 637
1705520 636
1705530 634
1705540 632
1705550 631
1705560 629
1705570 628
1705580 628
1705590 627
1705600 627
1705610 627
1705620 627
1705630 627
1705640 627
1705650 627
1705660 627
1705670 627
1705680 627
1705690 627
1705700 627
1705710 627
1705720 627
1705730 626
1705740 626
1705750 626
1705760 626
1705770 626
1705780 626
1705790 626
1705800 626
1705810 626
1705820 626
1705830 627
1705840 627
1705850 628
1705860 629
1705870 630
1705880 630
1705890 631
1705900 632
1705910 634
1705920 636
1705930 638
1705940 640
1705950 642
1705960 644
1705970 645
1705980 647
1705990 647
1706000 647
1706010 646
1706020 644
1706030 642
1706040 640
1706050 641
1706060 642
1706070 644
1706080 645
1706090 647
1706100 649
1706110 651
1706120 653
1706130 655
1706140 657
1706150 659
1706160 661
1706170 663
1706180 664
1706190 666
1706200 667
1706210 669
1706220 670
1706230 672
1706240 673
1706250 675
1706260 676
1706270 677
1706280 678
1706290 680
1706300 681
1706310 682
1706320 683
1706330 684
1706340 685
1706350 686
1706360 687
1706370 688
1706380 689
1706390 690
1706400 691
1706410 692
1706420 692
1706430 693
1706440 693
1706450 693
1706460 694
1706470 694
1706480 694
1706490 695
1706500 695
1706510 696
1706520 696
1706530 696
1706540 697
1706550 697
1706560 697
1706570 698
1706580 698
1706590 698
1706600 699
1706610 699
1706620 700
1706630 700
1706640 701
1706650 701
1706660 701
1706670 701
1706680 701
1706690 701
1706700 701
1706710 701
1706720 700
1706730 699
1706740 698
1706750 697
1706760 697
1706770 696
1706780 695
1706790 694
1706800 693
1706810 692
1706820 691
1706830 690
1706840 689
1706850 688
1706860 687
1706870 687
1706880 686
1706890 685
1706900 684
1706910 683
1706920 682
1706930 682
1706940 681
1706950 680
1706960 679
1706970 678
1706980 677
1706990 675
1707000 674
1707010 672
1707020 671
1707030 669
1707040 667
1707050 666
1707060 664
1707070 662
1707080 660
1707090 660
1707100 661
1707110 662
1707120 664
1707130 667
1707140 669
1707150 671
1707160 673
1707170 674
1707180 675
1707190 676
1707200 678
1707210 680
1707220 681
1707230 683
1707240 684
1707250 685
1707260 686
1707270 687
1707280 688
1707290 689
1707300 690
1707310 690
1707320 691
1707330 692
1707340 692
1707350 693
1707360 693
1707370 693
1707380 694
1707390 694
1707400 695
1707410 696
1707420 696
1707430 697
1707440 698
1707450 698
1707460 699
1707470 699
1707480 700
1707490 701
1707500 701
1707510 702
1707520 703
1707530 704
1707540 705
1707550 706
1707560 706
1707570 707
1707580 708
1707590 710
1707600 711
1707610 712
1707620 714
1707630 715
1707640 717
1707650 718
1707660 719
1707670 721
1707680 722
1707690 723
1707700 725
1707710 726
1707720 728
1707730 729
1707740 729
1707750 730
1707760 731
1707770 731
1707780 731
1707790 731
1707800 730
1707810 730
1707820 729
1707830 728
1707840 727
1707850 726
1707860 725
1707870 724
1707880 723
1707890 723
1707900 722
1707910 721
1707920 720
1707930 719
1707940 718
1707950 717
1707960 716
1707970 715
1707980 714
1707990 713
1708000 712
1708010 711
1708020 710
1708030 709
1708040 708
1708050 707
1708060 706
1708070 706
1708080 705
1708090 704
1708100 704
1708110 703
1708120 703
1708130 702
1708140 701
1708150 701
1708160 700
1708170 700
1708180 699
1708190 699
1708200 699
1708210 699
1708220 699
1708230 698
1708240 698
1708250 698
1708260 697
1708270 697
1708280 697
1708290 697
1708300 697
1708310 697
1708320 697
1708330 697
1708340 697
1708350 696
1708360 696
1708370 695
1708380 695
1708390 694
1708400 694
1708410 693
1708420 692
1708430 691
1708440 691
1708450 690
1708460 689
1708470 689
1708480 688
1708490 688
1708500 687
1708510 686
1708520 686
1708530 685
1708540 686
1708550 686
1708560 686
1708570 685
1708580 684
1708590 683
1708600 683
1708610 682
1708620 681
1708630 681
1708640 680
1708650 679
1708660 678
1708670 677
1708680 677
1708690 676
1708700 675
1708710 674
1708720 672
1708730 671
1708740 670
1708750 670
1708760 668
1708770 667
1708780 666
1708790 664
1708800 663
1708810 661
1708820 659
1708830 657
1708840 655
1708850 654
1708860 652
1708870 651
1708880 649
1708890 647
1708900 646
1708910 644
1708920 642
1708930 641
1708940 640
1708950 639
1708960 638
1708970 637
1708980 637
1708990 636
1709000 635
1709010 634
1709020 633
1709030 632
1709040 631
1709050 630
1709060 629
1709070 628
1709080 628
1709090 627
1709100 626
1709110 626
1709120 625
1709130 625
1709140 624
1709150 624
1709160 623
1709170 622
1709180 622
1709190 622
1709200 622
1709210 622
1709220 622
1709230 621
1709240 621
1709250 620
1709260 620
1709270 619
1709280 618
1709290 617
1709300 616
1709310 615
1709320 614
1709330 612
1709340 611
1709350 610
1709360 609
1709370 608
1709380 606
1709390 605
1709400 604
1709410 603
1709420 602
1709430 600
1709440 599
1709450 598
1709460 598
1709470 600
1709480 603
1709490 607
1709500 610
1709510 613
1709520 616
1709530 618
1709540 621
1709550 624
1709560 626
1709570 629
1709580 632
1709590 634
1709600 637
1709610 640
1709620 643
1709630 646
1709640 649
1709650 651
1709660 653
1709670 654
1709680 656
1709690 658
1709700 659
1709710 660
1709720 660
1709730 660
1709740 660
1709750 660
1709760 660
1709770 660
1709780 659
1709790 659
1709800 658
1709810 658
1709820 658
1709830 657
1709840 657
1709850 657
1709860 656
1709870 655
1709880 655
1709890 654
1709900 653
1709910 653
1709920 652
1709930 651
1709940 650
1709950 649
1709960 648
1709970 647
1709980 645
1709990 644
1710000 642
1710010 641
1710020 639
1710030 638
1710040 636
1710050 635
1710060 634
1710070 633
1710080 632
1710090 631
1710100 630
1710110 629
1710120 628
1710130 627
1710140 626
1710150 628
1710160 629
1710170 630
1710180 632
1710190 634
1710200 636
1710210 638
1710220 639
1710230 641
1710240 642
1710250 643
1710260 644
1710270 646
1710280 647
1710290 648
1710300 649
1710310 651
1710320 652
1710330 653
1710340 655
1710350 656
1710360 657
1710370 658
1710380 660
1710390 661
1710400 662
1710410 662
1710420 663
1710430 664
1710440 665
1710450 666
1710460 666
1710470 667
1710480 667
1710490 666
1710500 666
1710510 665
1710520 664
1710530 663
1710540 662
1710550 660
1710560 658
1710570 656
1710580 653
1710590 650
1710600 648
1710610 646
1710620 644
1710630 642
1710640 641
1710650 640
1710660 639
1710670 638
1710680 637
1710690 636
1710700 635
1710710 633
1710720 632
1710730 630
1710740 628
1710750 626
1710760 624
1710770 622
1710780 619
1710790 617
1710800 614
1710810 611
1710820 609
1710830 606
1710840 603
1710850 600
1710860 597
1710870 594
1710880 590
1710890 586
1710900 583
1710910 580
1710920 576
1710930 573
1710940 569
1710950 565
1710960 562
1710970 560
1710980 559
1710990 557
1711000 556
1711010 556
1711020 555
1711030 553
1711040 552
1711050 551
1711060 550
1711070 549
1711080 548
1711090 546
1711100 545
1711110 544
1711120 543
1711130 542
1711140 541
1711150 540
1711160 540
1711170 541
1711180 543
1711190 548
1711200 553
1711210 558
1711220 560
1711230 560
1711240 561
1711250 560
1711260 560
1711270 559
1711280 558
1711290 556
1711300 555
1711310 554
1711320 552
1711330 550
1711340 548
1711350 546
1711360 544
1711370 542
1711380 541
1711390 540
1711400 539
1711410 539
1711420 538
1711430 538
1711440 538
1711450 537
1711460 537
1711470 537
1711480 536
1711490 535
1711500 535
1711510 534
1711520 533
1711530 533
1711540 533
1711550 533
1711560 533
1711570 534
1711580 534
1711590 534
1711600 534
1711610 534
1711620 533
1711630 533
1711640 533
1711650 533
1711660 532
1711670 532
1711680 532
1711690 532
1711700 533
1711710 534
1711720 535
1711730 537
1711740 538
1711750 540
1711760 541
1711770 543
1711780 544
1711790 546
1711800 549
1711810 552
1711820 556
1711830 559
1711840 563
1711850 567
1711860 572
1711870 577
1711880 580
1711890 583
1711900 586
1711910 589
1711920 592
1711930 596
1711940 600
1711950 604
1711960 608
1711970 611
1711980 614
1711990 616
1712000 618
1712010 619
1712020 620
1712030 620
1712040 620
1712050 620
1712060 620
1712070 620
1712080 619
1712090 618
1712100 618
1712110 617
1712120 616
1712130 615
1712140 613
1712150 610
1712160 605
1712170 601
1712180 597
1712190 593
1712200 588
1712210 584
1712220 579
1712230 574
1712240 571
1712250 568
1712260 565
1712270 563
1712280 561
1712290 557
1712300 553
1712310 551
1712320 551
1712330 554
1712340 558
1712350 561
1712360 566
1712370 571
1712380 576
1712390 581
1712400 585
1712410 589
1712420 593
1712430 597
1712440 602
1712450 606
1712460 609
1712470 611
1712480 612
1712490 613
1712500 611
1712510 608
1712520 605
1712530 602
1712540 599
1712550 595
1712560 592
1712570 590
1712580 588
1712590 587
1712600 588
1712610 590
1712620 593
1712630 596
1712640 599
1712650 601
1712660 603
1712670 604
1712680 606
1712690 607
1712700 608
1712710 610
1712720 611
1712730 613
1712740 614
1712750 615
1712760 616
1712770 616
1712780 617
1712790 617
1712800 618
1712810 618
1712820 619
1712830 620
1712840 620
1712850 621
1712860 621
1712870 620
1712880 619
1712890 617
1712900 615
1712910 613
1712920 611
1712930 608
1712940 606
1712950 605
1712960 604
1712970 604
1712980 604
1712990 604
1713000 605
1713010 606
1713020 607
1713030 609
1713040 610
1713050 612
1713060 614
1713070 615
1713080 616
1713090 617
1713100 618
1713110 619
1713120 620
1713130 621
1713140 622
1713150 623
1713160 623
1713170 624
1713180 625
1713190 626
1713200 627
1713210 627
1713220 628
1713230 628
1713240 629
1713250 629
1713260 628
1713270 628
1713280 628
1713290 628
1713300 628
1713310 629
1713320 629
1713330 629
1713340 628
1713350 628
1713360 628
1713370 628
1713380 629
1713390 629
1713400 630
1713410 631
1713420 631
1713430 632
1713440 633
1713450 634
1713460 634
1713470 635
1713480 636
1713490 636
1713500 637
1713510 637
1713520 638
1713530 638
1713540 638
1713550 638
1713560 639
1713570 639
1713580 639
1713590 639
1713600 639
1713610 639
1713620 638
1713630 638
1713640 638
1713650 638
1713660 638
1713670 638
1713680 637
1713690 637
1713700 636
1713710 636
1713720 636
1713730 635
1713740 635
1713750 634
1713760 633
1713770 632
1713780 631
1713790 631
1713800 630
1713810 630
1713820 629
1713830 629
1713840 628
1713850 627
1713860 626
1713870 625
1713880 625
1713890 624
1713900 624
1713910 623
1713920 622
1713930 621
1713940 621
1713950 620
1713960 619
1713970 619
1713980 619
1713990 618
1714000 618
1714010 618
1714020 617
1714030 617
1714040 617
1714050 617
1714060 616
1714070 616
1714080 616
1714090 616
1714100 616
1714110 616
1714120 615
1714130 615
1714140 615
1714150 615
1714160 615
1714170 615
1714180 615
1714190 616
1714200 616
1714210 616
1714220 616
1714230 616
1714240 617
1714250 617
1714260 617
1714270 618
1714280 618
1714290 618
1714300 619
1714310 619
1714320 619
1714330 620
1714340 620
1714350 620
1714360 620
1714370 620
1714380 620
1714390 619
1714400 619
1714410 619
1714420 618
1714430 618
1714440 617
1714450 617
1714460 617
1714470 616
1714480 616
1714490 616
1714500 615
1714510 615
1714520 615
1714530 615
1714540 614
1714550 614
1714560 614
1714570 614
1714580 614
1714590 613
1714600 613
1714610 612
1714620 612
1714630 611
1714640 610
1714650 610
1714660 609
1714670 608
1714680 608
1714690 607
1714700 607
1714710 607
1714720 607
1714730 606
1714740 606
1714750 606
1714760 605
1714770 605
1714780 605
1714790 604
1714800 604
1714810 604
1714820 603
1714830 603
1714840 602
1714850 602
1714860 601
1714870 601
1714880 600
1714890 600
1714900 599
1714910 598
1714920 598
1714930 597
1714940 597
1714950 597
1714960 596
1714970 595
1714980 594
1714990 594
1715000 593
1715010 593
1715020 592
1715030 592
1715040 591
1715050 591
1715060 590
1715070 590
1715080 589
1715090 589
1715100 588
1715110 588
1715120 587
1715130 587
1715140 586
1715150 586
1715160 586
1715170 585
1715180 585
1715190 584
1715200 584
1715210 583
1715220 583
1715230 582
1715240 582
1715250 582
1715260 581
1715270 581
1715280 581
1715290 581
1715300 580
1715310 580
1715320 580
1715330 579
1715340 579
1715350 578
1715360 578
1715370 577
1715380 577
1715390 577
1715400 576
1715410 576
1715420 575
1715430 575
1715440 575
1715450 574
1715460 574
1715470 574
1715480 574
1715490 573
1715500 573
1715510 573
1715520 573
1715530 572
1715540 572
1715550 572
1715560 572
1715570 572
1715580 571
1715590 571
1715600 571
1715610 571
1715620 570
1715630 570
1715640 570
1715650 569
1715660 569
1715670 569
1715680 568
1715690 569
1715700 569
1715710 568
1715720 568
1715730 567
1715740 567
1715750 566
1715760 565
1715770 565
1715780 564
1715790 564
1715800 563
1715810 563
1715820 563
1715830 562
1715840 562
1715850 562
1715860 562
1715870 562
1715880 562
1715890 562
1715900 561
1715910 561
1715920 561
1715930 561
1715940 561
1715950 560
1715960 560
1715970 560
1715980 559
1715990 559
1716000 559
1716010 558
1716020 558
1716030 557
1716040 557
1716050 556
1716060 556
1716070 555
1716080 554
1716090 554
1716100 553
1716110 553
1716120 552
1716130 552
1716140 552
1716150 552
1716160 552
1716170 552
1716180 552
1716190 552
1716200 552
1716210 553
1716220 553
1716230 553
1716240 552
1716250 551
1716260 551
1716270 551
1716280 552
1716290 553
1716300 553
1716310 554
1716320 554
1716330 555
1716340 555
1716350 556
1716360 556
1716370 557
1716380 558
1716390 558
1716400 559
1716410 559
1716420 560
1716430 561
1716440 562
1716450 563
1716460 564
1716470 566
1716480 567
1716490 568
1716500 569
1716510 569
1716520 570
1716530 571
1716540 571
1716550 572
1716560 573
1716570 573
1716580 574
1716590 574
1716600 575
1716610 576
1716620 577
1716630 577
1716640 578
1716650 579
1716660 580
1716670 581
1716680 582
1716690 582
1716700 582
1716710 583
1716720 583
1716730 583
1716740 583
1716750 583
1716760 583
1716770 583
1716780 584
1716790 584
1716800 584
1716810 584
1716820 584
1716830 585
1716840 585
1716850 584
1716860 584
1716870 584
1716880 584
1716890 584
1716900 584
1716910 583
1716920 583
1716930 583
1716940 583
1716950 583
1716960 583
1716970 582
1716980 582
1716990 582
1717000 582
1717010 582
1717020 582
1717030 582
1717040 581
1717050 581
1717060 581
1717070 581
1717080 581
1717090 581
1717100 582
1717110 582
1717120 582
1717130 582
1717140 582
1717150 582
1717160 581
1717170 582
1717180 582
1717190 582
1717200 582
1717210 582
1717220 582
1717230 582
1717240 582
1717250 582
1717260 582
1717270 582
1717280 582
1717290 582
1717300 582
1717310 582
1717320 583
1717330 583
1717340 583
1717350 583
1717360 583
1717370 583
1717380 583
1717390 583
1717400 584
1717410 584
1717420 584
1717430 584
1717440 584
1717450 585
1717460 585
1717470 585
1717480 586
1717490 586
1717500 586
1717510 587
1717520 587
1717530 588
1717540 588
1717550 588
1717560 589
1717570 589
1717580 590
1717590 590
1717600 591
1717610 591
1717620 591
1717630 592
1717640 592
1717650 593
1717660 593
1717670 593
1717680 594
1717690 594
1717700 594
1717710 595
1717720 595
1717730 596
1717740 596
1717750 597
1717760 597
1717770 598
1717780 599
1717790 600
1717800 601
1717810 602
1717820 603
1717830 603
1717840 603
1717850 603
1717860 604
1717870 605
1717880 605
1717890 605
1717900 604
1717910 602
1717920 601
1717930 600
1717940 598
1717950 597
1717960 596
1717970 595
1717980 595
1717990 594
1718000 594
1718010 593
1718020 592
1718030 591
1718040 591
1718050 590
1718060 590
1718070 590
1718080 590
1718090 590
1718100 589
1718110 588
1718120 588
1718130 588
1718140 588
1718150 587
1718160 586
1718170 585
1718180 584
1718190 583
1718200 583
1718210 582
1718220 582
1718230 581
1718240 580
1718250 578
1718260 577
1718270 576
1718280 574
1718290 573
1718300 572
1718310 570
1718320 568
1718330 566
1718340 564
1718350 562
1718360 560
1718370 557
1718380 555
1718390 554
1718400 551
1718410 548
1718420 546
1718430 544
1718440 542
1718450 540
1718460 538
1718470 536
1718480 535
1718490 533
1718500 532
1718510 531
1718520 529
1718530 528
1718540 527
1718550 525
1718560 524
1718570 524
1718580 523
1718590 523
1718600 523
1718610 523
1718620 523
1718630 523
1718640 523
1718650 523
1718660 524
1718670 524
1718680 524
1718690 525
1718700 526
1718710 527
1718720 528
1718730 528
1718740 529
1718750 529
1718760 528
1718770 527
1718780 526
1718790 525
1718800 524
1718810 524
1718820 523
1718830 522
1718840 521
1718850 520
1718860 518
1718870 517
1718880 516
1718890 514
1718900 513
1718910 511
1718920 510
1718930 508
1718940 507
1718950 505
1718960 504
1718970 502
1718980 501
1718990 500
1719000 499
1719010 497
1719020 496
1719030 495
1719040 494
1719050 493
1719060 492
1719070 490
1719080 489
1719090 488
1719100 487
1719110 486
1719120 485
1719130 484
1719140 483
1719150 482
1719160 482
1719170 481
1719180 480
1719190 479
1719200 478
1719210 477
1719220 476
1719230 474
1719240 473
1719250 471
1719260 470
1719270 469
1719280 467
1719290 466
1719300 464
1719310 462
1719320 460
1719330 458
1719340 456
1719350 455
1719360 453
1719370 452
1719380 450
1719390 449
1719400 447
1719410 445
1719420 443
1719430 441
1719440 440
1719450 438
1719460 437
1719470 435
1719480 434
1719490 432
1719500 431
1719510 430
1719520 429
1719530 429
1719540 429
1719550 429
1719560 428
1719570 427
1719580 425
1719590 424
1719600 422
1719610 419
1719620 417
1719630 414
1719640 412
1719650 411
1719660 410
1719670 409
1719680 408
1719690 407
1719700 406
1719710 404
1719720 402
1719730 400
1719740 398
1719750 395
1719760 393
1719770 391
1719780 389
1719790 388
1719800 388
1719810 388
1719820 387
1719830 386
1719840 385
1719850 384
1719860 384
1719870 384
1719880 384
1719890 385
1719900 386
1719910 386
1719920 386
1719930 385
1719940 384
1719950 383
1719960 382
1719970 378
1719980 375
1719990 371
