1700000 745
1700010 745
1700020 744
1700030 744
1700040 744
1700050 744
1700060 744
1700070 744
1700080 743
1700090 743
1700100 742
1700110 741
1700120 741
1700130 741
1700140 740
1700150 740
1700160 740
1700170 740
1700180 740
1700190 739
1700200 739
1700210 739
1700220 739
1700230 739
1700240 739
1700250 739
1700260 739
1700270 739
1700280 739
1700290 739
1700300 740
1700310 740
1700320 740
1700330 740
1700340 740
1700350 741
1700360 741
1700370 741
1700380 741
1700390 741
1700400 742
1700410 742
1700420 742
1700430 742
1700440 742
1700450 742
1700460 743
1700470 743
1700480 743
1700490 743
1700500 744
1700510 744
1700520 744
1700530 744
1700540 745
1700550 745
1700560 745
1700570 746
1700580 746
1700590 746
1700600 746
1700610 747
1700620 747
1700630 747
1700640 748
1700650 748
1700660 748
1700670 749
1700680 749
1700690 749
1700700 749
1700710 750
1700720 750
1700730 750
1700740 750
1700750 751
1700760 751
1700770 751
1700780 751
1700790 751
1700800 751
1700810 751
1700820 751
1700830 751
1700840 751
1700850 751
1700860 751
1700870 751
1700880 751
1700890 751
1700900 752
1700910 752
1700920 752
1700930 752
1700940 752
1700950 752
1700960 752
1700970 752
1700980 752
1700990 752
1701000 752
1701010 752
1701020 752
1701030 752
1701040 752
1701050 752
1701060 752
1701070 752
1701080 753
1701090 753
1701100 753
1701110 753
1701120 753
1701130 753
1701140 753
1701150 753
1701160 753
1701170 753
1701180 754
1701190 754
1701200 754
1701210 754
1701220 754
1701230 754
1701240 754
1701250 755
1701260 755
1701270 755
1701280 755
1701290 756
1701300 756
1701310 756
1701320 756
1701330 757
1701340 757
1701350 757
1701360 757
1701370 758
1701380 758
1701390 758
1701400 758
1701410 758
1701420 759
1701430 759
1701440 759
1701450 759
1701460 759
1701470 759
1701480 759
1701490 759
1701500 760
1701510 760
1701520 760
1701530 760
1701540 760
1701550 760
1701560 760
1701570 761
1701580 761
1701590 761
1701600 761
1701610 761
1701620 762
1701630 762
1701640 762
1701650 762
1701660 762
1701670 762
1701680 762
1701690 763
1701700 763
1701710 763
1701720 764
1701730 764
1701740 765
1701750 765
1701760 765
1701770 765
1701780 766
1701790 766
1701800 767
1701810 767
1701820 767
1701830 767
1701840 768
1701850 768
1701860 769
1701870 769
1701880 769
1701890 769
1701900 769
1701910 769
1701920 769
1701930 769
1701940 769
1701950 769
1701960 769
1701970 769
1701980 769
1701990 768
1702000 768
1702010 768
1702020 768
1702030 767
1702040 767
1702050 767
1702060 766
1702070 766
1702080 766
1702090 765
1702100 765
1702110 765
1702120 765
1702130 764
1702140 764
1702150 764
1702160 764
1702170 763
1702180 763
1702190 763
1702200 763
1702210 762
1702220 762
1702230 762
1702240 762
1702250 761
1702260 761
1702270 761
1702280 761
1702290 761
1702300 760
1702310 760
1702320 760
1702330 760
1702340 759
1702350 759
1702360 759
1702370 759
1702380 758
1702390 758
1702400 758
1702410 757
1702420 757
1702430 757
1702440 757
1702450 757
1702460 756
1702470 756
1702480 756
1702490 756
1702500 756
1702510 755
1702520 755
1702530 755
1702540 755
1702550 755
1702560 755
1702570 754
1702580 754
1702590 754
1702600 754
1702610 753
1702620 753
1702630 753
1702640 753
1702650 752
1702660 752
1702670 752
1702680 752
1702690 751
1702700 751
1702710 751
1702720 751
1702730 751
1702740 750
1702750 750
1702760 750
1702770 750
1702780 750
1702790 749
1702800 749
1702810 749
1702820 749
1702830 748
1702840 748
1702850 748
1702860 748
1702870 748
1702880 747
1702890 747
1702900 747
1702910 747
1702920 747
1702930 747
1702940 746
1702950 746
1702960 746
1702970 746
1702980 746
1702990 746
1703000 746
1703010 745
1703020 745
1703030 745
1703040 745
1703050 745
1703060 745
1703070 744
1703080 744
1703090 744
1703100 744
1703110 744
1703120 744
1703130 744
1703140 744
1703150 744
1703160 744
1703170 744
1703180 744
1703190 743
1703200 743
1703210 743
1703220 743
1703230 743
1703240 743
1703250 742
1703260 742
1703270 742
1703280 742
1703290 742
1703300 742
1703310 741
1703320 741
1703330 741
1703340 741
1703350 741
1703360 741
1703370 741
1703380 741
1703390 741
1703400 741
1703410 741
1703420 741
1703430 740
1703440 740
1703450 740
1703460 740
1703470 740
1703480 740
1703490 740
1703500 739
1703510 739
1703520 739
1703530 739
1703540 739
1703550 739
1703560 739
1703570 739
1703580 739
1703590 739
1703600 739
1703610 739
1703620 739
1703630 739
1703640 739
1703650 739
1703660 739
1703670 739
1703680 739
1703690 738
1703700 738
1703710 738
1703720 738
1703730 738
1703740 738
1703750 739
1703760 739
1703770 739
1703780 739
1703790 740
1703800 740
1703810 740
1703820 739
1703830 739
1703840 738
1703850 738
1703860 737
1703870 737
1703880 736
1703890 736
1703900 735
1703910 734
1703920 733
1703930 732
1703940 732
1703950 731
1703960 731
1703970 730
1703980 729
1703990 728
1704000 727
1704010 727
1704020 726
1704030 725
1704040 724
1704050 724
1704060 723
1704070 722
1704080 720
1704090 718
1704100 717
1704110 717
1704120 716
1704130 715
1704140 713
1704150 712
1704160 711
1704170 710
1704180 709
1704190 709
1704200 709
1704210 709
1704220 708
1704230 708
1704240 707
1704250 707
1704260 706
1704270 705
1704280 704
1704290 703
1704300 701
1704310 700
1704320 700
1704330 698
1704340 696
1704350 694
1704360 692
1704370 690
1704380 688
1704390 687
1704400 686
1704410 685
1704420 684
1704430 684
1704440 683
1704450 683
1704460 683
1704470 682
1704480 681
1704490 680
1704500 678
1704510 678
1704520 677
1704530 676
1704540 676
1704550 676
1704560 675
1704570 675
1704580 675
1704590 674
1704600 674
1704610 673
1704620 672
1704630 672
1704640 671
1704650 671
1704660 671
1704670 671
1704680 670
1704690 670
1704700 670
1704710 670
1704720 670
1704730 669
1704740 668
1704750 668
1704760 667
1704770 667
1704780 666
1704790 666
1704800 665
1704810 664
1704820 664
1704830 662
1704840 661
1704850 660
1704860 659
1704870 658
1704880 657
1704890 656
1704900 655
1704910 654
1704920 654
1704930 653
1704940 653
1704950 653
1704960 653
1704970 653
1704980 654
1704990 655
1705000 657
1705010 658
1705020 659
1705030 659
1705040 660
1705050 660
1705060 661
1705070 661
1705080 662
1705090 662
1705100 662
1705110 662
1705120 662
1705130 661
1705140 660
1705150 659
1705160 658
1705170 657
1705180 656
1705190 654
1705200 652
1705210 650
1705220 648
1705230 647
1705240 646
1705250 646
1705260 645
1705270 643
1705280 643
1705290 645
1705300 648
1705310 650
1705320 652
1705330 654
1705340 657
1705350 659
1705360 662
1705370 665
1705380 667
1705390 669
1705400 671
1705410 672
1705420 673
1705430 673
1705440 674
1705450 675
1705460 676
1705470 677
1705480 678
1705490 678
1705500 679
1705510 680
1705520 680
1705530 681
1705540 680
1705550 678
1705560 676
1705570 672
1705580 668
1705590 665
1705600 661
1705610 658
1705620 654
1705630 651
1705640 648
1705650 645
1705660 643
1705670 641
1705680 639
1705690 637
1705700 635
1705710 634
1705720 632
1705730 632
1705740 631
1705750 631
1705760 629
1705770 628
1705780 627
1705790 626
1705800 625
1705810 624
1705820 624
1705830 623
1705840 623
1705850 622
1705860 622
1705870 622
1705880 622
1705890 622
1705900 622
1705910 622
1705920 622
1705930 622
1705940 622
1705950 622
1705960 622
1705970 622
1705980 622
1705990 622
1706000 622
1706010 622
1706020 621
1706030 621
1706040 621
1706050 621
1706060 620
1706070 620
1706080 621
1706090 623
1706100 625
1706110 629
1706120 633
1706130 636
1706140 639
1706150 641
1706160 643
1706170 644
1706180 646
1706190 647
1706200 648
1706210 649
1706220 650
1706230 651
1706240 652
1706250 652
1706260 653
1706270 653
1706280 654
1706290 654
1706300 654
1706310 654
1706320 655
1706330 655
1706340 655
1706350 655
1706360 655
1706370 655
1706380 656
1706390 656
1706400 656
1706410 656
1706420 657
1706430 658
1706440 659
1706450 660
1706460 660
1706470 661
1706480 662
1706490 664
1706500 665
1706510 667
1706520 669
1706530 670
1706540 672
1706550 673
1706560 675
1706570 676
1706580 678
1706590 680
1706600 681
1706610 683
1706620 684
1706630 686
1706640 688
1706650 689
1706660 690
1706670 691
1706680 692
1706690 692
1706700 692
1706710 691
1706720 691
1706730 691
1706740 691
1706750 691
1706760 690
1706770 690
1706780 689
1706790 688
1706800 688
1706810 687
1706820 686
1706830 685
1706840 684
1706850 683
1706860 682
1706870 681
1706880 680
1706890 679
1706900 678
1706910 677
1706920 677
1706930 675
1706940 674
1706950 673
1706960 672
1706970 671
1706980 670
1706990 669
1707000 668
1707010 666
1707020 665
1707030 663
1707040 661
1707050 659
1707060 656
1707070 654
1707080 652
1707090 650
1707100 648
1707110 645
1707120 643
1707130 640
1707140 637
1707150 634
1707160 631
1707170 629
1707180 626
1707190 625
1707200 626
1707210 628
1707220 630
1707230 632
1707240 634
1707250 634
1707260 635
1707270 636
1707280 637
1707290 639
1707300 642
1707310 644
1707320 647
1707330 649
1707340 651
1707350 652
1707360 653
1707370 653
1707380 654
1707390 653
1707400 653
1707410 653
1707420 653
1707430 653
1707440 653
1707450 653
1707460 653
1707470 653
1707480 654
1707490 654
1707500 654
1707510 654
1707520 655
1707530 655
1707540 656
1707550 656
1707560 657
1707570 658
1707580 659
1707590 660
1707600 660
1707610 661
1707620 662
1707630 663
1707640 664
1707650 665
1707660 667
1707670 669
1707680 670
1707690 671
1707700 672
1707710 674
1707720 675
1707730 677
1707740 678
1707750 679
1707760 681
1707770 683
1707780 685
1707790 687
1707800 690
1707810 692
1707820 695
1707830 697
1707840 700
1707850 703
1707860 705
1707870 708
1707880 710
1707890 713
1707900 715
1707910 716
1707920 718
1707930 719
1707940 720
1707950 720
1707960 720
1707970 720
1707980 719
1707990 717
1708000 716
1708010 714
1708020 712
1708030 710
1708040 707
1708050 705
1708060 703
1708070 702
1708080 701
1708090 700
1708100 699
1708110 698
1708120 698
1708130 697
1708140 697
1708150 697
1708160 697
1708170 696
1708180 696
1708190 696
1708200 696
1708210 696
1708220 696
1708230 696
1708240 696
1708250 696
1708260 696
1708270 695
1708280 695
1708290 696
1708300 696
1708310 696
1708320 696
1708330 696
1708340 696
1708350 696
1708360 697
1708370 697
1708380 697
1708390 697
1708400 697
1708410 697
1708420 698
1708430 698
1708440 698
1708450 698
1708460 698
1708470 698
1708480 698
1708490 698
1708500 698
1708510 698
1708520 698
1708530 698
1708540 698
1708550 698
1708560 698
1708570 698
1708580 699
1708590 699
1708600 699
1708610 699
1708620 699
1708630 699
1708640 699
1708650 700
1708660 700
1708670 700
1708680 700
1708690 700
1708700 700
1708710 700
1708720 700
1708730 700
1708740 700
1708750 700
1708760 700
1708770 701
1708780 702
1708790 703
1708800 703
1708810 703
1708820 703
1708830 702
1708840 701
1708850 700
1708860 698
1708870 697
1708880 694
1708890 692
1708900 689
1708910 687
1708920 685
1708930 683
1708940 681
1708950 679
1708960 675
1708970 673
1708980 671
1708990 669
1709000 668
1709010 666
1709020 664
1709030 662
1709040 661
1709050 660
1709060 658
1709070 657
1709080 656
1709090 654
1709100 653
1709110 651
1709120 651
1709130 650
1709140 649
1709150 648
1709160 646
1709170 644
1709180 642
1709190 641
1709200 639
1709210 638
1709220 636
1709230 635
1709240 634
1709250 632
1709260 631
1709270 630
1709280 628
1709290 627
1709300 625
1709310 623
1709320 621
1709330 620
1709340 620
1709350 619
1709360 618
1709370 617
1709380 616
1709390 616
1709400 615
1709410 614
1709420 613
1709430 612
1709440 611
1709450 609
1709460 607
1709470 605
1709480 602
1709490 600
1709500 598
1709510 597
1709520 595
1709530 594
1709540 593
1709550 592
1709560 591
1709570 589
1709580 588
1709590 586
1709600 585
1709610 584
1709620 584
1709630 584
1709640 583
1709650 583
1709660 583
1709670 582
1709680 582
1709690 583
1709700 584
1709710 586
1709720 588
1709730 589
1709740 591
1709750 593
1709760 594
1709770 596
1709780 599
1709790 602
1709800 605
1709810 608
1709820 610
1709830 612
1709840 615
1709850 617
1709860 620
1709870 623
1709880 626
1709890 629
1709900 631
1709910 633
1709920 633
1709930 634
1709940 635
1709950 635
1709960 636
1709970 636
1709980 636
1709990 636
1710000 636
1710010 636
1710020 636
1710030 636
1710040 636
1710050 636
1710060 636
1710070 636
1710080 636
1710090 636
1710100 635
1710110 635
1710120 635
1710130 634
1710140 633
1710150 632
1710160 631
1710170 629
1710180 628
1710190 626
1710200 624
1710210 621
1710220 618
1710230 615
1710240 613
1710250 611
1710260 609
1710270 607
1710280 605
1710290 604
1710300 602
1710310 600
1710320 598
1710330 595
1710340 593
1710350 591
1710360 589
1710370 588
1710380 586
1710390 584
1710400 583
1710410 581
1710420 581
1710430 582
1710440 583
1710450 583
1710460 583
1710470 584
1710480 585
1710490 586
1710500 587
1710510 588
1710520 588
1710530 588
1710540 588
1710550 587
1710560 584
1710570 580
1710580 577
1710590 574
1710600 571
1710610 567
1710620 565
1710630 563
1710640 560
1710650 557
1710660 554
1710670 552
1710680 551
1710690 550
1710700 550
1710710 549
1710720 548
1710730 548
1710740 548
1710750 548
1710760 548
1710770 548
1710780 548
1710790 548
1710800 548
1710810 548
1710820 548
1710830 548
1710840 549
1710850 550
1710860 551
1710870 552
1710880 553
1710890 554
1710900 555
1710910 556
1710920 557
1710930 558
1710940 558
1710950 559
1710960 560
1710970 560
1710980 561
1710990 562
1711000 564
1711010 565
1711020 566
1711030 568
1711040 570
1711050 572
1711060 574
1711070 577
1711080 579
1711090 582
1711100 584
1711110 587
1711120 589
1711130 591
1711140 594
1711150 596
1711160 598
1711170 599
1711180 600
1711190 600
1711200 601
1711210 602
1711220 603
1711230 605
1711240 606
1711250 608
1711260 609
1711270 610
1711280 610
1711290 608
1711300 606
1711310 603
1711320 600
1711330 597
1711340 595
1711350 593
1711360 590
1711370 588
1711380 586
1711390 584
1711400 582
1711410 580
1711420 579
1711430 578
1711440 576
1711450 575
1711460 573
1711470 575
1711480 578
1711490 581
1711500 585
1711510 590
1711520 595
1711530 598
1711540 602
1711550 605
1711560 607
1711570 609
1711580 611
1711590 613
1711600 615
1711610 618
1711620 620
1711630 623
1711640 625
1711650 627
1711660 629
1711670 631
1711680 633
1711690 636
1711700 638
1711710 640
1711720 641
1711730 643
1711740 644
1711750 646
1711760 647
1711770 648
1711780 649
1711790 650
1711800 650
1711810 650
1711820 650
1711830 650
1711840 650
1711850 650
1711860 649
1711870 649
1711880 649
1711890 649
1711900 648
1711910 648
1711920 648
1711930 648
1711940 648
1711950 648
1711960 648
1711970 648
1711980 648
1711990 648
1712000 648
1712010 648
1712020 648
1712030 649
1712040 649
1712050 650
1712060 650
1712070 650
1712080 650
1712090 649
1712100 649
1712110 648
1712120 648
1712130 648
1712140 648
1712150 648
1712160 648
1712170 648
1712180 648
1712190 648
1712200 648
1712210 648
1712220 648
1712230 647
1712240 646
1712250 643
1712260 641
1712270 639
1712280 636
1712290 634
1712300 633
1712310 631
1712320 629
1712330 628
1712340 626
1712350 625
1712360 623
1712370 622
1712380 621
1712390 620
1712400 619
1712410 617
1712420 615
1712430 611
1712440 607
1712450 603
1712460 601
1712470 599
1712480 598
1712490 597
1712500 595
1712510 595
1712520 593
1712530 591
1712540 590
1712550 590
1712560 592
1712570 593
1712580 596
1712590 599
1712600 601
1712610 603
1712620 606
1712630 609
1712640 612
1712650 614
1712660 616
1712670 618
1712680 620
1712690 623
1712700 625
1712710 627
1712720 628
1712730 629
1712740 629
1712750 629
1712760 629
1712770 630
1712780 630
1712790 629
1712800 629
1712810 630
1712820 630
1712830 630
1712840 631
1712850 631
1712860 632
1712870 632
1712880 633
1712890 633
1712900 634
1712910 635
1712920 635
1712930 636
1712940 637
1712950 637
1712960 638
1712970 639
1712980 640
1712990 641
1713000 641
1713010 642
1713020 643
1713030 643
1713040 644
1713050 644
1713060 645
1713070 646
1713080 646
1713090 647
1713100 647
1713110 648
1713120 648
1713130 649
1713140 649
1713150 648
1713160 648
1713170 648
1713180 648
1713190 647
1713200 647
1713210 647
1713220 647
1713230 647
1713240 646
1713250 646
1713260 646
1713270 646
1713280 646
1713290 646
1713300 646
1713310 647
1713320 647
1713330 647
1713340 648
1713350 648
1713360 649
1713370 650
1713380 650
1713390 651
1713400 652
1713410 652
1713420 653
1713430 654
1713440 656
1713450 657
1713460 658
1713470 659
1713480 660
1713490 660
1713500 660
1713510 660
1713520 659
1713530 658
1713540 657
1713550 656
1713560 656
1713570 655
1713580 654
1713590 654
1713600 652
1713610 652
1713620 651
1713630 650
1713640 650
1713650 649
1713660 648
1713670 647
1713680 647
1713690 646
1713700 645
1713710 645
1713720 644
1713730 643
1713740 643
1713750 642
1713760 642
1713770 642
1713780 642
1713790 641
1713800 640
1713810 639
1713820 639
1713830 638
1713840 638
1713850 638
1713860 637
1713870 637
1713880 636
1713890 636
1713900 635
1713910 635
1713920 634
1713930 634
1713940 633
1713950 633
1713960 632
1713970 632
1713980 631
1713990 630
1714000 630
1714010 629
1714020 628
1714030 627
1714040 627
1714050 626
1714060 625
1714070 624
1714080 623
1714090 623
1714100 622
1714110 621
1714120 620
1714130 620
1714140 619
1714150 619
1714160 618
1714170 617
1714180 616
1714190 616
1714200 615
1714210 614
1714220 613
1714230 613
1714240 612
1714250 611
1714260 610
1714270 610
1714280 609
1714290 608
1714300 607
1714310 607
1714320 606
1714330 605
1714340 604
1714350 603
1714360 603
1714370 602
1714380 601
1714390 600
1714400 600
1714410 599
1714420 599
1714430 598
1714440 597
1714450 597
1714460 597
1714470 598
1714480 598
1714490 598
1714500 598
1714510 598
1714520 598
1714530 598
1714540 598
1714550 598
1714560 598
1714570 598
1714580 598
1714590 598
1714600 598
1714610 597
1714620 597
1714630 597
1714640 596
1714650 596
1714660 595
1714670 595
1714680 595
1714690 594
1714700 594
1714710 594
1714720 594
1714730 593
1714740 593
1714750 593
1714760 592
1714770 592
1714780 592
1714790 592
1714800 591
1714810 591
1714820 591
1714830 591
1714840 590
1714850 590
1714860 590
1714870 590
1714880 590
1714890 590
1714900 590
1714910 590
1714920 590
1714930 590
1714940 590
1714950 590
1714960 591
1714970 591
1714980 591
1714990 592
1715000 592
1715010 592
1715020 593
1715030 594
1715040 595
1715050 595
1715060 596
1715070 595
1715080 595
1715090 594
1715100 594
1715110 593
1715120 593
1715130 592
1715140 592
1715150 591
1715160 591
1715170 590
1715180 590
1715190 590
1715200 589
1715210 589
1715220 588
1715230 588
1715240 588
1715250 587
1715260 587
1715270 587
1715280 586
1715290 586
1715300 586
1715310 585
1715320 585
1715330 585
1715340 584
1715350 584
1715360 584
1715370 584
1715380 584
1715390 583
1715400 583
1715410 583
1715420 583
1715430 583
1715440 583
1715450 583
1715460 583
1715470 583
1715480 583
1715490 583
1715500 583
1715510 583
1715520 583
1715530 583
1715540 583
1715550 583
1715560 583
1715570 583
1715580 582
1715590 582
1715600 582
1715610 581
1715620 581
1715630 581
1715640 581
1715650 581
1715660 581
1715670 581
1715680 580
1715690 580
1715700 580
1715710 579
1715720 579
1715730 579
1715740 579
1715750 578
1715760 578
1715770 578
1715780 578
1715790 578
1715800 577
1715810 577
1715820 576
1715830 576
1715840 576
1715850 576
1715860 575
1715870 575
1715880 575
1715890 575
1715900 574
1715910 574
1715920 573
1715930 573
1715940 573
1715950 572
1715960 572
1715970 571
1715980 571
1715990 570
1716000 570
1716010 569
1716020 568
1716030 568
1716040 567
1716050 566
1716060 565
1716070 564
1716080 563
1716090 562
1716100 561
1716110 560
1716120 560
1716130 559
1716140 558
1716150 557
1716160 556
1716170 555
1716180 554
1716190 554
1716200 553
1716210 553
1716220 552
1716230 552
1716240 551
1716250 551
1716260 551
1716270 550
1716280 550
1716290 549
1716300 549
1716310 548
1716320 548
1716330 547
1716340 547
1716350 547
1716360 546
1716370 545
1716380 545
1716390 544
1716400 543
1716410 543
1716420 542
1716430 542
1716440 541
1716450 540
1716460 539
1716470 538
1716480 537
1716490 536
1716500 535
1716510 534
1716520 533
1716530 532
1716540 531
1716550 530
1716560 528
1716570 528
1716580 529
1716590 530
1716600 531
1716610 532
1716620 534
1716630 536
1716640 539
1716650 541
1716660 543
1716670 546
1716680 548
1716690 550
1716700 551
1716710 552
1716720 552
1716730 553
1716740 554
1716750 555
1716760 555
1716770 556
1716780 556
1716790 557
1716800 557
1716810 557
1716820 557
1716830 557
1716840 557
1716850 557
1716860 557
1716870 557
1716880 557
1716890 556
1716900 556
1716910 556
1716920 555
1716930 555
1716940 554
1716950 553
1716960 552
1716970 551
1716980 549
1716990 548
1717000 547
1717010 546
1717020 544
1717030 543
1717040 542
1717050 541
1717060 540
1717070 539
1717080 539
1717090 541
1717100 543
1717110 545
1717120 546
1717130 546
1717140 547
1717150 547
1717160 548
1717170 548
1717180 548
1717190 548
1717200 548
1717210 547
1717220 547
1717230 547
1717240 546
1717250 546
1717260 546
1717270 547
1717280 547
1717290 547
1717300 547
1717310 548
1717320 548
1717330 548
1717340 549
1717350 549
1717360 550
1717370 550
1717380 550
1717390 550
1717400 550
1717410 551
1717420 552
1717430 552
1717440 553
1717450 554
1717460 554
1717470 554
1717480 555
1717490 555
1717500 555
1717510 556
1717520 556
1717530 556
1717540 557
1717550 557
1717560 557
1717570 558
1717580 558
1717590 558
1717600 559
1717610 559
1717620 559
1717630 560
1717640 560
1717650 560
1717660 561
1717670 561
1717680 562
1717690 563
1717700 565
1717710 566
1717720 567
1717730 568
1717740 570
1717750 570
1717760 571
1717770 571
1717780 571
1717790 571
1717800 572
1717810 572
1717820 572
1717830 572
1717840 572
1717850 572
1717860 573
1717870 573
1717880 573
1717890 573
1717900 574
1717910 574
1717920 574
1717930 574
1717940 575
1717950 576
1717960 577
1717970 577
1717980 577
1717990 577
1718000 577
1718010 577
1718020 577
1718030 577
1718040 576
1718050 576
1718060 576
1718070 576
1718080 576
1718090 575
1718100 575
1718110 575
1718120 575
1718130 574
1718140 574
1718150 574
1718160 574
1718170 573
1718180 573
1718190 573
1718200 572
1718210 572
1718220 571
1718230 571
1718240 571
1718250 571
1718260 570
1718270 570
1718280 570
1718290 569
1718300 568
1718310 567
1718320 567
1718330 566
1718340 565
1718350 564
1718360 563
1718370 562
1718380 561
1718390 560
1718400 559
1718410 558
1718420 557
1718430 556
1718440 555
1718450 554
1718460 553
1718470 552
1718480 552
1718490 551
1718500 550
1718510 549
1718520 548
1718530 547
1718540 547
1718550 546
1718560 544
1718570 543
1718580 542
1718590 541
1718600 540
1718610 539
1718620 537
1718630 536
1718640 535
1718650 535
1718660 534
1718670 533
1718680 533
1718690 532
1718700 532
1718710 531
1718720 530
1718730 529
1718740 529
1718750 528
1718760 526
1718770 525
1718780 523
1718790 522
1718800 521
1718810 520
1718820 518
1718830 517
1718840 515
1718850 514
1718860 513
1718870 511
1718880 510
1718890 509
1718900 507
1718910 505
1718920 504
1718930 502
1718940 501
1718950 499
1718960 498
1718970 496
1718980 495
1718990 494
1719000 492
1719010 491
1719020 490
1719030 489
1719040 488
1719050 487
1719060 485
1719070 484
1719080 483
1719090 483
1719100 482
1719110 481
1719120 481
1719130 480
1719140 479
1719150 478
1719160 477
1719170 476
1719180 476
1719190 475
1719200 474
1719210 473
1719220 472
1719230 471
1719240 470
1719250 469
1719260 468
1719270 468
1719280 467
1719290 465
1719300 464
1719310 463
1719320 461
1719330 459
1719340 458
1719350 456
1719360 454
1719370 452
1719380 449
1719390 446
1719400 444
1719410 441
1719420 438
1719430 435
1719440 431
1719450 429
1719460 429
1719470 428
1719480 428
1719490 427
1719500 427
1719510 427
1719520 428
1719530 428
1719540 428
1719550 428
1719560 428
1719570 428
1719580 427
1719590 426
1719600 424
1719610 422
1719620 420
1719630 418
1719640 416
1719650 414
1719660 412
1719670 411
1719680 410
1719690 409
1719700 408
1719710 407
1719720 406
1719730 405
1719740 403
1719750 401
1719760 400
1719770 398
1719780 398
1719790 397
1719800 397
1719810 398
1719820 398
1719830 398
1719840 397
1719850 397
1719860 395
1719870 393
1719880 390
1719890 386
1719900 383
1719910 380
1719920 379
1719930 378
1719940 377
1719950 377
1719960 377
1719970 378
1719980 381
1719990 386
