1700000 771
1700010 771
1700020 771
1700030 770
1700040 770
1700050 770
1700060 770
1700070 770
1700080 770
1700090 770
1700100 770
1700110 770
1700120 770
1700130 770
1700140 770
1700150 770
1700160 770
1700170 770
1700180 770
1700190 770
1700200 770
1700210 770
1700220 770
1700230 770
1700240 770
1700250 770
1700260 771
1700270 771
1700280 771
1700290 771
1700300 771
1700310 771
1700320 771
1700330 771
1700340 772
1700350 772
1700360 772
1700370 772
1700380 772
1700390 771
1700400 771
1700410 771
1700420 771
1700430 771
1700440 771
1700450 771
1700460 770
1700470 770
1700480 770
1700490 770
1700500 770
1700510 770
1700520 769
1700530 769
1700540 769
1700550 769
1700560 769
1700570 769
1700580 768
1700590 768
1700600 768
1700610 768
1700620 768
1700630 767
1700640 767
1700650 767
1700660 767
1700670 767
1700680 766
1700690 766
1700700 766
1700710 766
1700720 766
1700730 765
1700740 765
1700750 765
1700760 765
1700770 765
1700780 764
1700790 764
1700800 764
1700810 764
1700820 764
1700830 763
1700840 763
1700850 763
1700860 763
1700870 763
1700880 762
1700890 762
1700900 762
1700910 762
1700920 762
1700930 762
1700940 762
1700950 762
1700960 761
1700970 761
1700980 761
1700990 761
1701000 761
1701010 761
1701020 761
1701030 761
1701040 761
1701050 761
1701060 760
1701070 760
1701080 760
1701090 760
1701100 760
1701110 760
1701120 760
1701130 760
1701140 759
1701150 759
1701160 759
1701170 759
1701180 759
1701190 759
1701200 759
1701210 758
1701220 758
1701230 758
1701240 758
1701250 758
1701260 758
1701270 757
1701280 757
1701290 757
1701300 757
1701310 757
1701320 757
1701330 757
1701340 757
1701350 757
1701360 756
1701370 756
1701380 756
1701390 756
1701400 756
1701410 756
1701420 756
1701430 756
1701440 755
1701450 755
1701460 755
1701470 755
1701480 755
1701490 755
1701500 755
1701510 755
1701520 755
1701530 755
1701540 755
1701550 755
1701560 755
1701570 755
1701580 755
1701590 755
1701600 755
1701610 755
1701620 755
1701630 755
1701640 755
1701650 755
1701660 755
1701670 755
1701680 755
1701690 755
1701700 755
1701710 755
1701720 754
1701730 754
1701740 754
1701750 754
1701760 754
1701770 753
1701780 753
1701790 753
1701800 753
1701810 753
1701820 752
1701830 752
1701840 752
1701850 751
1701860 751
1701870 751
1701880 751
1701890 750
1701900 750
1701910 750
1701920 749
1701930 749
1701940 748
1701950 748
1701960 748
1701970 747
1701980 746
1701990 746
1702000 745
1702010 745
1702020 744
1702030 744
1702040 743
1702050 743
1702060 743
1702070 742
1702080 742
1702090 741
1702100 741
1702110 741
1702120 740
1702130 740
1702140 740
1702150 740
1702160 739
1702170 739
1702180 739
1702190 738
1702200 738
1702210 738
1702220 738
1702230 737
1702240 737
1702250 737
1702260 737
1702270 737
1702280 737
1702290 736
1702300 736
1702310 736
1702320 736
1702330 736
1702340 736
1702350 735
1702360 735
1702370 735
1702380 735
1702390 735
1702400 735
1702410 734
1702420 734
1702430 734
1702440 734
1702450 733
1702460 733
1702470 733
1702480 733
1702490 733
1702500 733
1702510 733
1702520 733
1702530 733
1702540 733
1702550 733
1702560 733
1702570 733
1702580 733
1702590 733
1702600 733
1702610 732
1702620 732
1702630 732
1702640 732
1702650 732
1702660 732
1702670 732
1702680 732
1702690 732
1702700 732
1702710 732
1702720 731
1702730 731
1702740 731
1702750 731
1702760 731
1702770 731
1702780 730
1702790 730
1702800 730
1702810 730
1702820 730
1702830 729
1702840 729
1702850 729
1702860 728
1702870 728
1702880 728
1702890 728
1702900 728
1702910 727
1702920 727
1702930 727
1702940 727
1702950 726
1702960 726
1702970 726
1702980 726
1702990 725
1703000 725
1703010 724
1703020 724
1703030 725
1703040 725
1703050 725
1703060 724
1703070 725
1703080 725
1703090 725
1703100 725
1703110 725
1703120 725
1703130 725
1703140 725
1703150 725
1703160 725
1703170 725
1703180 725
1703190 725
1703200 725
1703210 725
1703220 725
1703230 725
1703240 725
1703250 725
1703260 725
1703270 725
1703280 725
1703290 725
1703300 725
1703310 725
1703320 725
1703330 725
1703340 725
1703350 724
1703360 724
1703370 724
1703380 724
1703390 724
1703400 724
1703410 724
1703420 724
1703430 723
1703440 723
1703450 723
1703460 723
1703470 722
1703480 722
1703490 722
1703500 721
1703510 721
1703520 721
1703530 721
1703540 721
1703550 720
1703560 720
1703570 719
1703580 719
1703590 719
1703600 719
1703610 718
1703620 718
1703630 718
1703640 717
1703650 717
1703660 717
1703670 717
1703680 716
1703690 716
1703700 716
1703710 715
1703720 715
1703730 715
1703740 715
1703750 714
1703760 714
1703770 714
1703780 714
1703790 714
1703800 713
1703810 713
1703820 713
1703830 713
1703840 713
1703850 712
1703860 712
1703870 712
1703880 712
1703890 712
1703900 711
1703910 711
1703920 710
1703930 710
1703940 710
1703950 710
1703960 709
1703970 709
1703980 709
1703990 709
1704000 709
1704010 709
1704020 709
1704030 709
1704040 709
1704050 708
1704060 708
1704070 707
1704080 707
1704090 707
1704100 707
1704110 706
1704120 706
1704130 706
1704140 706
1704150 706
1704160 705
1704170 705
1704180 704
1704190 704
1704200 703
1704210 703
1704220 702
1704230 702
1704240 703
1704250 703
1704260 703
1704270 703
1704280 703
1704290 704
1704300 705
1704310 707
1704320 707
1704330 707
1704340 706
1704350 706
1704360 706
1704370 709
1704380 709
1704390 710
1704400 710
1704410 711
1704420 711
1704430 711
1704440 712
1704450 712
1704460 712
1704470 713
1704480 713
1704490 714
1704500 714
1704510 714
1704520 715
1704530 715
1704540 715
1704550 716
1704560 716
1704570 716
1704580 717
1704590 717
1704600 718
1704610 718
1704620 719
1704630 719
1704640 720
1704650 720
1704660 720
1704670 721
1704680 722
1704690 722
1704700 722
1704710 722
1704720 722
1704730 722
1704740 721
1704750 719
1704760 719
1704770 718
1704780 718
1704790 718
1704800 717
1704810 717
1704820 716
1704830 715
1704840 714
1704850 712
1704860 711
1704870 709
1704880 707
1704890 706
1704900 704
1704910 703
1704920 702
1704930 702
1704940 700
1704950 700
1704960 699
1704970 699
1704980 698
1704990 698
1705000 698
1705010 698
1705020 697
1705030 697
1705040 697
1705050 697
1705060 698
1705070 698
1705080 698
1705090 697
1705100 697
1705110 697
1705120 697
1705130 697
1705140 697
1705150 697
1705160 697
1705170 696
1705180 696
1705190 696
1705200 695
1705210 695
1705220 695
1705230 694
1705240 694
1705250 694
1705260 694
1705270 693
1705280 693
1705290 692
1705300 692
1705310 691
1705320 691
1705330 690
1705340 690
1705350 690
1705360 689
1705370 689
1705380 689
1705390 688
1705400 687
1705410 687
1705420 687
1705430 686
1705440 685
1705450 684
1705460 684
1705470 683
1705480 682
1705490 681
1705500 680
1705510 679
1705520 678
1705530 677
1705540 676
1705550 676
1705560 675
1705570 675
1705580 675
1705590 675
1705600 674
1705610 674
1705620 674
1705630 674
1705640 673
1705650 673
1705660 673
1705670 673
1705680 673
1705690 673
1705700 672
1705710 672
1705720 672
1705730 672
1705740 672
1705750 672
1705760 671
1705770 671
1705780 671
1705790 671
1705800 671
1705810 670
1705820 670
1705830 670
1705840 671
1705850 672
1705860 672
1705870 673
1705880 674
1705890 676
1705900 677
1705910 678
1705920 679
1705930 679
1705940 680
1705950 681
1705960 682
1705970 683
1705980 683
1705990 684
1706000 684
1706010 684
1706020 685
1706030 685
1706040 685
1706050 686
1706060 686
1706070 686
1706080 686
1706090 686
1706100 686
1706110 686
1706120 686
1706130 686
1706140 686
1706150 686
1706160 686
1706170 686
1706180 687
1706190 687
1706200 687
1706210 687
1706220 687
1706230 687
1706240 687
1706250 687
1706260 687
1706270 687
1706280 687
1706290 688
1706300 688
1706310 688
1706320 689
1706330 689
1706340 689
1706350 690
1706360 690
1706370 691
1706380 692
1706390 693
1706400 693
1706410 693
1706420 693
1706430 693
1706440 692
1706450 692
1706460 692
1706470 692
1706480 691
1706490 691
1706500 691
1706510 690
1706520 690
1706530 689
1706540 688
1706550 688
1706560 687
1706570 686
1706580 686
1706590 685
1706600 685
1706610 684
1706620 684
1706630 683
1706640 683
1706650 682
1706660 682
1706670 681
1706680 681
1706690 681
1706700 680
1706710 680
1706720 679
1706730 679
1706740 679
1706750 678
1706760 678
1706770 677
1706780 677
1706790 676
1706800 676
1706810 676
1706820 675
1706830 675
1706840 675
1706850 674
1706860 673
1706870 673
1706880 672
1706890 672
1706900 672
1706910 671
1706920 671
1706930 671
1706940 671
1706950 671
1706960 670
1706970 670
1706980 669
1706990 669
1707000 669
1707010 669
1707020 668
1707030 668
1707040 667
1707050 666
1707060 665
1707070 663
1707080 662
1707090 660
1707100 659
1707110 657
1707120 655
1707130 653
1707140 651
1707150 649
1707160 648
1707170 646
1707180 645
1707190 644
1707200 642
1707210 641
1707220 640
1707230 637
1707240 635
1707250 633
1707260 630
1707270 627
1707280 625
1707290 621
1707300 619
1707310 617
1707320 615
1707330 614
1707340 613
1707350 611
1707360 609
1707370 608
1707380 606
1707390 605
1707400 604
1707410 603
1707420 602
1707430 602
1707440 604
1707450 607
1707460 610
1707470 615
1707480 619
1707490 622
1707500 624
1707510 626
1707520 628
1707530 631
1707540 633
1707550 636
1707560 638
1707570 640
1707580 641
1707590 641
1707600 642
1707610 642
1707620 644
1707630 644
1707640 645
1707650 645
1707660 646
1707670 646
1707680 646
1707690 646
1707700 646
1707710 646
1707720 646
1707730 647
1707740 648
1707750 648
1707760 649
1707770 647
1707780 646
1707790 644
1707800 643
1707810 642
1707820 641
1707830 640
1707840 639
1707850 639
1707860 638
1707870 638
1707880 638
1707890 638
1707900 638
1707910 637
1707920 637
1707930 637
1707940 636
1707950 635
1707960 633
1707970 631
1707980 629
1707990 626
1708000 624
1708010 621
1708020 619
1708030 621
1708040 621
1708050 622
1708060 623
1708070 624
1708080 625
1708090 626
1708100 627
1708110 628
1708120 630
1708130 632
1708140 634
1708150 636
1708160 638
1708170 640
1708180 644
1708190 648
1708200 652
1708210 654
1708220 656
1708230 658
1708240 660
1708250 661
1708260 662
1708270 660
1708280 659
1708290 659
1708300 660
1708310 662
1708320 665
1708330 667
1708340 668
1708350 669
1708360 670
1708370 670
1708380 669
1708390 666
1708400 663
1708410 660
1708420 655
1708430 651
1708440 648
1708450 645
1708460 643
1708470 641
1708480 640
1708490 639
1708500 638
1708510 638
1708520 638
1708530 638
1708540 639
1708550 640
1708560 642
1708570 644
1708580 647
1708590 649
1708600 651
1708610 653
1708620 655
1708630 658
1708640 660
1708650 661
1708660 662
1708670 663
1708680 664
1708690 666
1708700 667
1708710 668
1708720 669
1708730 670
1708740 670
1708750 671
1708760 671
1708770 671
1708780 671
1708790 671
1708800 671
1708810 671
1708820 671
1708830 671
1708840 671
1708850 671
1708860 670
1708870 670
1708880 670
1708890 669
1708900 668
1708910 668
1708920 667
1708930 666
1708940 665
1708950 664
1708960 663
1708970 662
1708980 661
1708990 659
1709000 658
1709010 656
1709020 654
1709030 653
1709040 651
1709050 647
1709060 644
1709070 640
1709080 636
1709090 633
1709100 629
1709110 626
1709120 623
1709130 623
1709140 624
1709150 625
1709160 627
1709170 629
1709180 632
1709190 634
1709200 637
1709210 640
1709220 642
1709230 645
1709240 647
1709250 648
1709260 649
1709270 649
1709280 649
1709290 648
1709300 648
1709310 647
1709320 646
1709330 645
1709340 644
1709350 644
1709360 643
1709370 643
1709380 643
1709390 643
1709400 644
1709410 644
1709420 644
1709430 644
1709440 644
1709450 644
1709460 643
1709470 643
1709480 643
1709490 643
1709500 644
1709510 644
1709520 644
1709530 645
1709540 645
1709550 645
1709560 645
1709570 646
1709580 646
1709590 646
1709600 646
1709610 646
1709620 646
1709630 646
1709640 647
1709650 647
1709660 647
1709670 647
1709680 647
1709690 646
1709700 646
1709710 646
1709720 646
1709730 645
1709740 645
1709750 644
1709760 644
1709770 643
1709780 642
1709790 641
1709800 640
1709810 639
1709820 637
1709830 635
1709840 634
1709850 632
1709860 630
1709870 628
1709880 625
1709890 623
1709900 620
1709910 617
1709920 614
1709930 611
1709940 608
1709950 605
1709960 602
1709970 599
1709980 597
1709990 596
1710000 594
1710010 595
1710020 597
1710030 603
1710040 609
1710050 613
1710060 617
1710070 620
1710080 624
1710090 628
1710100 633
1710110 638
1710120 642
1710130 647
1710140 651
1710150 655
1710160 659
1710170 662
1710180 666
1710190 669
1710200 672
1710210 674
1710220 675
1710230 675
1710240 675
1710250 674
1710260 674
1710270 674
1710280 674
1710290 675
1710300 675
1710310 675
1710320 676
1710330 676
1710340 676
1710350 677
1710360 677
1710370 677
1710380 677
1710390 678
1710400 678
1710410 678
1710420 678
1710430 678
1710440 678
1710450 678
1710460 678
1710470 678
1710480 678
1710490 678
1710500 678
1710510 677
1710520 677
1710530 677
1710540 676
1710550 676
1710560 675
1710570 675
1710580 675
1710590 674
1710600 674
1710610 673
1710620 673
1710630 672
1710640 672
1710650 671
1710660 669
1710670 668
1710680 667
1710690 667
1710700 666
1710710 666
1710720 666
1710730 666
1710740 666
1710750 666
1710760 666
1710770 665
1710780 665
1710790 665
1710800 665
1710810 666
1710820 666
1710830 666
1710840 665
1710850 665
1710860 665
1710870 664
1710880 664
1710890 664
1710900 663
1710910 662
1710920 661
1710930 661
1710940 660
1710950 660
1710960 660
1710970 660
1710980 660
1710990 660
1711000 661
1711010 662
1711020 663
1711030 663
1711040 664
1711050 665
1711060 665
1711070 666
1711080 667
1711090 667
1711100 668
1711110 668
1711120 669
1711130 670
1711140 670
1711150 671
1711160 672
1711170 672
1711180 673
1711190 673
1711200 673
1711210 673
1711220 673
1711230 673
1711240 673
1711250 673
1711260 674
1711270 674
1711280 674
1711290 675
1711300 675
1711310 674
1711320 674
1711330 674
1711340 673
1711350 673
1711360 672
1711370 672
1711380 671
1711390 671
1711400 671
1711410 670
1711420 670
1711430 670
1711440 670
1711450 669
1711460 669
1711470 669
1711480 669
1711490 669
1711500 668
1711510 668
1711520 668
1711530 667
1711540 667
1711550 666
1711560 666
1711570 666
1711580 665
1711590 665
1711600 665
1711610 666
1711620 666
1711630 666
1711640 666
1711650 666
1711660 666
1711670 666
1711680 667
1711690 667
1711700 667
1711710 667
1711720 668
1711730 668
1711740 668
1711750 669
1711760 669
1711770 670
1711780 670
1711790 671
1711800 671
1711810 672
1711820 672
1711830 673
1711840 674
1711850 674
1711860 675
1711870 676
1711880 677
1711890 678
1711900 679
1711910 679
1711920 680
1711930 682
1711940 683
1711950 684
1711960 685
1711970 686
1711980 687
1711990 688
1712000 689
1712010 689
1712020 690
1712030 690
1712040 690
1712050 691
1712060 691
1712070 692
1712080 693
1712090 693
1712100 694
1712110 694
1712120 695
1712130 695
1712140 695
1712150 695
1712160 695
1712170 695
1712180 695
1712190 695
1712200 695
1712210 694
1712220 694
1712230 694
1712240 694
1712250 694
1712260 694
1712270 694
1712280 694
1712290 693
1712300 693
1712310 693
1712320 693
1712330 693
1712340 693
1712350 693
1712360 692
1712370 692
1712380 692
1712390 691
1712400 691
1712410 691
1712420 690
1712430 690
1712440 690
1712450 689
1712460 689
1712470 689
1712480 688
1712490 688
1712500 688
1712510 687
1712520 687
1712530 687
1712540 686
1712550 686
1712560 686
1712570 685
1712580 685
1712590 684
1712600 684
1712610 684
1712620 683
1712630 683
1712640 683
1712650 682
1712660 682
1712670 681
1712680 681
1712690 681
1712700 681
1712710 680
1712720 680
1712730 680
1712740 680
1712750 679
1712760 679
1712770 679
1712780 678
1712790 678
1712800 678
1712810 678
1712820 678
1712830 677
1712840 677
1712850 677
1712860 677
1712870 677
1712880 677
1712890 677
1712900 677
1712910 677
1712920 676
1712930 676
1712940 676
1712950 675
1712960 675
1712970 675
1712980 674
1712990 674
1713000 674
1713010 674
1713020 673
1713030 673
1713040 673
1713050 673
1713060 672
1713070 671
1713080 670
1713090 670
1713100 669
1713110 669
1713120 668
1713130 668
1713140 667
1713150 667
1713160 667
1713170 666
1713180 666
1713190 665
1713200 665
1713210 664
1713220 664
1713230 663
1713240 663
1713250 663
1713260 662
1713270 662
1713280 661
1713290 661
1713300 660
1713310 660
1713320 660
1713330 659
1713340 659
1713350 658
1713360 658
1713370 658
1713380 658
1713390 658
1713400 658
1713410 657
1713420 657
1713430 657
1713440 657
1713450 657
1713460 656
1713470 656
1713480 656
1713490 656
1713500 656
1713510 656
1713520 656
1713530 656
1713540 656
1713550 656
1713560 655
1713570 655
1713580 655
1713590 655
1713600 655
1713610 655
1713620 654
1713630 654
1713640 654
1713650 654
1713660 654
1713670 654
1713680 654
1713690 654
1713700 653
1713710 653
1713720 653
1713730 653
1713740 653
1713750 653
1713760 653
1713770 653
1713780 653
1713790 653
1713800 653
1713810 653
1713820 653
1713830 654
1713840 654
1713850 654
1713860 654
1713870 654
1713880 654
1713890 654
1713900 654
1713910 654
1713920 654
1713930 654
1713940 654
1713950 654
1713960 654
1713970 654
1713980 655
1713990 655
1714000 655
1714010 655
1714020 656
1714030 657
1714040 657
1714050 657
1714060 657
1714070 658
1714080 658
1714090 660
1714100 660
1714110 660
1714120 658
1714130 657
1714140 655
1714150 654
1714160 652
1714170 651
1714180 650
1714190 649
1714200 648
1714210 647
1714220 646
1714230 645
1714240 644
1714250 643
1714260 643
1714270 642
1714280 641
1714290 640
1714300 640
1714310 639
1714320 638
1714330 637
1714340 637
1714350 636
1714360 636
1714370 635
1714380 634
1714390 634
1714400 633
1714410 633
1714420 633
1714430 633
1714440 633
1714450 632
1714460 632
1714470 632
1714480 631
1714490 631
1714500 631
1714510 630
1714520 630
1714530 630
1714540 630
1714550 629
1714560 629
1714570 628
1714580 628
1714590 627
1714600 626
1714610 625
1714620 624
1714630 623
1714640 622
1714650 621
1714660 620
1714670 619
1714680 619
1714690 618
1714700 617
1714710 616
1714720 614
1714730 613
1714740 612
1714750 611
1714760 610
1714770 609
1714780 608
1714790 607
1714800 606
1714810 605
1714820 604
1714830 603
1714840 602
1714850 601
1714860 600
1714870 599
1714880 598
1714890 597
1714900 596
1714910 595
1714920 594
1714930 593
1714940 592
1714950 591
1714960 590
1714970 589
1714980 588
1714990 588
1715000 587
1715010 587
1715020 585
1715030 583
1715040 582
1715050 581
1715060 580
1715070 579
1715080 579
1715090 578
1715100 577
1715110 576
1715120 576
1715130 575
1715140 574
1715150 573
1715160 573
1715170 571
1715180 570
1715190 569
1715200 568
1715210 567
1715220 566
1715230 565
1715240 564
1715250 563
1715260 562
1715270 560
1715280 559
1715290 558
1715300 557
1715310 556
1715320 555
1715330 554
1715340 553
1715350 551
1715360 550
1715370 549
1715380 546
1715390 544
1715400 542
1715410 540
1715420 539
1715430 539
1715440 539
1715450 539
1715460 538
1715470 538
1715480 540
1715490 543
1715500 548
1715510 553
1715520 557
1715530 561
1715540 565
1715550 568
1715560 571
1715570 573
1715580 574
1715590 575
1715600 575
1715610 576
1715620 576
1715630 576
1715640 576
1715650 576
1715660 576
1715670 575
1715680 575
1715690 575
1715700 574
1715710 574
1715720 573
1715730 573
1715740 572
1715750 572
1715760 571
1715770 571
1715780 571
1715790 572
1715800 572
1715810 572
1715820 571
1715830 571
1715840 571
1715850 571
1715860 572
1715870 572
1715880 571
1715890 571
1715900 571
1715910 571
1715920 571
1715930 571
1715940 571
1715950 571
1715960 571
1715970 571
1715980 571
1715990 571
1716000 571
1716010 571
1716020 571
1716030 570
1716040 570
1716050 570
1716060 569
1716070 569
1716080 568
1716090 568
1716100 568
1716110 568
1716120 569
1716130 569
1716140 569
1716150 570
1716160 570
1716170 570
1716180 571
1716190 571
1716200 572
1716210 572
1716220 572
1716230 573
1716240 573
1716250 573
1716260 573
1716270 574
1716280 574
1716290 574
1716300 575
1716310 575
1716320 576
1716330 576
1716340 576
1716350 577
1716360 576
1716370 576
1716380 576
1716390 576
1716400 576
1716410 575
1716420 575
1716430 575
1716440 574
1716450 574
1716460 574
1716470 573
1716480 573
1716490 572
1716500 572
1716510 571
1716520 571
1716530 570
1716540 570
1716550 569
1716560 569
1716570 568
1716580 567
1716590 567
1716600 566
1716610 565
1716620 564
1716630 564
1716640 563
1716650 562
1716660 562
1716670 561
1716680 561
1716690 560
1716700 560
1716710 560
1716720 559
1716730 559
1716740 559
1716750 559
1716760 559
1716770 559
1716780 558
1716790 557
1716800 557
1716810 557
1716820 556
1716830 556
1716840 556
1716850 555
1716860 555
1716870 555
1716880 555
1716890 554
1716900 554
1716910 554
1716920 554
1716930 554
1716940 553
1716950 553
1716960 552
1716970 552
1716980 551
1716990 550
1717000 550
1717010 549
1717020 548
1717030 547
1717040 546
1717050 545
1717060 543
1717070 542
1717080 540
1717090 539
1717100 537
1717110 536
1717120 534
1717130 533
1717140 532
1717150 531
1717160 530
1717170 528
1717180 526
1717190 524
1717200 522
1717210 519
1717220 517
1717230 516
1717240 516
1717250 517
1717260 518
1717270 519
1717280 520
1717290 521
1717300 522
1717310 522
1717320 522
1717330 522
1717340 522
1717350 522
1717360 523
1717370 523
1717380 523
1717390 523
1717400 523
1717410 523
1717420 524
1717430 525
1717440 526
1717450 526
1717460 527
1717470 527
1717480 528
1717490 529
1717500 529
1717510 530
1717520 531
1717530 531
1717540 532
1717550 532
1717560 532
1717570 533
1717580 533
1717590 534
1717600 534
1717610 535
1717620 535
1717630 535
1717640 536
1717650 536
1717660 536
1717670 537
1717680 537
1717690 538
1717700 538
1717710 538
1717720 539
1717730 539
1717740 539
1717750 539
1717760 539
1717770 539
1717780 539
1717790 539
1717800 539
1717810 539
1717820 539
1717830 538
1717840 538
1717850 538
1717860 538
1717870 538
1717880 538
1717890 537
1717900 537
1717910 537
1717920 537
1717930 537
1717940 537
1717950 536
1717960 536
1717970 536
1717980 536
1717990 536
1718000 536
1718010 536
1718020 535
1718030 535
1718040 534
1718050 534
1718060 533
1718070 533
1718080 532
1718090 532
1718100 530
1718110 529
1718120 528
1718130 526
1718140 523
1718150 519
1718160 514
1718170 511
1718180 507
1718190 505
1718200 502
1718210 499
1718220 496
1718230 493
1718240 493
1718250 493
1718260 495
1718270 497
1718280 498
1718290 499
1718300 500
1718310 500
1718320 499
1718330 497
1718340 495
1718350 495
1718360 494
1718370 493
1718380 493
1718390 493
1718400 495
1718410 498
1718420 501
1718430 504
1718440 507
1718450 510
1718460 512
1718470 515
1718480 518
1718490 520
1718500 523
1718510 525
1718520 525
1718530 526
1718540 527
1718550 528
1718560 529
1718570 529
1718580 529
1718590 528
1718600 527
1718610 526
1718620 526
1718630 525
1718640 524
1718650 523
1718660 522
1718670 521
1718680 520
1718690 518
1718700 517
1718710 516
1718720 515
1718730 513
1718740 511
1718750 509
1718760 508
1718770 505
1718780 502
1718790 498
1718800 494
1718810 491
1718820 488
1718830 487
1718840 486
1718850 486
1718860 486
1718870 485
1718880 485
1718890 487
1718900 489
1718910 491
1718920 492
1718930 493
1718940 493
1718950 493
1718960 494
1718970 496
1718980 498
1718990 500
1719000 502
1719010 504
1719020 507
1719030 510
1719040 512
1719050 515
1719060 517
1719070 520
1719080 523
1719090 526
1719100 530
1719110 533
1719120 535
1719130 538
1719140 540
1719150 542
1719160 544
1719170 545
1719180 546
1719190 547
1719200 548
1719210 548
1719220 548
1719230 548
1719240 548
1719250 548
1719260 547
1719270 547
1719280 547
1719290 547
1719300 547
1719310 546
1719320 546
1719330 545
1719340 545
1719350 545
1719360 544
1719370 544
1719380 544
1719390 543
1719400 543
1719410 543
1719420 543
1719430 543
1719440 543
1719450 543
1719460 543
1719470 543
1719480 543
1719490 543
1719500 543
1719510 543
1719520 543
1719530 543
1719540 543
1719550 543
1719560 543
1719570 543
1719580 543
1719590 543
1719600 543
1719610 544
1719620 544
1719630 544
1719640 544
1719650 544
1719660 545
1719670 545
1719680 545
1719690 545
1719700 545
1719710 545
1719720 545
1719730 545
1719740 545
1719750 545
1719760 545
1719770 545
1719780 545
1719790 545
1719800 546
1719810 546
1719820 546
1719830 547
1719840 547
1719850 547
1719860 547
1719870 547
1719880 548
1719890 548
1719900 548
1719910 548
1719920 548
1719930 548
1719940 548
1719950 547
1719960 546
1719970 546
1719980 545
1719990 544
