1700000 765
1700010 765
1700020 765
1700030 765
1700040 764
1700050 764
1700060 764
1700070 764
1700080 764
1700090 763
1700100 763
1700110 763
1700120 763
1700130 762
1700140 762
1700150 762
1700160 762
1700170 762
1700180 761
1700190 761
1700200 761
1700210 761
1700220 760
1700230 760
1700240 760
1700250 759
1700260 759
1700270 759
1700280 758
1700290 758
1700300 757
1700310 757
1700320 756
1700330 755
1700340 754
1700350 753
1700360 752
1700370 752
1700380 751
1700390 751
1700400 751
1700410 751
1700420 750
1700430 750
1700440 750
1700450 750
1700460 750
1700470 749
1700480 749
1700490 749
1700500 749
1700510 748
1700520 748
1700530 748
1700540 747
1700550 747
1700560 747
1700570 747
1700580 746
1700590 746
1700600 746
1700610 746
1700620 746
1700630 746
1700640 746
1700650 745
1700660 745
1700670 745
1700680 745
1700690 745
1700700 745
1700710 744
1700720 744
1700730 744
1700740 743
1700750 743
1700760 743
1700770 743
1700780 742
1700790 742
1700800 742
1700810 741
1700820 741
1700830 741
1700840 741
1700850 741
1700860 740
1700870 740
1700880 740
1700890 740
1700900 740
1700910 740
1700920 740
1700930 739
1700940 739
1700950 739
1700960 739
1700970 739
1700980 739
1700990 739
1701000 739
1701010 739
1701020 739
1701030 738
1701040 738
1701050 738
1701060 738
1701070 737
1701080 736
1701090 736
1701100 734
1701110 733
1701120 731
1701130 729
1701140 727
1701150 726
1701160 725
1701170 725
1701180 724
1701190 724
1701200 723
1701210 723
1701220 723
1701230 722
1701240 722
1701250 722
1701260 721
1701270 721
1701280 721
1701290 721
1701300 721
1701310 721
1701320 721
1701330 721
1701340 721
1701350 721
1701360 721
1701370 722
1701380 722
1701390 722
1701400 723
1701410 723
1701420 723
1701430 724
1701440 724
1701450 725
1701460 726
1701470 726
1701480 727
1701490 727
1701500 727
1701510 728
1701520 728
1701530 728
1701540 729
1701550 729
1701560 729
1701570 729
1701580 729
1701590 730
1701600 730
1701610 730
1701620 730
1701630 730
1701640 730
1701650 731
1701660 731
1701670 731
1701680 731
1701690 731
1701700 731
1701710 731
1701720 731
1701730 731
1701740 731
1701750 732
1701760 732
1701770 732
1701780 732
1701790 732
1701800 732
1701810 732
1701820 732
1701830 732
1701840 732
1701850 731
1701860 731
1701870 731
1701880 731
1701890 731
1701900 731
1701910 731
1701920 731
1701930 731
1701940 731
1701950 730
1701960 730
1701970 730
1701980 730
1701990 730
1702000 730
1702010 730
1702020 730
1702030 730
1702040 730
1702050 730
1702060 730
1702070 730
1702080 730
1702090 730
1702100 730
1702110 730
1702120 730
1702130 730
1702140 730
1702150 730
1702160 730
1702170 730
1702180 730
1702190 730
1702200 730
1702210 730
1702220 730
1702230 730
1702240 730
1702250 731
1702260 731
1702270 731
1702280 731
1702290 731
1702300 731
1702310 731
1702320 731
1702330 731
1702340 732
1702350 732
1702360 732
1702370 732
1702380 732
1702390 732
1702400 733
1702410 733
1702420 733
1702430 733
1702440 734
1702450 734
1702460 734
1702470 734
1702480 734
1702490 735
1702500 735
1702510 735
1702520 736
1702530 736
1702540 736
1702550 736
1702560 736
1702570 736
1702580 737
1702590 737
1702600 737
1702610 737
1702620 737
1702630 738
1702640 738
1702650 738
1702660 738
1702670 738
1702680 738
1702690 738
1702700 739
1702710 739
1702720 739
1702730 739
1702740 739
1702750 739
1702760 739
1702770 740
1702780 740
1702790 740
1702800 740
1702810 740
1702820 741
1702830 741
1702840 741
1702850 741
1702860 741
1702870 742
1702880 742
1702890 742
1702900 742
1702910 742
1702920 742
1702930 742
1702940 742
1702950 742
1702960 742
1702970 742
1702980 742
1702990 742
1703000 742
1703010 742
1703020 742
1703030 742
1703040 742
1703050 743
1703060 743
1703070 743
1703080 743
1703090 743
1703100 743
1703110 743
1703120 743
1703130 743
1703140 743
1703150 743
1703160 743
1703170 742
1703180 742
1703190 742
1703200 742
1703210 742
1703220 742
1703230 741
1703240 741
1703250 741
1703260 741
1703270 741
1703280 741
1703290 741
1703300 741
1703310 740
1703320 740
1703330 740
1703340 740
1703350 740
1703360 740
1703370 740
1703380 740
1703390 740
1703400 740
1703410 739
1703420 739
1703430 739
1703440 739
1703450 738
1703460 738
1703470 738
1703480 737
1703490 737
1703500 736
1703510 736
1703520 736
1703530 735
1703540 735
1703550 735
1703560 734
1703570 734
1703580 734
1703590 734
1703600 734
1703610 733
1703620 733
1703630 733
1703640 733
1703650 733
1703660 732
1703670 732
1703680 731
1703690 731
1703700 731
1703710 730
1703720 730
1703730 729
1703740 729
1703750 729
1703760 728
1703770 728
1703780 728
1703790 727
1703800 727
1703810 727
1703820 727
1703830 726
1703840 726
1703850 726
1703860 726
1703870 725
1703880 725
1703890 725
1703900 725
1703910 725
1703920 724
1703930 724
1703940 724
1703950 724
1703960 724
1703970 723
1703980 723
1703990 723
1704000 723
1704010 723
1704020 722
1704030 722
1704040 722
1704050 722
1704060 722
1704070 722
1704080 722
1704090 722
1704100 722
1704110 722
1704120 723
1704130 723
1704140 723
1704150 723
1704160 723
1704170 723
1704180 723
1704190 723
1704200 723
1704210 723
1704220 723
1704230 723
1704240 723
1704250 723
1704260 724
1704270 724
1704280 724
1704290 724
1704300 724
1704310 724
1704320 725
1704330 725
1704340 725
1704350 725
1704360 725
1704370 725
1704380 725
1704390 725
1704400 725
1704410 725
1704420 725
1704430 725
1704440 725
1704450 725
1704460 725
1704470 725
1704480 725
1704490 725
1704500 725
1704510 725
1704520 725
1704530 725
1704540 725
1704550 725
1704560 725
1704570 725
1704580 725
1704590 725
1704600 725
1704610 725
1704620 725
1704630 725
1704640 725
1704650 725
1704660 725
1704670 726
1704680 726
1704690 726
1704700 726
1704710 726
1704720 726
1704730 726
1704740 727
1704750 727
1704760 727
1704770 727
1704780 727
1704790 727
1704800 727
1704810 728
1704820 728
1704830 728
1704840 728
1704850 728
1704860 728
1704870 728
1704880 728
1704890 728
1704900 728
1704910 728
1704920 728
1704930 728
1704940 728
1704950 728
1704960 728
1704970 728
1704980 728
1704990 728
1705000 728
1705010 728
1705020 728
1705030 728
1705040 728
1705050 728
1705060 728
1705070 728
1705080 727
1705090 727
1705100 727
1705110 727
1705120 727
1705130 727
1705140 727
1705150 727
1705160 727
1705170 727
1705180 727
1705190 727
1705200 727
1705210 727
1705220 727
1705230 727
1705240 727
1705250 727
1705260 727
1705270 727
1705280 727
1705290 727
1705300 727
1705310 727
1705320 727
1705330 727
1705340 727
1705350 727
1705360 727
1705370 727
1705380 727
1705390 727
1705400 728
1705410 728
1705420 728
1705430 728
1705440 728
1705450 728
1705460 728
1705470 728
1705480 728
1705490 728
1705500 728
1705510 728
1705520 728
1705530 727
1705540 727
1705550 727
1705560 727
1705570 727
1705580 727
1705590 727
1705600 727
1705610 727
1705620 727
1705630 727
1705640 727
1705650 727
1705660 727
1705670 727
1705680 726
1705690 726
1705700 726
1705710 726
1705720 726
1705730 726
1705740 725
1705750 725
1705760 725
1705770 725
1705780 725
1705790 725
1705800 725
1705810 725
1705820 725
1705830 725
1705840 725
1705850 725
1705860 725
1705870 725
1705880 724
1705890 724
1705900 724
1705910 724
1705920 724
1705930 724
1705940 723
1705950 723
1705960 723
1705970 722
1705980 721
1705990 720
1706000 718
1706010 717
1706020 716
1706030 716
1706040 716
1706050 716
1706060 717
1706070 717
1706080 718
1706090 718
1706100 718
1706110 719
1706120 719
1706130 719
1706140 719
1706150 719
1706160 719
1706170 719
1706180 719
1706190 719
1706200 718
1706210 718
1706220 718
1706230 718
1706240 718
1706250 718
1706260 717
1706270 717
1706280 717
1706290 717
1706300 717
1706310 717
1706320 717
1706330 716
1706340 716
1706350 716
1706360 716
1706370 716
1706380 715
1706390 715
1706400 715
1706410 715
1706420 715
1706430 714
1706440 715
1706450 714
1706460 714
1706470 714
1706480 714
1706490 714
1706500 714
1706510 714
1706520 713
1706530 713
1706540 712
1706550 711
1706560 710
1706570 709
1706580 708
1706590 707
1706600 706
1706610 705
1706620 705
1706630 703
1706640 702
1706650 701
1706660 700
1706670 699
1706680 697
1706690 695
1706700 695
1706710 694
1706720 693
1706730 692
1706740 692
1706750 691
1706760 690
1706770 690
1706780 689
1706790 689
1706800 688
1706810 687
1706820 687
1706830 687
1706840 686
1706850 685
1706860 685
1706870 684
1706880 684
1706890 683
1706900 683
1706910 683
1706920 683
1706930 682
1706940 682
1706950 681
1706960 680
1706970 680
1706980 679
1706990 679
1707000 679
1707010 679
1707020 678
1707030 679
1707040 678
1707050 678
1707060 678
1707070 678
1707080 677
1707090 677
1707100 676
1707110 675
1707120 675
1707130 675
1707140 675
1707150 674
1707160 674
1707170 673
1707180 672
1707190 671
1707200 670
1707210 669
1707220 668
1707230 667
1707240 666
1707250 666
1707260 666
1707270 666
1707280 665
1707290 665
1707300 665
1707310 664
1707320 664
1707330 664
1707340 665
1707350 665
1707360 665
1707370 664
1707380 664
1707390 663
1707400 662
1707410 660
1707420 659
1707430 658
1707440 657
1707450 657
1707460 657
1707470 657
1707480 658
1707490 659
1707500 660
1707510 661
1707520 661
1707530 662
1707540 662
1707550 663
1707560 664
1707570 666
1707580 667
1707590 669
1707600 670
1707610 672
1707620 673
1707630 674
1707640 675
1707650 677
1707660 678
1707670 680
1707680 681
1707690 682
1707700 683
1707710 684
1707720 685
1707730 685
1707740 686
1707750 687
1707760 688
1707770 689
1707780 690
1707790 691
1707800 692
1707810 693
1707820 693
1707830 694
1707840 695
1707850 696
1707860 697
1707870 698
1707880 699
1707890 699
1707900 699
1707910 699
1707920 700
1707930 700
1707940 700
1707950 701
1707960 701
1707970 701
1707980 701
1707990 701
1708000 701
1708010 701
1708020 701
1708030 701
1708040 701
1708050 701
1708060 701
1708070 701
1708080 701
1708090 701
1708100 701
1708110 701
1708120 701
1708130 701
1708140 701
1708150 701
1708160 701
1708170 701
1708180 702
1708190 702
1708200 702
1708210 702
1708220 702
1708230 702
1708240 702
1708250 703
1708260 703
1708270 703
1708280 703
1708290 703
1708300 704
1708310 704
1708320 704
1708330 704
1708340 705
1708350 705
1708360 705
1708370 705
1708380 706
1708390 706
1708400 706
1708410 706
1708420 707
1708430 707
1708440 707
1708450 707
1708460 707
1708470 707
1708480 707
1708490 707
1708500 707
1708510 708
1708520 708
1708530 708
1708540 708
1708550 708
1708560 708
1708570 708
1708580 709
1708590 709
1708600 709
1708610 709
1708620 709
1708630 709
1708640 709
1708650 709
1708660 710
1708670 710
1708680 710
1708690 710
1708700 710
1708710 710
1708720 710
1708730 710
1708740 710
1708750 710
1708760 710
1708770 710
1708780 710
1708790 710
1708800 710
1708810 710
1708820 710
1708830 710
1708840 710
1708850 710
1708860 710
1708870 710
1708880 710
1708890 710
1708900 710
1708910 710
1708920 710
1708930 709
1708940 709
1708950 709
1708960 709
1708970 709
1708980 709
1708990 709
1709000 709
1709010 708
1709020 708
1709030 708
1709040 708
1709050 708
1709060 708
1709070 708
1709080 707
1709090 707
1709100 707
1709110 707
1709120 706
1709130 705
1709140 705
1709150 705
1709160 704
1709170 704
1709180 703
1709190 702
1709200 702
1709210 701
1709220 701
1709230 700
1709240 700
1709250 699
1709260 698
1709270 698
1709280 697
1709290 696
1709300 695
1709310 695
1709320 694
1709330 693
1709340 692
1709350 691
1709360 690
1709370 689
1709380 688
1709390 688
1709400 687
1709410 687
1709420 686
1709430 685
1709440 684
1709450 683
1709460 683
1709470 682
1709480 682
1709490 681
1709500 680
1709510 680
1709520 679
1709530 679
1709540 679
1709550 678
1709560 678
1709570 678
1709580 677
1709590 677
1709600 677
1709610 676
1709620 676
1709630 676
1709640 676
1709650 675
1709660 675
1709670 675
1709680 675
1709690 674
1709700 674
1709710 674
1709720 674
1709730 674
1709740 674
1709750 674
1709760 673
1709770 673
1709780 673
1709790 673
1709800 673
1709810 673
1709820 673
1709830 673
1709840 672
1709850 672
1709860 672
1709870 672
1709880 672
1709890 672
1709900 672
1709910 672
1709920 672
1709930 672
1709940 672
1709950 672
1709960 672
1709970 672
1709980 672
1709990 672
1710000 672
1710010 672
1710020 672
1710030 672
1710040 672
1710050 672
1710060 672
1710070 672
1710080 672
1710090 672
1710100 672
1710110 673
1710120 674
1710130 675
1710140 676
1710150 676
1710160 677
1710170 677
1710180 678
1710190 678
1710200 678
1710210 679
1710220 679
1710230 680
1710240 680
1710250 681
1710260 681
1710270 682
1710280 682
1710290 683
1710300 684
1710310 684
1710320 685
1710330 685
1710340 686
1710350 686
1710360 687
1710370 687
1710380 687
1710390 688
1710400 688
1710410 689
1710420 689
1710430 689
1710440 690
1710450 690
1710460 691
1710470 691
1710480 692
1710490 692
1710500 692
1710510 693
1710520 693
1710530 693
1710540 693
1710550 693
1710560 693
1710570 693
1710580 693
1710590 693
1710600 693
1710610 693
1710620 692
1710630 692
1710640 692
1710650 692
1710660 692
1710670 692
1710680 692
1710690 692
1710700 692
1710710 691
1710720 691
1710730 691
1710740 691
1710750 691
1710760 691
1710770 691
1710780 691
1710790 691
1710800 691
1710810 691
1710820 691
1710830 691
1710840 691
1710850 691
1710860 691
1710870 691
1710880 691
1710890 691
1710900 691
1710910 691
1710920 691
1710930 691
1710940 691
1710950 691
1710960 691
1710970 691
1710980 691
1710990 691
1711000 691
1711010 691
1711020 691
1711030 692
1711040 692
1711050 692
1711060 692
1711070 692
1711080 692
1711090 692
1711100 692
1711110 692
1711120 692
1711130 692
1711140 692
1711150 692
1711160 693
1711170 693
1711180 693
1711190 693
1711200 693
1711210 693
1711220 693
1711230 693
1711240 693
1711250 693
1711260 693
1711270 693
1711280 693
1711290 693
1711300 694
1711310 694
1711320 694
1711330 694
1711340 694
1711350 694
1711360 694
1711370 694
1711380 694
1711390 695
1711400 695
1711410 695
1711420 695
1711430 695
1711440 696
1711450 696
1711460 696
1711470 696
1711480 696
1711490 696
1711500 696
1711510 696
1711520 696
1711530 696
1711540 695
1711550 695
1711560 695
1711570 695
1711580 695
1711590 695
1711600 695
1711610 695
1711620 695
1711630 695
1711640 694
1711650 694
1711660 694
1711670 694
1711680 694
1711690 694
1711700 694
1711710 694
1711720 693
1711730 693
1711740 693
1711750 693
1711760 693
1711770 693
1711780 692
1711790 692
1711800 691
1711810 691
1711820 690
1711830 690
1711840 689
1711850 689
1711860 688
1711870 688
1711880 687
1711890 687
1711900 686
1711910 686
1711920 685
1711930 684
1711940 684
1711950 683
1711960 683
1711970 682
1711980 682
1711990 681
1712000 681
1712010 680
1712020 680
1712030 679
1712040 678
1712050 678
1712060 677
1712070 676
1712080 676
1712090 675
1712100 675
1712110 674
1712120 674
1712130 673
1712140 673
1712150 672
1712160 672
1712170 671
1712180 670
1712190 670
1712200 669
1712210 669
1712220 668
1712230 667
1712240 667
1712250 666
1712260 666
1712270 665
1712280 665
1712290 664
1712300 664
1712310 663
1712320 662
1712330 662
1712340 661
1712350 661
1712360 660
1712370 660
1712380 659
1712390 659
1712400 658
1712410 658
1712420 657
1712430 657
1712440 656
1712450 655
1712460 655
1712470 654
1712480 653
1712490 653
1712500 652
1712510 651
1712520 651
1712530 651
1712540 650
1712550 650
1712560 649
1712570 649
1712580 649
1712590 648
1712600 648
1712610 647
1712620 647
1712630 646
1712640 646
1712650 645
1712660 644
1712670 644
1712680 643
1712690 642
1712700 642
1712710 641
1712720 640
1712730 639
1712740 638
1712750 638
1712760 637
1712770 637
1712780 637
1712790 637
1712800 637
1712810 637
1712820 638
1712830 638
1712840 639
1712850 639
1712860 640
1712870 640
1712880 640
1712890 641
1712900 641
1712910 641
1712920 641
1712930 642
1712940 642
1712950 642
1712960 642
1712970 643
1712980 643
1712990 643
1713000 643
1713010 642
1713020 642
1713030 641
1713040 641
1713050 640
1713060 640
1713070 640
1713080 640
1713090 640
1713100 640
1713110 641
1713120 641
1713130 640
1713140 640
1713150 640
1713160 640
1713170 640
1713180 640
1713190 639
1713200 639
1713210 639
1713220 639
1713230 639
1713240 639
1713250 639
1713260 639
1713270 639
1713280 639
1713290 639
1713300 638
1713310 638
1713320 638
1713330 638
1713340 638
1713350 638
1713360 638
1713370 638
1713380 638
1713390 638
1713400 638
1713410 638
1713420 638
1713430 638
1713440 638
1713450 638
1713460 638
1713470 637
1713480 637
1713490 637
1713500 636
1713510 636
1713520 635
1713530 635
1713540 634
1713550 634
1713560 633
1713570 633
1713580 632
1713590 631
1713600 631
1713610 630
1713620 629
1713630 629
1713640 628
1713650 627
1713660 627
1713670 626
1713680 625
1713690 624
1713700 623
1713710 622
1713720 621
1713730 620
1713740 619
1713750 618
1713760 616
1713770 615
1713780 614
1713790 613
1713800 611
1713810 609
1713820 608
1713830 606
1713840 605
1713850 604
1713860 603
1713870 603
1713880 603
1713890 603
1713900 606
1713910 608
1713920 610
1713930 612
1713940 614
1713950 616
1713960 617
1713970 619
1713980 620
1713990 620
1714000 621
1714010 621
1714020 622
1714030 622
1714040 622
1714050 622
1714060 623
1714070 623
1714080 623
1714090 623
1714100 623
1714110 623
1714120 623
1714130 623
1714140 624
1714150 624
1714160 624
1714170 624
1714180 624
1714190 624
1714200 624
1714210 625
1714220 625
1714230 625
1714240 624
1714250 623
1714260 622
1714270 622
1714280 621
1714290 620
1714300 619
1714310 618
1714320 618
1714330 617
1714340 617
1714350 616
1714360 616
1714370 616
1714380 616
1714390 616
1714400 617
1714410 619
1714420 620
1714430 622
1714440 623
1714450 624
1714460 625
1714470 626
1714480 626
1714490 627
1714500 627
1714510 627
1714520 627
1714530 627
1714540 627
1714550 627
1714560 627
1714570 627
1714580 627
1714590 627
1714600 628
1714610 628
1714620 628
1714630 628
1714640 628
1714650 629
1714660 629
1714670 630
1714680 630
1714690 630
1714700 630
1714710 630
1714720 630
1714730 630
1714740 630
1714750 631
1714760 631
1714770 631
1714780 632
1714790 632
1714800 632
1714810 632
1714820 633
1714830 633
1714840 634
1714850 634
1714860 634
1714870 634
1714880 635
1714890 635
1714900 636
1714910 636
1714920 637
1714930 637
1714940 638
1714950 638
1714960 639
1714970 639
1714980 639
1714990 640
1715000 640
1715010 640
1715020 640
1715030 641
1715040 641
1715050 642
1715060 641
1715070 641
1715080 640
1715090 640
1715100 641
1715110 641
1715120 640
1715130 639
1715140 638
1715150 638
1715160 638
1715170 638
1715180 638
1715190 637
1715200 637
1715210 637
1715220 637
1715230 637
1715240 636
1715250 636
1715260 636
1715270 635
1715280 635
1715290 635
1715300 635
1715310 634
1715320 634
1715330 634
1715340 633
1715350 633
1715360 633
1715370 632
1715380 632
1715390 632
1715400 631
1715410 631
1715420 631
1715430 630
1715440 630
1715450 629
1715460 629
1715470 628
1715480 628
1715490 627
1715500 627
1715510 626
1715520 626
1715530 626
1715540 625
1715550 625
1715560 624
1715570 623
1715580 623
1715590 622
1715600 621
1715610 621
1715620 620
1715630 619
1715640 619
1715650 618
1715660 617
1715670 617
1715680 616
1715690 615
1715700 614
1715710 614
1715720 613
1715730 613
1715740 612
1715750 611
1715760 611
1715770 610
1715780 609
1715790 608
1715800 607
1715810 607
1715820 606
1715830 605
1715840 605
1715850 604
1715860 603
1715870 603
1715880 602
1715890 601
1715900 601
1715910 600
1715920 598
1715930 598
1715940 598
1715950 598
1715960 597
1715970 597
1715980 596
1715990 596
1716000 596
1716010 595
1716020 594
1716030 594
1716040 593
1716050 592
1716060 592
1716070 591
1716080 590
1716090 590
1716100 590
1716110 591
1716120 591
1716130 592
1716140 592
1716150 593
1716160 593
1716170 593
1716180 594
1716190 594
1716200 594
1716210 593
1716220 593
1716230 593
1716240 592
1716250 592
1716260 592
1716270 591
1716280 591
1716290 590
1716300 590
1716310 590
1716320 590
1716330 590
1716340 590
1716350 589
1716360 589
1716370 589
1716380 588
1716390 588
1716400 587
1716410 586
1716420 586
1716430 585
1716440 585
1716450 584
1716460 584
1716470 583
1716480 583
1716490 582
1716500 581
1716510 581
1716520 580
1716530 579
1716540 579
1716550 578
1716560 578
1716570 578
1716580 577
1716590 578
1716600 578
1716610 579
1716620 579
1716630 580
1716640 580
1716650 580
1716660 580
1716670 581
1716680 581
1716690 581
1716700 581
1716710 581
1716720 581
1716730 581
1716740 581
1716750 581
1716760 581
1716770 581
1716780 581
1716790 581
1716800 581
1716810 581
1716820 581
1716830 581
1716840 580
1716850 581
1716860 581
1716870 580
1716880 580
1716890 580
1716900 580
1716910 580
1716920 580
1716930 580
1716940 580
1716950 580
1716960 580
1716970 580
1716980 580
1716990 580
1717000 580
1717010 580
1717020 580
1717030 580
1717040 580
1717050 580
1717060 580
1717070 580
1717080 580
1717090 580
1717100 580
1717110 580
1717120 579
1717130 579
1717140 579
1717150 579
1717160 579
1717170 578
1717180 578
1717190 578
1717200 577
1717210 577
1717220 577
1717230 576
1717240 576
1717250 576
1717260 576
1717270 575
1717280 575
1717290 575
1717300 575
1717310 575
1717320 575
1717330 575
1717340 575
1717350 575
1717360 575
1717370 575
1717380 574
1717390 574
1717400 574
1717410 574
1717420 574
1717430 574
1717440 573
1717450 573
1717460 573
1717470 573
1717480 572
1717490 572
1717500 572
1717510 571
1717520 571
1717530 570
1717540 570
1717550 570
1717560 569
1717570 569
1717580 568
1717590 568
1717600 567
1717610 567
1717620 567
1717630 566
1717640 566
1717650 566
1717660 566
1717670 566
1717680 565
1717690 565
1717700 565
1717710 565
1717720 565
1717730 565
1717740 564
1717750 564
1717760 564
1717770 564
1717780 563
1717790 563
1717800 563
1717810 562
1717820 562
1717830 562
1717840 561
1717850 561
1717860 560
1717870 560
1717880 559
1717890 559
1717900 558
1717910 558
1717920 558
1717930 558
1717940 558
1717950 558
1717960 558
1717970 558
1717980 558
1717990 557
1718000 557
1718010 557
1718020 556
1718030 556
1718040 556
1718050 555
1718060 555
1718070 554
1718080 553
1718090 553
1718100 552
1718110 551
1718120 551
1718130 550
1718140 549
1718150 549
1718160 548
1718170 547
1718180 546
1718190 546
1718200 545
1718210 544
1718220 543
1718230 543
1718240 542
1718250 541
1718260 541
1718270 540
1718280 539
1718290 538
1718300 537
1718310 536
1718320 535
1718330 534
1718340 533
1718350 532
1718360 531
1718370 530
1718380 529
1718390 528
1718400 526
1718410 524
1718420 523
1718430 521
1718440 520
1718450 520
1718460 519
1718470 518
1718480 517
1718490 516
1718500 515
1718510 514
1718520 513
1718530 512
1718540 511
1718550 510
1718560 509
1718570 509
1718580 509
1718590 509
1718600 508
1718610 508
1718620 508
1718630 508
1718640 507
1718650 507
1718660 507
1718670 508
1718680 508
1718690 509
1718700 510
1718710 511
1718720 512
1718730 513
1718740 514
1718750 516
1718760 517
1718770 517
1718780 518
1718790 518
1718800 519
1718810 520
1718820 520
1718830 521
1718840 522
1718850 523
1718860 524
1718870 525
1718880 525
1718890 526
1718900 526
1718910 527
1718920 527
1718930 528
1718940 529
1718950 529
1718960 530
1718970 530
1718980 531
1718990 531
1719000 531
1719010 532
1719020 532
1719030 532
1719040 532
1719050 532
1719060 532
1719070 533
1719080 533
1719090 533
1719100 533
1719110 532
1719120 532
1719130 532
1719140 532
1719150 532
1719160 531
1719170 531
1719180 530
1719190 530
1719200 530
1719210 529
1719220 529
1719230 529
1719240 529
1719250 529
1719260 528
1719270 528
1719280 528
1719290 528
1719300 528
1719310 528
1719320 527
1719330 527
1719340 527
1719350 527
1719360 527
1719370 527
1719380 527
1719390 527
1719400 527
1719410 527
1719420 528
1719430 528
1719440 528
1719450 528
1719460 528
1719470 529
1719480 529
1719490 529
1719500 528
1719510 528
1719520 528
1719530 528
1719540 528
1719550 527
1719560 527
1719570 526
1719580 526
1719590 526
1719600 525
1719610 524
1719620 524
1719630 523
1719640 522
1719650 522
1719660 521
1719670 520
1719680 519
1719690 518
1719700 516
1719710 514
1719720 512
1719730 510
1719740 507
1719750 504
1719760 501
1719770 498
1719780 495
1719790 493
1719800 490
1719810 487
1719820 485
1719830 483
1719840 481
1719850 479
1719860 477
1719870 475
1719880 473
1719890 471
1719900 468
1719910 467
1719920 466
1719930 467
1719940 468
1719950 471
1719960 476
1719970 481
1719980 486
1719990 489
