1700000 759
1700010 759
1700020 760
1700030 760
1700040 760
1700050 760
1700060 761
1700070 761
1700080 761
1700090 761
1700100 761
1700110 762
1700120 762
1700130 762
1700140 762
1700150 762
1700160 763
1700170 763
1700180 763
1700190 763
1700200 763
1700210 763
1700220 763
1700230 763
1700240 763
1700250 763
1700260 763
1700270 763
1700280 763
1700290 764
1700300 764
1700310 763
1700320 763
1700330 763
1700340 763
1700350 763
1700360 763
1700370 762
1700380 762
1700390 762
1700400 762
1700410 761
1700420 761
1700430 761
1700440 760
1700450 760
1700460 760
1700470 759
1700480 759
1700490 758
1700500 757
1700510 757
1700520 756
1700530 756
1700540 755
1700550 754
1700560 753
1700570 752
1700580 752
1700590 751
1700600 750
1700610 750
1700620 749
1700630 749
1700640 748
1700650 747
1700660 747
1700670 746
1700680 745
1700690 744
1700700 743
1700710 742
1700720 741
1700730 741
1700740 740
1700750 739
1700760 738
1700770 738
1700780 737
1700790 736
1700800 735
1700810 735
1700820 734
1700830 734
1700840 733
1700850 732
1700860 731
1700870 730
1700880 729
1700890 728
1700900 728
1700910 727
1700920 727
1700930 727
1700940 727
1700950 727
1700960 727
1700970 727
1700980 727
1700990 727
1701000 726
1701010 726
1701020 726
1701030 725
1701040 724
1701050 724
1701060 724
1701070 725
1701080 726
1701090 726
1701100 727
1701110 727
1701120 727
1701130 727
1701140 727
1701150 726
1701160 726
1701170 725
1701180 725
1701190 724
1701200 723
1701210 723
1701220 722
1701230 721
1701240 721
1701250 720
1701260 719
1701270 718
1701280 718
1701290 717
1701300 716
1701310 716
1701320 715
1701330 714
1701340 713
1701350 712
1701360 711
1701370 711
1701380 710
1701390 709
1701400 709
1701410 708
1701420 707
1701430 707
1701440 707
1701450 706
1701460 706
1701470 706
1701480 705
1701490 705
1701500 704
1701510 703
1701520 702
1701530 700
1701540 698
1701550 696
1701560 694
1701570 693
1701580 692
1701590 691
1701600 691
1701610 690
1701620 690
1701630 689
1701640 689
1701650 690
1701660 690
1701670 691
1701680 691
1701690 690
1701700 690
1701710 690
1701720 691
1701730 692
1701740 693
1701750 694
1701760 695
1701770 696
1701780 697
1701790 698
1701800 699
1701810 700
1701820 700
1701830 701
1701840 701
1701850 701
1701860 702
1701870 702
1701880 703
1701890 703
1701900 704
1701910 704
1701920 704
1701930 705
1701940 705
1701950 706
1701960 706
1701970 706
1701980 707
1701990 707
1702000 708
1702010 708
1702020 709
1702030 709
1702040 710
1702050 710
1702060 711
1702070 711
1702080 712
1702090 713
1702100 713
1702110 713
1702120 714
1702130 714
1702140 714
1702150 714
1702160 714
1702170 714
1702180 714
1702190 714
1702200 714
1702210 714
1702220 714
1702230 714
1702240 713
1702250 713
1702260 713
1702270 713
1702280 712
1702290 712
1702300 712
1702310 712
1702320 711
1702330 711
1702340 711
1702350 711
1702360 710
1702370 710
1702380 710
1702390 710
1702400 710
1702410 711
1702420 711
1702430 711
1702440 711
1702450 712
1702460 712
1702470 712
1702480 713
1702490 713
1702500 713
1702510 713
1702520 714
1702530 714
1702540 714
1702550 714
1702560 715
1702570 715
1702580 715
1702590 715
1702600 715
1702610 715
1702620 715
1702630 715
1702640 715
1702650 715
1702660 715
1702670 715
1702680 715
1702690 715
1702700 715
1702710 715
1702720 715
1702730 715
1702740 715
1702750 715
1702760 715
1702770 714
1702780 714
1702790 714
1702800 714
1702810 714
1702820 713
1702830 713
1702840 713
1702850 712
1702860 712
1702870 711
1702880 711
1702890 711
1702900 710
1702910 710
1702920 710
1702930 709
1702940 709
1702950 709
1702960 708
1702970 708
1702980 708
1702990 707
1703000 707
1703010 706
1703020 706
1703030 705
1703040 705
1703050 704
1703060 704
1703070 704
1703080 703
1703090 703
1703100 702
1703110 702
1703120 702
1703130 701
1703140 700
1703150 700
1703160 699
1703170 699
1703180 698
1703190 698
1703200 697
1703210 697
1703220 696
1703230 695
1703240 695
1703250 695
1703260 694
1703270 694
1703280 694
1703290 693
1703300 693
1703310 693
1703320 692
1703330 692
1703340 692
1703350 691
1703360 691
1703370 691
1703380 691
1703390 690
1703400 690
1703410 690
1703420 690
1703430 690
1703440 689
1703450 689
1703460 689
1703470 689
1703480 689
1703490 689
1703500 688
1703510 688
1703520 688
1703530 688
1703540 688
1703550 688
1703560 688
1703570 688
1703580 688
1703590 688
1703600 688
1703610 687
1703620 687
1703630 687
1703640 687
1703650 687
1703660 686
1703670 685
1703680 685
1703690 684
1703700 684
1703710 684
1703720 683
1703730 683
1703740 683
1703750 682
1703760 681
1703770 679
1703780 678
1703790 676
1703800 675
1703810 674
1703820 674
1703830 673
1703840 674
1703850 674
1703860 675
1703870 674
1703880 674
1703890 674
1703900 675
1703910 675
1703920 675
1703930 677
1703940 678
1703950 680
1703960 683
1703970 685
1703980 686
1703990 687
1704000 687
1704010 688
1704020 689
1704030 690
1704040 690
1704050 691
1704060 692
1704070 693
1704080 694
1704090 694
1704100 695
1704110 695
1704120 696
1704130 697
1704140 697
1704150 698
1704160 698
1704170 699
1704180 699
1704190 700
1704200 700
1704210 700
1704220 700
1704230 701
1704240 701
1704250 701
1704260 701
1704270 701
1704280 701
1704290 701
1704300 701
1704310 701
1704320 701
1704330 701
1704340 701
1704350 701
1704360 701
1704370 701
1704380 701
1704390 701
1704400 701
1704410 701
1704420 702
1704430 702
1704440 702
1704450 702
1704460 703
1704470 704
1704480 704
1704490 705
1704500 705
1704510 706
1704520 706
1704530 707
1704540 707
1704550 708
1704560 708
1704570 709
1704580 709
1704590 710
1704600 710
1704610 711
1704620 712
1704630 712
1704640 713
1704650 713
1704660 714
1704670 714
1704680 714
1704690 714
1704700 714
1704710 714
1704720 714
1704730 713
1704740 713
1704750 713
1704760 713
1704770 713
1704780 712
1704790 712
1704800 712
1704810 712
1704820 712
1704830 711
1704840 711
1704850 711
1704860 711
1704870 711
1704880 711
1704890 711
1704900 710
1704910 710
1704920 710
1704930 710
1704940 710
1704950 710
1704960 710
1704970 710
1704980 710
1704990 709
1705000 709
1705010 709
1705020 709
1705030 709
1705040 709
1705050 709
1705060 709
1705070 709
1705080 709
1705090 709
1705100 709
1705110 709
1705120 709
1705130 709
1705140 709
1705150 709
1705160 708
1705170 708
1705180 708
1705190 708
1705200 708
1705210 707
1705220 707
1705230 707
1705240 706
1705250 706
1705260 706
1705270 706
1705280 706
1705290 706
1705300 706
1705310 706
1705320 706
1705330 706
1705340 706
1705350 706
1705360 706
1705370 706
1705380 705
1705390 705
1705400 705
1705410 705
1705420 705
1705430 704
1705440 704
1705450 704
1705460 704
1705470 704
1705480 704
1705490 703
1705500 703
1705510 703
1705520 703
1705530 702
1705540 702
1705550 702
1705560 702
1705570 701
1705580 701
1705590 701
1705600 701
1705610 700
1705620 700
1705630 700
1705640 699
1705650 699
1705660 699
1705670 699
1705680 698
1705690 698
1705700 697
1705710 697
1705720 696
1705730 696
1705740 695
1705750 695
1705760 695
1705770 695
1705780 695
1705790 694
1705800 694
1705810 694
1705820 694
1705830 694
1705840 694
1705850 695
1705860 696
1705870 696
1705880 697
1705890 697
1705900 698
1705910 698
1705920 699
1705930 699
1705940 699
1705950 700
1705960 700
1705970 700
1705980 701
1705990 701
1706000 701
1706010 702
1706020 702
1706030 702
1706040 703
1706050 703
1706060 704
1706070 704
1706080 704
1706090 705
1706100 705
1706110 705
1706120 706
1706130 706
1706140 706
1706150 706
1706160 707
1706170 707
1706180 707
1706190 707
1706200 707
1706210 708
1706220 708
1706230 708
1706240 708
1706250 708
1706260 709
1706270 709
1706280 709
1706290 709
1706300 709
1706310 709
1706320 709
1706330 710
1706340 710
1706350 710
1706360 710
1706370 710
1706380 710
1706390 710
1706400 710
1706410 710
1706420 710
1706430 710
1706440 710
1706450 710
1706460 710
1706470 710
1706480 710
1706490 710
1706500 710
1706510 710
1706520 710
1706530 710
1706540 711
1706550 711
1706560 711
1706570 711
1706580 711
1706590 711
1706600 711
1706610 712
1706620 712
1706630 712
1706640 712
1706650 712
1706660 712
1706670 712
1706680 713
1706690 713
1706700 713
1706710 713
1706720 714
1706730 714
1706740 714
1706750 714
1706760 715
1706770 715
1706780 715
1706790 715
1706800 716
1706810 716
1706820 716
1706830 716
1706840 716
1706850 717
1706860 717
1706870 717
1706880 717
1706890 717
1706900 718
1706910 718
1706920 718
1706930 718
1706940 718
1706950 718
1706960 718
1706970 718
1706980 718
1706990 718
1707000 719
1707010 719
1707020 719
1707030 719
1707040 719
1707050 719
1707060 719
1707070 719
1707080 719
1707090 719
1707100 719
1707110 719
1707120 719
1707130 718
1707140 718
1707150 718
1707160 718
1707170 718
1707180 718
1707190 717
1707200 717
1707210 717
1707220 717
1707230 717
1707240 716
1707250 716
1707260 716
1707270 716
1707280 716
1707290 715
1707300 715
1707310 715
1707320 715
1707330 714
1707340 714
1707350 714
1707360 714
1707370 714
1707380 714
1707390 714
1707400 713
1707410 713
1707420 713
1707430 713
1707440 713
1707450 713
1707460 713
1707470 712
1707480 712
1707490 712
1707500 712
1707510 712
1707520 712
1707530 711
1707540 711
1707550 711
1707560 711
1707570 710
1707580 710
1707590 710
1707600 710
1707610 710
1707620 709
1707630 709
1707640 709
1707650 709
1707660 709
1707670 709
1707680 709
1707690 709
1707700 709
1707710 708
1707720 708
1707730 708
1707740 708
1707750 708
1707760 708
1707770 708
1707780 708
1707790 708
1707800 708
1707810 709
1707820 708
1707830 708
1707840 708
1707850 708
1707860 708
1707870 708
1707880 708
1707890 708
1707900 708
1707910 708
1707920 708
1707930 708
1707940 708
1707950 709
1707960 709
1707970 709
1707980 709
1707990 709
1708000 709
1708010 709
1708020 710
1708030 710
1708040 710
1708050 710
1708060 710
1708070 710
1708080 711
1708090 711
1708100 711
1708110 711
1708120 711
1708130 711
1708140 711
1708150 712
1708160 712
1708170 712
1708180 712
1708190 712
1708200 712
1708210 712
1708220 712
1708230 712
1708240 712
1708250 712
1708260 712
1708270 712
1708280 712
1708290 712
1708300 712
1708310 712
1708320 712
1708330 712
1708340 712
1708350 712
1708360 713
1708370 713
1708380 713
1708390 713
1708400 713
1708410 713
1708420 713
1708430 713
1708440 713
1708450 713
1708460 713
1708470 713
1708480 713
1708490 712
1708500 712
1708510 712
1708520 712
1708530 713
1708540 712
1708550 712
1708560 712
1708570 712
1708580 712
1708590 712
1708600 712
1708610 711
1708620 711
1708630 711
1708640 711
1708650 711
1708660 711
1708670 711
1708680 711
1708690 711
1708700 710
1708710 710
1708720 710
1708730 710
1708740 710
1708750 710
1708760 710
1708770 710
1708780 710
1708790 710
1708800 710
1708810 710
1708820 709
1708830 709
1708840 709
1708850 709
1708860 709
1708870 709
1708880 709
1708890 709
1708900 709
1708910 709
1708920 708
1708930 708
1708940 708
1708950 708
1708960 708
1708970 708
1708980 708
1708990 708
1709000 708
1709010 708
1709020 708
1709030 708
1709040 708
1709050 708
1709060 708
1709070 708
1709080 708
1709090 708
1709100 708
1709110 708
1709120 708
1709130 708
1709140 707
1709150 707
1709160 707
1709170 707
1709180 707
1709190 707
1709200 707
1709210 707
1709220 707
1709230 707
1709240 707
1709250 707
1709260 707
1709270 707
1709280 707
1709290 707
1709300 708
1709310 708
1709320 708
1709330 708
1709340 707
1709350 707
1709360 707
1709370 707
1709380 707
1709390 707
1709400 707
1709410 707
1709420 707
1709430 707
1709440 707
1709450 707
1709460 707
1709470 707
1709480 707
1709490 707
1709500 707
1709510 707
1709520 707
1709530 707
1709540 707
1709550 707
1709560 707
1709570 708
1709580 708
1709590 708
1709600 708
1709610 708
1709620 708
1709630 708
1709640 708
1709650 708
1709660 708
1709670 708
1709680 708
1709690 708
1709700 707
1709710 707
1709720 707
1709730 707
1709740 707
1709750 706
1709760 706
1709770 706
1709780 706
1709790 706
1709800 705
1709810 705
1709820 705
1709830 705
1709840 704
1709850 704
1709860 704
1709870 704
1709880 703
1709890 703
1709900 703
1709910 703
1709920 702
1709930 702
1709940 702
1709950 702
1709960 701
1709970 701
1709980 700
1709990 700
1710000 700
1710010 699
1710020 699
1710030 699
1710040 698
1710050 698
1710060 698
1710070 697
1710080 697
1710090 697
1710100 696
1710110 696
1710120 696
1710130 695
1710140 695
1710150 695
1710160 695
1710170 695
1710180 695
1710190 694
1710200 694
1710210 693
1710220 693
1710230 693
1710240 692
1710250 692
1710260 692
1710270 691
1710280 691
1710290 691
1710300 690
1710310 690
1710320 690
1710330 689
1710340 689
1710350 688
1710360 688
1710370 687
1710380 687
1710390 687
1710400 686
1710410 686
1710420 685
1710430 685
1710440 685
1710450 684
1710460 684
1710470 683
1710480 683
1710490 683
1710500 682
1710510 682
1710520 681
1710530 680
1710540 680
1710550 679
1710560 679
1710570 679
1710580 679
1710590 678
1710600 677
1710610 677
1710620 677
1710630 676
1710640 676
1710650 676
1710660 676
1710670 675
1710680 675
1710690 675
1710700 675
1710710 675
1710720 674
1710730 674
1710740 674
1710750 674
1710760 674
1710770 674
1710780 674
1710790 675
1710800 676
1710810 678
1710820 679
1710830 680
1710840 680
1710850 681
1710860 681
1710870 681
1710880 682
1710890 682
1710900 683
1710910 683
1710920 683
1710930 684
1710940 684
1710950 684
1710960 685
1710970 685
1710980 686
1710990 686
1711000 686
1711010 686
1711020 687
1711030 687
1711040 687
1711050 687
1711060 687
1711070 688
1711080 688
1711090 688
1711100 688
1711110 689
1711120 689
1711130 689
1711140 689
1711150 689
1711160 689
1711170 689
1711180 689
1711190 689
1711200 690
1711210 690
1711220 690
1711230 690
1711240 690
1711250 690
1711260 690
1711270 690
1711280 690
1711290 690
1711300 690
1711310 690
1711320 691
1711330 691
1711340 691
1711350 691
1711360 691
1711370 691
1711380 691
1711390 691
1711400 691
1711410 691
1711420 691
1711430 691
1711440 691
1711450 691
1711460 691
1711470 692
1711480 692
1711490 692
1711500 692
1711510 692
1711520 692
1711530 692
1711540 692
1711550 692
1711560 692
1711570 692
1711580 692
1711590 692
1711600 692
1711610 692
1711620 693
1711630 693
1711640 693
1711650 693
1711660 693
1711670 693
1711680 693
1711690 694
1711700 694
1711710 694
1711720 694
1711730 694
1711740 694
1711750 695
1711760 695
1711770 695
1711780 695
1711790 695
1711800 696
1711810 696
1711820 696
1711830 696
1711840 696
1711850 696
1711860 696
1711870 697
1711880 697
1711890 697
1711900 697
1711910 697
1711920 697
1711930 698
1711940 698
1711950 698
1711960 698
1711970 699
1711980 699
1711990 699
1712000 699
1712010 699
1712020 698
1712030 698
1712040 698
1712050 697
1712060 697
1712070 696
1712080 696
1712090 696
1712100 695
1712110 695
1712120 694
1712130 693
1712140 693
1712150 693
1712160 692
1712170 692
1712180 692
1712190 692
1712200 692
1712210 691
1712220 691
1712230 690
1712240 690
1712250 689
1712260 689
1712270 688
1712280 688
1712290 687
1712300 687
1712310 686
1712320 685
1712330 685
1712340 684
1712350 684
1712360 683
1712370 683
1712380 682
1712390 682
1712400 681
1712410 680
1712420 680
1712430 679
1712440 679
1712450 678
1712460 678
1712470 677
1712480 677
1712490 676
1712500 675
1712510 675
1712520 674
1712530 674
1712540 674
1712550 673
1712560 673
1712570 672
1712580 672
1712590 672
1712600 671
1712610 671
1712620 671
1712630 670
1712640 670
1712650 669
1712660 669
1712670 668
1712680 668
1712690 667
1712700 667
1712710 666
1712720 666
1712730 666
1712740 666
1712750 665
1712760 665
1712770 665
1712780 664
1712790 664
1712800 663
1712810 663
1712820 663
1712830 662
1712840 662
1712850 661
1712860 661
1712870 661
1712880 660
1712890 660
1712900 659
1712910 659
1712920 658
1712930 658
1712940 658
1712950 657
1712960 657
1712970 657
1712980 656
1712990 655
1713000 656
1713010 656
1713020 655
1713030 654
1713040 654
1713050 653
1713060 653
1713070 653
1713080 653
1713090 653
1713100 652
1713110 652
1713120 651
1713130 651
1713140 651
1713150 651
1713160 651
1713170 651
1713180 651
1713190 651
1713200 651
1713210 651
1713220 651
1713230 651
1713240 650
1713250 650
1713260 650
1713270 650
1713280 650
1713290 650
1713300 649
1713310 649
1713320 649
1713330 649
1713340 649
1713350 649
1713360 649
1713370 649
1713380 649
1713390 649
1713400 649
1713410 648
1713420 648
1713430 648
1713440 648
1713450 648
1713460 648
1713470 648
1713480 648
1713490 648
1713500 648
1713510 648
1713520 648
1713530 648
1713540 648
1713550 648
1713560 648
1713570 648
1713580 648
1713590 648
1713600 648
1713610 648
1713620 648
1713630 648
1713640 648
1713650 648
1713660 649
1713670 649
1713680 649
1713690 649
1713700 649
1713710 649
1713720 649
1713730 649
1713740 649
1713750 650
1713760 650
1713770 650
1713780 650
1713790 650
1713800 650
1713810 650
1713820 650
1713830 651
1713840 651
1713850 651
1713860 651
1713870 651
1713880 651
1713890 651
1713900 650
1713910 650
1713920 650
1713930 650
1713940 650
1713950 650
1713960 650
1713970 650
1713980 650
1713990 650
1714000 650
1714010 650
1714020 650
1714030 650
1714040 650
1714050 650
1714060 650
1714070 650
1714080 650
1714090 650
1714100 649
1714110 649
1714120 649
1714130 649
1714140 648
1714150 648
1714160 648
1714170 648
1714180 647
1714190 647
1714200 647
1714210 647
1714220 647
1714230 646
1714240 646
1714250 646
1714260 646
1714270 646
1714280 646
1714290 645
1714300 645
1714310 645
1714320 645
1714330 645
1714340 644
1714350 644
1714360 644
1714370 644
1714380 644
1714390 644
1714400 643
1714410 643
1714420 643
1714430 643
1714440 643
1714450 643
1714460 643
1714470 643
1714480 642
1714490 642
1714500 642
1714510 642
1714520 642
1714530 642
1714540 642
1714550 642
1714560 642
1714570 642
1714580 641
1714590 641
1714600 641
1714610 641
1714620 641
1714630 641
1714640 641
1714650 641
1714660 641
1714670 641
1714680 642
1714690 642
1714700 642
1714710 642
1714720 642
1714730 642
1714740 642
1714750 641
1714760 641
1714770 641
1714780 641
1714790 641
1714800 641
1714810 641
1714820 641
1714830 641
1714840 641
1714850 641
1714860 641
1714870 641
1714880 641
1714890 641
1714900 641
1714910 641
1714920 641
1714930 641
1714940 641
1714950 641
1714960 640
1714970 640
1714980 640
1714990 640
1715000 640
1715010 639
1715020 639
1715030 639
1715040 638
1715050 638
1715060 638
1715070 638
1715080 638
1715090 638
1715100 638
1715110 639
1715120 639
1715130 639
1715140 639
1715150 640
1715160 640
1715170 640
1715180 641
1715190 641
1715200 641
1715210 641
1715220 642
1715230 642
1715240 642
1715250 642
1715260 642
1715270 642
1715280 642
1715290 642
1715300 642
1715310 642
1715320 641
1715330 641
1715340 641
1715350 641
1715360 641
1715370 640
1715380 640
1715390 640
1715400 640
1715410 639
1715420 639
1715430 639
1715440 639
1715450 639
1715460 640
1715470 640
1715480 640
1715490 640
1715500 640
1715510 640
1715520 639
1715530 639
1715540 640
1715550 640
1715560 641
1715570 641
1715580 641
1715590 641
1715600 641
1715610 641
1715620 641
1715630 641
1715640 641
1715650 641
1715660 641
1715670 641
1715680 641
1715690 641
1715700 641
1715710 641
1715720 641
1715730 641
1715740 641
1715750 640
1715760 640
1715770 640
1715780 640
1715790 639
1715800 639
1715810 639
1715820 639
1715830 638
1715840 638
1715850 638
1715860 638
1715870 637
1715880 637
1715890 637
1715900 637
1715910 637
1715920 637
1715930 637
1715940 637
1715950 638
1715960 638
1715970 638
1715980 638
1715990 638
1716000 639
1716010 639
1716020 639
1716030 639
1716040 639
1716050 639
1716060 639
1716070 638
1716080 638
1716090 637
1716100 637
1716110 636
1716120 636
1716130 636
1716140 635
1716150 635
1716160 634
1716170 634
1716180 634
1716190 633
1716200 633
1716210 632
1716220 632
1716230 631
1716240 631
1716250 630
1716260 630
1716270 629
1716280 629
1716290 628
1716300 628
1716310 627
1716320 627
1716330 626
1716340 626
1716350 626
1716360 625
1716370 624
1716380 624
1716390 623
1716400 623
1716410 623
1716420 622
1716430 622
1716440 622
1716450 621
1716460 621
1716470 621
1716480 621
1716490 621
1716500 621
1716510 621
1716520 621
1716530 621
1716540 621
1716550 621
1716560 621
1716570 621
1716580 621
1716590 621
1716600 621
1716610 621
1716620 621
1716630 621
1716640 621
1716650 621
1716660 620
1716670 620
1716680 620
1716690 620
1716700 619
1716710 619
1716720 619
1716730 618
1716740 618
1716750 617
1716760 617
1716770 616
1716780 615
1716790 615
1716800 614
1716810 614
1716820 613
1716830 612
1716840 611
1716850 611
1716860 610
1716870 610
1716880 609
1716890 609
1716900 609
1716910 608
1716920 608
1716930 607
1716940 607
1716950 607
1716960 606
1716970 606
1716980 606
1716990 605
1717000 605
1717010 605
1717020 604
1717030 604
1717040 604
1717050 604
1717060 605
1717070 605
1717080 605
1717090 604
1717100 603
1717110 601
1717120 600
1717130 599
1717140 598
1717150 597
1717160 596
1717170 594
1717180 593
1717190 592
1717200 591
1717210 590
1717220 590
1717230 589
1717240 588
1717250 587
1717260 586
1717270 585
1717280 585
1717290 584
1717300 583
1717310 582
1717320 580
1717330 579
1717340 579
1717350 578
1717360 578
1717370 578
1717380 577
1717390 576
1717400 575
1717410 574
1717420 573
1717430 571
1717440 570
1717450 567
1717460 566
1717470 565
1717480 563
1717490 563
1717500 562
1717510 562
1717520 562
1717530 563
1717540 563
1717550 563
1717560 563
1717570 564
1717580 565
1717590 567
1717600 568
1717610 570
1717620 572
1717630 574
1717640 576
1717650 577
1717660 578
1717670 578
1717680 579
1717690 580
1717700 581
1717710 581
1717720 582
1717730 583
1717740 583
1717750 583
1717760 583
1717770 584
1717780 584
1717790 585
1717800 585
1717810 585
1717820 585
1717830 585
1717840 585
1717850 584
1717860 584
1717870 584
1717880 584
1717890 583
1717900 583
1717910 583
1717920 583
1717930 583
1717940 583
1717950 583
1717960 583
1717970 584
1717980 584
1717990 585
1718000 585
1718010 586
1718020 587
1718030 588
1718040 589
1718050 589
1718060 590
1718070 591
1718080 591
1718090 592
1718100 593
1718110 594
1718120 594
1718130 595
1718140 596
1718150 597
1718160 597
1718170 598
1718180 598
1718190 599
1718200 600
1718210 601
1718220 601
1718230 602
1718240 602
1718250 603
1718260 603
1718270 604
1718280 605
1718290 606
1718300 607
1718310 608
1718320 609
1718330 611
1718340 612
1718350 613
1718360 614
1718370 615
1718380 616
1718390 617
1718400 617
1718410 617
1718420 617
1718430 617
1718440 617
1718450 616
1718460 616
1718470 616
1718480 616
1718490 615
1718500 614
1718510 614
1718520 613
1718530 612
1718540 611
1718550 610
1718560 609
1718570 608
1718580 607
1718590 605
1718600 604
1718610 603
1718620 601
1718630 600
1718640 598
1718650 597
1718660 595
1718670 593
1718680 592
1718690 590
1718700 589
1718710 587
1718720 586
1718730 585
1718740 584
1718750 583
1718760 582
1718770 582
1718780 581
1718790 580
1718800 579
1718810 578
1718820 578
1718830 577
1718840 576
1718850 575
1718860 575
1718870 574
1718880 574
1718890 573
1718900 572
1718910 572
1718920 571
1718930 570
1718940 569
1718950 568
1718960 567
1718970 566
1718980 565
1718990 563
1719000 561
1719010 560
1719020 559
1719030 557
1719040 555
1719050 553
1719060 551
1719070 549
1719080 547
1719090 545
1719100 544
1719110 543
1719120 542
1719130 540
1719140 539
1719150 537
1719160 535
1719170 534
1719180 532
1719190 531
1719200 530
1719210 529
1719220 528
1719230 527
1719240 526
1719250 526
1719260 525
1719270 526
1719280 526
1719290 527
1719300 528
1719310 530
1719320 531
1719330 532
1719340 534
1719350 535
1719360 536
1719370 537
1719380 538
1719390 538
1719400 538
1719410 538
1719420 537
1719430 536
1719440 535
1719450 534
1719460 533
1719470 532
1719480 533
1719490 534
1719500 538
1719510 540
1719520 541
1719530 543
1719540 544
1719550 545
1719560 546
1719570 547
1719580 548
1719590 549
1719600 550
1719610 551
1719620 551
1719630 552
1719640 552
1719650 552
1719660 553
1719670 553
1719680 553
1719690 553
1719700 553
1719710 554
1719720 554
1719730 554
1719740 554
1719750 554
1719760 554
1719770 554
1719780 554
1719790 554
1719800 554
1719810 554
1719820 553
1719830 553
1719840 553
1719850 553
1719860 553
1719870 553
1719880 552
1719890 552
1719900 551
1719910 550
1719920 550
1719930 549
1719940 548
1719950 547
1719960 546
1719970 545
1719980 544
1719990 543
