1700000 649
1700010 649
1700020 649
1700030 649
1700040 649
1700050 649
1700060 649
1700070 649
1700080 650
1700090 650
1700100 651
1700110 651
1700120 651
1700130 651
1700140 651
1700150 651
1700160 651
1700170 652
1700180 652
1700190 652
1700200 652
1700210 651
1700220 651
1700230 651
1700240 651
1700250 651
1700260 651
1700270 650
1700280 650
1700290 650
1700300 650
1700310 650
1700320 650
1700330 649
1700340 649
1700350 649
1700360 648
1700370 648
1700380 648
1700390 648
1700400 648
1700410 648
1700420 647
1700430 647
1700440 646
1700450 645
1700460 645
1700470 644
1700480 644
1700490 643
1700500 643
1700510 644
1700520 644
1700530 644
1700540 645
1700550 645
1700560 645
1700570 645
1700580 646
1700590 646
1700600 648
1700610 650
1700620 653
1700630 656
1700640 658
1700650 660
1700660 662
1700670 663
1700680 665
1700690 666
1700700 666
1700710 667
1700720 668
1700730 669
1700740 670
1700750 671
1700760 671
1700770 672
1700780 673
1700790 673
1700800 674
1700810 674
1700820 675
1700830 675
1700840 676
1700850 676
1700860 676
1700870 676
1700880 677
1700890 677
1700900 677
1700910 677
1700920 678
1700930 678
1700940 678
1700950 678
1700960 678
1700970 678
1700980 679
1700990 679
1701000 679
1701010 679
1701020 679
1701030 679
1701040 679
1701050 679
1701060 679
1701070 678
1701080 678
1701090 678
1701100 678
1701110 678
1701120 678
1701130 678
1701140 677
1701150 677
1701160 677
1701170 677
1701180 676
1701190 676
1701200 676
1701210 676
1701220 675
1701230 675
1701240 675
1701250 675
1701260 674
1701270 674
1701280 673
1701290 673
1701300 673
1701310 673
1701320 672
1701330 672
1701340 672
1701350 672
1701360 671
1701370 671
1701380 671
1701390 671
1701400 671
1701410 670
1701420 670
1701430 670
1701440 670
1701450 670
1701460 671
1701470 671
1701480 671
1701490 671
1701500 671
1701510 672
1701520 672
1701530 672
1701540 672
1701550 672
1701560 672
1701570 672
1701580 672
1701590 673
1701600 673
1701610 673
1701620 673
1701630 673
1701640 673
1701650 673
1701660 674
1701670 674
1701680 674
1701690 674
1701700 674
1701710 674
1701720 674
1701730 674
1701740 674
1701750 674
1701760 673
1701770 673
1701780 672
1701790 671
1701800 671
1701810 670
1701820 670
1701830 669
1701840 668
1701850 668
1701860 668
1701870 668
1701880 668
1701890 668
1701900 669
1701910 669
1701920 669
1701930 670
1701940 671
1701950 671
1701960 671
1701970 672
1701980 672
1701990 673
1702000 673
1702010 673
1702020 673
1702030 673
1702040 673
1702050 673
1702060 673
1702070 673
1702080 673
1702090 672
1702100 672
1702110 672
1702120 672
1702130 672
1702140 672
1702150 672
1702160 672
1702170 671
1702180 671
1702190 671
1702200 671
1702210 671
1702220 670
1702230 669
1702240 669
1702250 669
1702260 668
1702270 668
1702280 667
1702290 667
1702300 666
1702310 666
1702320 665
1702330 665
1702340 664
1702350 664
1702360 663
1702370 663
1702380 662
1702390 662
1702400 661
1702410 661
1702420 661
1702430 660
1702440 660
1702450 659
1702460 659
1702470 659
1702480 658
1702490 658
1702500 658
1702510 658
1702520 657
1702530 657
1702540 656
1702550 656
1702560 655
1702570 655
1702580 654
1702590 654
1702600 653
1702610 653
1702620 652
1702630 651
1702640 651
1702650 650
1702660 649
1702670 648
1702680 647
1702690 646
1702700 645
1702710 643
1702720 642
1702730 641
1702740 640
1702750 640
1702760 639
1702770 638
1702780 637
1702790 636
1702800 634
1702810 633
1702820 632
1702830 630
1702840 628
1702850 628
1702860 627
1702870 627
1702880 628
1702890 629
1702900 629
1702910 629
1702920 629
1702930 629
1702940 629
1702950 630
1702960 631
1702970 631
1702980 633
1702990 634
1703000 635
1703010 636
1703020 637
1703030 639
1703040 640
1703050 641
1703060 642
1703070 642
1703080 643
1703090 643
1703100 643
1703110 643
1703120 643
1703130 643
1703140 643
1703150 643
1703160 643
1703170 643
1703180 643
1703190 643
1703200 642
1703210 642
1703220 642
1703230 641
1703240 641
1703250 641
1703260 640
1703270 640
1703280 639
1703290 639
1703300 639
1703310 638
1703320 638
1703330 637
1703340 637
1703350 636
1703360 635
1703370 634
1703380 633
1703390 632
1703400 632
1703410 632
1703420 631
1703430 631
1703440 631
1703450 631
1703460 631
1703470 630
1703480 630
1703490 630
1703500 629
1703510 629
1703520 628
1703530 628
1703540 627
1703550 626
1703560 625
1703570 624
1703580 623
1703590 622
1703600 621
1703610 619
1703620 617
1703630 615
1703640 613
1703650 611
1703660 610
1703670 609
1703680 608
1703690 608
1703700 607
1703710 606
1703720 605
1703730 604
1703740 603
1703750 603
1703760 602
1703770 601
1703780 600
1703790 598
1703800 597
1703810 596
1703820 595
1703830 595
1703840 594
1703850 593
1703860 593
1703870 592
1703880 591
1703890 590
1703900 589
1703910 588
1703920 587
1703930 586
1703940 585
1703950 585
1703960 585
1703970 585
1703980 585
1703990 585
1704000 585
1704010 585
1704020 587
1704030 590
1704040 593
1704050 595
1704060 596
1704070 597
1704080 598
1704090 598
1704100 598
1704110 599
1704120 599
1704130 599
1704140 599
1704150 599
1704160 599
1704170 599
1704180 599
1704190 598
1704200 597
1704210 596
1704220 595
1704230 595
1704240 594
1704250 592
1704260 590
1704270 588
1704280 587
1704290 586
1704300 587
1704310 590
1704320 593
1704330 596
1704340 599
1704350 601
1704360 603
1704370 604
1704380 604
1704390 605
1704400 605
1704410 606
1704420 606
1704430 606
1704440 606
1704450 607
1704460 607
1704470 607
1704480 607
1704490 607
1704500 607
1704510 607
1704520 607
1704530 606
1704540 606
1704550 606
1704560 605
1704570 605
1704580 604
1704590 603
1704600 603
1704610 603
1704620 604
1704630 606
1704640 607
1704650 608
1704660 608
1704670 609
1704680 610
1704690 611
1704700 611
1704710 612
1704720 612
1704730 613
1704740 614
1704750 614
1704760 615
1704770 615
1704780 616
1704790 617
1704800 618
1704810 619
1704820 620
1704830 621
1704840 622
1704850 622
1704860 623
1704870 625
1704880 626
1704890 627
1704900 628
1704910 629
1704920 630
1704930 632
1704940 633
1704950 634
1704960 635
1704970 636
1704980 637
1704990 638
1705000 639
1705010 640
1705020 640
1705030 641
1705040 641
1705050 641
1705060 640
1705070 640
1705080 639
1705090 638
1705100 637
1705110 636
1705120 636
1705130 636
1705140 636
1705150 637
1705160 638
1705170 639
1705180 639
1705190 640
1705200 641
1705210 643
1705220 644
1705230 645
1705240 646
1705250 646
1705260 647
1705270 647
1705280 648
1705290 649
1705300 650
1705310 650
1705320 651
1705330 652
1705340 653
1705350 654
1705360 655
1705370 656
1705380 657
1705390 658
1705400 659
1705410 660
1705420 661
1705430 662
1705440 663
1705450 664
1705460 665
1705470 666
1705480 667
1705490 668
1705500 669
1705510 670
1705520 670
1705530 672
1705540 673
1705550 674
1705560 675
1705570 675
1705580 676
1705590 678
1705600 679
1705610 680
1705620 681
1705630 682
1705640 683
1705650 684
1705660 685
1705670 686
1705680 688
1705690 689
1705700 689
1705710 690
1705720 691
1705730 691
1705740 692
1705750 693
1705760 693
1705770 694
1705780 695
1705790 696
1705800 696
1705810 697
1705820 698
1705830 699
1705840 699
1705850 700
1705860 700
1705870 701
1705880 701
1705890 702
1705900 702
1705910 703
1705920 703
1705930 704
1705940 704
1705950 705
1705960 705
1705970 706
1705980 706
1705990 707
1706000 708
1706010 709
1706020 709
1706030 710
1706040 711
1706050 712
1706060 713
1706070 713
1706080 714
1706090 715
1706100 715
1706110 716
1706120 717
1706130 718
1706140 718
1706150 719
1706160 719
1706170 719
1706180 720
1706190 720
1706200 720
1706210 720
1706220 719
1706230 719
1706240 719
1706250 718
1706260 718
1706270 718
1706280 717
1706290 717
1706300 716
1706310 715
1706320 715
1706330 714
1706340 714
1706350 713
1706360 712
1706370 711
1706380 710
1706390 710
1706400 709
1706410 708
1706420 708
1706430 707
1706440 706
1706450 706
1706460 705
1706470 705
1706480 704
1706490 704
1706500 703
1706510 702
1706520 701
1706530 700
1706540 698
1706550 696
1706560 695
1706570 694
1706580 694
1706590 692
1706600 691
1706610 689
1706620 688
1706630 686
1706640 685
1706650 682
1706660 680
1706670 678
1706680 677
1706690 675
1706700 673
1706710 671
1706720 670
1706730 669
1706740 667
1706750 666
1706760 665
1706770 664
1706780 662
1706790 661
1706800 660
1706810 659
1706820 658
1706830 657
1706840 657
1706850 656
1706860 654
1706870 653
1706880 653
1706890 653
1706900 654
1706910 654
1706920 654
1706930 655
1706940 655
1706950 656
1706960 657
1706970 658
1706980 659
1706990 660
1707000 662
1707010 663
1707020 664
1707030 665
1707040 666
1707050 667
1707060 668
1707070 669
1707080 670
1707090 671
1707100 671
1707110 672
1707120 673
1707130 674
1707140 674
1707150 675
1707160 675
1707170 676
1707180 676
1707190 677
1707200 677
1707210 677
1707220 677
1707230 678
1707240 678
1707250 678
1707260 678
1707270 679
1707280 679
1707290 679
1707300 679
1707310 679
1707320 680
1707330 680
1707340 680
1707350 680
1707360 680
1707370 681
1707380 681
1707390 681
1707400 680
1707410 680
1707420 680
1707430 680
1707440 680
1707450 679
1707460 679
1707470 679
1707480 679
1707490 678
1707500 678
1707510 678
1707520 678
1707530 677
1707540 677
1707550 677
1707560 677
1707570 677
1707580 676
1707590 676
1707600 676
1707610 676
1707620 676
1707630 676
1707640 676
1707650 676
1707660 676
1707670 676
1707680 676
1707690 677
1707700 677
1707710 677
1707720 677
1707730 677
1707740 677
1707750 676
1707760 676
1707770 676
1707780 676
1707790 676
1707800 676
1707810 676
1707820 676
1707830 676
1707840 676
1707850 675
1707860 675
1707870 675
1707880 674
1707890 674
1707900 674
1707910 673
1707920 673
1707930 673
1707940 672
1707950 672
1707960 672
1707970 671
1707980 671
1707990 670
1708000 670
1708010 670
1708020 669
1708030 669
1708040 669
1708050 668
1708060 668
1708070 667
1708080 667
1708090 666
1708100 666
1708110 666
1708120 665
1708130 665
1708140 664
1708150 664
1708160 663
1708170 663
1708180 662
1708190 662
1708200 661
1708210 661
1708220 661
1708230 660
1708240 659
1708250 659
1708260 658
1708270 657
1708280 657
1708290 657
1708300 656
1708310 655
1708320 655
1708330 654
1708340 654
1708350 653
1708360 653
1708370 652
1708380 652
1708390 651
1708400 651
1708410 650
1708420 649
1708430 649
1708440 649
1708450 648
1708460 647
1708470 646
1708480 646
1708490 646
1708500 645
1708510 645
1708520 645
1708530 644
1708540 644
1708550 643
1708560 643
1708570 642
1708580 642
1708590 641
1708600 641
1708610 641
1708620 640
1708630 640
1708640 640
1708650 639
1708660 639
1708670 638
1708680 638
1708690 638
1708700 638
1708710 637
1708720 637
1708730 636
1708740 636
1708750 636
1708760 635
1708770 635
1708780 635
1708790 635
1708800 634
1708810 634
1708820 634
1708830 633
1708840 633
1708850 633
1708860 633
1708870 632
1708880 632
1708890 632
1708900 631
1708910 631
1708920 631
1708930 630
1708940 630
1708950 630
1708960 630
1708970 630
1708980 630
1708990 629
1709000 629
1709010 629
1709020 628
1709030 628
1709040 627
1709050 627
1709060 626
1709070 626
1709080 626
1709090 626
1709100 625
1709110 625
1709120 625
1709130 626
1709140 626
1709150 626
1709160 626
1709170 626
1709180 626
1709190 626
1709200 626
1709210 626
1709220 626
1709230 626
1709240 626
1709250 626
1709260 626
1709270 626
1709280 626
1709290 626
1709300 626
1709310 626
1709320 626
1709330 626
1709340 626
1709350 626
1709360 626
1709370 626
1709380 626
1709390 626
1709400 625
1709410 625
1709420 625
1709430 625
1709440 624
1709450 624
1709460 624
1709470 623
1709480 623
1709490 623
1709500 623
1709510 622
1709520 622
1709530 622
1709540 621
1709550 621
1709560 621
1709570 620
1709580 620
1709590 620
1709600 619
1709610 619
1709620 618
1709630 618
1709640 617
1709650 617
1709660 617
1709670 616
1709680 616
1709690 615
1709700 615
1709710 615
1709720 614
1709730 614
1709740 614
1709750 613
1709760 613
1709770 613
1709780 612
1709790 612
1709800 612
1709810 612
1709820 612
1709830 611
1709840 610
1709850 610
1709860 610
1709870 610
1709880 610
1709890 610
1709900 610
1709910 610
1709920 610
1709930 610
1709940 610
1709950 610
1709960 610
1709970 610
1709980 610
1709990 610
1710000 610
1710010 610
1710020 610
1710030 610
1710040 610
1710050 610
1710060 610
1710070 610
1710080 610
1710090 610
1710100 610
1710110 610
1710120 610
1710130 610
1710140 610
1710150 610
1710160 611
1710170 611
1710180 611
1710190 612
1710200 612
1710210 613
1710220 613
1710230 614
1710240 614
1710250 615
1710260 615
1710270 616
1710280 616
1710290 617
1710300 618
1710310 618
1710320 619
1710330 620
1710340 620
1710350 621
1710360 622
1710370 622
1710380 623
1710390 623
1710400 623
1710410 623
1710420 623
1710430 623
1710440 623
1710450 624
1710460 624
1710470 624
1710480 624
1710490 624
1710500 624
1710510 624
1710520 625
1710530 625
1710540 625
1710550 625
1710560 626
1710570 626
1710580 626
1710590 626
1710600 626
1710610 627
1710620 627
1710630 627
1710640 628
1710650 628
1710660 629
1710670 629
1710680 629
1710690 630
1710700 630
1710710 631
1710720 631
1710730 631
1710740 632
1710750 632
1710760 633
1710770 633
1710780 633
1710790 634
1710800 634
1710810 634
1710820 634
1710830 635
1710840 635
1710850 635
1710860 635
1710870 636
1710880 636
1710890 636
1710900 637
1710910 637
1710920 637
1710930 638
1710940 638
1710950 638
1710960 639
1710970 639
1710980 639
1710990 640
1711000 640
1711010 640
1711020 640
1711030 641
1711040 641
1711050 642
1711060 642
1711070 642
1711080 642
1711090 643
1711100 643
1711110 644
1711120 644
1711130 644
1711140 645
1711150 645
1711160 645
1711170 646
1711180 646
1711190 647
1711200 647
1711210 648
1711220 648
1711230 648
1711240 649
1711250 649
1711260 650
1711270 650
1711280 651
1711290 651
1711300 652
1711310 652
1711320 653
1711330 653
1711340 653
1711350 654
1711360 654
1711370 654
1711380 655
1711390 655
1711400 655
1711410 656
1711420 656
1711430 656
1711440 657
1711450 657
1711460 657
1711470 658
1711480 658
1711490 659
1711500 659
1711510 659
1711520 660
1711530 660
1711540 660
1711550 661
1711560 661
1711570 662
1711580 662
1711590 662
1711600 663
1711610 663
1711620 664
1711630 664
1711640 664
1711650 664
1711660 665
1711670 665
1711680 665
1711690 666
1711700 666
1711710 666
1711720 666
1711730 667
1711740 667
1711750 667
1711760 667
1711770 667
1711780 667
1711790 668
1711800 668
1711810 668
1711820 668
1711830 668
1711840 669
1711850 669
1711860 669
1711870 669
1711880 669
1711890 669
1711900 669
1711910 669
1711920 669
1711930 669
1711940 669
1711950 669
1711960 669
1711970 669
1711980 669
1711990 669
1712000 669
1712010 669
1712020 669
1712030 669
1712040 669
1712050 669
1712060 669
1712070 669
1712080 669
1712090 669
1712100 669
1712110 669
1712120 669
1712130 669
1712140 669
1712150 669
1712160 669
1712170 669
1712180 668
1712190 668
1712200 668
1712210 668
1712220 668
1712230 668
1712240 667
1712250 667
1712260 667
1712270 667
1712280 667
1712290 667
1712300 667
1712310 667
1712320 667
1712330 667
1712340 667
1712350 667
1712360 667
1712370 666
1712380 666
1712390 666
1712400 666
1712410 666
1712420 666
1712430 666
1712440 666
1712450 666
1712460 666
1712470 666
1712480 666
1712490 666
1712500 666
1712510 666
1712520 666
1712530 666
1712540 666
1712550 666
1712560 666
1712570 666
1712580 666
1712590 666
1712600 666
1712610 666
1712620 665
1712630 665
1712640 665
1712650 665
1712660 665
1712670 665
1712680 665
1712690 665
1712700 664
1712710 664
1712720 664
1712730 664
1712740 664
1712750 664
1712760 664
1712770 664
1712780 663
1712790 663
1712800 663
1712810 663
1712820 663
1712830 663
1712840 663
1712850 663
1712860 663
1712870 663
1712880 662
1712890 662
1712900 662
1712910 662
1712920 662
1712930 662
1712940 661
1712950 662
1712960 662
1712970 662
1712980 661
1712990 661
1713000 661
1713010 661
1713020 661
1713030 661
1713040 661
1713050 661
1713060 661
1713070 661
1713080 661
1713090 661
1713100 661
1713110 661
1713120 661
1713130 661
1713140 661
1713150 661
1713160 661
1713170 662
1713180 662
1713190 662
1713200 662
1713210 662
1713220 663
1713230 663
1713240 663
1713250 664
1713260 664
1713270 665
1713280 665
1713290 665
1713300 665
1713310 665
1713320 664
1713330 664
1713340 664
1713350 664
1713360 664
1713370 663
1713380 663
1713390 663
1713400 663
1713410 662
1713420 662
1713430 661
1713440 661
1713450 660
1713460 660
1713470 659
1713480 659
1713490 658
1713500 658
1713510 657
1713520 657
1713530 656
1713540 656
1713550 656
1713560 655
1713570 655
1713580 654
1713590 654
1713600 653
1713610 653
1713620 652
1713630 652
1713640 651
1713650 651
1713660 650
1713670 650
1713680 650
1713690 649
1713700 649
1713710 648
1713720 648
1713730 648
1713740 648
1713750 647
1713760 647
1713770 646
1713780 646
1713790 645
1713800 645
1713810 644
1713820 644
1713830 643
1713840 643
1713850 642
1713860 642
1713870 641
1713880 640
1713890 640
1713900 639
1713910 639
1713920 638
1713930 637
1713940 637
1713950 636
1713960 635
1713970 635
1713980 635
1713990 634
1714000 634
1714010 634
1714020 633
1714030 632
1714040 631
1714050 631
1714060 630
1714070 629
1714080 628
1714090 628
1714100 627
1714110 626
1714120 626
1714130 625
1714140 624
1714150 623
1714160 623
1714170 622
1714180 621
1714190 620
1714200 620
1714210 620
1714220 619
1714230 619
1714240 618
1714250 618
1714260 618
1714270 617
1714280 617
1714290 617
1714300 616
1714310 616
1714320 616
1714330 616
1714340 615
1714350 615
1714360 615
1714370 615
1714380 615
1714390 614
1714400 614
1714410 613
1714420 613
1714430 613
1714440 612
1714450 612
1714460 612
1714470 611
1714480 611
1714490 611
1714500 611
1714510 611
1714520 610
1714530 610
1714540 610
1714550 609
1714560 609
1714570 608
1714580 607
1714590 607
1714600 606
1714610 606
1714620 605
1714630 605
1714640 605
1714650 605
1714660 605
1714670 605
1714680 605
1714690 605
1714700 605
1714710 605
1714720 605
1714730 605
1714740 605
1714750 605
1714760 606
1714770 606
1714780 606
1714790 606
1714800 606
1714810 606
1714820 607
1714830 607
1714840 608
1714850 608
1714860 608
1714870 608
1714880 608
1714890 609
1714900 609
1714910 609
1714920 609
1714930 609
1714940 609
1714950 609
1714960 609
1714970 609
1714980 610
1714990 610
1715000 610
1715010 610
1715020 610
1715030 611
1715040 611
1715050 611
1715060 612
1715070 612
1715080 612
1715090 612
1715100 613
1715110 613
1715120 613
1715130 613
1715140 614
1715150 614
1715160 614
1715170 615
1715180 615
1715190 616
1715200 616
1715210 617
1715220 617
1715230 618
1715240 618
1715250 619
1715260 619
1715270 619
1715280 620
1715290 620
1715300 620
1715310 620
1715320 620
1715330 620
1715340 620
1715350 620
1715360 619
1715370 619
1715380 619
1715390 619
1715400 619
1715410 619
1715420 619
1715430 618
1715440 618
1715450 618
1715460 617
1715470 617
1715480 617
1715490 616
1715500 616
1715510 616
1715520 615
1715530 615
1715540 614
1715550 613
1715560 613
1715570 612
1715580 611
1715590 611
1715600 610
1715610 609
1715620 609
1715630 608
1715640 607
1715650 607
1715660 606
1715670 605
1715680 604
1715690 604
1715700 603
1715710 602
1715720 601
1715730 601
1715740 600
1715750 600
1715760 599
1715770 599
1715780 598
1715790 598
1715800 597
1715810 597
1715820 597
1715830 596
1715840 596
1715850 595
1715860 595
1715870 594
1715880 594
1715890 593
1715900 593
1715910 593
1715920 592
1715930 592
1715940 591
1715950 590
1715960 590
1715970 590
1715980 589
1715990 589
1716000 589
1716010 588
1716020 588
1716030 588
1716040 588
1716050 588
1716060 588
1716070 587
1716080 587
1716090 586
1716100 586
1716110 586
1716120 585
1716130 585
1716140 585
1716150 585
1716160 586
1716170 586
1716180 586
1716190 586
1716200 587
1716210 587
1716220 587
1716230 587
1716240 587
1716250 587
1716260 587
1716270 587
1716280 587
1716290 586
1716300 586
1716310 586
1716320 586
1716330 586
1716340 586
1716350 586
1716360 585
1716370 585
1716380 585
1716390 584
1716400 584
1716410 584
1716420 584
1716430 584
1716440 583
1716450 583
1716460 583
1716470 583
1716480 583
1716490 583
1716500 582
1716510 582
1716520 582
1716530 582
1716540 582
1716550 581
1716560 581
1716570 581
1716580 581
1716590 580
1716600 580
1716610 580
1716620 579
1716630 579
1716640 579
1716650 578
1716660 578
1716670 578
1716680 578
1716690 577
1716700 577
1716710 577
1716720 577
1716730 576
1716740 576
1716750 575
1716760 575
1716770 574
1716780 573
1716790 573
1716800 572
1716810 572
1716820 571
1716830 570
1716840 570
1716850 569
1716860 568
1716870 568
1716880 567
1716890 566
1716900 566
1716910 565
1716920 564
1716930 564
1716940 563
1716950 563
1716960 562
1716970 562
1716980 561
1716990 560
1717000 560
1717010 559
1717020 558
1717030 557
1717040 557
1717050 557
1717060 557
1717070 557
1717080 557
1717090 556
1717100 557
1717110 557
1717120 557
1717130 556
1717140 556
1717150 556
1717160 556
1717170 555
1717180 555
1717190 555
1717200 554
1717210 554
1717220 554
1717230 554
1717240 554
1717250 554
1717260 554
1717270 554
1717280 555
1717290 555
1717300 557
1717310 558
1717320 559
1717330 561
1717340 563
1717350 564
1717360 566
1717370 568
1717380 570
1717390 571
1717400 573
1717410 575
1717420 578
1717430 581
1717440 583
1717450 586
1717460 588
1717470 590
1717480 591
1717490 593
1717500 594
1717510 595
1717520 594
1717530 594
1717540 593
1717550 592
1717560 592
1717570 591
1717580 591
1717590 591
1717600 590
1717610 590
1717620 590
1717630 590
1717640 589
1717650 589
1717660 589
1717670 589
1717680 589
1717690 590
1717700 590
1717710 590
1717720 590
1717730 591
1717740 591
1717750 591
1717760 592
1717770 592
1717780 591
1717790 591
1717800 590
1717810 590
1717820 589
1717830 588
1717840 588
1717850 587
1717860 587
1717870 586
1717880 585
1717890 585
1717900 584
1717910 584
1717920 583
1717930 583
1717940 582
1717950 582
1717960 582
1717970 581
1717980 581
1717990 580
1718000 580
1718010 579
1718020 578
1718030 577
1718040 577
1718050 576
1718060 576
1718070 575
1718080 574
1718090 574
1718100 573
1718110 573
1718120 572
1718130 571
1718140 571
1718150 570
1718160 570
1718170 569
1718180 568
1718190 567
1718200 567
1718210 566
1718220 566
1718230 565
1718240 564
1718250 563
1718260 563
1718270 562
1718280 562
1718290 562
1718300 561
1718310 561
1718320 561
1718330 560
1718340 560
1718350 560
1718360 559
1718370 559
1718380 559
1718390 559
1718400 559
1718410 559
1718420 559
1718430 559
1718440 559
1718450 559
1718460 559
1718470 559
1718480 559
1718490 559
1718500 559
1718510 559
1718520 559
1718530 559
1718540 559
1718550 559
1718560 559
1718570 559
1718580 559
1718590 560
1718600 560
1718610 560
1718620 561
1718630 561
1718640 562
1718650 562
1718660 563
1718670 564
1718680 564
1718690 565
1718700 565
1718710 565
1718720 566
1718730 566
1718740 566
1718750 566
1718760 567
1718770 567
1718780 567
1718790 567
1718800 567
1718810 568
1718820 568
1718830 568
1718840 569
1718850 569
1718860 569
1718870 570
1718880 570
1718890 570
1718900 571
1718910 571
1718920 571
1718930 572
1718940 572
1718950 573
1718960 573
1718970 573
1718980 574
1718990 574
1719000 575
1719010 576
1719020 577
1719030 577
1719040 577
1719050 578
1719060 578
1719070 579
1719080 579
1719090 579
1719100 579
1719110 580
1719120 580
1719130 580
1719140 580
1719150 580
1719160 580
1719170 580
1719180 581
1719190 581
1719200 581
1719210 581
1719220 581
1719230 581
1719240 581
1719250 581
1719260 581
1719270 582
1719280 582
1719290 582
1719300 582
1719310 582
1719320 582
1719330 582
1719340 581
1719350 581
1719360 581
1719370 581
1719380 581
1719390 581
1719400 581
1719410 581
1719420 581
1719430 581
1719440 581
1719450 581
1719460 581
1719470 581
1719480 581
1719490 581
1719500 581
1719510 581
1719520 581
1719530 581
1719540 582
1719550 582
1719560 583
1719570 583
1719580 584
1719590 584
1719600 585
1719610 585
1719620 586
1719630 586
1719640 587
1719650 587
1719660 588
1719670 588
1719680 589
1719690 589
1719700 589
1719710 589
1719720 588
1719730 588
1719740 588
1719750 588
1719760 588
1719770 588
1719780 588
1719790 588
1719800 588
1719810 589
1719820 589
1719830 589
1719840 589
1719850 589
1719860 588
1719870 588
1719880 588
1719890 588
1719900 588
1719910 588
1719920 588
1719930 588
1719940 588
1719950 588
1719960 588
1719970 588
1719980 588
1719990 588
