1700000 675
1700010 675
1700020 675
1700030 675
1700040 674
1700050 674
1700060 674
1700070 674
1700080 674
1700090 673
1700100 673
1700110 673
1700120 673
1700130 672
1700140 672
1700150 672
1700160 672
1700170 671
1700180 671
1700190 670
1700200 670
1700210 669
1700220 669
1700230 668
1700240 667
1700250 667
1700260 666
1700270 665
1700280 665
1700290 664
1700300 664
1700310 664
1700320 663
1700330 662
1700340 662
1700350 661
1700360 661
1700370 661
1700380 660
1700390 660
1700400 660
1700410 660
1700420 660
1700430 660
1700440 660
1700450 660
1700460 660
1700470 660
1700480 661
1700490 661
1700500 661
1700510 660
1700520 660
1700530 659
1700540 658
1700550 657
1700560 655
1700570 654
1700580 653
1700590 651
1700600 649
1700610 647
1700620 644
1700630 643
1700640 642
1700650 642
1700660 642
1700670 642
1700680 642
1700690 642
1700700 643
1700710 644
1700720 647
1700730 650
1700740 654
1700750 657
1700760 661
1700770 664
1700780 667
1700790 669
1700800 671
1700810 672
1700820 674
1700830 675
1700840 677
1700850 678
1700860 680
1700870 682
1700880 683
1700890 683
1700900 683
1700910 683
1700920 683
1700930 683
1700940 683
1700950 683
1700960 683
1700970 682
1700980 682
1700990 682
1701000 681
1701010 681
1701020 681
1701030 681
1701040 681
1701050 681
1701060 681
1701070 680
1701080 680
1701090 680
1701100 680
1701110 679
1701120 679
1701130 678
1701140 678
1701150 677
1701160 677
1701170 677
1701180 676
1701190 676
1701200 675
1701210 675
1701220 675
1701230 675
1701240 674
1701250 674
1701260 673
1701270 673
1701280 673
1701290 672
1701300 672
1701310 672
1701320 672
1701330 671
1701340 670
1701350 670
1701360 670
1701370 670
1701380 669
1701390 669
1701400 669
1701410 668
1701420 667
1701430 667
1701440 667
1701450 666
1701460 665
1701470 665
1701480 664
1701490 664
1701500 663
1701510 662
1701520 661
1701530 660
1701540 659
1701550 658
1701560 657
1701570 657
1701580 656
1701590 656
1701600 655
1701610 654
1701620 654
1701630 653
1701640 653
1701650 653
1701660 652
1701670 653
1701680 653
1701690 653
1701700 653
1701710 653
1701720 653
1701730 653
1701740 653
1701750 653
1701760 653
1701770 653
1701780 653
1701790 653
1701800 653
1701810 653
1701820 653
1701830 653
1701840 653
1701850 653
1701860 652
1701870 652
1701880 652
1701890 651
1701900 650
1701910 648
1701920 647
1701930 647
1701940 648
1701950 649
1701960 650
1701970 650
1701980 650
1701990 650
1702000 649
1702010 648
1702020 648
1702030 648
1702040 647
1702050 647
1702060 647
1702070 647
1702080 647
1702090 648
1702100 648
1702110 648
1702120 648
1702130 647
1702140 647
1702150 647
1702160 646
1702170 646
1702180 645
1702190 645
1702200 644
1702210 644
1702220 644
1702230 644
1702240 644
1702250 644
1702260 644
1702270 644
1702280 643
1702290 643
1702300 643
1702310 643
1702320 643
1702330 643
1702340 643
1702350 643
1702360 643
1702370 643
1702380 643
1702390 643
1702400 643
1702410 643
1702420 643
1702430 643
1702440 643
1702450 643
1702460 642
1702470 642
1702480 642
1702490 642
1702500 642
1702510 643
1702520 643
1702530 643
1702540 643
1702550 643
1702560 643
1702570 643
1702580 643
1702590 643
1702600 643
1702610 643
1702620 643
1702630 643
1702640 643
1702650 643
1702660 643
1702670 643
1702680 643
1702690 642
1702700 642
1702710 641
1702720 641
1702730 640
1702740 640
1702750 639
1702760 639
1702770 639
1702780 638
1702790 636
1702800 634
1702810 631
1702820 629
1702830 627
1702840 625
1702850 624
1702860 623
1702870 622
1702880 621
1702890 620
1702900 618
1702910 616
1702920 615
1702930 615
1702940 616
1702950 617
1702960 620
1702970 623
1702980 627
1702990 630
1703000 631
1703010 632
1703020 632
1703030 632
1703040 631
1703050 631
1703060 631
1703070 630
1703080 630
1703090 630
1703100 630
1703110 630
1703120 631
1703130 631
1703140 631
1703150 631
1703160 631
1703170 631
1703180 630
1703190 630
1703200 630
1703210 630
1703220 629
1703230 629
1703240 629
1703250 629
1703260 629
1703270 629
1703280 629
1703290 629
1703300 629
1703310 628
1703320 627
1703330 627
1703340 626
1703350 625
1703360 625
1703370 624
1703380 623
1703390 623
1703400 622
1703410 621
1703420 620
1703430 619
1703440 618
1703450 617
1703460 616
1703470 615
1703480 614
1703490 613
1703500 612
1703510 612
1703520 611
1703530 610
1703540 609
1703550 609
1703560 608
1703570 606
1703580 605
1703590 604
1703600 603
1703610 602
1703620 600
1703630 599
1703640 598
1703650 597
1703660 595
1703670 594
1703680 592
1703690 590
1703700 589
1703710 588
1703720 588
1703730 587
1703740 587
1703750 588
1703760 590
1703770 592
1703780 595
1703790 597
1703800 600
1703810 602
1703820 604
1703830 605
1703840 606
1703850 607
1703860 608
1703870 608
1703880 608
1703890 608
1703900 608
1703910 608
1703920 608
1703930 608
1703940 609
1703950 608
1703960 608
1703970 608
1703980 608
1703990 607
1704000 607
1704010 606
1704020 606
1704030 605
1704040 605
1704050 604
1704060 603
1704070 603
1704080 602
1704090 601
1704100 600
1704110 598
1704120 597
1704130 595
1704140 593
1704150 591
1704160 590
1704170 590
1704180 590
1704190 591
1704200 592
1704210 594
1704220 596
1704230 599
1704240 602
1704250 605
1704260 608
1704270 610
1704280 613
1704290 615
1704300 617
1704310 618
1704320 619
1704330 619
1704340 620
1704350 620
1704360 620
1704370 620
1704380 620
1704390 620
1704400 620
1704410 620
1704420 620
1704430 620
1704440 620
1704450 620
1704460 620
1704470 620
1704480 620
1704490 620
1704500 620
1704510 620
1704520 620
1704530 621
1704540 621
1704550 620
1704560 620
1704570 620
1704580 619
1704590 619
1704600 619
1704610 619
1704620 618
1704630 618
1704640 618
1704650 618
1704660 618
1704670 618
1704680 619
1704690 620
1704700 622
1704710 623
1704720 624
1704730 625
1704740 626
1704750 627
1704760 628
1704770 629
1704780 630
1704790 631
1704800 632
1704810 633
1704820 634
1704830 636
1704840 637
1704850 638
1704860 639
1704870 641
1704880 642
1704890 643
1704900 644
1704910 646
1704920 647
1704930 648
1704940 650
1704950 651
1704960 653
1704970 654
1704980 655
1704990 657
1705000 658
1705010 659
1705020 659
1705030 660
1705040 660
1705050 661
1705060 661
1705070 661
1705080 661
1705090 661
1705100 661
1705110 661
1705120 661
1705130 661
1705140 661
1705150 661
1705160 661
1705170 661
1705180 660
1705190 660
1705200 660
1705210 660
1705220 659
1705230 659
1705240 659
1705250 660
1705260 660
1705270 660
1705280 661
1705290 661
1705300 662
1705310 663
1705320 663
1705330 664
1705340 665
1705350 666
1705360 667
1705370 668
1705380 669
1705390 669
1705400 670
1705410 671
1705420 672
1705430 672
1705440 673
1705450 673
1705460 674
1705470 674
1705480 674
1705490 674
1705500 675
1705510 675
1705520 675
1705530 676
1705540 676
1705550 677
1705560 678
1705570 678
1705580 679
1705590 680
1705600 680
1705610 681
1705620 682
1705630 683
1705640 683
1705650 683
1705660 684
1705670 685
1705680 685
1705690 686
1705700 687
1705710 688
1705720 688
1705730 689
1705740 690
1705750 690
1705760 691
1705770 691
1705780 692
1705790 692
1705800 693
1705810 694
1705820 694
1705830 695
1705840 696
1705850 696
1705860 697
1705870 697
1705880 698
1705890 698
1705900 698
1705910 699
1705920 699
1705930 699
1705940 700
1705950 700
1705960 700
1705970 701
1705980 701
1705990 702
1706000 702
1706010 702
1706020 703
1706030 703
1706040 704
1706050 704
1706060 704
1706070 705
1706080 705
1706090 705
1706100 706
1706110 706
1706120 707
1706130 707
1706140 707
1706150 708
1706160 708
1706170 708
1706180 708
1706190 708
1706200 708
1706210 709
1706220 709
1706230 709
1706240 709
1706250 708
1706260 708
1706270 708
1706280 708
1706290 707
1706300 707
1706310 706
1706320 706
1706330 706
1706340 705
1706350 705
1706360 704
1706370 703
1706380 702
1706390 702
1706400 701
1706410 700
1706420 699
1706430 698
1706440 697
1706450 697
1706460 696
1706470 695
1706480 694
1706490 693
1706500 692
1706510 692
1706520 691
1706530 689
1706540 688
1706550 687
1706560 686
1706570 686
1706580 684
1706590 683
1706600 682
1706610 681
1706620 680
1706630 679
1706640 679
1706650 678
1706660 677
1706670 676
1706680 675
1706690 675
1706700 674
1706710 673
1706720 672
1706730 671
1706740 670
1706750 669
1706760 668
1706770 667
1706780 666
1706790 665
1706800 664
1706810 663
1706820 662
1706830 661
1706840 660
1706850 659
1706860 658
1706870 657
1706880 657
1706890 656
1706900 656
1706910 656
1706920 656
1706930 657
1706940 658
1706950 659
1706960 660
1706970 661
1706980 663
1706990 664
1707000 666
1707010 667
1707020 669
1707030 670
1707040 671
1707050 672
1707060 673
1707070 674
1707080 676
1707090 677
1707100 678
1707110 679
1707120 680
1707130 681
1707140 681
1707150 682
1707160 683
1707170 683
1707180 684
1707190 685
1707200 686
1707210 686
1707220 687
1707230 688
1707240 690
1707250 691
1707260 692
1707270 692
1707280 693
1707290 694
1707300 695
1707310 695
1707320 695
1707330 696
1707340 696
1707350 695
1707360 695
1707370 695
1707380 694
1707390 694
1707400 693
1707410 693
1707420 692
1707430 692
1707440 691
1707450 691
1707460 690
1707470 690
1707480 689
1707490 689
1707500 689
1707510 688
1707520 688
1707530 687
1707540 687
1707550 686
1707560 686
1707570 685
1707580 685
1707590 684
1707600 683
1707610 683
1707620 683
1707630 682
1707640 682
1707650 682
1707660 681
1707670 681
1707680 681
1707690 680
1707700 680
1707710 680
1707720 680
1707730 680
1707740 680
1707750 680
1707760 679
1707770 679
1707780 679
1707790 679
1707800 679
1707810 679
1707820 679
1707830 678
1707840 678
1707850 678
1707860 677
1707870 677
1707880 677
1707890 676
1707900 676
1707910 675
1707920 675
1707930 675
1707940 674
1707950 674
1707960 673
1707970 673
1707980 673
1707990 672
1708000 672
1708010 672
1708020 671
1708030 671
1708040 671
1708050 670
1708060 670
1708070 670
1708080 669
1708090 669
1708100 668
1708110 668
1708120 668
1708130 667
1708140 667
1708150 666
1708160 666
1708170 665
1708180 665
1708190 664
1708200 664
1708210 663
1708220 663
1708230 662
1708240 661
1708250 660
1708260 659
1708270 659
1708280 658
1708290 657
1708300 657
1708310 656
1708320 655
1708330 654
1708340 654
1708350 653
1708360 653
1708370 652
1708380 652
1708390 651
1708400 651
1708410 650
1708420 650
1708430 650
1708440 649
1708450 649
1708460 649
1708470 649
1708480 649
1708490 649
1708500 649
1708510 648
1708520 648
1708530 648
1708540 648
1708550 648
1708560 648
1708570 648
1708580 648
1708590 648
1708600 648
1708610 647
1708620 647
1708630 647
1708640 647
1708650 647
1708660 646
1708670 646
1708680 646
1708690 646
1708700 646
1708710 645
1708720 645
1708730 645
1708740 644
1708750 644
1708760 644
1708770 644
1708780 643
1708790 643
1708800 643
1708810 642
1708820 642
1708830 642
1708840 642
1708850 642
1708860 641
1708870 641
1708880 640
1708890 640
1708900 640
1708910 640
1708920 639
1708930 639
1708940 639
1708950 638
1708960 638
1708970 638
1708980 638
1708990 638
1709000 637
1709010 638
1709020 638
1709030 638
1709040 638
1709050 638
1709060 638
1709070 638
1709080 639
1709090 639
1709100 639
1709110 640
1709120 640
1709130 640
1709140 640
1709150 641
1709160 641
1709170 641
1709180 641
1709190 641
1709200 641
1709210 641
1709220 641
1709230 641
1709240 641
1709250 641
1709260 641
1709270 641
1709280 640
1709290 640
1709300 640
1709310 639
1709320 639
1709330 639
1709340 638
1709350 638
1709360 638
1709370 637
1709380 637
1709390 637
1709400 637
1709410 636
1709420 636
1709430 636
1709440 635
1709450 635
1709460 635
1709470 634
1709480 634
1709490 633
1709500 633
1709510 633
1709520 632
1709530 632
1709540 631
1709550 630
1709560 630
1709570 629
1709580 629
1709590 629
1709600 628
1709610 628
1709620 627
1709630 627
1709640 626
1709650 626
1709660 625
1709670 625
1709680 624
1709690 624
1709700 623
1709710 623
1709720 622
1709730 621
1709740 621
1709750 620
1709760 620
1709770 619
1709780 619
1709790 618
1709800 618
1709810 617
1709820 617
1709830 617
1709840 616
1709850 616
1709860 615
1709870 615
1709880 614
1709890 614
1709900 614
1709910 613
1709920 613
1709930 613
1709940 612
1709950 612
1709960 612
1709970 612
1709980 612
1709990 612
1710000 612
1710010 612
1710020 612
1710030 612
1710040 612
1710050 612
1710060 612
1710070 612
1710080 612
1710090 612
1710100 612
1710110 612
1710120 612
1710130 612
1710140 612
1710150 612
1710160 612
1710170 612
1710180 612
1710190 612
1710200 612
1710210 612
1710220 612
1710230 613
1710240 613
1710250 613
1710260 613
1710270 613
1710280 613
1710290 614
1710300 614
1710310 615
1710320 616
1710330 616
1710340 616
1710350 617
1710360 617
1710370 617
1710380 618
1710390 619
1710400 620
1710410 621
1710420 622
1710430 622
1710440 623
1710450 624
1710460 625
1710470 625
1710480 626
1710490 626
1710500 626
1710510 627
1710520 627
1710530 627
1710540 628
1710550 628
1710560 629
1710570 629
1710580 630
1710590 630
1710600 631
1710610 631
1710620 632
1710630 633
1710640 633
1710650 634
1710660 635
1710670 636
1710680 637
1710690 638
1710700 639
1710710 640
1710720 641
1710730 643
1710740 644
1710750 645
1710760 647
1710770 649
1710780 652
1710790 654
1710800 655
1710810 654
1710820 653
1710830 653
1710840 654
1710850 654
1710860 653
1710870 653
1710880 652
1710890 651
1710900 651
1710910 650
1710920 650
1710930 649
1710940 649
1710950 649
1710960 649
1710970 649
1710980 649
1710990 649
1711000 649
1711010 649
1711020 649
1711030 649
1711040 649
1711050 649
1711060 649
1711070 650
1711080 650
1711090 650
1711100 650
1711110 651
1711120 651
1711130 652
1711140 652
1711150 652
1711160 653
1711170 653
1711180 654
1711190 654
1711200 655
1711210 655
1711220 656
1711230 656
1711240 656
1711250 657
1711260 657
1711270 657
1711280 658
1711290 658
1711300 658
1711310 659
1711320 659
1711330 659
1711340 659
1711350 659
1711360 660
1711370 660
1711380 660
1711390 660
1711400 660
1711410 660
1711420 660
1711430 660
1711440 660
1711450 660
1711460 661
1711470 661
1711480 661
1711490 661
1711500 661
1711510 662
1711520 662
1711530 662
1711540 662
1711550 663
1711560 663
1711570 663
1711580 663
1711590 663
1711600 663
1711610 663
1711620 664
1711630 664
1711640 664
1711650 664
1711660 664
1711670 664
1711680 665
1711690 665
1711700 665
1711710 665
1711720 665
1711730 665
1711740 665
1711750 665
1711760 666
1711770 666
1711780 666
1711790 666
1711800 666
1711810 666
1711820 666
1711830 667
1711840 667
1711850 667
1711860 667
1711870 667
1711880 667
1711890 667
1711900 666
1711910 666
1711920 666
1711930 666
1711940 666
1711950 666
1711960 666
1711970 666
1711980 666
1711990 665
1712000 665
1712010 665
1712020 665
1712030 665
1712040 665
1712050 665
1712060 665
1712070 665
1712080 665
1712090 665
1712100 665
1712110 665
1712120 665
1712130 665
1712140 665
1712150 665
1712160 665
1712170 665
1712180 665
1712190 665
1712200 665
1712210 665
1712220 665
1712230 665
1712240 665
1712250 665
1712260 665
1712270 664
1712280 664
1712290 664
1712300 664
1712310 664
1712320 664
1712330 664
1712340 664
1712350 664
1712360 664
1712370 664
1712380 664
1712390 664
1712400 663
1712410 663
1712420 663
1712430 663
1712440 663
1712450 663
1712460 663
1712470 663
1712480 662
1712490 662
1712500 662
1712510 662
1712520 662
1712530 662
1712540 662
1712550 662
1712560 661
1712570 661
1712580 661
1712590 661
1712600 661
1712610 661
1712620 661
1712630 660
1712640 660
1712650 660
1712660 660
1712670 660
1712680 660
1712690 659
1712700 659
1712710 659
1712720 659
1712730 659
1712740 659
1712750 658
1712760 658
1712770 658
1712780 658
1712790 657
1712800 657
1712810 657
1712820 656
1712830 656
1712840 656
1712850 655
1712860 655
1712870 655
1712880 654
1712890 654
1712900 654
1712910 654
1712920 654
1712930 653
1712940 653
1712950 653
1712960 653
1712970 652
1712980 652
1712990 652
1713000 651
1713010 651
1713020 651
1713030 651
1713040 651
1713050 651
1713060 651
1713070 651
1713080 651
1713090 651
1713100 651
1713110 650
1713120 650
1713130 650
1713140 649
1713150 649
1713160 650
1713170 650
1713180 651
1713190 650
1713200 650
1713210 650
1713220 650
1713230 650
1713240 650
1713250 650
1713260 650
1713270 649
1713280 649
1713290 649
1713300 649
1713310 649
1713320 649
1713330 649
1713340 649
1713350 649
1713360 649
1713370 649
1713380 649
1713390 649
1713400 649
1713410 649
1713420 648
1713430 648
1713440 648
1713450 647
1713460 647
1713470 648
1713480 648
1713490 648
1713500 648
1713510 648
1713520 648
1713530 648
1713540 648
1713550 648
1713560 648
1713570 648
1713580 648
1713590 648
1713600 648
1713610 648
1713620 648
1713630 648
1713640 648
1713650 648
1713660 648
1713670 648
1713680 648
1713690 648
1713700 648
1713710 648
1713720 648
1713730 647
1713740 647
1713750 647
1713760 647
1713770 647
1713780 647
1713790 646
1713800 646
1713810 646
1713820 645
1713830 644
1713840 643
1713850 643
1713860 644
1713870 644
1713880 644
1713890 644
1713900 644
1713910 644
1713920 644
1713930 644
1713940 643
1713950 643
1713960 642
1713970 642
1713980 641
1713990 641
1714000 640
1714010 639
1714020 639
1714030 638
1714040 637
1714050 637
1714060 636
1714070 635
1714080 634
1714090 633
1714100 632
1714110 632
1714120 631
1714130 630
1714140 629
1714150 629
1714160 628
1714170 628
1714180 627
1714190 626
1714200 625
1714210 625
1714220 624
1714230 624
1714240 623
1714250 623
1714260 622
1714270 621
1714280 621
1714290 620
1714300 620
1714310 619
1714320 619
1714330 618
1714340 617
1714350 616
1714360 616
1714370 615
1714380 614
1714390 613
1714400 612
1714410 611
1714420 610
1714430 609
1714440 609
1714450 609
1714460 609
1714470 609
1714480 609
1714490 609
1714500 609
1714510 609
1714520 609
1714530 609
1714540 609
1714550 609
1714560 609
1714570 609
1714580 610
1714590 612
1714600 614
1714610 616
1714620 618
1714630 620
1714640 621
1714650 620
1714660 620
1714670 620
1714680 620
1714690 620
1714700 619
1714710 619
1714720 619
1714730 619
1714740 618
1714750 618
1714760 618
1714770 617
1714780 617
1714790 617
1714800 617
1714810 616
1714820 616
1714830 616
1714840 616
1714850 616
1714860 616
1714870 615
1714880 615
1714890 615
1714900 615
1714910 615
1714920 615
1714930 615
1714940 615
1714950 615
1714960 614
1714970 614
1714980 614
1714990 614
1715000 614
1715010 614
1715020 614
1715030 613
1715040 613
1715050 613
1715060 613
1715070 613
1715080 614
1715090 614
1715100 614
1715110 614
1715120 614
1715130 614
1715140 614
1715150 614
1715160 614
1715170 614
1715180 614
1715190 615
1715200 615
1715210 615
1715220 615
1715230 615
1715240 616
1715250 616
1715260 616
1715270 616
1715280 617
1715290 617
1715300 617
1715310 617
1715320 617
1715330 618
1715340 618
1715350 618
1715360 618
1715370 619
1715380 619
1715390 619
1715400 619
1715410 619
1715420 620
1715430 620
1715440 620
1715450 620
1715460 620
1715470 620
1715480 620
1715490 620
1715500 619
1715510 618
1715520 618
1715530 617
1715540 616
1715550 616
1715560 615
1715570 614
1715580 614
1715590 613
1715600 612
1715610 611
1715620 611
1715630 610
1715640 609
1715650 608
1715660 608
1715670 607
1715680 606
1715690 606
1715700 605
1715710 604
1715720 604
1715730 603
1715740 602
1715750 602
1715760 601
1715770 601
1715780 600
1715790 600
1715800 599
1715810 598
1715820 598
1715830 597
1715840 596
1715850 596
1715860 595
1715870 595
1715880 594
1715890 594
1715900 593
1715910 592
1715920 592
1715930 591
1715940 591
1715950 590
1715960 590
1715970 589
1715980 589
1715990 589
1716000 588
1716010 588
1716020 587
1716030 587
1716040 586
1716050 586
1716060 586
1716070 585
1716080 585
1716090 584
1716100 584
1716110 584
1716120 584
1716130 583
1716140 582
1716150 582
1716160 581
1716170 581
1716180 581
1716190 580
1716200 580
1716210 580
1716220 580
1716230 579
1716240 579
1716250 579
1716260 579
1716270 579
1716280 579
1716290 579
1716300 579
1716310 578
1716320 578
1716330 577
1716340 577
1716350 577
1716360 577
1716370 577
1716380 577
1716390 577
1716400 577
1716410 577
1716420 577
1716430 577
1716440 577
1716450 577
1716460 576
1716470 576
1716480 576
1716490 576
1716500 576
1716510 576
1716520 576
1716530 575
1716540 575
1716550 575
1716560 575
1716570 575
1716580 575
1716590 575
1716600 574
1716610 574
1716620 574
1716630 574
1716640 574
1716650 573
1716660 573
1716670 573
1716680 573
1716690 572
1716700 571
1716710 570
1716720 569
1716730 569
1716740 568
1716750 567
1716760 566
1716770 566
1716780 565
1716790 564
1716800 564
1716810 563
1716820 562
1716830 561
1716840 561
1716850 560
1716860 559
1716870 559
1716880 559
1716890 559
1716900 559
1716910 559
1716920 558
1716930 558
1716940 559
1716950 561
1716960 564
1716970 565
1716980 567
1716990 569
1717000 570
1717010 571
1717020 571
1717030 571
1717040 571
1717050 571
1717060 572
1717070 572
1717080 572
1717090 573
1717100 573
1717110 573
1717120 574
1717130 575
1717140 577
1717150 578
1717160 579
1717170 580
1717180 581
1717190 582
1717200 583
1717210 584
1717220 584
1717230 584
1717240 585
1717250 585
1717260 586
1717270 586
1717280 587
1717290 588
1717300 589
1717310 590
1717320 591
1717330 592
1717340 594
1717350 595
1717360 596
1717370 596
1717380 597
1717390 598
1717400 598
1717410 599
1717420 599
1717430 599
1717440 599
1717450 600
1717460 600
1717470 600
1717480 600
1717490 599
1717500 599
1717510 598
1717520 598
1717530 597
1717540 597
1717550 596
1717560 596
1717570 595
1717580 595
1717590 594
1717600 593
1717610 593
1717620 592
1717630 592
1717640 591
1717650 591
1717660 590
1717670 590
1717680 589
1717690 589
1717700 589
1717710 589
1717720 588
1717730 588
1717740 588
1717750 587
1717760 587
1717770 587
1717780 586
1717790 586
1717800 585
1717810 585
1717820 584
1717830 584
1717840 584
1717850 583
1717860 583
1717870 582
1717880 582
1717890 581
1717900 581
1717910 580
1717920 580
1717930 579
1717940 579
1717950 579
1717960 578
1717970 578
1717980 577
1717990 577
1718000 577
1718010 576
1718020 576
1718030 576
1718040 575
1718050 575
1718060 574
1718070 574
1718080 574
1718090 573
1718100 573
1718110 573
1718120 573
1718130 572
1718140 572
1718150 572
1718160 571
1718170 571
1718180 570
1718190 570
1718200 570
1718210 569
1718220 569
1718230 569
1718240 568
1718250 568
1718260 568
1718270 567
1718280 567
1718290 567
1718300 567
1718310 566
1718320 566
1718330 566
1718340 566
1718350 565
1718360 565
1718370 565
1718380 564
1718390 564
1718400 564
1718410 563
1718420 563
1718430 562
1718440 562
1718450 562
1718460 561
1718470 561
1718480 560
1718490 560
1718500 560
1718510 559
1718520 559
1718530 559
1718540 559
1718550 559
1718560 559
1718570 559
1718580 559
1718590 559
1718600 559
1718610 559
1718620 559
1718630 560
1718640 560
1718650 560
1718660 561
1718670 561
1718680 561
1718690 562
1718700 562
1718710 562
1718720 563
1718730 563
1718740 564
1718750 564
1718760 564
1718770 565
1718780 565
1718790 566
1718800 566
1718810 566
1718820 567
1718830 567
1718840 567
1718850 567
1718860 567
1718870 568
1718880 568
1718890 568
1718900 568
1718910 568
1718920 568
1718930 568
1718940 569
1718950 569
1718960 569
1718970 569
1718980 569
1718990 569
1719000 569
1719010 569
1719020 569
1719030 569
1719040 570
1719050 570
1719060 570
1719070 570
1719080 571
1719090 571
1719100 571
1719110 571
1719120 571
1719130 572
1719140 572
1719150 572
1719160 572
1719170 572
1719180 572
1719190 572
1719200 572
1719210 572
1719220 573
1719230 574
1719240 575
1719250 576
1719260 577
1719270 578
1719280 579
1719290 580
1719300 580
1719310 581
1719320 582
1719330 582
1719340 583
1719350 583
1719360 584
1719370 584
1719380 585
1719390 585
1719400 585
1719410 585
1719420 585
1719430 585
1719440 585
1719450 586
1719460 586
1719470 586
1719480 587
1719490 587
1719500 588
1719510 588
1719520 589
1719530 590
1719540 590
1719550 591
1719560 591
1719570 592
1719580 592
1719590 593
1719600 594
1719610 594
1719620 595
1719630 596
1719640 597
1719650 597
1719660 597
1719670 597
1719680 597
1719690 597
1719700 597
1719710 597
1719720 597
1719730 597
1719740 596
1719750 596
1719760 596
1719770 596
1719780 596
1719790 595
1719800 595
1719810 595
1719820 595
1719830 595
1719840 595
1719850 595
1719860 595
1719870 595
1719880 595
1719890 594
1719900 594
1719910 594
1719920 594
1719930 594
1719940 594
1719950 594
1719960 593
1719970 593
1719980 593
1719990 593
