1700000 691
1700010 692
1700020 692
1700030 693
1700040 694
1700050 694
1700060 694
1700070 694
1700080 694
1700090 694
1700100 694
1700110 694
1700120 694
1700130 693
1700140 693
1700150 693
1700160 693
1700170 692
1700180 692
1700190 692
1700200 692
1700210 692
1700220 691
1700230 691
1700240 691
1700250 691
1700260 691
1700270 691
1700280 691
1700290 691
1700300 691
1700310 691
1700320 691
1700330 691
1700340 691
1700350 691
1700360 691
1700370 691
1700380 692
1700390 692
1700400 692
1700410 692
1700420 692
1700430 692
1700440 692
1700450 692
1700460 692
1700470 692
1700480 692
1700490 693
1700500 693
1700510 694
1700520 695
1700530 695
1700540 696
1700550 697
1700560 698
1700570 699
1700580 700
1700590 701
1700600 702
1700610 703
1700620 704
1700630 704
1700640 705
1700650 706
1700660 707
1700670 707
1700680 708
1700690 709
1700700 710
1700710 711
1700720 712
1700730 713
1700740 714
1700750 715
1700760 717
1700770 718
1700780 719
1700790 720
1700800 721
1700810 721
1700820 721
1700830 722
1700840 722
1700850 722
1700860 722
1700870 723
1700880 723
1700890 723
1700900 723
1700910 722
1700920 722
1700930 721
1700940 721
1700950 721
1700960 721
1700970 721
1700980 720
1700990 720
1701000 720
1701010 720
1701020 719
1701030 719
1701040 718
1701050 718
1701060 718
1701070 717
1701080 717
1701090 717
1701100 716
1701110 716
1701120 716
1701130 715
1701140 715
1701150 714
1701160 714
1701170 714
1701180 714
1701190 713
1701200 713
1701210 712
1701220 712
1701230 712
1701240 712
1701250 712
1701260 712
1701270 711
1701280 711
1701290 711
1701300 710
1701310 710
1701320 709
1701330 709
1701340 709
1701350 708
1701360 708
1701370 707
1701380 707
1701390 707
1701400 706
1701410 706
1701420 705
1701430 705
1701440 705
1701450 705
1701460 705
1701470 705
1701480 705
1701490 705
1701500 705
1701510 704
1701520 704
1701530 704
1701540 703
1701550 703
1701560 703
1701570 702
1701580 702
1701590 702
1701600 701
1701610 701
1701620 700
1701630 700
1701640 700
1701650 699
1701660 699
1701670 699
1701680 699
1701690 698
1701700 698
1701710 698
1701720 697
1701730 697
1701740 697
1701750 696
1701760 696
1701770 696
1701780 696
1701790 695
1701800 695
1701810 695
1701820 695
1701830 695
1701840 695
1701850 695
1701860 694
1701870 694
1701880 694
1701890 694
1701900 694
1701910 693
1701920 693
1701930 693
1701940 693
1701950 692
1701960 692
1701970 692
1701980 692
1701990 691
1702000 691
1702010 691
1702020 691
1702030 691
1702040 690
1702050 690
1702060 690
1702070 689
1702080 689
1702090 689
1702100 688
1702110 688
1702120 688
1702130 687
1702140 687
1702150 687
1702160 686
1702170 686
1702180 685
1702190 685
1702200 684
1702210 684
1702220 683
1702230 683
1702240 682
1702250 682
1702260 681
1702270 681
1702280 680
1702290 680
1702300 679
1702310 679
1702320 678
1702330 678
1702340 677
1702350 677
1702360 676
1702370 676
1702380 675
1702390 675
1702400 674
1702410 674
1702420 674
1702430 673
1702440 673
1702450 673
1702460 672
1702470 672
1702480 672
1702490 672
1702500 671
1702510 671
1702520 671
1702530 670
1702540 670
1702550 670
1702560 669
1702570 669
1702580 669
1702590 669
1702600 668
1702610 668
1702620 668
1702630 668
1702640 667
1702650 667
1702660 667
1702670 667
1702680 666
1702690 666
1702700 666
1702710 665
1702720 665
1702730 665
1702740 665
1702750 664
1702760 664
1702770 664
1702780 664
1702790 664
1702800 663
1702810 663
1702820 663
1702830 663
1702840 662
1702850 662
1702860 662
1702870 662
1702880 661
1702890 661
1702900 661
1702910 660
1702920 660
1702930 660
1702940 659
1702950 659
1702960 659
1702970 658
1702980 658
1702990 658
1703000 657
1703010 657
1703020 656
1703030 655
1703040 653
1703050 653
1703060 652
1703070 652
1703080 653
1703090 653
1703100 653
1703110 654
1703120 655
1703130 656
1703140 657
1703150 657
1703160 658
1703170 659
1703180 659
1703190 660
1703200 661
1703210 661
1703220 662
1703230 662
1703240 663
1703250 663
1703260 664
1703270 663
1703280 664
1703290 664
1703300 664
1703310 665
1703320 665
1703330 665
1703340 666
1703350 666
1703360 666
1703370 666
1703380 665
1703390 664
1703400 664
1703410 663
1703420 662
1703430 662
1703440 661
1703450 660
1703460 660
1703470 659
1703480 658
1703490 657
1703500 656
1703510 655
1703520 655
1703530 655
1703540 655
1703550 655
1703560 655
1703570 655
1703580 655
1703590 656
1703600 655
1703610 655
1703620 655
1703630 656
1703640 656
1703650 656
1703660 657
1703670 657
1703680 657
1703690 658
1703700 658
1703710 658
1703720 657
1703730 657
1703740 656
1703750 656
1703760 655
1703770 654
1703780 654
1703790 653
1703800 652
1703810 651
1703820 650
1703830 649
1703840 648
1703850 647
1703860 645
1703870 644
1703880 643
1703890 642
1703900 640
1703910 638
1703920 636
1703930 633
1703940 631
1703950 629
1703960 628
1703970 627
1703980 626
1703990 625
1704000 624
1704010 624
1704020 624
1704030 623
1704040 623
1704050 623
1704060 622
1704070 621
1704080 621
1704090 620
1704100 619
1704110 619
1704120 618
1704130 617
1704140 617
1704150 616
1704160 615
1704170 615
1704180 615
1704190 614
1704200 614
1704210 613
1704220 613
1704230 612
1704240 612
1704250 612
1704260 611
1704270 611
1704280 610
1704290 610
1704300 609
1704310 608
1704320 607
1704330 606
1704340 605
1704350 603
1704360 602
1704370 601
1704380 598
1704390 595
1704400 593
1704410 593
1704420 593
1704430 593
1704440 593
1704450 592
1704460 592
1704470 592
1704480 592
1704490 592
1704500 592
1704510 591
1704520 591
1704530 591
1704540 591
1704550 590
1704560 590
1704570 590
1704580 590
1704590 589
1704600 589
1704610 588
1704620 587
1704630 587
1704640 586
1704650 585
1704660 583
1704670 581
1704680 579
1704690 578
1704700 577
1704710 577
1704720 578
1704730 578
1704740 578
1704750 578
1704760 578
1704770 578
1704780 578
1704790 579
1704800 581
1704810 584
1704820 586
1704830 589
1704840 591
1704850 594
1704860 597
1704870 600
1704880 603
1704890 605
1704900 607
1704910 609
1704920 610
1704930 611
1704940 611
1704950 611
1704960 611
1704970 610
1704980 609
1704990 607
1705000 605
1705010 604
1705020 603
1705030 602
1705040 601
1705050 600
1705060 600
1705070 600
1705080 601
1705090 604
1705100 606
1705110 608
1705120 610
1705130 611
1705140 612
1705150 612
1705160 613
1705170 613
1705180 614
1705190 615
1705200 616
1705210 617
1705220 618
1705230 619
1705240 621
1705250 623
1705260 624
1705270 626
1705280 627
1705290 629
1705300 630
1705310 631
1705320 632
1705330 633
1705340 633
1705350 634
1705360 634
1705370 635
1705380 636
1705390 637
1705400 637
1705410 638
1705420 639
1705430 640
1705440 641
1705450 641
1705460 642
1705470 643
1705480 644
1705490 646
1705500 647
1705510 648
1705520 649
1705530 650
1705540 651
1705550 652
1705560 653
1705570 654
1705580 655
1705590 656
1705600 657
1705610 658
1705620 659
1705630 661
1705640 662
1705650 663
1705660 663
1705670 664
1705680 665
1705690 666
1705700 667
1705710 668
1705720 668
1705730 669
1705740 670
1705750 671
1705760 672
1705770 673
1705780 674
1705790 675
1705800 676
1705810 677
1705820 678
1705830 678
1705840 679
1705850 680
1705860 681
1705870 681
1705880 682
1705890 682
1705900 683
1705910 684
1705920 685
1705930 686
1705940 686
1705950 687
1705960 688
1705970 689
1705980 690
1705990 691
1706000 692
1706010 693
1706020 694
1706030 695
1706040 696
1706050 696
1706060 697
1706070 698
1706080 698
1706090 699
1706100 699
1706110 700
1706120 701
1706130 702
1706140 702
1706150 702
1706160 703
1706170 703
1706180 703
1706190 703
1706200 703
1706210 703
1706220 703
1706230 702
1706240 702
1706250 701
1706260 701
1706270 700
1706280 700
1706290 699
1706300 699
1706310 698
1706320 697
1706330 697
1706340 696
1706350 696
1706360 695
1706370 694
1706380 693
1706390 693
1706400 692
1706410 692
1706420 691
1706430 690
1706440 689
1706450 688
1706460 688
1706470 687
1706480 686
1706490 685
1706500 684
1706510 683
1706520 682
1706530 681
1706540 679
1706550 678
1706560 677
1706570 676
1706580 675
1706590 674
1706600 672
1706610 671
1706620 670
1706630 668
1706640 666
1706650 665
1706660 663
1706670 661
1706680 660
1706690 658
1706700 656
1706710 655
1706720 654
1706730 653
1706740 652
1706750 651
1706760 650
1706770 649
1706780 647
1706790 646
1706800 645
1706810 644
1706820 643
1706830 643
1706840 642
1706850 642
1706860 643
1706870 644
1706880 645
1706890 646
1706900 648
1706910 649
1706920 651
1706930 653
1706940 655
1706950 657
1706960 660
1706970 662
1706980 665
1706990 668
1707000 670
1707010 671
1707020 673
1707030 674
1707040 675
1707050 676
1707060 677
1707070 678
1707080 678
1707090 678
1707100 678
1707110 677
1707120 677
1707130 676
1707140 676
1707150 675
1707160 674
1707170 673
1707180 673
1707190 672
1707200 671
1707210 670
1707220 669
1707230 668
1707240 668
1707250 667
1707260 666
1707270 666
1707280 665
1707290 665
1707300 664
1707310 663
1707320 664
1707330 664
1707340 664
1707350 665
1707360 665
1707370 665
1707380 666
1707390 666
1707400 666
1707410 667
1707420 667
1707430 667
1707440 668
1707450 668
1707460 669
1707470 669
1707480 670
1707490 670
1707500 670
1707510 671
1707520 671
1707530 672
1707540 672
1707550 673
1707560 673
1707570 674
1707580 674
1707590 675
1707600 675
1707610 676
1707620 676
1707630 677
1707640 677
1707650 678
1707660 678
1707670 679
1707680 679
1707690 680
1707700 680
1707710 680
1707720 681
1707730 681
1707740 682
1707750 682
1707760 683
1707770 683
1707780 683
1707790 684
1707800 684
1707810 684
1707820 684
1707830 684
1707840 684
1707850 684
1707860 684
1707870 684
1707880 683
1707890 683
1707900 683
1707910 682
1707920 682
1707930 681
1707940 681
1707950 680
1707960 680
1707970 679
1707980 678
1707990 678
1708000 677
1708010 677
1708020 676
1708030 676
1708040 675
1708050 675
1708060 674
1708070 673
1708080 673
1708090 672
1708100 671
1708110 671
1708120 670
1708130 669
1708140 668
1708150 668
1708160 667
1708170 666
1708180 665
1708190 664
1708200 664
1708210 663
1708220 662
1708230 661
1708240 661
1708250 660
1708260 659
1708270 659
1708280 658
1708290 657
1708300 656
1708310 655
1708320 655
1708330 654
1708340 653
1708350 652
1708360 652
1708370 651
1708380 650
1708390 650
1708400 648
1708410 647
1708420 646
1708430 645
1708440 644
1708450 644
1708460 643
1708470 642
1708480 642
1708490 642
1708500 642
1708510 642
1708520 642
1708530 642
1708540 642
1708550 642
1708560 642
1708570 643
1708580 643
1708590 643
1708600 643
1708610 643
1708620 643
1708630 643
1708640 643
1708650 643
1708660 643
1708670 643
1708680 643
1708690 643
1708700 643
1708710 644
1708720 644
1708730 643
1708740 643
1708750 643
1708760 643
1708770 643
1708780 643
1708790 643
1708800 643
1708810 643
1708820 643
1708830 643
1708840 643
1708850 644
1708860 644
1708870 644
1708880 644
1708890 644
1708900 643
1708910 643
1708920 643
1708930 642
1708940 642
1708950 642
1708960 641
1708970 641
1708980 640
1708990 640
1709000 640
1709010 639
1709020 639
1709030 639
1709040 638
1709050 638
1709060 638
1709070 637
1709080 637
1709090 637
1709100 636
1709110 636
1709120 635
1709130 635
1709140 635
1709150 634
1709160 634
1709170 633
1709180 633
1709190 633
1709200 632
1709210 632
1709220 632
1709230 631
1709240 631
1709250 631
1709260 630
1709270 630
1709280 630
1709290 629
1709300 629
1709310 628
1709320 628
1709330 628
1709340 627
1709350 627
1709360 626
1709370 626
1709380 626
1709390 625
1709400 625
1709410 624
1709420 624
1709430 623
1709440 623
1709450 623
1709460 622
1709470 622
1709480 621
1709490 621
1709500 620
1709510 620
1709520 619
1709530 618
1709540 618
1709550 617
1709560 616
1709570 616
1709580 615
1709590 615
1709600 614
1709610 614
1709620 613
1709630 613
1709640 612
1709650 611
1709660 610
1709670 610
1709680 609
1709690 608
1709700 607
1709710 606
1709720 606
1709730 606
1709740 606
1709750 605
1709760 605
1709770 605
1709780 605
1709790 605
1709800 606
1709810 606
1709820 608
1709830 610
1709840 613
1709850 615
1709860 618
1709870 620
1709880 622
1709890 623
1709900 623
1709910 624
1709920 624
1709930 625
1709940 625
1709950 625
1709960 626
1709970 626
1709980 626
1709990 626
1710000 627
1710010 627
1710020 627
1710030 627
1710040 627
1710050 627
1710060 627
1710070 627
1710080 627
1710090 627
1710100 627
1710110 627
1710120 627
1710130 627
1710140 627
1710150 627
1710160 627
1710170 627
1710180 627
1710190 627
1710200 627
1710210 627
1710220 627
1710230 627
1710240 627
1710250 627
1710260 627
1710270 627
1710280 627
1710290 627
1710300 627
1710310 627
1710320 627
1710330 627
1710340 627
1710350 627
1710360 628
1710370 628
1710380 628
1710390 628
1710400 628
1710410 628
1710420 628
1710430 629
1710440 629
1710450 629
1710460 629
1710470 629
1710480 629
1710490 629
1710500 629
1710510 629
1710520 629
1710530 629
1710540 630
1710550 630
1710560 630
1710570 630
1710580 630
1710590 630
1710600 630
1710610 630
1710620 631
1710630 631
1710640 630
1710650 630
1710660 630
1710670 630
1710680 630
1710690 630
1710700 629
1710710 629
1710720 629
1710730 629
1710740 630
1710750 631
1710760 634
1710770 636
1710780 637
1710790 638
1710800 638
1710810 639
1710820 639
1710830 639
1710840 640
1710850 640
1710860 640
1710870 641
1710880 641
1710890 642
1710900 642
1710910 642
1710920 643
1710930 643
1710940 644
1710950 645
1710960 645
1710970 646
1710980 646
1710990 647
1711000 647
1711010 648
1711020 649
1711030 649
1711040 649
1711050 650
1711060 650
1711070 650
1711080 650
1711090 650
1711100 650
1711110 650
1711120 650
1711130 651
1711140 651
1711150 651
1711160 651
1711170 652
1711180 652
1711190 652
1711200 653
1711210 653
1711220 654
1711230 654
1711240 655
1711250 655
1711260 655
1711270 656
1711280 656
1711290 656
1711300 657
1711310 657
1711320 658
1711330 658
1711340 658
1711350 659
1711360 659
1711370 660
1711380 660
1711390 661
1711400 661
1711410 661
1711420 662
1711430 662
1711440 662
1711450 662
1711460 662
1711470 662
1711480 662
1711490 663
1711500 663
1711510 663
1711520 663
1711530 664
1711540 664
1711550 664
1711560 665
1711570 665
1711580 665
1711590 665
1711600 666
1711610 666
1711620 666
1711630 666
1711640 667
1711650 667
1711660 667
1711670 667
1711680 667
1711690 668
1711700 668
1711710 668
1711720 668
1711730 669
1711740 669
1711750 670
1711760 670
1711770 670
1711780 670
1711790 670
1711800 671
1711810 671
1711820 671
1711830 671
1711840 671
1711850 671
1711860 671
1711870 672
1711880 672
1711890 672
1711900 672
1711910 672
1711920 672
1711930 672
1711940 672
1711950 673
1711960 673
1711970 673
1711980 673
1711990 673
1712000 673
1712010 673
1712020 674
1712030 674
1712040 674
1712050 674
1712060 674
1712070 674
1712080 674
1712090 674
1712100 675
1712110 675
1712120 675
1712130 675
1712140 675
1712150 675
1712160 675
1712170 675
1712180 675
1712190 676
1712200 676
1712210 676
1712220 676
1712230 676
1712240 676
1712250 676
1712260 676
1712270 676
1712280 676
1712290 677
1712300 677
1712310 677
1712320 677
1712330 677
1712340 677
1712350 677
1712360 677
1712370 677
1712380 678
1712390 678
1712400 678
1712410 678
1712420 678
1712430 678
1712440 678
1712450 679
1712460 679
1712470 679
1712480 679
1712490 679
1712500 680
1712510 680
1712520 680
1712530 680
1712540 681
1712550 681
1712560 681
1712570 682
1712580 682
1712590 682
1712600 682
1712610 682
1712620 683
1712630 683
1712640 683
1712650 683
1712660 683
1712670 684
1712680 684
1712690 684
1712700 684
1712710 684
1712720 684
1712730 685
1712740 685
1712750 685
1712760 684
1712770 684
1712780 684
1712790 683
1712800 683
1712810 682
1712820 682
1712830 682
1712840 681
1712850 681
1712860 681
1712870 680
1712880 680
1712890 679
1712900 679
1712910 678
1712920 678
1712930 678
1712940 678
1712950 677
1712960 677
1712970 677
1712980 676
1712990 676
1713000 675
1713010 675
1713020 675
1713030 675
1713040 674
1713050 674
1713060 674
1713070 673
1713080 673
1713090 673
1713100 672
1713110 672
1713120 672
1713130 671
1713140 671
1713150 670
1713160 670
1713170 670
1713180 669
1713190 669
1713200 669
1713210 668
1713220 668
1713230 668
1713240 667
1713250 667
1713260 666
1713270 666
1713280 665
1713290 665
1713300 664
1713310 664
1713320 664
1713330 664
1713340 663
1713350 663
1713360 663
1713370 662
1713380 662
1713390 662
1713400 661
1713410 661
1713420 661
1713430 661
1713440 660
1713450 660
1713460 660
1713470 659
1713480 659
1713490 658
1713500 658
1713510 658
1713520 657
1713530 657
1713540 657
1713550 657
1713560 656
1713570 656
1713580 656
1713590 655
1713600 655
1713610 655
1713620 654
1713630 654
1713640 653
1713650 653
1713660 652
1713670 652
1713680 651
1713690 651
1713700 650
1713710 650
1713720 650
1713730 649
1713740 649
1713750 648
1713760 648
1713770 647
1713780 647
1713790 646
1713800 646
1713810 646
1713820 645
1713830 645
1713840 644
1713850 644
1713860 644
1713870 643
1713880 643
1713890 642
1713900 642
1713910 641
1713920 641
1713930 641
1713940 640
1713950 640
1713960 639
1713970 639
1713980 639
1713990 638
1714000 638
1714010 637
1714020 637
1714030 637
1714040 636
1714050 636
1714060 635
1714070 635
1714080 635
1714090 634
1714100 634
1714110 633
1714120 633
1714130 632
1714140 632
1714150 631
1714160 631
1714170 631
1714180 630
1714190 630
1714200 629
1714210 629
1714220 628
1714230 628
1714240 627
1714250 627
1714260 626
1714270 626
1714280 625
1714290 625
1714300 624
1714310 624
1714320 623
1714330 623
1714340 622
1714350 622
1714360 621
1714370 620
1714380 620
1714390 619
1714400 619
1714410 618
1714420 618
1714430 617
1714440 616
1714450 616
1714460 615
1714470 615
1714480 614
1714490 614
1714500 613
1714510 612
1714520 612
1714530 611
1714540 611
1714550 610
1714560 610
1714570 609
1714580 609
1714590 608
1714600 608
1714610 607
1714620 607
1714630 607
1714640 606
1714650 606
1714660 605
1714670 605
1714680 604
1714690 604
1714700 604
1714710 604
1714720 604
1714730 603
1714740 603
1714750 602
1714760 602
1714770 601
1714780 600
1714790 599
1714800 598
1714810 597
1714820 597
1714830 596
1714840 596
1714850 596
1714860 596
1714870 596
1714880 596
1714890 596
1714900 596
1714910 598
1714920 599
1714930 600
1714940 601
1714950 602
1714960 603
1714970 604
1714980 604
1714990 605
1715000 605
1715010 606
1715020 607
1715030 608
1715040 608
1715050 609
1715060 610
1715070 610
1715080 610
1715090 611
1715100 611
1715110 612
1715120 613
1715130 613
1715140 614
1715150 614
1715160 615
1715170 616
1715180 616
1715190 617
1715200 617
1715210 618
1715220 619
1715230 619
1715240 620
1715250 620
1715260 621
1715270 621
1715280 622
1715290 622
1715300 623
1715310 623
1715320 624
1715330 624
1715340 625
1715350 625
1715360 626
1715370 626
1715380 626
1715390 627
1715400 627
1715410 627
1715420 627
1715430 628
1715440 628
1715450 628
1715460 628
1715470 629
1715480 629
1715490 629
1715500 629
1715510 629
1715520 629
1715530 629
1715540 629
1715550 629
1715560 629
1715570 629
1715580 629
1715590 628
1715600 628
1715610 628
1715620 628
1715630 628
1715640 628
1715650 628
1715660 628
1715670 627
1715680 627
1715690 626
1715700 626
1715710 625
1715720 625
1715730 625
1715740 624
1715750 624
1715760 623
1715770 623
1715780 622
1715790 621
1715800 621
1715810 620
1715820 620
1715830 619
1715840 618
1715850 618
1715860 617
1715870 616
1715880 615
1715890 614
1715900 614
1715910 613
1715920 612
1715930 611
1715940 611
1715950 610
1715960 610
1715970 609
1715980 609
1715990 608
1716000 608
1716010 607
1716020 607
1716030 606
1716040 605
1716050 605
1716060 604
1716070 604
1716080 603
1716090 603
1716100 602
1716110 601
1716120 601
1716130 600
1716140 600
1716150 599
1716160 599
1716170 598
1716180 598
1716190 597
1716200 596
1716210 596
1716220 595
1716230 594
1716240 593
1716250 593
1716260 592
1716270 591
1716280 590
1716290 589
1716300 589
1716310 588
1716320 587
1716330 586
1716340 586
1716350 586
1716360 585
1716370 585
1716380 584
1716390 583
1716400 583
1716410 583
1716420 582
1716430 581
1716440 581
1716450 581
1716460 580
1716470 579
1716480 578
1716490 578
1716500 577
1716510 576
1716520 576
1716530 576
1716540 576
1716550 575
1716560 574
1716570 574
1716580 573
1716590 573
1716600 573
1716610 572
1716620 571
1716630 571
1716640 570
1716650 570
1716660 570
1716670 569
1716680 569
1716690 568
1716700 568
1716710 568
1716720 567
1716730 567
1716740 567
1716750 566
1716760 566
1716770 566
1716780 565
1716790 565
1716800 565
1716810 565
1716820 565
1716830 565
1716840 565
1716850 565
1716860 565
1716870 564
1716880 564
1716890 564
1716900 564
1716910 564
1716920 564
1716930 564
1716940 563
1716950 563
1716960 563
1716970 563
1716980 563
1716990 563
1717000 563
1717010 563
1717020 563
1717030 563
1717040 562
1717050 562
1717060 562
1717070 562
1717080 562
1717090 562
1717100 562
1717110 562
1717120 562
1717130 563
1717140 563
1717150 563
1717160 563
1717170 563
1717180 563
1717190 563
1717200 562
1717210 562
1717220 562
1717230 562
1717240 562
1717250 562
1717260 561
1717270 561
1717280 561
1717290 561
1717300 561
1717310 560
1717320 560
1717330 560
1717340 559
1717350 559
1717360 558
1717370 557
1717380 557
1717390 556
1717400 556
1717410 556
1717420 556
1717430 555
1717440 554
1717450 552
1717460 551
1717470 550
1717480 549
1717490 549
1717500 549
1717510 549
1717520 549
1717530 549
1717540 549
1717550 550
1717560 550
1717570 550
1717580 550
1717590 551
1717600 552
1717610 554
1717620 556
1717630 558
1717640 561
1717650 563
1717660 566
1717670 568
1717680 568
1717690 568
1717700 568
1717710 567
1717720 566
1717730 566
1717740 565
1717750 564
1717760 564
1717770 563
1717780 563
1717790 562
1717800 561
1717810 561
1717820 560
1717830 560
1717840 560
1717850 559
1717860 559
1717870 559
1717880 558
1717890 558
1717900 558
1717910 557
1717920 557
1717930 557
1717940 556
1717950 556
1717960 556
1717970 555
1717980 555
1717990 554
1718000 554
1718010 554
1718020 553
1718030 552
1718040 552
1718050 551
1718060 550
1718070 550
1718080 550
1718090 550
1718100 550
1718110 551
1718120 551
1718130 551
1718140 551
1718150 551
1718160 552
1718170 552
1718180 553
1718190 554
1718200 554
1718210 555
1718220 556
1718230 557
1718240 558
1718250 558
1718260 559
1718270 559
1718280 560
1718290 560
1718300 560
1718310 561
1718320 561
1718330 561
1718340 562
1718350 562
1718360 563
1718370 563
1718380 564
1718390 564
1718400 564
1718410 565
1718420 565
1718430 565
1718440 565
1718450 566
1718460 566
1718470 566
1718480 567
1718490 567
1718500 568
1718510 569
1718520 569
1718530 569
1718540 570
1718550 571
1718560 571
1718570 572
1718580 572
1718590 573
1718600 573
1718610 573
1718620 574
1718630 574
1718640 575
1718650 575
1718660 576
1718670 576
1718680 576
1718690 577
1718700 577
1718710 577
1718720 578
1718730 578
1718740 578
1718750 579
1718760 579
1718770 579
1718780 579
1718790 580
1718800 580
1718810 580
1718820 580
1718830 581
1718840 581
1718850 581
1718860 581
1718870 582
1718880 582
1718890 582
1718900 583
1718910 583
1718920 583
1718930 584
1718940 584
1718950 584
1718960 585
1718970 585
1718980 586
1718990 586
1719000 586
1719010 586
1719020 587
1719030 587
1719040 587
1719050 587
1719060 587
1719070 587
1719080 587
1719090 588
1719100 588
1719110 588
1719120 588
1719130 588
1719140 588
1719150 588
1719160 589
1719170 589
1719180 589
1719190 589
1719200 589
1719210 589
1719220 589
1719230 590
1719240 590
1719250 590
1719260 590
1719270 590
1719280 590
1719290 590
1719300 590
1719310 590
1719320 590
1719330 590
1719340 590
1719350 590
1719360 590
1719370 590
1719380 590
1719390 590
1719400 590
1719410 590
1719420 590
1719430 590
1719440 590
1719450 590
1719460 590
1719470 590
1719480 590
1719490 590
1719500 590
1719510 589
1719520 589
1719530 589
1719540 589
1719550 589
1719560 589
1719570 589
1719580 590
1719590 590
1719600 590
1719610 590
1719620 590
1719630 590
1719640 591
1719650 591
1719660 591
1719670 591
1719680 591
1719690 591
1719700 592
1719710 592
1719720 592
1719730 592
1719740 592
1719750 592
1719760 592
1719770 593
1719780 593
1719790 593
1719800 593
1719810 593
1719820 593
1719830 594
1719840 594
1719850 594
1719860 594
1719870 594
1719880 595
1719890 595
1719900 595
1719910 595
1719920 595
1719930 595
1719940 595
1719950 595
1719960 596
1719970 596
1719980 596
1719990 596
