1700000 657
1700010 657
1700020 656
1700030 656
1700040 656
1700050 656
1700060 656
1700070 656
1700080 656
1700090 656
1700100 656
1700110 656
1700120 656
1700130 656
1700140 656
1700150 656
1700160 656
1700170 656
1700180 655
1700190 654
1700200 652
1700210 650
1700220 649
1700230 649
1700240 648
1700250 647
1700260 647
1700270 647
1700280 647
1700290 647
1700300 647
1700310 646
1700320 647
1700330 647
1700340 647
1700350 647
1700360 647
1700370 648
1700380 650
1700390 652
1700400 654
1700410 655
1700420 655
1700430 656
1700440 657
1700450 658
1700460 659
1700470 659
1700480 659
1700490 660
1700500 660
1700510 661
1700520 661
1700530 662
1700540 663
1700550 664
1700560 665
1700570 666
1700580 667
1700590 668
1700600 669
1700610 670
1700620 671
1700630 672
1700640 673
1700650 674
1700660 674
1700670 675
1700680 675
1700690 676
1700700 677
1700710 677
1700720 678
1700730 679
1700740 679
1700750 679
1700760 680
1700770 681
1700780 681
1700790 682
1700800 682
1700810 683
1700820 684
1700830 684
1700840 685
1700850 685
1700860 685
1700870 686
1700880 686
1700890 686
1700900 686
1700910 686
1700920 687
1700930 687
1700940 687
1700950 687
1700960 687
1700970 688
1700980 688
1700990 688
1701000 687
1701010 687
1701020 688
1701030 688
1701040 688
1701050 688
1701060 688
1701070 689
1701080 689
1701090 689
1701100 689
1701110 689
1701120 689
1701130 689
1701140 689
1701150 689
1701160 688
1701170 688
1701180 688
1701190 688
1701200 688
1701210 688
1701220 688
1701230 688
1701240 688
1701250 687
1701260 687
1701270 687
1701280 687
1701290 687
1701300 687
1701310 687
1701320 687
1701330 686
1701340 686
1701350 686
1701360 686
1701370 686
1701380 686
1701390 686
1701400 686
1701410 685
1701420 685
1701430 685
1701440 685
1701450 685
1701460 685
1701470 685
1701480 686
1701490 686
1701500 686
1701510 686
1701520 686
1701530 686
1701540 686
1701550 686
1701560 686
1701570 686
1701580 686
1701590 686
1701600 686
1701610 686
1701620 686
1701630 686
1701640 686
1701650 686
1701660 686
1701670 685
1701680 685
1701690 685
1701700 684
1701710 684
1701720 684
1701730 683
1701740 683
1701750 682
1701760 682
1701770 681
1701780 681
1701790 680
1701800 680
1701810 680
1701820 680
1701830 681
1701840 681
1701850 681
1701860 681
1701870 682
1701880 682
1701890 682
1701900 683
1701910 683
1701920 684
1701930 684
1701940 685
1701950 685
1701960 686
1701970 686
1701980 687
1701990 687
1702000 688
1702010 688
1702020 688
1702030 689
1702040 689
1702050 689
1702060 689
1702070 689
1702080 689
1702090 689
1702100 689
1702110 689
1702120 689
1702130 689
1702140 688
1702150 688
1702160 688
1702170 687
1702180 687
1702190 686
1702200 686
1702210 685
1702220 684
1702230 684
1702240 683
1702250 682
1702260 681
1702270 681
1702280 680
1702290 679
1702300 678
1702310 678
1702320 677
1702330 676
1702340 675
1702350 674
1702360 673
1702370 673
1702380 672
1702390 671
1702400 670
1702410 669
1702420 668
1702430 667
1702440 666
1702450 665
1702460 664
1702470 664
1702480 663
1702490 662
1702500 661
1702510 660
1702520 659
1702530 658
1702540 657
1702550 656
1702560 655
1702570 654
1702580 654
1702590 653
1702600 652
1702610 652
1702620 651
1702630 651
1702640 650
1702650 650
1702660 650
1702670 650
1702680 650
1702690 650
1702700 650
1702710 650
1702720 649
1702730 649
1702740 649
1702750 649
1702760 649
1702770 649
1702780 649
1702790 649
1702800 649
1702810 650
1702820 650
1702830 650
1702840 650
1702850 650
1702860 650
1702870 650
1702880 650
1702890 650
1702900 650
1702910 650
1702920 650
1702930 650
1702940 650
1702950 650
1702960 649
1702970 649
1702980 649
1702990 648
1703000 648
1703010 648
1703020 648
1703030 647
1703040 647
1703050 647
1703060 647
1703070 647
1703080 646
1703090 645
1703100 644
1703110 643
1703120 644
1703130 645
1703140 646
1703150 647
1703160 648
1703170 648
1703180 648
1703190 648
1703200 648
1703210 648
1703220 648
1703230 648
1703240 648
1703250 648
1703260 648
1703270 648
1703280 648
1703290 648
1703300 648
1703310 648
1703320 648
1703330 648
1703340 647
1703350 647
1703360 647
1703370 647
1703380 646
1703390 646
1703400 646
1703410 645
1703420 645
1703430 644
1703440 644
1703450 644
1703460 643
1703470 643
1703480 643
1703490 642
1703500 642
1703510 641
1703520 640
1703530 640
1703540 639
1703550 638
1703560 637
1703570 636
1703580 634
1703590 633
1703600 632
1703610 630
1703620 629
1703630 629
1703640 629
1703650 628
1703660 628
1703670 627
1703680 627
1703690 626
1703700 626
1703710 626
1703720 625
1703730 625
1703740 624
1703750 624
1703760 623
1703770 623
1703780 622
1703790 621
1703800 621
1703810 621
1703820 620
1703830 619
1703840 618
1703850 616
1703860 614
1703870 612
1703880 610
1703890 608
1703900 606
1703910 604
1703920 603
1703930 602
1703940 601
1703950 600
1703960 600
1703970 599
1703980 599
1703990 598
1704000 597
1704010 596
1704020 596
1704030 595
1704040 595
1704050 594
1704060 594
1704070 593
1704080 593
1704090 593
1704100 592
1704110 590
1704120 589
1704130 589
1704140 588
1704150 587
1704160 585
1704170 584
1704180 583
1704190 583
1704200 583
1704210 582
1704220 582
1704230 582
1704240 583
1704250 583
1704260 583
1704270 583
1704280 582
1704290 582
1704300 585
1704310 587
1704320 588
1704330 589
1704340 589
1704350 589
1704360 589
1704370 589
1704380 589
1704390 589
1704400 589
1704410 589
1704420 589
1704430 589
1704440 589
1704450 589
1704460 589
1704470 589
1704480 589
1704490 588
1704500 588
1704510 587
1704520 586
1704530 588
1704540 588
1704550 589
1704560 590
1704570 590
1704580 591
1704590 592
1704600 592
1704610 593
1704620 593
1704630 594
1704640 594
1704650 594
1704660 595
1704670 595
1704680 596
1704690 597
1704700 598
1704710 599
1704720 600
1704730 601
1704740 602
1704750 603
1704760 604
1704770 605
1704780 606
1704790 606
1704800 607
1704810 608
1704820 608
1704830 609
1704840 610
1704850 610
1704860 611
1704870 612
1704880 612
1704890 613
1704900 614
1704910 615
1704920 615
1704930 616
1704940 617
1704950 617
1704960 618
1704970 618
1704980 619
1704990 620
1705000 620
1705010 620
1705020 620
1705030 620
1705040 620
1705050 620
1705060 619
1705070 617
1705080 616
1705090 616
1705100 616
1705110 616
1705120 617
1705130 620
1705140 623
1705150 626
1705160 628
1705170 630
1705180 631
1705190 632
1705200 634
1705210 635
1705220 636
1705230 638
1705240 639
1705250 640
1705260 641
1705270 643
1705280 644
1705290 645
1705300 646
1705310 647
1705320 649
1705330 650
1705340 651
1705350 653
1705360 654
1705370 655
1705380 657
1705390 658
1705400 659
1705410 661
1705420 663
1705430 665
1705440 666
1705450 668
1705460 669
1705470 671
1705480 673
1705490 674
1705500 676
1705510 678
1705520 679
1705530 680
1705540 682
1705550 683
1705560 684
1705570 685
1705580 686
1705590 686
1705600 686
1705610 686
1705620 686
1705630 686
1705640 686
1705650 686
1705660 686
1705670 686
1705680 686
1705690 686
1705700 686
1705710 686
1705720 686
1705730 686
1705740 686
1705750 686
1705760 686
1705770 686
1705780 687
1705790 687
1705800 687
1705810 688
1705820 689
1705830 690
1705840 690
1705850 690
1705860 691
1705870 691
1705880 692
1705890 692
1705900 693
1705910 694
1705920 695
1705930 695
1705940 696
1705950 697
1705960 698
1705970 699
1705980 700
1705990 700
1706000 701
1706010 702
1706020 704
1706030 705
1706040 706
1706050 708
1706060 709
1706070 709
1706080 710
1706090 711
1706100 713
1706110 714
1706120 715
1706130 717
1706140 718
1706150 720
1706160 721
1706170 721
1706180 722
1706190 722
1706200 722
1706210 722
1706220 722
1706230 722
1706240 721
1706250 721
1706260 720
1706270 719
1706280 719
1706290 718
1706300 717
1706310 716
1706320 715
1706330 714
1706340 713
1706350 713
1706360 712
1706370 711
1706380 710
1706390 709
1706400 708
1706410 707
1706420 707
1706430 705
1706440 704
1706450 703
1706460 702
1706470 702
1706480 701
1706490 700
1706500 699
1706510 698
1706520 697
1706530 696
1706540 695
1706550 694
1706560 691
1706570 688
1706580 686
1706590 685
1706600 684
1706610 683
1706620 682
1706630 681
1706640 679
1706650 678
1706660 677
1706670 677
1706680 675
1706690 673
1706700 671
1706710 670
1706720 668
1706730 666
1706740 664
1706750 662
1706760 661
1706770 660
1706780 659
1706790 658
1706800 657
1706810 656
1706820 655
1706830 654
1706840 653
1706850 650
1706860 649
1706870 649
1706880 650
1706890 651
1706900 651
1706910 651
1706920 652
1706930 652
1706940 654
1706950 655
1706960 656
1706970 658
1706980 660
1706990 662
1707000 664
1707010 666
1707020 668
1707030 669
1707040 670
1707050 672
1707060 673
1707070 674
1707080 675
1707090 676
1707100 676
1707110 676
1707120 676
1707130 677
1707140 677
1707150 677
1707160 677
1707170 677
1707180 677
1707190 677
1707200 677
1707210 677
1707220 677
1707230 677
1707240 677
1707250 677
1707260 676
1707270 676
1707280 676
1707290 675
1707300 675
1707310 674
1707320 674
1707330 673
1707340 673
1707350 673
1707360 673
1707370 672
1707380 672
1707390 672
1707400 672
1707410 671
1707420 671
1707430 671
1707440 671
1707450 671
1707460 671
1707470 671
1707480 671
1707490 671
1707500 671
1707510 671
1707520 672
1707530 672
1707540 672
1707550 672
1707560 672
1707570 672
1707580 673
1707590 673
1707600 673
1707610 673
1707620 673
1707630 673
1707640 673
1707650 674
1707660 674
1707670 674
1707680 674
1707690 674
1707700 674
1707710 674
1707720 674
1707730 674
1707740 674
1707750 674
1707760 674
1707770 674
1707780 674
1707790 674
1707800 674
1707810 674
1707820 674
1707830 674
1707840 674
1707850 674
1707860 673
1707870 673
1707880 673
1707890 673
1707900 673
1707910 673
1707920 672
1707930 672
1707940 672
1707950 672
1707960 671
1707970 671
1707980 671
1707990 670
1708000 670
1708010 670
1708020 669
1708030 669
1708040 668
1708050 668
1708060 667
1708070 667
1708080 666
1708090 666
1708100 665
1708110 665
1708120 664
1708130 664
1708140 663
1708150 663
1708160 662
1708170 662
1708180 661
1708190 660
1708200 660
1708210 659
1708220 659
1708230 658
1708240 658
1708250 657
1708260 657
1708270 656
1708280 656
1708290 655
1708300 655
1708310 655
1708320 654
1708330 654
1708340 653
1708350 653
1708360 652
1708370 652
1708380 652
1708390 651
1708400 651
1708410 650
1708420 650
1708430 650
1708440 650
1708450 649
1708460 649
1708470 649
1708480 649
1708490 649
1708500 649
1708510 648
1708520 648
1708530 648
1708540 648
1708550 648
1708560 648
1708570 648
1708580 647
1708590 647
1708600 647
1708610 647
1708620 647
1708630 647
1708640 646
1708650 646
1708660 646
1708670 646
1708680 646
1708690 645
1708700 645
1708710 645
1708720 645
1708730 645
1708740 644
1708750 644
1708760 644
1708770 644
1708780 644
1708790 643
1708800 643
1708810 643
1708820 643
1708830 642
1708840 642
1708850 642
1708860 641
1708870 641
1708880 641
1708890 641
1708900 640
1708910 640
1708920 640
1708930 640
1708940 639
1708950 638
1708960 638
1708970 638
1708980 638
1708990 637
1709000 637
1709010 637
1709020 636
1709030 636
1709040 635
1709050 635
1709060 634
1709070 634
1709080 634
1709090 633
1709100 633
1709110 632
1709120 632
1709130 631
1709140 631
1709150 630
1709160 629
1709170 629
1709180 628
1709190 627
1709200 627
1709210 626
1709220 625
1709230 625
1709240 624
1709250 623
1709260 623
1709270 622
1709280 622
1709290 621
1709300 621
1709310 621
1709320 620
1709330 620
1709340 619
1709350 619
1709360 619
1709370 618
1709380 618
1709390 618
1709400 617
1709410 617
1709420 617
1709430 616
1709440 616
1709450 615
1709460 615
1709470 615
1709480 614
1709490 614
1709500 614
1709510 613
1709520 613
1709530 613
1709540 613
1709550 612
1709560 612
1709570 612
1709580 611
1709590 611
1709600 611
1709610 611
1709620 610
1709630 610
1709640 610
1709650 610
1709660 610
1709670 610
1709680 610
1709690 609
1709700 609
1709710 609
1709720 608
1709730 608
1709740 608
1709750 608
1709760 608
1709770 607
1709780 607
1709790 607
1709800 607
1709810 607
1709820 607
1709830 607
1709840 607
1709850 607
1709860 607
1709870 607
1709880 607
1709890 607
1709900 607
1709910 607
1709920 607
1709930 607
1709940 607
1709950 607
1709960 607
1709970 607
1709980 608
1709990 608
1710000 609
1710010 610
1710020 611
1710030 611
1710040 611
1710050 612
1710060 612
1710070 612
1710080 612
1710090 612
1710100 612
1710110 613
1710120 613
1710130 613
1710140 613
1710150 614
1710160 614
1710170 614
1710180 615
1710190 615
1710200 615
1710210 615
1710220 615
1710230 615
1710240 615
1710250 616
1710260 616
1710270 616
1710280 616
1710290 616
1710300 616
1710310 617
1710320 617
1710330 617
1710340 617
1710350 617
1710360 617
1710370 617
1710380 617
1710390 618
1710400 618
1710410 618
1710420 619
1710430 619
1710440 620
1710450 620
1710460 621
1710470 621
1710480 622
1710490 622
1710500 623
1710510 623
1710520 623
1710530 624
1710540 624
1710550 625
1710560 625
1710570 625
1710580 626
1710590 626
1710600 626
1710610 626
1710620 627
1710630 627
1710640 627
1710650 628
1710660 628
1710670 628
1710680 629
1710690 629
1710700 629
1710710 630
1710720 630
1710730 630
1710740 631
1710750 631
1710760 632
1710770 632
1710780 632
1710790 633
1710800 633
1710810 633
1710820 633
1710830 633
1710840 634
1710850 634
1710860 634
1710870 635
1710880 635
1710890 635
1710900 636
1710910 636
1710920 636
1710930 636
1710940 637
1710950 637
1710960 638
1710970 638
1710980 638
1710990 639
1711000 639
1711010 640
1711020 640
1711030 640
1711040 641
1711050 641
1711060 642
1711070 642
1711080 642
1711090 643
1711100 643
1711110 644
1711120 644
1711130 645
1711140 646
1711150 647
1711160 648
1711170 649
1711180 650
1711190 651
1711200 652
1711210 652
1711220 653
1711230 653
1711240 653
1711250 653
1711260 652
1711270 652
1711280 652
1711290 652
1711300 652
1711310 653
1711320 653
1711330 653
1711340 653
1711350 653
1711360 653
1711370 653
1711380 653
1711390 653
1711400 653
1711410 654
1711420 654
1711430 654
1711440 654
1711450 655
1711460 655
1711470 656
1711480 656
1711490 656
1711500 656
1711510 657
1711520 657
1711530 657
1711540 657
1711550 658
1711560 658
1711570 658
1711580 658
1711590 659
1711600 659
1711610 659
1711620 660
1711630 660
1711640 660
1711650 661
1711660 661
1711670 662
1711680 662
1711690 663
1711700 663
1711710 663
1711720 664
1711730 664
1711740 664
1711750 665
1711760 665
1711770 666
1711780 666
1711790 667
1711800 667
1711810 667
1711820 668
1711830 668
1711840 668
1711850 668
1711860 668
1711870 668
1711880 669
1711890 669
1711900 669
1711910 669
1711920 670
1711930 670
1711940 670
1711950 670
1711960 671
1711970 671
1711980 671
1711990 671
1712000 671
1712010 671
1712020 671
1712030 672
1712040 672
1712050 672
1712060 672
1712070 672
1712080 672
1712090 672
1712100 672
1712110 672
1712120 672
1712130 672
1712140 672
1712150 673
1712160 673
1712170 673
1712180 673
1712190 673
1712200 673
1712210 673
1712220 673
1712230 673
1712240 673
1712250 673
1712260 673
1712270 674
1712280 674
1712290 674
1712300 674
1712310 674
1712320 674
1712330 674
1712340 674
1712350 675
1712360 675
1712370 675
1712380 674
1712390 674
1712400 674
1712410 674
1712420 674
1712430 674
1712440 674
1712450 674
1712460 673
1712470 673
1712480 673
1712490 673
1712500 673
1712510 673
1712520 673
1712530 673
1712540 673
1712550 673
1712560 673
1712570 673
1712580 673
1712590 673
1712600 673
1712610 673
1712620 673
1712630 673
1712640 673
1712650 672
1712660 672
1712670 672
1712680 672
1712690 672
1712700 672
1712710 672
1712720 672
1712730 672
1712740 671
1712750 671
1712760 671
1712770 671
1712780 671
1712790 671
1712800 671
1712810 671
1712820 670
1712830 670
1712840 670
1712850 670
1712860 670
1712870 670
1712880 670
1712890 670
1712900 669
1712910 669
1712920 669
1712930 669
1712940 669
1712950 669
1712960 669
1712970 669
1712980 669
1712990 668
1713000 668
1713010 668
1713020 668
1713030 668
1713040 668
1713050 668
1713060 668
1713070 668
1713080 668
1713090 667
1713100 667
1713110 667
1713120 667
1713130 667
1713140 667
1713150 667
1713160 667
1713170 666
1713180 666
1713190 666
1713200 666
1713210 666
1713220 666
1713230 666
1713240 666
1713250 666
1713260 665
1713270 665
1713280 665
1713290 665
1713300 664
1713310 664
1713320 664
1713330 663
1713340 663
1713350 663
1713360 663
1713370 662
1713380 662
1713390 662
1713400 661
1713410 661
1713420 661
1713430 661
1713440 660
1713450 660
1713460 660
1713470 660
1713480 659
1713490 659
1713500 658
1713510 658
1713520 658
1713530 657
1713540 657
1713550 657
1713560 656
1713570 656
1713580 655
1713590 655
1713600 655
1713610 654
1713620 654
1713630 653
1713640 653
1713650 653
1713660 652
1713670 652
1713680 651
1713690 651
1713700 650
1713710 650
1713720 650
1713730 649
1713740 649
1713750 648
1713760 648
1713770 648
1713780 647
1713790 647
1713800 646
1713810 646
1713820 645
1713830 645
1713840 645
1713850 644
1713860 644
1713870 644
1713880 643
1713890 643
1713900 643
1713910 643
1713920 642
1713930 642
1713940 642
1713950 641
1713960 641
1713970 641
1713980 640
1713990 640
1714000 640
1714010 640
1714020 639
1714030 639
1714040 639
1714050 638
1714060 638
1714070 638
1714080 638
1714090 637
1714100 637
1714110 637
1714120 636
1714130 636
1714140 635
1714150 635
1714160 634
1714170 634
1714180 633
1714190 633
1714200 632
1714210 631
1714220 631
1714230 630
1714240 629
1714250 629
1714260 628
1714270 627
1714280 627
1714290 626
1714300 626
1714310 625
1714320 624
1714330 623
1714340 623
1714350 622
1714360 622
1714370 621
1714380 621
1714390 620
1714400 620
1714410 619
1714420 619
1714430 618
1714440 618
1714450 618
1714460 617
1714470 617
1714480 616
1714490 615
1714500 614
1714510 614
1714520 613
1714530 613
1714540 612
1714550 612
1714560 612
1714570 611
1714580 611
1714590 611
1714600 610
1714610 610
1714620 610
1714630 609
1714640 609
1714650 609
1714660 609
1714670 608
1714680 608
1714690 608
1714700 608
1714710 608
1714720 607
1714730 606
1714740 605
1714750 604
1714760 602
1714770 601
1714780 601
1714790 601
1714800 601
1714810 601
1714820 601
1714830 601
1714840 601
1714850 601
1714860 601
1714870 601
1714880 601
1714890 601
1714900 601
1714910 601
1714920 601
1714930 602
1714940 603
1714950 604
1714960 605
1714970 606
1714980 607
1714990 608
1715000 608
1715010 609
1715020 609
1715030 610
1715040 610
1715050 611
1715060 611
1715070 612
1715080 613
1715090 613
1715100 614
1715110 614
1715120 615
1715130 615
1715140 616
1715150 616
1715160 617
1715170 617
1715180 618
1715190 618
1715200 619
1715210 620
1715220 620
1715230 621
1715240 622
1715250 622
1715260 623
1715270 623
1715280 624
1715290 624
1715300 624
1715310 624
1715320 625
1715330 625
1715340 625
1715350 625
1715360 625
1715370 625
1715380 625
1715390 625
1715400 625
1715410 625
1715420 625
1715430 625
1715440 625
1715450 624
1715460 624
1715470 624
1715480 624
1715490 624
1715500 624
1715510 623
1715520 624
1715530 624
1715540 623
1715550 623
1715560 623
1715570 623
1715580 622
1715590 622
1715600 621
1715610 620
1715620 620
1715630 619
1715640 619
1715650 618
1715660 617
1715670 617
1715680 616
1715690 616
1715700 615
1715710 614
1715720 613
1715730 613
1715740 612
1715750 612
1715760 611
1715770 610
1715780 609
1715790 609
1715800 608
1715810 607
1715820 606
1715830 605
1715840 604
1715850 603
1715860 603
1715870 602
1715880 601
1715890 601
1715900 600
1715910 599
1715920 599
1715930 598
1715940 598
1715950 597
1715960 597
1715970 597
1715980 596
1715990 596
1716000 596
1716010 595
1716020 595
1716030 595
1716040 595
1716050 594
1716060 594
1716070 594
1716080 594
1716090 593
1716100 593
1716110 593
1716120 593
1716130 593
1716140 593
1716150 592
1716160 592
1716170 592
1716180 592
1716190 592
1716200 591
1716210 591
1716220 591
1716230 590
1716240 590
1716250 590
1716260 590
1716270 589
1716280 589
1716290 589
1716300 589
1716310 588
1716320 588
1716330 588
1716340 588
1716350 587
1716360 587
1716370 587
1716380 587
1716390 586
1716400 586
1716410 586
1716420 586
1716430 585
1716440 585
1716450 585
1716460 585
1716470 585
1716480 584
1716490 584
1716500 584
1716510 584
1716520 583
1716530 583
1716540 583
1716550 582
1716560 582
1716570 582
1716580 581
1716590 581
1716600 581
1716610 580
1716620 580
1716630 580
1716640 579
1716650 579
1716660 578
1716670 577
1716680 577
1716690 576
1716700 576
1716710 576
1716720 576
1716730 575
1716740 575
1716750 575
1716760 574
1716770 574
1716780 574
1716790 573
1716800 573
1716810 573
1716820 573
1716830 572
1716840 572
1716850 572
1716860 571
1716870 571
1716880 571
1716890 570
1716900 570
1716910 570
1716920 569
1716930 569
1716940 569
1716950 568
1716960 568
1716970 568
1716980 567
1716990 567
1717000 567
1717010 566
1717020 566
1717030 566
1717040 565
1717050 565
1717060 564
1717070 564
1717080 564
1717090 563
1717100 563
1717110 562
1717120 562
1717130 561
1717140 561
1717150 561
1717160 560
1717170 560
1717180 559
1717190 558
1717200 557
1717210 557
1717220 556
1717230 556
1717240 556
1717250 555
1717260 555
1717270 555
1717280 555
1717290 554
1717300 554
1717310 554
1717320 554
1717330 554
1717340 553
1717350 553
1717360 553
1717370 552
1717380 552
1717390 552
1717400 552
1717410 552
1717420 552
1717430 553
1717440 553
1717450 555
1717460 558
1717470 561
1717480 564
1717490 567
1717500 569
1717510 572
1717520 574
1717530 577
1717540 579
1717550 582
1717560 584
1717570 585
1717580 585
1717590 585
1717600 585
1717610 584
1717620 584
1717630 583
1717640 583
1717650 582
1717660 582
1717670 582
1717680 582
1717690 581
1717700 581
1717710 581
1717720 581
1717730 580
1717740 580
1717750 580
1717760 580
1717770 579
1717780 579
1717790 579
1717800 579
1717810 578
1717820 578
1717830 578
1717840 577
1717850 577
1717860 577
1717870 576
1717880 576
1717890 575
1717900 575
1717910 574
1717920 574
1717930 573
1717940 572
1717950 571
1717960 570
1717970 570
1717980 569
1717990 568
1718000 568
1718010 567
1718020 566
1718030 566
1718040 565
1718050 565
1718060 564
1718070 563
1718080 562
1718090 562
1718100 561
1718110 561
1718120 560
1718130 560
1718140 559
1718150 559
1718160 559
1718170 558
1718180 558
1718190 557
1718200 557
1718210 557
1718220 556
1718230 556
1718240 555
1718250 555
1718260 555
1718270 555
1718280 555
1718290 555
1718300 555
1718310 555
1718320 555
1718330 555
1718340 556
1718350 556
1718360 556
1718370 556
1718380 556
1718390 556
1718400 557
1718410 557
1718420 557
1718430 558
1718440 558
1718450 558
1718460 559
1718470 560
1718480 561
1718490 562
1718500 563
1718510 565
1718520 565
1718530 565
1718540 564
1718550 564
1718560 565
1718570 566
1718580 567
1718590 567
1718600 567
1718610 568
1718620 568
1718630 568
1718640 569
1718650 569
1718660 571
1718670 572
1718680 574
1718690 575
1718700 576
1718710 577
1718720 578
1718730 578
1718740 579
1718750 579
1718760 579
1718770 579
1718780 580
1718790 580
1718800 580
1718810 581
1718820 581
1718830 581
1718840 582
1718850 582
1718860 582
1718870 582
1718880 582
1718890 582
1718900 582
1718910 582
1718920 582
1718930 582
1718940 582
1718950 582
1718960 582
1718970 582
1718980 582
1718990 582
1719000 582
1719010 582
1719020 582
1719030 582
1719040 582
1719050 582
1719060 582
1719070 582
1719080 582
1719090 583
1719100 583
1719110 583
1719120 583
1719130 583
1719140 583
1719150 583
1719160 583
1719170 584
1719180 584
1719190 584
1719200 584
1719210 584
1719220 584
1719230 585
1719240 585
1719250 585
1719260 585
1719270 585
1719280 585
1719290 585
1719300 585
1719310 585
1719320 585
1719330 585
1719340 585
1719350 585
1719360 584
1719370 584
1719380 584
1719390 584
1719400 584
1719410 584
1719420 584
1719430 585
1719440 585
1719450 585
1719460 585
1719470 585
1719480 585
1719490 585
1719500 585
1719510 585
1719520 585
1719530 585
1719540 585
1719550 585
1719560 585
1719570 586
1719580 586
1719590 586
1719600 586
1719610 586
1719620 587
1719630 587
1719640 587
1719650 587
1719660 587
1719670 587
1719680 588
1719690 588
1719700 588
1719710 588
1719720 588
1719730 588
1719740 589
1719750 589
1719760 589
1719770 590
1719780 590
1719790 590
1719800 590
1719810 591
1719820 591
1719830 591
1719840 591
1719850 591
1719860 591
1719870 591
1719880 591
1719890 591
1719900 591
1719910 591
1719920 591
1719930 591
1719940 592
1719950 592
1719960 592
1719970 592
1719980 592
1719990 592
