1700000 665
1700010 665
1700020 665
1700030 665
1700040 666
1700050 666
1700060 665
1700070 664
1700080 664
1700090 664
1700100 664
1700110 664
1700120 663
1700130 663
1700140 663
1700150 663
1700160 663
1700170 662
1700180 661
1700190 660
1700200 659
1700210 658
1700220 657
1700230 656
1700240 654
1700250 652
1700260 652
1700270 651
1700280 651
1700290 652
1700300 652
1700310 653
1700320 654
1700330 654
1700340 655
1700350 655
1700360 656
1700370 657
1700380 657
1700390 658
1700400 658
1700410 658
1700420 659
1700430 660
1700440 661
1700450 661
1700460 661
1700470 662
1700480 662
1700490 662
1700500 663
1700510 664
1700520 665
1700530 666
1700540 667
1700550 668
1700560 669
1700570 671
1700580 671
1700590 672
1700600 673
1700610 674
1700620 675
1700630 676
1700640 677
1700650 678
1700660 678
1700670 679
1700680 680
1700690 680
1700700 681
1700710 682
1700720 682
1700730 683
1700740 683
1700750 684
1700760 684
1700770 685
1700780 686
1700790 686
1700800 686
1700810 687
1700820 687
1700830 688
1700840 688
1700850 688
1700860 689
1700870 689
1700880 689
1700890 689
1700900 689
1700910 690
1700920 690
1700930 690
1700940 689
1700950 689
1700960 689
1700970 690
1700980 690
1700990 690
1701000 690
1701010 691
1701020 691
1701030 690
1701040 690
1701050 691
1701060 691
1701070 691
1701080 691
1701090 691
1701100 691
1701110 691
1701120 691
1701130 691
1701140 691
1701150 691
1701160 691
1701170 691
1701180 691
1701190 691
1701200 691
1701210 690
1701220 690
1701230 690
1701240 690
1701250 690
1701260 690
1701270 690
1701280 690
1701290 689
1701300 689
1701310 689
1701320 689
1701330 689
1701340 689
1701350 689
1701360 689
1701370 689
1701380 688
1701390 688
1701400 688
1701410 688
1701420 688
1701430 688
1701440 688
1701450 688
1701460 688
1701470 688
1701480 688
1701490 688
1701500 688
1701510 688
1701520 688
1701530 689
1701540 689
1701550 688
1701560 688
1701570 689
1701580 689
1701590 688
1701600 688
1701610 688
1701620 688
1701630 688
1701640 688
1701650 688
1701660 688
1701670 688
1701680 687
1701690 687
1701700 687
1701710 687
1701720 686
1701730 686
1701740 686
1701750 685
1701760 685
1701770 684
1701780 684
1701790 683
1701800 683
1701810 683
1701820 683
1701830 683
1701840 683
1701850 683
1701860 683
1701870 683
1701880 683
1701890 684
1701900 684
1701910 684
1701920 685
1701930 685
1701940 686
1701950 686
1701960 686
1701970 687
1701980 687
1701990 688
1702000 688
1702010 688
1702020 689
1702030 689
1702040 689
1702050 689
1702060 690
1702070 690
1702080 690
1702090 690
1702100 690
1702110 689
1702120 689
1702130 688
1702140 688
1702150 688
1702160 687
1702170 687
1702180 686
1702190 686
1702200 685
1702210 685
1702220 684
1702230 684
1702240 683
1702250 682
1702260 681
1702270 680
1702280 679
1702290 678
1702300 678
1702310 677
1702320 676
1702330 675
1702340 674
1702350 674
1702360 673
1702370 672
1702380 671
1702390 671
1702400 670
1702410 669
1702420 668
1702430 667
1702440 666
1702450 665
1702460 665
1702470 664
1702480 663
1702490 662
1702500 661
1702510 661
1702520 660
1702530 660
1702540 659
1702550 659
1702560 658
1702570 658
1702580 657
1702590 656
1702600 656
1702610 655
1702620 654
1702630 654
1702640 653
1702650 653
1702660 653
1702670 653
1702680 653
1702690 653
1702700 653
1702710 652
1702720 652
1702730 652
1702740 652
1702750 652
1702760 652
1702770 652
1702780 652
1702790 653
1702800 653
1702810 653
1702820 653
1702830 653
1702840 653
1702850 653
1702860 653
1702870 653
1702880 653
1702890 653
1702900 653
1702910 653
1702920 652
1702930 652
1702940 652
1702950 652
1702960 651
1702970 651
1702980 651
1702990 650
1703000 650
1703010 650
1703020 650
1703030 649
1703040 649
1703050 649
1703060 649
1703070 649
1703080 648
1703090 647
1703100 646
1703110 645
1703120 645
1703130 647
1703140 648
1703150 649
1703160 650
1703170 650
1703180 650
1703190 651
1703200 651
1703210 651
1703220 651
1703230 651
1703240 650
1703250 650
1703260 650
1703270 651
1703280 651
1703290 651
1703300 651
1703310 651
1703320 651
1703330 651
1703340 651
1703350 651
1703360 650
1703370 650
1703380 650
1703390 650
1703400 649
1703410 648
1703420 648
1703430 647
1703440 647
1703450 647
1703460 646
1703470 646
1703480 645
1703490 645
1703500 644
1703510 644
1703520 643
1703530 642
1703540 642
1703550 640
1703560 639
1703570 638
1703580 637
1703590 635
1703600 634
1703610 634
1703620 633
1703630 633
1703640 632
1703650 632
1703660 632
1703670 631
1703680 631
1703690 630
1703700 630
1703710 629
1703720 629
1703730 628
1703740 628
1703750 628
1703760 627
1703770 627
1703780 626
1703790 626
1703800 626
1703810 625
1703820 625
1703830 624
1703840 623
1703850 622
1703860 620
1703870 618
1703880 615
1703890 613
1703900 611
1703910 608
1703920 606
1703930 605
1703940 604
1703950 603
1703960 602
1703970 601
1703980 601
1703990 600
1704000 599
1704010 599
1704020 598
1704030 598
1704040 597
1704050 596
1704060 596
1704070 595
1704080 594
1704090 594
1704100 594
1704110 593
1704120 593
1704130 592
1704140 591
1704150 590
1704160 589
1704170 588
1704180 587
1704190 586
1704200 585
1704210 585
1704220 584
1704230 583
1704240 583
1704250 583
1704260 583
1704270 582
1704280 582
1704290 582
1704300 583
1704310 584
1704320 585
1704330 586
1704340 587
1704350 587
1704360 587
1704370 588
1704380 588
1704390 588
1704400 588
1704410 587
1704420 587
1704430 587
1704440 587
1704450 587
1704460 586
1704470 586
1704480 586
1704490 585
1704500 584
1704510 583
1704520 583
1704530 584
1704540 586
1704550 587
1704560 587
1704570 588
1704580 588
1704590 589
1704600 589
1704610 590
1704620 590
1704630 591
1704640 591
1704650 592
1704660 593
1704670 593
1704680 594
1704690 595
1704700 595
1704710 596
1704720 597
1704730 597
1704740 598
1704750 599
1704760 600
1704770 602
1704780 603
1704790 604
1704800 605
1704810 606
1704820 607
1704830 608
1704840 608
1704850 609
1704860 610
1704870 611
1704880 612
1704890 612
1704900 613
1704910 614
1704920 614
1704930 615
1704940 616
1704950 616
1704960 617
1704970 618
1704980 618
1704990 619
1705000 619
1705010 620
1705020 620
1705030 620
1705040 619
1705050 619
1705060 618
1705070 617
1705080 616
1705090 614
1705100 613
1705110 614
1705120 616
1705130 619
1705140 622
1705150 625
1705160 628
1705170 629
1705180 630
1705190 632
1705200 633
1705210 634
1705220 636
1705230 637
1705240 638
1705250 640
1705260 641
1705270 642
1705280 644
1705290 645
1705300 646
1705310 647
1705320 648
1705330 650
1705340 651
1705350 652
1705360 654
1705370 655
1705380 656
1705390 658
1705400 659
1705410 660
1705420 662
1705430 663
1705440 665
1705450 667
1705460 669
1705470 670
1705480 672
1705490 673
1705500 674
1705510 676
1705520 677
1705530 678
1705540 679
1705550 680
1705560 681
1705570 682
1705580 683
1705590 684
1705600 684
1705610 684
1705620 684
1705630 684
1705640 684
1705650 684
1705660 684
1705670 683
1705680 683
1705690 683
1705700 683
1705710 683
1705720 683
1705730 683
1705740 683
1705750 684
1705760 684
1705770 684
1705780 685
1705790 685
1705800 685
1705810 686
1705820 686
1705830 687
1705840 687
1705850 688
1705860 689
1705870 690
1705880 691
1705890 691
1705900 692
1705910 693
1705920 693
1705930 694
1705940 695
1705950 696
1705960 697
1705970 697
1705980 698
1705990 699
1706000 700
1706010 701
1706020 703
1706030 704
1706040 705
1706050 706
1706060 707
1706070 708
1706080 709
1706090 710
1706100 710
1706110 712
1706120 713
1706130 715
1706140 716
1706150 717
1706160 718
1706170 718
1706180 719
1706190 719
1706200 719
1706210 719
1706220 719
1706230 719
1706240 718
1706250 718
1706260 717
1706270 717
1706280 716
1706290 716
1706300 715
1706310 714
1706320 713
1706330 712
1706340 712
1706350 711
1706360 710
1706370 709
1706380 708
1706390 707
1706400 706
1706410 705
1706420 704
1706430 703
1706440 702
1706450 701
1706460 701
1706470 700
1706480 699
1706490 698
1706500 697
1706510 696
1706520 695
1706530 694
1706540 693
1706550 691
1706560 688
1706570 686
1706580 684
1706590 683
1706600 683
1706610 681
1706620 680
1706630 679
1706640 678
1706650 677
1706660 677
1706670 675
1706680 674
1706690 672
1706700 670
1706710 668
1706720 666
1706730 664
1706740 662
1706750 661
1706760 660
1706770 659
1706780 658
1706790 657
1706800 656
1706810 655
1706820 654
1706830 653
1706840 652
1706850 650
1706860 648
1706870 648
1706880 649
1706890 649
1706900 650
1706910 650
1706920 651
1706930 652
1706940 653
1706950 655
1706960 657
1706970 659
1706980 661
1706990 664
1707000 666
1707010 667
1707020 669
1707030 670
1707040 672
1707050 674
1707060 675
1707070 676
1707080 677
1707090 677
1707100 678
1707110 678
1707120 678
1707130 678
1707140 678
1707150 678
1707160 678
1707170 678
1707180 678
1707190 678
1707200 678
1707210 678
1707220 678
1707230 678
1707240 678
1707250 677
1707260 677
1707270 677
1707280 676
1707290 675
1707300 675
1707310 674
1707320 674
1707330 673
1707340 673
1707350 672
1707360 672
1707370 672
1707380 672
1707390 671
1707400 671
1707410 671
1707420 670
1707430 670
1707440 670
1707450 670
1707460 670
1707470 671
1707480 671
1707490 671
1707500 671
1707510 671
1707520 671
1707530 672
1707540 672
1707550 672
1707560 672
1707570 672
1707580 673
1707590 673
1707600 673
1707610 673
1707620 673
1707630 674
1707640 674
1707650 674
1707660 674
1707670 674
1707680 675
1707690 675
1707700 675
1707710 675
1707720 675
1707730 675
1707740 675
1707750 675
1707760 675
1707770 675
1707780 675
1707790 675
1707800 675
1707810 675
1707820 675
1707830 675
1707840 675
1707850 675
1707860 675
1707870 675
1707880 674
1707890 674
1707900 674
1707910 674
1707920 674
1707930 673
1707940 673
1707950 673
1707960 673
1707970 672
1707980 672
1707990 671
1708000 671
1708010 671
1708020 670
1708030 670
1708040 670
1708050 669
1708060 669
1708070 668
1708080 667
1708090 667
1708100 666
1708110 665
1708120 665
1708130 664
1708140 664
1708150 664
1708160 663
1708170 662
1708180 662
1708190 661
1708200 661
1708210 660
1708220 659
1708230 658
1708240 658
1708250 657
1708260 657
1708270 656
1708280 656
1708290 655
1708300 655
1708310 655
1708320 654
1708330 654
1708340 653
1708350 653
1708360 652
1708370 652
1708380 651
1708390 651
1708400 651
1708410 650
1708420 650
1708430 650
1708440 650
1708450 650
1708460 649
1708470 649
1708480 649
1708490 649
1708500 649
1708510 649
1708520 649
1708530 649
1708540 649
1708550 649
1708560 649
1708570 649
1708580 649
1708590 648
1708600 648
1708610 648
1708620 648
1708630 648
1708640 648
1708650 647
1708660 647
1708670 647
1708680 647
1708690 647
1708700 647
1708710 647
1708720 647
1708730 647
1708740 647
1708750 646
1708760 646
1708770 646
1708780 646
1708790 645
1708800 645
1708810 645
1708820 644
1708830 644
1708840 644
1708850 643
1708860 643
1708870 643
1708880 642
1708890 642
1708900 642
1708910 642
1708920 641
1708930 641
1708940 641
1708950 640
1708960 640
1708970 639
1708980 639
1708990 639
1709000 639
1709010 638
1709020 638
1709030 637
1709040 636
1709050 636
1709060 636
1709070 635
1709080 635
1709090 634
1709100 634
1709110 633
1709120 633
1709130 632
1709140 632
1709150 631
1709160 631
1709170 630
1709180 630
1709190 629
1709200 628
1709210 628
1709220 627
1709230 626
1709240 626
1709250 625
1709260 624
1709270 624
1709280 623
1709290 623
1709300 622
1709310 622
1709320 621
1709330 621
1709340 621
1709350 620
1709360 620
1709370 619
1709380 619
1709390 619
1709400 618
1709410 618
1709420 617
1709430 617
1709440 617
1709450 616
1709460 616
1709470 615
1709480 615
1709490 615
1709500 614
1709510 614
1709520 614
1709530 614
1709540 613
1709550 613
1709560 613
1709570 612
1709580 612
1709590 612
1709600 612
1709610 611
1709620 611
1709630 610
1709640 610
1709650 609
1709660 609
1709670 610
1709680 610
1709690 609
1709700 609
1709710 609
1709720 608
1709730 608
1709740 608
1709750 608
1709760 607
1709770 607
1709780 607
1709790 607
1709800 607
1709810 607
1709820 607
1709830 607
1709840 607
1709850 607
1709860 607
1709870 607
1709880 607
1709890 607
1709900 607
1709910 607
1709920 607
1709930 607
1709940 607
1709950 608
1709960 609
1709970 610
1709980 611
1709990 611
1710000 612
1710010 612
1710020 612
1710030 612
1710040 612
1710050 613
1710060 613
1710070 613
1710080 613
1710090 614
1710100 614
1710110 614
1710120 614
1710130 614
1710140 615
1710150 615
1710160 616
1710170 616
1710180 616
1710190 616
1710200 616
1710210 616
1710220 617
1710230 617
1710240 617
1710250 617
1710260 617
1710270 618
1710280 618
1710290 618
1710300 618
1710310 618
1710320 618
1710330 618
1710340 618
1710350 618
1710360 618
1710370 618
1710380 618
1710390 619
1710400 619
1710410 619
1710420 619
1710430 619
1710440 619
1710450 620
1710460 620
1710470 620
1710480 620
1710490 620
1710500 621
1710510 621
1710520 622
1710530 622
1710540 623
1710550 624
1710560 624
1710570 625
1710580 625
1710590 625
1710600 626
1710610 626
1710620 626
1710630 627
1710640 627
1710650 627
1710660 628
1710670 628
1710680 629
1710690 629
1710700 629
1710710 630
1710720 630
1710730 631
1710740 631
1710750 632
1710760 633
1710770 633
1710780 633
1710790 634
1710800 634
1710810 634
1710820 634
1710830 634
1710840 635
1710850 635
1710860 635
1710870 636
1710880 636
1710890 636
1710900 637
1710910 637
1710920 637
1710930 638
1710940 638
1710950 638
1710960 639
1710970 639
1710980 639
1710990 640
1711000 640
1711010 641
1711020 641
1711030 642
1711040 642
1711050 642
1711060 643
1711070 643
1711080 644
1711090 645
1711100 645
1711110 646
1711120 647
1711130 648
1711140 649
1711150 651
1711160 651
1711170 652
1711180 653
1711190 653
1711200 654
1711210 655
1711220 655
1711230 656
1711240 656
1711250 656
1711260 656
1711270 656
1711280 655
1711290 655
1711300 655
1711310 655
1711320 655
1711330 655
1711340 655
1711350 655
1711360 655
1711370 655
1711380 655
1711390 655
1711400 655
1711410 655
1711420 656
1711430 656
1711440 656
1711450 656
1711460 656
1711470 657
1711480 657
1711490 657
1711500 658
1711510 658
1711520 659
1711530 659
1711540 659
1711550 659
1711560 660
1711570 660
1711580 660
1711590 660
1711600 660
1711610 661
1711620 661
1711630 661
1711640 661
1711650 662
1711660 662
1711670 662
1711680 663
1711690 663
1711700 663
1711710 664
1711720 664
1711730 664
1711740 665
1711750 665
1711760 665
1711770 666
1711780 666
1711790 667
1711800 667
1711810 667
1711820 668
1711830 668
1711840 668
1711850 668
1711860 668
1711870 669
1711880 669
1711890 669
1711900 669
1711910 670
1711920 670
1711930 670
1711940 671
1711950 671
1711960 671
1711970 671
1711980 671
1711990 671
1712000 671
1712010 672
1712020 672
1712030 672
1712040 672
1712050 672
1712060 672
1712070 672
1712080 672
1712090 672
1712100 673
1712110 673
1712120 673
1712130 673
1712140 673
1712150 673
1712160 673
1712170 673
1712180 673
1712190 673
1712200 674
1712210 674
1712220 674
1712230 674
1712240 674
1712250 674
1712260 674
1712270 674
1712280 675
1712290 675
1712300 675
1712310 675
1712320 675
1712330 676
1712340 676
1712350 676
1712360 676
1712370 676
1712380 676
1712390 676
1712400 676
1712410 676
1712420 676
1712430 675
1712440 675
1712450 675
1712460 675
1712470 675
1712480 675
1712490 675
1712500 675
1712510 675
1712520 675
1712530 675
1712540 675
1712550 674
1712560 674
1712570 674
1712580 674
1712590 674
1712600 674
1712610 674
1712620 674
1712630 674
1712640 674
1712650 674
1712660 674
1712670 674
1712680 674
1712690 673
1712700 673
1712710 673
1712720 673
1712730 673
1712740 673
1712750 673
1712760 673
1712770 672
1712780 672
1712790 672
1712800 672
1712810 672
1712820 672
1712830 672
1712840 672
1712850 671
1712860 671
1712870 671
1712880 671
1712890 671
1712900 671
1712910 670
1712920 670
1712930 670
1712940 670
1712950 670
1712960 670
1712970 670
1712980 669
1712990 669
1713000 669
1713010 669
1713020 669
1713030 669
1713040 669
1713050 669
1713060 669
1713070 668
1713080 668
1713090 668
1713100 668
1713110 668
1713120 668
1713130 667
1713140 667
1713150 667
1713160 667
1713170 667
1713180 667
1713190 666
1713200 666
1713210 666
1713220 666
1713230 666
1713240 666
1713250 666
1713260 666
1713270 665
1713280 665
1713290 665
1713300 665
1713310 664
1713320 664
1713330 664
1713340 664
1713350 664
1713360 663
1713370 663
1713380 663
1713390 663
1713400 662
1713410 662
1713420 662
1713430 662
1713440 662
1713450 661
1713460 661
1713470 661
1713480 660
1713490 660
1713500 660
1713510 659
1713520 659
1713530 659
1713540 658
1713550 658
1713560 657
1713570 657
1713580 656
1713590 656
1713600 656
1713610 655
1713620 655
1713630 654
1713640 654
1713650 654
1713660 653
1713670 653
1713680 652
1713690 652
1713700 652
1713710 651
1713720 651
1713730 651
1713740 650
1713750 650
1713760 649
1713770 649
1713780 648
1713790 648
1713800 648
1713810 647
1713820 647
1713830 647
1713840 646
1713850 646
1713860 646
1713870 646
1713880 645
1713890 645
1713900 645
1713910 645
1713920 644
1713930 644
1713940 644
1713950 643
1713960 643
1713970 643
1713980 642
1713990 642
1714000 642
1714010 642
1714020 641
1714030 641
1714040 641
1714050 641
1714060 641
1714070 640
1714080 640
1714090 639
1714100 639
1714110 639
1714120 638
1714130 638
1714140 637
1714150 637
1714160 636
1714170 636
1714180 635
1714190 634
1714200 633
1714210 633
1714220 632
1714230 631
1714240 630
1714250 629
1714260 629
1714270 628
1714280 627
1714290 627
1714300 626
1714310 626
1714320 625
1714330 624
1714340 623
1714350 623
1714360 622
1714370 621
1714380 621
1714390 620
1714400 620
1714410 619
1714420 619
1714430 618
1714440 618
1714450 618
1714460 617
1714470 617
1714480 617
1714490 616
1714500 616
1714510 615
1714520 615
1714530 614
1714540 614
1714550 613
1714560 613
1714570 613
1714580 612
1714590 612
1714600 611
1714610 611
1714620 611
1714630 610
1714640 610
1714650 609
1714660 609
1714670 609
1714680 608
1714690 608
1714700 608
1714710 608
1714720 607
1714730 607
1714740 605
1714750 604
1714760 602
1714770 601
1714780 601
1714790 600
1714800 600
1714810 600
1714820 600
1714830 600
1714840 600
1714850 600
1714860 600
1714870 600
1714880 600
1714890 600
1714900 600
1714910 601
1714920 602
1714930 602
1714940 603
1714950 604
1714960 605
1714970 606
1714980 607
1714990 607
1715000 608
1715010 609
1715020 609
1715030 610
1715040 611
1715050 611
1715060 612
1715070 612
1715080 613
1715090 614
1715100 614
1715110 615
1715120 615
1715130 616
1715140 616
1715150 617
1715160 617
1715170 618
1715180 618
1715190 619
1715200 620
1715210 620
1715220 621
1715230 622
1715240 622
1715250 623
1715260 624
1715270 624
1715280 624
1715290 625
1715300 625
1715310 625
1715320 625
1715330 626
1715340 626
1715350 626
1715360 626
1715370 626
1715380 626
1715390 626
1715400 626
1715410 626
1715420 625
1715430 625
1715440 625
1715450 625
1715460 625
1715470 625
1715480 625
1715490 625
1715500 624
1715510 624
1715520 624
1715530 625
1715540 625
1715550 625
1715560 625
1715570 624
1715580 624
1715590 623
1715600 623
1715610 622
1715620 622
1715630 621
1715640 621
1715650 620
1715660 619
1715670 619
1715680 618
1715690 618
1715700 617
1715710 616
1715720 616
1715730 615
1715740 614
1715750 614
1715760 613
1715770 612
1715780 611
1715790 611
1715800 610
1715810 609
1715820 608
1715830 608
1715840 606
1715850 605
1715860 604
1715870 604
1715880 603
1715890 602
1715900 601
1715910 601
1715920 600
1715930 600
1715940 599
1715950 599
1715960 599
1715970 598
1715980 598
1715990 598
1716000 597
1716010 597
1716020 597
1716030 596
1716040 596
1716050 596
1716060 596
1716070 595
1716080 595
1716090 595
1716100 594
1716110 594
1716120 594
1716130 594
1716140 593
1716150 593
1716160 593
1716170 592
1716180 592
1716190 592
1716200 592
1716210 591
1716220 591
1716230 591
1716240 590
1716250 590
1716260 590
1716270 589
1716280 589
1716290 589
1716300 588
1716310 588
1716320 588
1716330 587
1716340 587
1716350 587
1716360 587
1716370 586
1716380 586
1716390 586
1716400 585
1716410 585
1716420 585
1716430 584
1716440 584
1716450 584
1716460 584
1716470 583
1716480 583
1716490 583
1716500 582
1716510 582
1716520 582
1716530 582
1716540 582
1716550 581
1716560 581
1716570 581
1716580 580
1716590 580
1716600 579
1716610 579
1716620 579
1716630 578
1716640 578
1716650 577
1716660 577
1716670 576
1716680 576
1716690 576
1716700 575
1716710 575
1716720 575
1716730 574
1716740 574
1716750 574
1716760 573
1716770 573
1716780 573
1716790 572
1716800 572
1716810 572
1716820 571
1716830 571
1716840 571
1716850 570
1716860 570
1716870 570
1716880 570
1716890 569
1716900 569
1716910 569
1716920 568
1716930 568
1716940 568
1716950 568
1716960 567
1716970 567
1716980 567
1716990 566
1717000 566
1717010 565
1717020 565
1717030 565
1717040 564
1717050 564
1717060 564
1717070 563
1717080 563
1717090 562
1717100 562
1717110 561
1717120 561
1717130 561
1717140 560
1717150 559
1717160 558
1717170 558
1717180 557
1717190 557
1717200 557
1717210 556
1717220 556
1717230 556
1717240 556
1717250 556
1717260 556
1717270 556
1717280 556
1717290 556
1717300 555
1717310 555
1717320 555
1717330 555
1717340 554
1717350 554
1717360 553
1717370 553
1717380 553
1717390 552
1717400 552
1717410 552
1717420 551
1717430 551
1717440 552
1717450 553
1717460 554
1717470 557
1717480 560
1717490 563
1717500 565
1717510 567
1717520 569
1717530 572
1717540 574
1717550 576
1717560 578
1717570 580
1717580 582
1717590 582
1717600 582
1717610 581
1717620 581
1717630 581
1717640 581
1717650 580
1717660 580
1717670 580
1717680 579
1717690 579
1717700 579
1717710 578
1717720 578
1717730 578
1717740 578
1717750 577
1717760 577
1717770 577
1717780 576
1717790 576
1717800 576
1717810 575
1717820 575
1717830 575
1717840 575
1717850 574
1717860 574
1717870 574
1717880 573
1717890 573
1717900 572
1717910 571
1717920 571
1717930 570
1717940 570
1717950 569
1717960 568
1717970 568
1717980 567
1717990 566
1718000 566
1718010 565
1718020 564
1718030 564
1718040 563
1718050 562
1718060 562
1718070 561
1718080 561
1718090 560
1718100 560
1718110 559
1718120 559
1718130 558
1718140 558
1718150 558
1718160 557
1718170 557
1718180 556
1718190 556
1718200 555
1718210 555
1718220 555
1718230 554
1718240 554
1718250 554
1718260 554
1718270 555
1718280 555
1718290 555
1718300 555
1718310 555
1718320 555
1718330 555
1718340 556
1718350 556
1718360 556
1718370 557
1718380 557
1718390 557
1718400 558
1718410 558
1718420 559
1718430 560
1718440 562
1718450 564
1718460 565
1718470 566
1718480 566
1718490 565
1718500 564
1718510 563
1718520 564
1718530 565
1718540 566
1718550 566
1718560 567
1718570 567
1718580 567
1718590 568
1718600 568
1718610 570
1718620 571
1718630 572
1718640 574
1718650 575
1718660 576
1718670 576
1718680 577
1718690 578
1718700 578
1718710 579
1718720 579
1718730 580
1718740 580
1718750 581
1718760 581
1718770 581
1718780 581
1718790 581
1718800 582
1718810 582
1718820 583
1718830 583
1718840 583
1718850 583
1718860 584
1718870 584
1718880 584
1718890 584
1718900 583
1718910 583
1718920 583
1718930 583
1718940 583
1718950 583
1718960 583
1718970 583
1718980 583
1718990 583
1719000 583
1719010 583
1719020 583
1719030 583
1719040 583
1719050 583
1719060 583
1719070 583
1719080 583
1719090 583
1719100 584
1719110 584
1719120 584
1719130 584
1719140 584
1719150 584
1719160 584
1719170 584
1719180 584
1719190 584
1719200 585
1719210 585
1719220 585
1719230 585
1719240 585
1719250 585
1719260 585
1719270 585
1719280 585
1719290 585
1719300 585
1719310 585
1719320 585
1719330 585
1719340 585
1719350 585
1719360 585
1719370 585
1719380 584
1719390 584
1719400 585
1719410 585
1719420 585
1719430 585
1719440 585
1719450 585
1719460 585
1719470 585
1719480 585
1719490 585
1719500 585
1719510 585
1719520 585
1719530 585
1719540 585
1719550 586
1719560 586
1719570 586
1719580 586
1719590 586
1719600 587
1719610 587
1719620 587
1719630 588
1719640 588
1719650 588
1719660 588
1719670 588
1719680 588
1719690 589
1719700 589
1719710 589
1719720 589
1719730 589
1719740 589
1719750 590
1719760 590
1719770 590
1719780 590
1719790 591
1719800 591
1719810 591
1719820 591
1719830 591
1719840 591
1719850 591
1719860 591
1719870 592
1719880 592
1719890 592
1719900 592
1719910 592
1719920 592
1719930 592
1719940 592
1719950 592
1719960 592
1719970 592
1719980 592
1719990 592
