1700000 706
1700010 706
1700020 705
1700030 706
1700040 706
1700050 707
1700060 707
1700070 707
1700080 707
1700090 707
1700100 707
1700110 707
1700120 708
1700130 708
1700140 708
1700150 708
1700160 708
1700170 709
1700180 709
1700190 709
1700200 710
1700210 710
1700220 711
1700230 711
1700240 712
1700250 713
1700260 714
1700270 715
1700280 716
1700290 717
1700300 717
1700310 718
1700320 719
1700330 719
1700340 720
1700350 721
1700360 722
1700370 722
1700380 723
1700390 724
1700400 725
1700410 726
1700420 727
1700430 729
1700440 730
1700450 731
1700460 732
1700470 733
1700480 734
1700490 735
1700500 736
1700510 737
1700520 738
1700530 739
1700540 740
1700550 741
1700560 743
1700570 744
1700580 745
1700590 746
1700600 747
1700610 748
1700620 750
1700630 751
1700640 752
1700650 753
1700660 754
1700670 755
1700680 756
1700690 758
1700700 758
1700710 759
1700720 760
1700730 761
1700740 762
1700750 762
1700760 763
1700770 763
1700780 763
1700790 763
1700800 763
1700810 763
1700820 763
1700830 763
1700840 763
1700850 763
1700860 763
1700870 763
1700880 763
1700890 763
1700900 763
1700910 763
1700920 763
1700930 763
1700940 763
1700950 763
1700960 763
1700970 763
1700980 763
1700990 763
1701000 763
1701010 763
1701020 763
1701030 763
1701040 763
1701050 763
1701060 763
1701070 763
1701080 763
1701090 763
1701100 763
1701110 764
1701120 764
1701130 764
1701140 764
1701150 765
1701160 764
1701170 764
1701180 764
1701190 764
1701200 763
1701210 763
1701220 763
1701230 763
1701240 763
1701250 762
1701260 762
1701270 762
1701280 762
1701290 761
1701300 761
1701310 761
1701320 760
1701330 760
1701340 759
1701350 759
1701360 758
1701370 758
1701380 758
1701390 758
1701400 758
1701410 759
1701420 760
1701430 761
1701440 762
1701450 763
1701460 765
1701470 766
1701480 767
1701490 768
1701500 770
1701510 771
1701520 772
1701530 774
1701540 775
1701550 776
1701560 777
1701570 778
1701580 779
1701590 781
1701600 782
1701610 783
1701620 784
1701630 785
1701640 785
1701650 785
1701660 785
1701670 784
1701680 783
1701690 783
1701700 782
1701710 782
1701720 782
1701730 781
1701740 781
1701750 780
1701760 780
1701770 779
1701780 778
1701790 777
1701800 776
1701810 775
1701820 774
1701830 773
1701840 772
1701850 772
1701860 771
1701870 771
1701880 771
1701890 772
1701900 773
1701910 774
1701920 776
1701930 777
1701940 776
1701950 775
1701960 774
1701970 774
1701980 773
1701990 771
1702000 770
1702010 768
1702020 767
1702030 764
1702040 762
1702050 760
1702060 758
1702070 757
1702080 755
1702090 754
1702100 752
1702110 750
1702120 748
1702130 747
1702140 746
1702150 744
1702160 743
1702170 742
1702180 740
1702190 739
1702200 737
1702210 735
1702220 733
1702230 730
1702240 728
1702250 725
1702260 722
1702270 719
1702280 717
1702290 714
1702300 712
1702310 710
1702320 708
1702330 706
1702340 704
1702350 702
1702360 701
1702370 700
1702380 699
1702390 698
1702400 698
1702410 698
1702420 698
1702430 698
1702440 699
1702450 699
1702460 699
1702470 698
1702480 698
1702490 697
1702500 696
1702510 695
1702520 694
1702530 693
1702540 692
1702550 691
1702560 689
1702570 688
1702580 686
1702590 685
1702600 684
1702610 683
1702620 681
1702630 680
1702640 679
1702650 678
1702660 677
1702670 676
1702680 675
1702690 675
1702700 674
1702710 673
1702720 673
1702730 673
1702740 673
1702750 673
1702760 673
1702770 673
1702780 673
1702790 673
1702800 673
1702810 673
1702820 673
1702830 673
1702840 674
1702850 674
1702860 675
1702870 675
1702880 675
1702890 676
1702900 676
1702910 677
1702920 677
1702930 678
1702940 678
1702950 679
1702960 680
1702970 680
1702980 681
1702990 681
1703000 681
1703010 680
1703020 680
1703030 680
1703040 680
1703050 680
1703060 679
1703070 678
1703080 678
1703090 678
1703100 677
1703110 677
1703120 676
1703130 676
1703140 676
1703150 675
1703160 675
1703170 674
1703180 673
1703190 673
1703200 672
1703210 672
1703220 671
1703230 670
1703240 670
1703250 669
1703260 669
1703270 668
1703280 668
1703290 668
1703300 667
1703310 667
1703320 666
1703330 666
1703340 666
1703350 665
1703360 665
1703370 665
1703380 665
1703390 664
1703400 664
1703410 664
1703420 664
1703430 664
1703440 664
1703450 664
1703460 664
1703470 664
1703480 664
1703490 664
1703500 665
1703510 665
1703520 665
1703530 665
1703540 665
1703550 665
1703560 665
1703570 665
1703580 665
1703590 665
1703600 665
1703610 665
1703620 665
1703630 665
1703640 665
1703650 665
1703660 666
1703670 666
1703680 666
1703690 666
1703700 666
1703710 666
1703720 667
1703730 667
1703740 667
1703750 666
1703760 666
1703770 666
1703780 665
1703790 665
1703800 664
1703810 663
1703820 663
1703830 662
1703840 661
1703850 661
1703860 660
1703870 659
1703880 658
1703890 658
1703900 657
1703910 656
1703920 655
1703930 654
1703940 654
1703950 653
1703960 652
1703970 651
1703980 651
1703990 650
1704000 649
1704010 648
1704020 647
1704030 647
1704040 646
1704050 645
1704060 644
1704070 643
1704080 642
1704090 641
1704100 640
1704110 639
1704120 638
1704130 637
1704140 636
1704150 636
1704160 635
1704170 634
1704180 633
1704190 632
1704200 631
1704210 630
1704220 629
1704230 629
1704240 628
1704250 628
1704260 628
1704270 628
1704280 627
1704290 627
1704300 626
1704310 626
1704320 625
1704330 625
1704340 624
1704350 623
1704360 620
1704370 617
1704380 614
1704390 610
1704400 607
1704410 605
1704420 603
1704430 602
1704440 600
1704450 598
1704460 596
1704470 595
1704480 593
1704490 592
1704500 591
1704510 590
1704520 589
1704530 588
1704540 587
1704550 587
1704560 586
1704570 585
1704580 585
1704590 585
1704600 584
1704610 584
1704620 584
1704630 584
1704640 584
1704650 584
1704660 584
1704670 584
1704680 584
1704690 584
1704700 584
1704710 584
1704720 584
1704730 583
1704740 583
1704750 583
1704760 582
1704770 581
1704780 581
1704790 580
1704800 579
1704810 579
1704820 579
1704830 579
1704840 579
1704850 579
1704860 579
1704870 579
1704880 579
1704890 579
1704900 579
1704910 579
1704920 579
1704930 582
1704940 584
1704950 586
1704960 589
1704970 591
1704980 592
1704990 591
1705000 590
1705010 589
1705020 589
1705030 588
1705040 588
1705050 587
1705060 587
1705070 585
1705080 583
1705090 582
1705100 581
1705110 580
1705120 579
1705130 578
1705140 576
1705150 575
1705160 575
1705170 574
1705180 574
1705190 574
1705200 574
1705210 573
1705220 573
1705230 572
1705240 572
1705250 570
1705260 571
1705270 575
1705280 580
1705290 585
1705300 590
1705310 595
1705320 598
1705330 601
1705340 604
1705350 606
1705360 608
1705370 610
1705380 612
1705390 613
1705400 615
1705410 616
1705420 618
1705430 619
1705440 621
1705450 622
1705460 623
1705470 624
1705480 624
1705490 625
1705500 625
1705510 624
1705520 624
1705530 623
1705540 623
1705550 622
1705560 621
1705570 621
1705580 621
1705590 621
1705600 621
1705610 620
1705620 619
1705630 618
1705640 618
1705650 619
1705660 620
1705670 621
1705680 622
1705690 623
1705700 624
1705710 625
1705720 627
1705730 628
1705740 630
1705750 632
1705760 633
1705770 635
1705780 637
1705790 639
1705800 641
1705810 643
1705820 646
1705830 648
1705840 651
1705850 653
1705860 656
1705870 658
1705880 661
1705890 664
1705900 667
1705910 669
1705920 671
1705930 674
1705940 676
1705950 678
1705960 679
1705970 681
1705980 682
1705990 683
1706000 684
1706010 684
1706020 684
1706030 682
1706040 680
1706050 678
1706060 676
1706070 674
1706080 673
1706090 671
1706100 670
1706110 669
1706120 668
1706130 667
1706140 666
1706150 664
1706160 663
1706170 662
1706180 661
1706190 660
1706200 659
1706210 658
1706220 657
1706230 656
1706240 655
1706250 654
1706260 653
1706270 652
1706280 651
1706290 651
1706300 650
1706310 649
1706320 649
1706330 648
1706340 647
1706350 646
1706360 645
1706370 644
1706380 644
1706390 642
1706400 641
1706410 640
1706420 638
1706430 637
1706440 635
1706450 633
1706460 631
1706470 631
1706480 631
1706490 630
1706500 629
1706510 628
1706520 627
1706530 626
1706540 625
1706550 623
1706560 622
1706570 621
1706580 620
1706590 618
1706600 617
1706610 616
1706620 615
1706630 614
1706640 613
1706650 612
1706660 611
1706670 609
1706680 607
1706690 606
1706700 606
1706710 606
1706720 607
1706730 607
1706740 608
1706750 609
1706760 609
1706770 610
1706780 610
1706790 611
1706800 612
1706810 613
1706820 614
1706830 616
1706840 618
1706850 620
1706860 622
1706870 624
1706880 626
1706890 628
1706900 630
1706910 632
1706920 634
1706930 636
1706940 638
1706950 640
1706960 642
1706970 643
1706980 645
1706990 646
1707000 648
1707010 649
1707020 651
1707030 653
1707040 655
1707050 656
1707060 658
1707070 660
1707080 661
1707090 663
1707100 664
1707110 665
1707120 666
1707130 667
1707140 667
1707150 668
1707160 669
1707170 669
1707180 669
1707190 670
1707200 670
1707210 671
1707220 671
1707230 672
1707240 672
1707250 673
1707260 673
1707270 673
1707280 674
1707290 674
1707300 675
1707310 675
1707320 676
1707330 676
1707340 677
1707350 677
1707360 677
1707370 677
1707380 678
1707390 678
1707400 679
1707410 679
1707420 679
1707430 679
1707440 679
1707450 679
1707460 680
1707470 680
1707480 680
1707490 680
1707500 680
1707510 681
1707520 681
1707530 682
1707540 682
1707550 682
1707560 683
1707570 683
1707580 684
1707590 684
1707600 685
1707610 685
1707620 685
1707630 686
1707640 686
1707650 686
1707660 687
1707670 687
1707680 687
1707690 687
1707700 688
1707710 688
1707720 688
1707730 688
1707740 688
1707750 688
1707760 688
1707770 688
1707780 688
1707790 688
1707800 688
1707810 687
1707820 687
1707830 686
1707840 686
1707850 686
1707860 685
1707870 685
1707880 685
1707890 684
1707900 684
1707910 684
1707920 683
1707930 683
1707940 682
1707950 682
1707960 682
1707970 681
1707980 681
1707990 681
1708000 680
1708010 680
1708020 679
1708030 679
1708040 679
1708050 678
1708060 678
1708070 677
1708080 677
1708090 676
1708100 675
1708110 675
1708120 674
1708130 673
1708140 673
1708150 672
1708160 671
1708170 671
1708180 670
1708190 670
1708200 669
1708210 668
1708220 668
1708230 667
1708240 666
1708250 666
1708260 665
1708270 665
1708280 664
1708290 663
1708300 663
1708310 662
1708320 661
1708330 661
1708340 660
1708350 659
1708360 659
1708370 658
1708380 658
1708390 657
1708400 657
1708410 656
1708420 655
1708430 655
1708440 654
1708450 654
1708460 653
1708470 653
1708480 652
1708490 652
1708500 651
1708510 651
1708520 650
1708530 650
1708540 649
1708550 648
1708560 648
1708570 647
1708580 647
1708590 646
1708600 646
1708610 645
1708620 645
1708630 644
1708640 644
1708650 643
1708660 643
1708670 642
1708680 642
1708690 641
1708700 641
1708710 640
1708720 640
1708730 639
1708740 639
1708750 638
1708760 638
1708770 637
1708780 637
1708790 636
1708800 636
1708810 635
1708820 634
1708830 634
1708840 633
1708850 633
1708860 632
1708870 631
1708880 630
1708890 629
1708900 629
1708910 628
1708920 627
1708930 627
1708940 626
1708950 625
1708960 625
1708970 624
1708980 624
1708990 623
1709000 623
1709010 623
1709020 623
1709030 622
1709040 622
1709050 622
1709060 622
1709070 622
1709080 621
1709090 621
1709100 621
1709110 621
1709120 620
1709130 620
1709140 620
1709150 620
1709160 620
1709170 619
1709180 619
1709190 618
1709200 618
1709210 617
1709220 617
1709230 617
1709240 617
1709250 617
1709260 617
1709270 616
1709280 616
1709290 616
1709300 615
1709310 615
1709320 615
1709330 615
1709340 614
1709350 614
1709360 614
1709370 613
1709380 613
1709390 613
1709400 612
1709410 611
1709420 611
1709430 609
1709440 608
1709450 608
1709460 609
1709470 610
1709480 610
1709490 609
1709500 609
1709510 609
1709520 609
1709530 608
1709540 608
1709550 608
1709560 607
1709570 607
1709580 606
1709590 605
1709600 604
1709610 604
1709620 604
1709630 603
1709640 603
1709650 603
1709660 603
1709670 603
1709680 602
1709690 602
1709700 601
1709710 600
1709720 599
1709730 598
1709740 597
1709750 596
1709760 597
1709770 597
1709780 597
1709790 597
1709800 597
1709810 599
1709820 602
1709830 604
1709840 607
1709850 609
1709860 611
1709870 613
1709880 615
1709890 619
1709900 623
1709910 627
1709920 631
1709930 634
1709940 637
1709950 640
1709960 642
1709970 643
1709980 644
1709990 645
1710000 647
1710010 647
1710020 648
1710030 648
1710040 649
1710050 649
1710060 649
1710070 649
1710080 649
1710090 649
1710100 650
1710110 650
1710120 649
1710130 649
1710140 649
1710150 649
1710160 649
1710170 649
1710180 649
1710190 649
1710200 648
1710210 648
1710220 648
1710230 647
1710240 647
1710250 647
1710260 647
1710270 647
1710280 647
1710290 646
1710300 646
1710310 646
1710320 646
1710330 646
1710340 646
1710350 646
1710360 645
1710370 645
1710380 645
1710390 645
1710400 645
1710410 645
1710420 646
1710430 646
1710440 646
1710450 646
1710460 647
1710470 647
1710480 648
1710490 648
1710500 649
1710510 649
1710520 650
1710530 650
1710540 651
1710550 651
1710560 651
1710570 652
1710580 652
1710590 653
1710600 653
1710610 654
1710620 654
1710630 655
1710640 655
1710650 656
1710660 656
1710670 657
1710680 658
1710690 658
1710700 658
1710710 659
1710720 659
1710730 659
1710740 660
1710750 661
1710760 661
1710770 662
1710780 663
1710790 663
1710800 664
1710810 664
1710820 665
1710830 666
1710840 666
1710850 667
1710860 668
1710870 668
1710880 669
1710890 669
1710900 670
1710910 671
1710920 671
1710930 672
1710940 673
1710950 673
1710960 674
1710970 675
1710980 675
1710990 675
1711000 676
1711010 676
1711020 677
1711030 677
1711040 677
1711050 677
1711060 677
1711070 678
1711080 678
1711090 678
1711100 678
1711110 679
1711120 679
1711130 679
1711140 679
1711150 680
1711160 680
1711170 680
1711180 680
1711190 681
1711200 681
1711210 681
1711220 681
1711230 681
1711240 682
1711250 682
1711260 682
1711270 683
1711280 683
1711290 683
1711300 683
1711310 684
1711320 684
1711330 684
1711340 684
1711350 684
1711360 684
1711370 684
1711380 684
1711390 684
1711400 684
1711410 684
1711420 684
1711430 684
1711440 683
1711450 683
1711460 683
1711470 683
1711480 682
1711490 682
1711500 682
1711510 682
1711520 681
1711530 681
1711540 680
1711550 680
1711560 679
1711570 679
1711580 679
1711590 678
1711600 678
1711610 677
1711620 677
1711630 677
1711640 676
1711650 676
1711660 676
1711670 675
1711680 675
1711690 674
1711700 674
1711710 674
1711720 674
1711730 673
1711740 673
1711750 672
1711760 672
1711770 672
1711780 672
1711790 671
1711800 671
1711810 671
1711820 671
1711830 670
1711840 670
1711850 670
1711860 670
1711870 670
1711880 670
1711890 670
1711900 669
1711910 669
1711920 669
1711930 669
1711940 669
1711950 669
1711960 669
1711970 669
1711980 668
1711990 668
1712000 668
1712010 668
1712020 669
1712030 669
1712040 669
1712050 669
1712060 669
1712070 669
1712080 669
1712090 669
1712100 669
1712110 669
1712120 669
1712130 669
1712140 669
1712150 669
1712160 669
1712170 669
1712180 669
1712190 669
1712200 669
1712210 669
1712220 669
1712230 670
1712240 670
1712250 670
1712260 670
1712270 670
1712280 670
1712290 670
1712300 670
1712310 670
1712320 670
1712330 670
1712340 670
1712350 670
1712360 670
1712370 671
1712380 671
1712390 671
1712400 671
1712410 671
1712420 671
1712430 672
1712440 672
1712450 672
1712460 672
1712470 672
1712480 672
1712490 673
1712500 673
1712510 673
1712520 673
1712530 674
1712540 674
1712550 674
1712560 674
1712570 675
1712580 675
1712590 675
1712600 675
1712610 676
1712620 676
1712630 676
1712640 676
1712650 677
1712660 677
1712670 677
1712680 677
1712690 676
1712700 676
1712710 676
1712720 676
1712730 676
1712740 676
1712750 676
1712760 676
1712770 676
1712780 676
1712790 676
1712800 676
1712810 676
1712820 676
1712830 676
1712840 676
1712850 676
1712860 676
1712870 676
1712880 676
1712890 676
1712900 676
1712910 676
1712920 676
1712930 676
1712940 675
1712950 675
1712960 675
1712970 675
1712980 675
1712990 675
1713000 675
1713010 675
1713020 675
1713030 674
1713040 674
1713050 674
1713060 673
1713070 673
1713080 673
1713090 672
1713100 672
1713110 671
1713120 671
1713130 670
1713140 670
1713150 669
1713160 669
1713170 669
1713180 668
1713190 667
1713200 667
1713210 666
1713220 666
1713230 665
1713240 664
1713250 664
1713260 663
1713270 663
1713280 662
1713290 662
1713300 661
1713310 661
1713320 660
1713330 660
1713340 659
1713350 658
1713360 658
1713370 657
1713380 657
1713390 656
1713400 656
1713410 655
1713420 655
1713430 654
1713440 654
1713450 653
1713460 653
1713470 653
1713480 652
1713490 652
1713500 651
1713510 651
1713520 651
1713530 650
1713540 650
1713550 649
1713560 649
1713570 648
1713580 648
1713590 647
1713600 647
1713610 646
1713620 646
1713630 645
1713640 645
1713650 645
1713660 644
1713670 644
1713680 644
1713690 643
1713700 643
1713710 643
1713720 642
1713730 642
1713740 642
1713750 641
1713760 641
1713770 641
1713780 641
1713790 640
1713800 640
1713810 640
1713820 639
1713830 639
1713840 639
1713850 638
1713860 638
1713870 637
1713880 636
1713890 636
1713900 635
1713910 634
1713920 633
1713930 632
1713940 631
1713950 631
1713960 630
1713970 629
1713980 628
1713990 627
1714000 626
1714010 626
1714020 625
1714030 623
1714040 622
1714050 621
1714060 620
1714070 618
1714080 617
1714090 616
1714100 615
1714110 614
1714120 613
1714130 612
1714140 611
1714150 610
1714160 609
1714170 609
1714180 608
1714190 607
1714200 607
1714210 606
1714220 605
1714230 605
1714240 604
1714250 604
1714260 603
1714270 602
1714280 602
1714290 601
1714300 601
1714310 600
1714320 600
1714330 599
1714340 599
1714350 598
1714360 598
1714370 597
1714380 597
1714390 596
1714400 596
1714410 595
1714420 595
1714430 595
1714440 594
1714450 594
1714460 594
1714470 593
1714480 593
1714490 593
1714500 592
1714510 592
1714520 591
1714530 590
1714540 590
1714550 589
1714560 588
1714570 587
1714580 587
1714590 586
1714600 586
1714610 585
1714620 585
1714630 584
1714640 584
1714650 584
1714660 583
1714670 583
1714680 582
1714690 582
1714700 582
1714710 582
1714720 582
1714730 582
1714740 582
1714750 582
1714760 582
1714770 583
1714780 586
1714790 588
1714800 589
1714810 589
1714820 589
1714830 589
1714840 591
1714850 593
1714860 596
1714870 596
1714880 596
1714890 597
1714900 597
1714910 597
1714920 598
1714930 598
1714940 599
1714950 599
1714960 600
1714970 600
1714980 601
1714990 602
1715000 602
1715010 603
1715020 603
1715030 604
1715040 605
1715050 605
1715060 606
1715070 607
1715080 608
1715090 608
1715100 609
1715110 610
1715120 610
1715130 611
1715140 612
1715150 612
1715160 613
1715170 613
1715180 614
1715190 614
1715200 614
1715210 615
1715220 615
1715230 616
1715240 616
1715250 616
1715260 616
1715270 617
1715280 617
1715290 618
1715300 618
1715310 618
1715320 619
1715330 619
1715340 620
1715350 620
1715360 621
1715370 621
1715380 622
1715390 622
1715400 623
1715410 623
1715420 624
1715430 624
1715440 624
1715450 624
1715460 623
1715470 623
1715480 623
1715490 623
1715500 622
1715510 622
1715520 622
1715530 622
1715540 622
1715550 622
1715560 622
1715570 622
1715580 622
1715590 622
1715600 622
1715610 622
1715620 622
1715630 622
1715640 622
1715650 622
1715660 622
1715670 622
1715680 622
1715690 622
1715700 622
1715710 622
1715720 622
1715730 622
1715740 622
1715750 622
1715760 622
1715770 623
1715780 623
1715790 623
1715800 623
1715810 623
1715820 624
1715830 624
1715840 624
1715850 625
1715860 625
1715870 625
1715880 626
1715890 626
1715900 626
1715910 626
1715920 626
1715930 626
1715940 626
1715950 626
1715960 626
1715970 625
1715980 625
1715990 624
1716000 624
1716010 623
1716020 623
1716030 622
1716040 621
1716050 621
1716060 620
1716070 619
1716080 619
1716090 618
1716100 617
1716110 616
1716120 616
1716130 615
1716140 614
1716150 614
1716160 614
1716170 613
1716180 613
1716190 612
1716200 612
1716210 611
1716220 611
1716230 611
1716240 610
1716250 610
1716260 609
1716270 609
1716280 608
1716290 607
1716300 607
1716310 606
1716320 606
1716330 605
1716340 605
1716350 604
1716360 604
1716370 603
1716380 603
1716390 602
1716400 602
1716410 601
1716420 600
1716430 600
1716440 600
1716450 599
1716460 599
1716470 598
1716480 598
1716490 598
1716500 597
1716510 597
1716520 596
1716530 596
1716540 596
1716550 596
1716560 595
1716570 595
1716580 595
1716590 595
1716600 595
1716610 595
1716620 594
1716630 593
1716640 592
1716650 591
1716660 590
1716670 589
1716680 589
1716690 588
1716700 587
1716710 586
1716720 586
1716730 585
1716740 584
1716750 583
1716760 583
1716770 582
1716780 581
1716790 580
1716800 580
1716810 579
1716820 579
1716830 578
1716840 578
1716850 577
1716860 577
1716870 576
1716880 576
1716890 575
1716900 575
1716910 574
1716920 574
1716930 573
1716940 573
1716950 573
1716960 572
1716970 572
1716980 571
1716990 571
1717000 571
1717010 570
1717020 570
1717030 569
1717040 569
1717050 568
1717060 568
1717070 567
1717080 566
1717090 566
1717100 566
1717110 565
1717120 564
1717130 564
1717140 563
1717150 563
1717160 562
1717170 562
1717180 561
1717190 561
1717200 560
1717210 560
1717220 559
1717230 559
1717240 559
1717250 558
1717260 558
1717270 558
1717280 557
1717290 557
1717300 557
1717310 557
1717320 557
1717330 557
1717340 556
1717350 556
1717360 555
1717370 555
1717380 555
1717390 554
1717400 554
1717410 553
1717420 553
1717430 553
1717440 552
1717450 552
1717460 552
1717470 552
1717480 552
1717490 551
1717500 551
1717510 551
1717520 550
1717530 550
1717540 549
1717550 549
1717560 549
1717570 548
1717580 548
1717590 548
1717600 547
1717610 547
1717620 546
1717630 546
1717640 546
1717650 545
1717660 545
1717670 544
1717680 544
1717690 544
1717700 543
1717710 542
1717720 541
1717730 540
1717740 540
1717750 540
1717760 541
1717770 541
1717780 541
1717790 541
1717800 541
1717810 542
1717820 542
1717830 542
1717840 543
1717850 543
1717860 544
1717870 546
1717880 550
1717890 555
1717900 558
1717910 561
1717920 565
1717930 568
1717940 572
1717950 575
1717960 575
1717970 574
1717980 574
1717990 574
1718000 574
1718010 573
1718020 573
1718030 573
1718040 574
1718050 574
1718060 575
1718070 575
1718080 576
1718090 577
1718100 577
1718110 578
1718120 578
1718130 577
1718140 578
1718150 578
1718160 578
1718170 578
1718180 579
1718190 579
1718200 580
1718210 580
1718220 580
1718230 580
1718240 579
1718250 579
1718260 579
1718270 579
1718280 579
1718290 579
1718300 579
1718310 579
1718320 579
1718330 579
1718340 579
1718350 579
1718360 579
1718370 579
1718380 578
1718390 578
1718400 578
1718410 578
1718420 577
1718430 577
1718440 577
1718450 576
1718460 576
1718470 576
1718480 576
1718490 576
1718500 576
1718510 576
1718520 576
1718530 576
1718540 576
1718550 577
1718560 577
1718570 577
1718580 578
1718590 578
1718600 578
1718610 579
1718620 580
1718630 581
1718640 581
1718650 582
1718660 583
1718670 583
1718680 584
1718690 585
1718700 586
1718710 587
1718720 587
1718730 588
1718740 588
1718750 589
1718760 589
1718770 589
1718780 588
1718790 588
1718800 588
1718810 588
1718820 587
1718830 587
1718840 587
1718850 587
1718860 587
1718870 587
1718880 587
1718890 586
1718900 586
1718910 586
1718920 586
1718930 586
1718940 586
1718950 586
1718960 586
1718970 586
1718980 587
1718990 587
1719000 587
1719010 587
1719020 587
1719030 587
1719040 588
1719050 588
1719060 588
1719070 589
1719080 589
1719090 589
1719100 590
1719110 590
1719120 591
1719130 591
1719140 592
1719150 592
1719160 593
1719170 593
1719180 593
1719190 593
1719200 593
1719210 593
1719220 593
1719230 593
1719240 593
1719250 593
1719260 593
1719270 594
1719280 594
1719290 594
1719300 594
1719310 594
1719320 594
1719330 594
1719340 594
1719350 594
1719360 594
1719370 594
1719380 594
1719390 594
1719400 594
1719410 594
1719420 594
1719430 594
1719440 593
1719450 593
1719460 593
1719470 593
1719480 593
1719490 593
1719500 592
1719510 592
1719520 592
1719530 592
1719540 592
1719550 592
1719560 592
1719570 592
1719580 591
1719590 591
1719600 591
1719610 591
1719620 591
1719630 591
1719640 590
1719650 590
1719660 590
1719670 590
1719680 590
1719690 589
1719700 589
1719710 589
1719720 589
1719730 589
1719740 589
1719750 588
1719760 588
1719770 588
1719780 588
1719790 588
1719800 588
1719810 588
1719820 588
1719830 587
1719840 587
1719850 587
1719860 587
1719870 587
1719880 587
1719890 587
1719900 586
1719910 586
1719920 586
1719930 586
1719940 586
1719950 586
1719960 586
1719970 586
1719980 586
1719990 586
