1700000 696
1700010 696
1700020 696
1700030 695
1700040 695
1700050 695
1700060 696
1700070 697
1700080 697
1700090 697
1700100 698
1700110 698
1700120 699
1700130 699
1700140 699
1700150 700
1700160 700
1700170 701
1700180 701
1700190 702
1700200 703
1700210 703
1700220 704
1700230 704
1700240 705
1700250 706
1700260 706
1700270 707
1700280 708
1700290 708
1700300 709
1700310 710
1700320 711
1700330 711
1700340 712
1700350 713
1700360 714
1700370 715
1700380 716
1700390 717
1700400 718
1700410 719
1700420 720
1700430 721
1700440 722
1700450 723
1700460 724
1700470 725
1700480 727
1700490 728
1700500 729
1700510 730
1700520 731
1700530 732
1700540 734
1700550 735
1700560 736
1700570 738
1700580 739
1700590 740
1700600 741
1700610 742
1700620 743
1700630 744
1700640 745
1700650 745
1700660 746
1700670 746
1700680 746
1700690 746
1700700 746
1700710 746
1700720 746
1700730 746
1700740 746
1700750 746
1700760 746
1700770 746
1700780 746
1700790 746
1700800 745
1700810 745
1700820 744
1700830 744
1700840 744
1700850 745
1700860 745
1700870 745
1700880 745
1700890 746
1700900 746
1700910 746
1700920 746
1700930 746
1700940 746
1700950 746
1700960 746
1700970 746
1700980 745
1700990 745
1701000 744
1701010 744
1701020 743
1701030 743
1701040 742
1701050 742
1701060 742
1701070 741
1701080 741
1701090 740
1701100 740
1701110 740
1701120 740
1701130 740
1701140 740
1701150 740
1701160 740
1701170 740
1701180 741
1701190 741
1701200 741
1701210 741
1701220 741
1701230 741
1701240 741
1701250 741
1701260 741
1701270 740
1701280 740
1701290 739
1701300 739
1701310 739
1701320 739
1701330 738
1701340 738
1701350 738
1701360 738
1701370 738
1701380 738
1701390 738
1701400 738
1701410 738
1701420 738
1701430 739
1701440 739
1701450 740
1701460 741
1701470 741
1701480 742
1701490 743
1701500 743
1701510 744
1701520 744
1701530 745
1701540 746
1701550 747
1701560 748
1701570 748
1701580 748
1701590 748
1701600 748
1701610 748
1701620 749
1701630 749
1701640 749
1701650 750
1701660 750
1701670 749
1701680 749
1701690 748
1701700 747
1701710 747
1701720 746
1701730 746
1701740 746
1701750 745
1701760 745
1701770 744
1701780 744
1701790 744
1701800 744
1701810 744
1701820 744
1701830 744
1701840 744
1701850 744
1701860 744
1701870 744
1701880 744
1701890 744
1701900 744
1701910 744
1701920 744
1701930 743
1701940 743
1701950 743
1701960 743
1701970 742
1701980 742
1701990 742
1702000 742
1702010 742
1702020 742
1702030 741
1702040 741
1702050 740
1702060 740
1702070 739
1702080 738
1702090 737
1702100 735
1702110 734
1702120 732
1702130 730
1702140 728
1702150 726
1702160 724
1702170 722
1702180 721
1702190 719
1702200 717
1702210 716
1702220 714
1702230 713
1702240 711
1702250 710
1702260 708
1702270 707
1702280 705
1702290 704
1702300 702
1702310 701
1702320 699
1702330 697
1702340 694
1702350 692
1702360 689
1702370 686
1702380 684
1702390 682
1702400 681
1702410 680
1702420 679
1702430 678
1702440 677
1702450 676
1702460 676
1702470 675
1702480 674
1702490 673
1702500 672
1702510 672
1702520 671
1702530 671
1702540 671
1702550 671
1702560 671
1702570 670
1702580 670
1702590 669
1702600 668
1702610 667
1702620 667
1702630 666
1702640 665
1702650 664
1702660 664
1702670 663
1702680 663
1702690 662
1702700 663
1702710 664
1702720 666
1702730 666
1702740 667
1702750 668
1702760 669
1702770 669
1702780 670
1702790 671
1702800 671
1702810 671
1702820 672
1702830 672
1702840 672
1702850 672
1702860 672
1702870 672
1702880 672
1702890 672
1702900 672
1702910 672
1702920 671
1702930 671
1702940 671
1702950 671
1702960 671
1702970 671
1702980 671
1702990 671
1703000 670
1703010 670
1703020 670
1703030 670
1703040 670
1703050 669
1703060 669
1703070 669
1703080 668
1703090 668
1703100 668
1703110 667
1703120 667
1703130 667
1703140 666
1703150 666
1703160 665
1703170 665
1703180 665
1703190 664
1703200 664
1703210 663
1703220 663
1703230 663
1703240 662
1703250 662
1703260 662
1703270 662
1703280 661
1703290 661
1703300 661
1703310 661
1703320 661
1703330 661
1703340 660
1703350 660
1703360 660
1703370 660
1703380 660
1703390 661
1703400 661
1703410 661
1703420 661
1703430 661
1703440 661
1703450 661
1703460 662
1703470 662
1703480 662
1703490 662
1703500 662
1703510 662
1703520 662
1703530 662
1703540 663
1703550 663
1703560 663
1703570 663
1703580 663
1703590 663
1703600 663
1703610 663
1703620 663
1703630 664
1703640 664
1703650 664
1703660 664
1703670 665
1703680 665
1703690 665
1703700 665
1703710 666
1703720 666
1703730 665
1703740 665
1703750 665
1703760 665
1703770 665
1703780 665
1703790 664
1703800 664
1703810 663
1703820 663
1703830 662
1703840 662
1703850 661
1703860 661
1703870 660
1703880 660
1703890 659
1703900 659
1703910 658
1703920 657
1703930 657
1703940 656
1703950 655
1703960 654
1703970 654
1703980 653
1703990 653
1704000 652
1704010 652
1704020 651
1704030 650
1704040 650
1704050 649
1704060 648
1704070 648
1704080 647
1704090 647
1704100 646
1704110 646
1704120 646
1704130 645
1704140 645
1704150 645
1704160 645
1704170 644
1704180 645
1704190 645
1704200 645
1704210 645
1704220 645
1704230 646
1704240 646
1704250 645
1704260 644
1704270 644
1704280 643
1704290 642
1704300 642
1704310 641
1704320 641
1704330 640
1704340 639
1704350 639
1704360 637
1704370 636
1704380 634
1704390 632
1704400 629
1704410 627
1704420 624
1704430 622
1704440 619
1704450 617
1704460 615
1704470 613
1704480 611
1704490 609
1704500 607
1704510 605
1704520 603
1704530 601
1704540 600
1704550 600
1704560 601
1704570 603
1704580 605
1704590 605
1704600 603
1704610 601
1704620 599
1704630 598
1704640 597
1704650 597
1704660 597
1704670 596
1704680 596
1704690 595
1704700 594
1704710 594
1704720 594
1704730 594
1704740 594
1704750 595
1704760 596
1704770 598
1704780 599
1704790 600
1704800 601
1704810 604
1704820 606
1704830 607
1704840 608
1704850 609
1704860 609
1704870 611
1704880 612
1704890 612
1704900 612
1704910 611
1704920 609
1704930 607
1704940 605
1704950 604
1704960 603
1704970 603
1704980 602
1704990 600
1705000 599
1705010 598
1705020 596
1705030 594
1705040 592
1705050 590
1705060 588
1705070 586
1705080 584
1705090 584
1705100 582
1705110 579
1705120 577
1705130 576
1705140 574
1705150 572
1705160 572
1705170 571
1705180 571
1705190 571
1705200 570
1705210 570
1705220 570
1705230 570
1705240 569
1705250 572
1705260 576
1705270 581
1705280 584
1705290 586
1705300 587
1705310 588
1705320 589
1705330 590
1705340 590
1705350 591
1705360 592
1705370 593
1705380 593
1705390 594
1705400 595
1705410 595
1705420 596
1705430 596
1705440 597
1705450 597
1705460 598
1705470 598
1705480 599
1705490 599
1705500 599
1705510 599
1705520 598
1705530 598
1705540 598
1705550 598
1705560 598
1705570 598
1705580 599
1705590 599
1705600 599
1705610 600
1705620 601
1705630 602
1705640 604
1705650 606
1705660 608
1705670 610
1705680 612
1705690 614
1705700 616
1705710 618
1705720 620
1705730 622
1705740 624
1705750 626
1705760 627
1705770 629
1705780 631
1705790 633
1705800 634
1705810 636
1705820 638
1705830 640
1705840 642
1705850 644
1705860 646
1705870 648
1705880 651
1705890 653
1705900 654
1705910 656
1705920 657
1705930 659
1705940 661
1705950 663
1705960 664
1705970 665
1705980 665
1705990 665
1706000 665
1706010 665
1706020 665
1706030 665
1706040 664
1706050 664
1706060 664
1706070 663
1706080 663
1706090 662
1706100 662
1706110 662
1706120 662
1706130 661
1706140 660
1706150 660
1706160 659
1706170 659
1706180 659
1706190 659
1706200 659
1706210 660
1706220 660
1706230 660
1706240 661
1706250 662
1706260 663
1706270 664
1706280 665
1706290 665
1706300 665
1706310 665
1706320 664
1706330 663
1706340 662
1706350 660
1706360 657
1706370 654
1706380 651
1706390 649
1706400 646
1706410 643
1706420 641
1706430 638
1706440 635
1706450 632
1706460 630
1706470 627
1706480 625
1706490 622
1706500 620
1706510 618
1706520 616
1706530 614
1706540 612
1706550 611
1706560 609
1706570 608
1706580 607
1706590 605
1706600 603
1706610 602
1706620 601
1706630 600
1706640 600
1706650 600
1706660 601
1706670 602
1706680 603
1706690 604
1706700 605
1706710 606
1706720 606
1706730 607
1706740 608
1706750 610
1706760 611
1706770 613
1706780 615
1706790 616
1706800 618
1706810 619
1706820 620
1706830 622
1706840 623
1706850 625
1706860 627
1706870 629
1706880 631
1706890 633
1706900 636
1706910 638
1706920 640
1706930 642
1706940 644
1706950 646
1706960 649
1706970 651
1706980 653
1706990 654
1707000 656
1707010 658
1707020 659
1707030 661
1707040 662
1707050 663
1707060 664
1707070 665
1707080 665
1707090 666
1707100 666
1707110 667
1707120 668
1707130 668
1707140 669
1707150 669
1707160 670
1707170 670
1707180 670
1707190 670
1707200 670
1707210 670
1707220 671
1707230 671
1707240 672
1707250 672
1707260 672
1707270 672
1707280 672
1707290 672
1707300 672
1707310 673
1707320 673
1707330 673
1707340 674
1707350 674
1707360 674
1707370 675
1707380 675
1707390 676
1707400 677
1707410 678
1707420 679
1707430 680
1707440 681
1707450 682
1707460 683
1707470 684
1707480 684
1707490 684
1707500 685
1707510 685
1707520 685
1707530 685
1707540 684
1707550 684
1707560 684
1707570 684
1707580 684
1707590 684
1707600 684
1707610 684
1707620 684
1707630 684
1707640 683
1707650 683
1707660 683
1707670 683
1707680 682
1707690 682
1707700 682
1707710 681
1707720 681
1707730 680
1707740 680
1707750 680
1707760 679
1707770 679
1707780 678
1707790 678
1707800 678
1707810 677
1707820 677
1707830 676
1707840 676
1707850 676
1707860 675
1707870 675
1707880 675
1707890 674
1707900 674
1707910 674
1707920 674
1707930 673
1707940 673
1707950 673
1707960 673
1707970 672
1707980 672
1707990 672
1708000 671
1708010 671
1708020 671
1708030 670
1708040 670
1708050 670
1708060 669
1708070 669
1708080 669
1708090 668
1708100 668
1708110 667
1708120 667
1708130 667
1708140 666
1708150 665
1708160 665
1708170 664
1708180 664
1708190 663
1708200 663
1708210 663
1708220 662
1708230 661
1708240 661
1708250 660
1708260 660
1708270 660
1708280 659
1708290 658
1708300 658
1708310 657
1708320 657
1708330 656
1708340 655
1708350 654
1708360 654
1708370 654
1708380 653
1708390 653
1708400 652
1708410 651
1708420 651
1708430 651
1708440 650
1708450 650
1708460 649
1708470 649
1708480 648
1708490 648
1708500 647
1708510 647
1708520 646
1708530 646
1708540 646
1708550 645
1708560 645
1708570 645
1708580 644
1708590 644
1708600 643
1708610 643
1708620 643
1708630 642
1708640 642
1708650 642
1708660 641
1708670 641
1708680 641
1708690 641
1708700 640
1708710 640
1708720 640
1708730 640
1708740 640
1708750 639
1708760 639
1708770 639
1708780 638
1708790 638
1708800 638
1708810 637
1708820 637
1708830 636
1708840 636
1708850 636
1708860 636
1708870 635
1708880 635
1708890 634
1708900 634
1708910 634
1708920 633
1708930 633
1708940 633
1708950 632
1708960 632
1708970 632
1708980 631
1708990 631
1709000 631
1709010 630
1709020 630
1709030 630
1709040 629
1709050 629
1709060 628
1709070 628
1709080 628
1709090 627
1709100 627
1709110 627
1709120 627
1709130 627
1709140 626
1709150 626
1709160 626
1709170 626
1709180 625
1709190 625
1709200 625
1709210 624
1709220 624
1709230 624
1709240 624
1709250 623
1709260 623
1709270 623
1709280 622
1709290 622
1709300 622
1709310 621
1709320 621
1709330 620
1709340 619
1709350 618
1709360 617
1709370 615
1709380 614
1709390 614
1709400 615
1709410 616
1709420 616
1709430 616
1709440 615
1709450 615
1709460 614
1709470 613
1709480 612
1709490 611
1709500 610
1709510 609
1709520 607
1709530 606
1709540 605
1709550 604
1709560 603
1709570 603
1709580 603
1709590 602
1709600 602
1709610 601
1709620 601
1709630 601
1709640 600
1709650 599
1709660 598
1709670 598
1709680 597
1709690 596
1709700 596
1709710 596
1709720 596
1709730 596
1709740 596
1709750 596
1709760 596
1709770 596
1709780 595
1709790 595
1709800 595
1709810 596
1709820 597
1709830 600
1709840 602
1709850 605
1709860 607
1709870 610
1709880 612
1709890 615
1709900 617
1709910 619
1709920 622
1709930 625
1709940 627
1709950 629
1709960 630
1709970 631
1709980 632
1709990 632
1710000 633
1710010 633
1710020 634
1710030 634
1710040 634
1710050 634
1710060 634
1710070 634
1710080 634
1710090 634
1710100 634
1710110 634
1710120 634
1710130 634
1710140 634
1710150 634
1710160 634
1710170 633
1710180 633
1710190 633
1710200 633
1710210 633
1710220 632
1710230 632
1710240 632
1710250 632
1710260 632
1710270 632
1710280 632
1710290 632
1710300 632
1710310 633
1710320 633
1710330 634
1710340 634
1710350 635
1710360 635
1710370 636
1710380 636
1710390 637
1710400 638
1710410 638
1710420 639
1710430 639
1710440 640
1710450 641
1710460 641
1710470 642
1710480 642
1710490 643
1710500 644
1710510 644
1710520 645
1710530 646
1710540 647
1710550 647
1710560 648
1710570 649
1710580 649
1710590 650
1710600 651
1710610 651
1710620 652
1710630 653
1710640 654
1710650 654
1710660 655
1710670 656
1710680 657
1710690 658
1710700 658
1710710 659
1710720 659
1710730 660
1710740 661
1710750 661
1710760 662
1710770 663
1710780 664
1710790 665
1710800 666
1710810 666
1710820 667
1710830 668
1710840 669
1710850 669
1710860 670
1710870 671
1710880 671
1710890 672
1710900 672
1710910 673
1710920 674
1710930 674
1710940 674
1710950 675
1710960 675
1710970 676
1710980 676
1710990 676
1711000 676
1711010 676
1711020 676
1711030 677
1711040 677
1711050 677
1711060 677
1711070 677
1711080 677
1711090 677
1711100 678
1711110 678
1711120 678
1711130 678
1711140 679
1711150 679
1711160 679
1711170 680
1711180 680
1711190 680
1711200 681
1711210 681
1711220 681
1711230 681
1711240 682
1711250 682
1711260 682
1711270 683
1711280 683
1711290 683
1711300 683
1711310 684
1711320 684
1711330 684
1711340 684
1711350 684
1711360 683
1711370 683
1711380 683
1711390 683
1711400 683
1711410 683
1711420 682
1711430 682
1711440 682
1711450 682
1711460 681
1711470 681
1711480 681
1711490 680
1711500 680
1711510 679
1711520 679
1711530 679
1711540 678
1711550 677
1711560 677
1711570 676
1711580 676
1711590 676
1711600 675
1711610 674
1711620 674
1711630 673
1711640 673
1711650 673
1711660 673
1711670 672
1711680 672
1711690 671
1711700 671
1711710 671
1711720 670
1711730 670
1711740 670
1711750 670
1711760 669
1711770 669
1711780 669
1711790 668
1711800 668
1711810 668
1711820 668
1711830 668
1711840 668
1711850 667
1711860 667
1711870 667
1711880 667
1711890 667
1711900 667
1711910 667
1711920 667
1711930 667
1711940 667
1711950 667
1711960 667
1711970 667
1711980 667
1711990 667
1712000 667
1712010 667
1712020 667
1712030 667
1712040 667
1712050 667
1712060 667
1712070 667
1712080 667
1712090 667
1712100 667
1712110 667
1712120 667
1712130 667
1712140 667
1712150 667
1712160 667
1712170 667
1712180 667
1712190 667
1712200 667
1712210 667
1712220 667
1712230 667
1712240 667
1712250 667
1712260 667
1712270 667
1712280 667
1712290 667
1712300 667
1712310 667
1712320 667
1712330 667
1712340 667
1712350 667
1712360 667
1712370 667
1712380 667
1712390 667
1712400 667
1712410 667
1712420 667
1712430 667
1712440 667
1712450 667
1712460 667
1712470 667
1712480 668
1712490 668
1712500 668
1712510 668
1712520 668
1712530 668
1712540 668
1712550 668
1712560 668
1712570 668
1712580 668
1712590 668
1712600 668
1712610 668
1712620 668
1712630 669
1712640 669
1712650 669
1712660 668
1712670 668
1712680 668
1712690 668
1712700 668
1712710 668
1712720 668
1712730 668
1712740 668
1712750 668
1712760 668
1712770 668
1712780 668
1712790 668
1712800 667
1712810 667
1712820 667
1712830 667
1712840 667
1712850 666
1712860 666
1712870 666
1712880 666
1712890 666
1712900 666
1712910 666
1712920 666
1712930 665
1712940 665
1712950 665
1712960 665
1712970 665
1712980 664
1712990 664
1713000 664
1713010 664
1713020 663
1713030 663
1713040 663
1713050 663
1713060 662
1713070 662
1713080 662
1713090 662
1713100 662
1713110 661
1713120 661
1713130 661
1713140 661
1713150 660
1713160 660
1713170 660
1713180 659
1713190 659
1713200 658
1713210 657
1713220 656
1713230 656
1713240 655
1713250 655
1713260 654
1713270 654
1713280 653
1713290 652
1713300 651
1713310 650
1713320 650
1713330 648
1713340 647
1713350 647
1713360 646
1713370 646
1713380 645
1713390 645
1713400 645
1713410 644
1713420 644
1713430 643
1713440 643
1713450 642
1713460 642
1713470 641
1713480 641
1713490 640
1713500 640
1713510 640
1713520 640
1713530 639
1713540 639
1713550 639
1713560 638
1713570 637
1713580 636
1713590 636
1713600 635
1713610 634
1713620 633
1713630 633
1713640 632
1713650 631
1713660 631
1713670 630
1713680 630
1713690 629
1713700 629
1713710 629
1713720 628
1713730 628
1713740 628
1713750 627
1713760 627
1713770 627
1713780 627
1713790 626
1713800 626
1713810 626
1713820 626
1713830 626
1713840 625
1713850 625
1713860 624
1713870 624
1713880 623
1713890 623
1713900 623
1713910 622
1713920 622
1713930 622
1713940 621
1713950 621
1713960 620
1713970 619
1713980 619
1713990 618
1714000 618
1714010 617
1714020 617
1714030 616
1714040 616
1714050 615
1714060 614
1714070 614
1714080 613
1714090 613
1714100 612
1714110 611
1714120 611
1714130 610
1714140 609
1714150 608
1714160 607
1714170 607
1714180 606
1714190 605
1714200 604
1714210 604
1714220 602
1714230 601
1714240 600
1714250 599
1714260 599
1714270 598
1714280 597
1714290 596
1714300 596
1714310 595
1714320 595
1714330 594
1714340 594
1714350 593
1714360 593
1714370 592
1714380 592
1714390 591
1714400 591
1714410 590
1714420 590
1714430 589
1714440 589
1714450 588
1714460 588
1714470 588
1714480 587
1714490 587
1714500 587
1714510 587
1714520 586
1714530 586
1714540 586
1714550 586
1714560 586
1714570 585
1714580 584
1714590 583
1714600 582
1714610 582
1714620 582
1714630 581
1714640 582
1714650 582
1714660 582
1714670 582
1714680 581
1714690 581
1714700 580
1714710 580
1714720 579
1714730 579
1714740 581
1714750 582
1714760 583
1714770 586
1714780 588
1714790 589
1714800 590
1714810 590
1714820 591
1714830 591
1714840 592
1714850 593
1714860 593
1714870 594
1714880 595
1714890 596
1714900 596
1714910 597
1714920 598
1714930 598
1714940 599
1714950 600
1714960 600
1714970 601
1714980 602
1714990 603
1715000 603
1715010 604
1715020 605
1715030 606
1715040 607
1715050 608
1715060 608
1715070 609
1715080 609
1715090 610
1715100 610
1715110 611
1715120 612
1715130 613
1715140 614
1715150 615
1715160 616
1715170 617
1715180 618
1715190 618
1715200 619
1715210 620
1715220 620
1715230 621
1715240 621
1715250 622
1715260 622
1715270 622
1715280 623
1715290 623
1715300 623
1715310 623
1715320 623
1715330 623
1715340 624
1715350 624
1715360 624
1715370 624
1715380 624
1715390 625
1715400 625
1715410 626
1715420 627
1715430 627
1715440 628
1715450 628
1715460 628
1715470 629
1715480 629
1715490 629
1715500 630
1715510 630
1715520 630
1715530 630
1715540 630
1715550 631
1715560 631
1715570 631
1715580 631
1715590 632
1715600 632
1715610 632
1715620 632
1715630 632
1715640 633
1715650 633
1715660 633
1715670 633
1715680 633
1715690 634
1715700 634
1715710 634
1715720 633
1715730 633
1715740 633
1715750 633
1715760 633
1715770 633
1715780 632
1715790 632
1715800 632
1715810 632
1715820 631
1715830 630
1715840 630
1715850 629
1715860 629
1715870 628
1715880 628
1715890 627
1715900 626
1715910 626
1715920 625
1715930 625
1715940 624
1715950 624
1715960 623
1715970 622
1715980 621
1715990 621
1716000 620
1716010 620
1716020 619
1716030 618
1716040 618
1716050 617
1716060 616
1716070 615
1716080 614
1716090 613
1716100 613
1716110 612
1716120 611
1716130 610
1716140 609
1716150 608
1716160 607
1716170 607
1716180 606
1716190 605
1716200 604
1716210 604
1716220 603
1716230 602
1716240 602
1716250 601
1716260 601
1716270 600
1716280 599
1716290 598
1716300 597
1716310 596
1716320 595
1716330 594
1716340 593
1716350 593
1716360 592
1716370 591
1716380 591
1716390 590
1716400 589
1716410 589
1716420 588
1716430 588
1716440 587
1716450 586
1716460 586
1716470 585
1716480 585
1716490 584
1716500 584
1716510 583
1716520 583
1716530 582
1716540 581
1716550 581
1716560 580
1716570 580
1716580 579
1716590 579
1716600 578
1716610 578
1716620 577
1716630 577
1716640 576
1716650 576
1716660 575
1716670 575
1716680 574
1716690 574
1716700 574
1716710 573
1716720 573
1716730 573
1716740 572
1716750 572
1716760 572
1716770 571
1716780 571
1716790 569
1716800 568
1716810 567
1716820 566
1716830 566
1716840 565
1716850 565
1716860 564
1716870 564
1716880 564
1716890 563
1716900 563
1716910 562
1716920 562
1716930 562
1716940 562
1716950 562
1716960 562
1716970 562
1716980 561
1716990 561
1717000 560
1717010 560
1717020 560
1717030 559
1717040 559
1717050 559
1717060 558
1717070 558
1717080 558
1717090 558
1717100 558
1717110 557
1717120 557
1717130 557
1717140 556
1717150 556
1717160 556
1717170 556
1717180 555
1717190 555
1717200 555
1717210 555
1717220 555
1717230 555
1717240 555
1717250 554
1717260 554
1717270 554
1717280 554
1717290 554
1717300 554
1717310 553
1717320 553
1717330 553
1717340 553
1717350 553
1717360 553
1717370 553
1717380 553
1717390 553
1717400 553
1717410 553
1717420 553
1717430 552
1717440 552
1717450 552
1717460 552
1717470 552
1717480 552
1717490 552
1717500 552
1717510 552
1717520 552
1717530 552
1717540 552
1717550 552
1717560 552
1717570 552
1717580 551
1717590 551
1717600 550
1717610 549
1717620 548
1717630 547
1717640 547
1717650 546
1717660 545
1717670 544
1717680 543
1717690 542
1717700 541
1717710 540
1717720 540
1717730 539
1717740 539
1717750 539
1717760 538
1717770 539
1717780 540
1717790 542
1717800 546
1717810 549
1717820 553
1717830 556
1717840 559
1717850 562
1717860 565
1717870 568
1717880 570
1717890 572
1717900 574
1717910 576
1717920 578
1717930 580
1717940 581
1717950 583
1717960 584
1717970 585
1717980 586
1717990 586
1718000 585
1718010 584
1718020 583
1718030 582
1718040 582
1718050 581
1718060 580
1718070 580
1718080 579
1718090 578
1718100 578
1718110 577
1718120 576
1718130 576
1718140 576
1718150 575
1718160 575
1718170 575
1718180 574
1718190 574
1718200 574
1718210 573
1718220 573
1718230 573
1718240 573
1718250 573
1718260 572
1718270 572
1718280 572
1718290 572
1718300 571
1718310 571
1718320 571
1718330 571
1718340 571
1718350 571
1718360 571
1718370 571
1718380 570
1718390 570
1718400 570
1718410 570
1718420 570
1718430 570
1718440 570
1718450 569
1718460 569
1718470 569
1718480 569
1718490 569
1718500 569
1718510 569
1718520 569
1718530 569
1718540 570
1718550 570
1718560 570
1718570 570
1718580 571
1718590 571
1718600 572
1718610 572
1718620 573
1718630 573
1718640 573
1718650 574
1718660 575
1718670 576
1718680 576
1718690 577
1718700 578
1718710 579
1718720 579
1718730 580
1718740 580
1718750 581
1718760 582
1718770 582
1718780 582
1718790 583
1718800 583
1718810 582
1718820 582
1718830 582
1718840 582
1718850 582
1718860 581
1718870 581
1718880 581
1718890 581
1718900 580
1718910 580
1718920 580
1718930 580
1718940 581
1718950 581
1718960 581
1718970 581
1718980 581
1718990 581
1719000 581
1719010 581
1719020 581
1719030 582
1719040 582
1719050 582
1719060 582
1719070 583
1719080 583
1719090 583
1719100 583
1719110 584
1719120 584
1719130 584
1719140 584
1719150 585
1719160 585
1719170 585
1719180 585
1719190 585
1719200 585
1719210 586
1719220 586
1719230 586
1719240 586
1719250 586
1719260 586
1719270 586
1719280 586
1719290 586
1719300 586
1719310 586
1719320 586
1719330 587
1719340 587
1719350 587
1719360 587
1719370 587
1719380 587
1719390 587
1719400 587
1719410 587
1719420 587
1719430 587
1719440 587
1719450 587
1719460 587
1719470 587
1719480 587
1719490 587
1719500 587
1719510 587
1719520 587
1719530 587
1719540 587
1719550 587
1719560 586
1719570 586
1719580 586
1719590 586
1719600 586
1719610 586
1719620 586
1719630 585
1719640 585
1719650 585
1719660 585
1719670 585
1719680 585
1719690 585
1719700 585
1719710 585
1719720 584
1719730 584
1719740 584
1719750 584
1719760 584
1719770 584
1719780 584
1719790 584
1719800 584
1719810 584
1719820 584
1719830 584
1719840 584
1719850 584
1719860 584
1719870 584
1719880 583
1719890 583
1719900 583
1719910 583
1719920 583
1719930 583
1719940 582
1719950 582
1719960 582
1719970 582
1719980 582
1719990 582
