1700000 591
1700010 590
1700020 589
1700030 589
1700040 589
1700050 588
1700060 588
1700070 588
1700080 587
1700090 587
1700100 587
1700110 586
1700120 586
1700130 586
1700140 585
1700150 584
1700160 583
1700170 582
1700180 580
1700190 580
1700200 580
1700210 580
1700220 579
1700230 579
1700240 579
1700250 578
1700260 578
1700270 578
1700280 578
1700290 578
1700300 578
1700310 578
1700320 577
1700330 577
1700340 577
1700350 577
1700360 577
1700370 577
1700380 577
1700390 577
1700400 577
1700410 577
1700420 577
1700430 577
1700440 577
1700450 577
1700460 576
1700470 576
1700480 576
1700490 576
1700500 576
1700510 576
1700520 576
1700530 576
1700540 576
1700550 576
1700560 575
1700570 574
1700580 575
1700590 576
1700600 576
1700610 576
1700620 577
1700630 577
1700640 577
1700650 578
1700660 578
1700670 579
1700680 579
1700690 580
1700700 580
1700710 581
1700720 581
1700730 581
1700740 582
1700750 582
1700760 582
1700770 583
1700780 583
1700790 583
1700800 583
1700810 584
1700820 584
1700830 584
1700840 585
1700850 585
1700860 586
1700870 586
1700880 587
1700890 588
1700900 588
1700910 589
1700920 589
1700930 590
1700940 590
1700950 591
1700960 591
1700970 592
1700980 592
1700990 593
1701000 593
1701010 594
1701020 595
1701030 596
1701040 597
1701050 597
1701060 597
1701070 598
1701080 598
1701090 598
1701100 598
1701110 598
1701120 598
1701130 598
1701140 598
1701150 598
1701160 597
1701170 598
1701180 598
1701190 597
1701200 597
1701210 597
1701220 596
1701230 596
1701240 596
1701250 595
1701260 595
1701270 594
1701280 594
1701290 593
1701300 591
1701310 590
1701320 590
1701330 589
1701340 589
1701350 588
1701360 587
1701370 587
1701380 587
1701390 588
1701400 589
1701410 590
1701420 591
1701430 592
1701440 592
1701450 593
1701460 593
1701470 594
1701480 595
1701490 595
1701500 596
1701510 597
1701520 597
1701530 598
1701540 599
1701550 599
1701560 600
1701570 600
1701580 601
1701590 602
1701600 602
1701610 603
1701620 604
1701630 604
1701640 605
1701650 606
1701660 606
1701670 607
1701680 608
1701690 609
1701700 609
1701710 610
1701720 611
1701730 612
1701740 613
1701750 614
1701760 614
1701770 615
1701780 617
1701790 618
1701800 619
1701810 619
1701820 618
1701830 618
1701840 617
1701850 617
1701860 616
1701870 615
1701880 614
1701890 613
1701900 612
1701910 611
1701920 610
1701930 609
1701940 608
1701950 607
1701960 606
1701970 605
1701980 604
1701990 602
1702000 601
1702010 600
1702020 600
1702030 599
1702040 598
1702050 598
1702060 598
1702070 597
1702080 597
1702090 596
1702100 595
1702110 594
1702120 593
1702130 592
1702140 592
1702150 591
1702160 590
1702170 590
1702180 589
1702190 588
1702200 588
1702210 587
1702220 586
1702230 585
1702240 584
1702250 583
1702260 581
1702270 580
1702280 579
1702290 578
1702300 577
1702310 577
1702320 576
1702330 576
1702340 576
1702350 576
1702360 576
1702370 577
1702380 578
1702390 579
1702400 582
1702410 585
1702420 588
1702430 590
1702440 591
1702450 592
1702460 593
1702470 594
1702480 595
1702490 595
1702500 596
1702510 596
1702520 597
1702530 597
1702540 598
1702550 598
1702560 599
1702570 600
1702580 600
1702590 601
1702600 602
1702610 602
1702620 603
1702630 604
1702640 605
1702650 606
1702660 607
1702670 608
1702680 608
1702690 608
1702700 608
1702710 607
1702720 607
1702730 607
1702740 607
1702750 607
1702760 606
1702770 606
1702780 606
1702790 606
1702800 606
1702810 606
1702820 606
1702830 605
1702840 605
1702850 605
1702860 605
1702870 605
1702880 604
1702890 604
1702900 604
1702910 604
1702920 603
1702930 603
1702940 603
1702950 603
1702960 602
1702970 602
1702980 602
1702990 602
1703000 601
1703010 601
1703020 601
1703030 601
1703040 600
1703050 600
1703060 599
1703070 599
1703080 599
1703090 598
1703100 598
1703110 598
1703120 597
1703130 597
1703140 596
1703150 596
1703160 596
1703170 595
1703180 595
1703190 595
1703200 594
1703210 594
1703220 594
1703230 593
1703240 593
1703250 593
1703260 592
1703270 592
1703280 592
1703290 591
1703300 591
1703310 591
1703320 590
1703330 590
1703340 589
1703350 589
1703360 588
1703370 588
1703380 587
1703390 587
1703400 586
1703410 586
1703420 585
1703430 585
1703440 584
1703450 583
1703460 582
1703470 582
1703480 581
1703490 580
1703500 580
1703510 579
1703520 578
1703530 576
1703540 575
1703550 574
1703560 573
1703570 572
1703580 572
1703590 571
1703600 572
1703610 572
1703620 574
1703630 575
1703640 576
1703650 577
1703660 579
1703670 581
1703680 583
1703690 585
1703700 586
1703710 588
1703720 590
1703730 591
1703740 593
1703750 595
1703760 597
1703770 599
1703780 600
1703790 602
1703800 604
1703810 606
1703820 607
1703830 609
1703840 610
1703850 611
1703860 612
1703870 612
1703880 612
1703890 612
1703900 612
1703910 612
1703920 612
1703930 612
1703940 612
1703950 611
1703960 611
1703970 611
1703980 610
1703990 610
1704000 610
1704010 609
1704020 609
1704030 609
1704040 608
1704050 608
1704060 607
1704070 607
1704080 606
1704090 606
1704100 605
1704110 605
1704120 605
1704130 604
1704140 604
1704150 603
1704160 602
1704170 601
1704180 600
1704190 599
1704200 598
1704210 597
1704220 596
1704230 596
1704240 596
1704250 597
1704260 599
1704270 601
1704280 604
1704290 606
1704300 608
1704310 609
1704320 610
1704330 611
1704340 612
1704350 612
1704360 612
1704370 612
1704380 614
1704390 617
1704400 618
1704410 619
1704420 619
1704430 620
1704440 621
1704450 621
1704460 622
1704470 623
1704480 623
1704490 624
1704500 625
1704510 625
1704520 625
1704530 626
1704540 626
1704550 626
1704560 625
1704570 625
1704580 625
1704590 625
1704600 624
1704610 624
1704620 624
1704630 624
1704640 624
1704650 624
1704660 624
1704670 624
1704680 623
1704690 623
1704700 623
1704710 623
1704720 623
1704730 623
1704740 623
1704750 623
1704760 622
1704770 622
1704780 622
1704790 622
1704800 622
1704810 622
1704820 622
1704830 621
1704840 621
1704850 621
1704860 621
1704870 621
1704880 621
1704890 621
1704900 620
1704910 620
1704920 620
1704930 620
1704940 619
1704950 619
1704960 618
1704970 618
1704980 618
1704990 617
1705000 616
1705010 616
1705020 615
1705030 615
1705040 614
1705050 613
1705060 613
1705070 612
1705080 612
1705090 611
1705100 610
1705110 609
1705120 608
1705130 607
1705140 607
1705150 606
1705160 606
1705170 606
1705180 606
1705190 606
1705200 607
1705210 607
1705220 608
1705230 608
1705240 608
1705250 608
1705260 608
1705270 608
1705280 609
1705290 610
1705300 610
1705310 610
1705320 610
1705330 611
1705340 611
1705350 612
1705360 612
1705370 613
1705380 613
1705390 614
1705400 615
1705410 615
1705420 616
1705430 616
1705440 616
1705450 616
1705460 616
1705470 615
1705480 615
1705490 615
1705500 614
1705510 613
1705520 612
1705530 610
1705540 607
1705550 604
1705560 600
1705570 597
1705580 593
1705590 590
1705600 586
1705610 583
1705620 579
1705630 576
1705640 573
1705650 570
1705660 567
1705670 564
1705680 562
1705690 560
1705700 557
1705710 555
1705720 553
1705730 550
1705740 548
1705750 545
1705760 542
1705770 540
1705780 538
1705790 537
1705800 537
1705810 537
1705820 537
1705830 537
1705840 537
1705850 537
1705860 537
1705870 537
1705880 536
1705890 536
1705900 536
1705910 536
1705920 536
1705930 536
1705940 535
1705950 536
1705960 537
1705970 538
1705980 542
1705990 546
1706000 550
1706010 554
1706020 558
1706030 562
1706040 566
1706050 569
1706060 573
1706070 576
1706080 580
1706090 583
1706100 587
1706110 590
1706120 593
1706130 596
1706140 599
1706150 602
1706160 605
1706170 608
1706180 611
1706190 613
1706200 616
1706210 619
1706220 621
1706230 623
1706240 625
1706250 628
1706260 630
1706270 632
1706280 634
1706290 635
1706300 636
1706310 637
1706320 638
1706330 639
1706340 639
1706350 640
1706360 639
1706370 638
1706380 637
1706390 637
1706400 636
1706410 635
1706420 634
1706430 633
1706440 632
1706450 632
1706460 631
1706470 630
1706480 630
1706490 629
1706500 628
1706510 628
1706520 627
1706530 626
1706540 625
1706550 624
1706560 624
1706570 623
1706580 623
1706590 623
1706600 623
1706610 623
1706620 624
1706630 624
1706640 625
1706650 625
1706660 625
1706670 626
1706680 626
1706690 626
1706700 627
1706710 627
1706720 628
1706730 629
1706740 629
1706750 630
1706760 631
1706770 632
1706780 633
1706790 633
1706800 634
1706810 635
1706820 636
1706830 638
1706840 639
1706850 640
1706860 642
1706870 643
1706880 644
1706890 646
1706900 647
1706910 648
1706920 650
1706930 651
1706940 652
1706950 653
1706960 654
1706970 655
1706980 655
1706990 656
1707000 657
1707010 657
1707020 658
1707030 659
1707040 659
1707050 660
1707060 661
1707070 662
1707080 663
1707090 664
1707100 664
1707110 664
1707120 664
1707130 664
1707140 664
1707150 664
1707160 664
1707170 665
1707180 665
1707190 665
1707200 665
1707210 665
1707220 664
1707230 664
1707240 663
1707250 663
1707260 663
1707270 662
1707280 662
1707290 661
1707300 661
1707310 660
1707320 659
1707330 659
1707340 658
1707350 658
1707360 658
1707370 658
1707380 657
1707390 657
1707400 657
1707410 657
1707420 657
1707430 657
1707440 657
1707450 657
1707460 657
1707470 656
1707480 656
1707490 656
1707500 656
1707510 656
1707520 656
1707530 656
1707540 656
1707550 656
1707560 656
1707570 656
1707580 656
1707590 656
1707600 656
1707610 656
1707620 655
1707630 655
1707640 655
1707650 655
1707660 655
1707670 655
1707680 655
1707690 655
1707700 655
1707710 654
1707720 654
1707730 654
1707740 654
1707750 653
1707760 653
1707770 653
1707780 653
1707790 653
1707800 652
1707810 652
1707820 651
1707830 651
1707840 651
1707850 650
1707860 650
1707870 649
1707880 649
1707890 648
1707900 648
1707910 647
1707920 647
1707930 646
1707940 646
1707950 645
1707960 645
1707970 644
1707980 644
1707990 643
1708000 642
1708010 642
1708020 641
1708030 641
1708040 640
1708050 640
1708060 639
1708070 639
1708080 638
1708090 638
1708100 637
1708110 636
1708120 636
1708130 636
1708140 635
1708150 635
1708160 634
1708170 634
1708180 633
1708190 633
1708200 632
1708210 632
1708220 631
1708230 631
1708240 630
1708250 630
1708260 629
1708270 629
1708280 629
1708290 628
1708300 628
1708310 628
1708320 628
1708330 627
1708340 627
1708350 626
1708360 626
1708370 625
1708380 624
1708390 623
1708400 623
1708410 623
1708420 622
1708430 622
1708440 621
1708450 621
1708460 620
1708470 619
1708480 619
1708490 619
1708500 618
1708510 618
1708520 618
1708530 618
1708540 618
1708550 617
1708560 616
1708570 615
1708580 614
1708590 614
1708600 613
1708610 612
1708620 612
1708630 611
1708640 611
1708650 611
1708660 610
1708670 610
1708680 610
1708690 609
1708700 609
1708710 609
1708720 608
1708730 608
1708740 608
1708750 608
1708760 607
1708770 607
1708780 607
1708790 607
1708800 607
1708810 606
1708820 606
1708830 606
1708840 605
1708850 605
1708860 605
1708870 605
1708880 604
1708890 604
1708900 604
1708910 604
1708920 604
1708930 604
1708940 604
1708950 604
1708960 604
1708970 604
1708980 604
1708990 604
1709000 604
1709010 604
1709020 604
1709030 604
1709040 604
1709050 604
1709060 604
1709070 604
1709080 604
1709090 604
1709100 604
1709110 604
1709120 604
1709130 604
1709140 605
1709150 605
1709160 605
1709170 606
1709180 606
1709190 606
1709200 606
1709210 606
1709220 607
1709230 607
1709240 607
1709250 608
1709260 608
1709270 608
1709280 608
1709290 608
1709300 608
1709310 608
1709320 608
1709330 608
1709340 608
1709350 609
1709360 609
1709370 609
1709380 609
1709390 609
1709400 609
1709410 609
1709420 609
1709430 609
1709440 609
1709450 609
1709460 609
1709470 609
1709480 609
1709490 609
1709500 609
1709510 609
1709520 609
1709530 609
1709540 609
1709550 609
1709560 609
1709570 609
1709580 609
1709590 609
1709600 609
1709610 609
1709620 609
1709630 609
1709640 610
1709650 610
1709660 610
1709670 610
1709680 610
1709690 610
1709700 610
1709710 609
1709720 609
1709730 609
1709740 609
1709750 609
1709760 608
1709770 608
1709780 608
1709790 608
1709800 608
1709810 608
1709820 607
1709830 607
1709840 607
1709850 607
1709860 607
1709870 607
1709880 607
1709890 607
1709900 606
1709910 606
1709920 606
1709930 605
1709940 605
1709950 605
1709960 605
1709970 605
1709980 605
1709990 605
1710000 605
1710010 605
1710020 605
1710030 605
1710040 605
1710050 605
1710060 604
1710070 604
1710080 604
1710090 604
1710100 604
1710110 604
1710120 604
1710130 604
1710140 604
1710150 604
1710160 603
1710170 603
1710180 603
1710190 603
1710200 603
1710210 603
1710220 603
1710230 602
1710240 602
1710250 602
1710260 602
1710270 602
1710280 601
1710290 601
1710300 601
1710310 601
1710320 601
1710330 601
1710340 600
1710350 600
1710360 600
1710370 600
1710380 599
1710390 599
1710400 599
1710410 598
1710420 598
1710430 598
1710440 598
1710450 597
1710460 597
1710470 597
1710480 597
1710490 596
1710500 596
1710510 596
1710520 596
1710530 595
1710540 595
1710550 594
1710560 594
1710570 594
1710580 593
1710590 593
1710600 592
1710610 591
1710620 591
1710630 590
1710640 589
1710650 589
1710660 589
1710670 589
1710680 588
1710690 588
1710700 587
1710710 587
1710720 586
1710730 586
1710740 585
1710750 585
1710760 584
1710770 584
1710780 583
1710790 583
1710800 582
1710810 582
1710820 581
1710830 581
1710840 580
1710850 580
1710860 579
1710870 579
1710880 578
1710890 578
1710900 577
1710910 577
1710920 576
1710930 576
1710940 575
1710950 575
1710960 574
1710970 574
1710980 573
1710990 573
1711000 572
1711010 571
1711020 571
1711030 570
1711040 570
1711050 569
1711060 569
1711070 568
1711080 568
1711090 567
1711100 567
1711110 566
1711120 565
1711130 565
1711140 564
1711150 564
1711160 564
1711170 564
1711180 563
1711190 563
1711200 562
1711210 561
1711220 560
1711230 560
1711240 561
1711250 561
1711260 561
1711270 561
1711280 561
1711290 562
1711300 564
1711310 565
1711320 566
1711330 567
1711340 568
1711350 569
1711360 570
1711370 570
1711380 571
1711390 571
1711400 571
1711410 571
1711420 572
1711430 572
1711440 573
1711450 574
1711460 574
1711470 576
1711480 577
1711490 578
1711500 578
1711510 579
1711520 580
1711530 581
1711540 581
1711550 582
1711560 583
1711570 583
1711580 584
1711590 584
1711600 585
1711610 585
1711620 585
1711630 586
1711640 586
1711650 587
1711660 587
1711670 588
1711680 589
1711690 590
1711700 590
1711710 591
1711720 592
1711730 593
1711740 594
1711750 595
1711760 596
1711770 596
1711780 597
1711790 598
1711800 599
1711810 600
1711820 601
1711830 602
1711840 603
1711850 604
1711860 605
1711870 606
1711880 607
1711890 608
1711900 609
1711910 610
1711920 611
1711930 612
1711940 613
1711950 614
1711960 615
1711970 616
1711980 617
1711990 618
1712000 619
1712010 620
1712020 621
1712030 622
1712040 623
1712050 624
1712060 625
1712070 625
1712080 626
1712090 627
1712100 628
1712110 629
1712120 629
1712130 630
1712140 631
1712150 632
1712160 633
1712170 634
1712180 635
1712190 636
1712200 637
1712210 638
1712220 638
1712230 639
1712240 640
1712250 641
1712260 641
1712270 642
1712280 643
1712290 643
1712300 644
1712310 645
1712320 646
1712330 647
1712340 647
1712350 648
1712360 649
1712370 650
1712380 651
1712390 651
1712400 652
1712410 652
1712420 653
1712430 653
1712440 653
1712450 654
1712460 654
1712470 654
1712480 654
1712490 654
1712500 654
1712510 654
1712520 654
1712530 654
1712540 653
1712550 653
1712560 653
1712570 653
1712580 652
1712590 652
1712600 652
1712610 652
1712620 651
1712630 651
1712640 651
1712650 651
1712660 651
1712670 650
1712680 650
1712690 650
1712700 650
1712710 650
1712720 649
1712730 649
1712740 649
1712750 649
1712760 649
1712770 649
1712780 648
1712790 648
1712800 648
1712810 648
1712820 648
1712830 648
1712840 648
1712850 648
1712860 648
1712870 648
1712880 648
1712890 648
1712900 648
1712910 648
1712920 648
1712930 648
1712940 648
1712950 648
1712960 648
1712970 648
1712980 648
1712990 648
1713000 648
1713010 648
1713020 648
1713030 648
1713040 649
1713050 649
1713060 649
1713070 649
1713080 649
1713090 649
1713100 649
1713110 649
1713120 649
1713130 649
1713140 648
1713150 648
1713160 647
1713170 647
1713180 647
1713190 646
1713200 646
1713210 646
1713220 645
1713230 645
1713240 644
1713250 644
1713260 643
1713270 642
1713280 641
1713290 640
1713300 639
1713310 639
1713320 638
1713330 637
1713340 636
1713350 635
1713360 634
1713370 633
1713380 632
1713390 631
1713400 630
1713410 629
1713420 628
1713430 627
1713440 625
1713450 624
1713460 623
1713470 622
1713480 621
1713490 620
1713500 619
1713510 619
1713520 618
1713530 618
1713540 618
1713550 617
1713560 616
1713570 615
1713580 614
1713590 613
1713600 611
1713610 610
1713620 609
1713630 607
1713640 605
1713650 603
1713660 603
1713670 604
1713680 605
1713690 605
1713700 605
1713710 604
1713720 604
1713730 603
1713740 602
1713750 601
1713760 601
1713770 600
1713780 599
1713790 599
1713800 597
1713810 596
1713820 595
1713830 594
1713840 594
1713850 593
1713860 592
1713870 591
1713880 590
1713890 589
1713900 588
1713910 587
1713920 585
1713930 585
1713940 585
1713950 585
1713960 584
1713970 584
1713980 583
1713990 582
1714000 582
1714010 581
1714020 580
1714030 580
1714040 579
1714050 579
1714060 578
1714070 578
1714080 577
1714090 576
1714100 576
1714110 575
1714120 575
1714130 574
1714140 573
1714150 572
1714160 572
1714170 571
1714180 570
1714190 569
1714200 568
1714210 568
1714220 566
1714230 566
1714240 566
1714250 566
1714260 565
1714270 565
1714280 565
1714290 565
1714300 565
1714310 565
1714320 565
1714330 565
1714340 565
1714350 565
1714360 565
1714370 565
1714380 565
1714390 565
1714400 564
1714410 564
1714420 564
1714430 564
1714440 564
1714450 564
1714460 564
1714470 564
1714480 564
1714490 564
1714500 563
1714510 563
1714520 563
1714530 563
1714540 563
1714550 562
1714560 562
1714570 562
1714580 562
1714590 563
1714600 563
1714610 563
1714620 563
1714630 563
1714640 564
1714650 564
1714660 564
1714670 564
1714680 564
1714690 564
1714700 564
1714710 564
1714720 564
1714730 564
1714740 564
1714750 565
1714760 565
1714770 565
1714780 566
1714790 566
1714800 567
1714810 567
1714820 568
1714830 568
1714840 569
1714850 569
1714860 570
1714870 570
1714880 571
1714890 571
1714900 572
1714910 572
1714920 573
1714930 574
1714940 574
1714950 575
1714960 575
1714970 576
1714980 576
1714990 576
1715000 576
1715010 576
1715020 576
1715030 576
1715040 576
1715050 575
1715060 575
1715070 574
1715080 572
1715090 570
1715100 567
1715110 564
1715120 561
1715130 559
1715140 557
1715150 555
1715160 553
1715170 552
1715180 550
1715190 548
1715200 546
1715210 544
1715220 542
1715230 540
1715240 537
1715250 535
1715260 532
1715270 530
1715280 528
1715290 527
1715300 525
1715310 525
1715320 524
1715330 524
1715340 523
1715350 523
1715360 523
1715370 523
1715380 523
1715390 522
1715400 522
1715410 522
1715420 522
1715430 521
1715440 520
1715450 520
1715460 521
1715470 524
1715480 526
1715490 528
1715500 531
1715510 533
1715520 535
1715530 538
1715540 540
1715550 542
1715560 544
1715570 546
1715580 548
1715590 550
1715600 551
1715610 552
1715620 553
1715630 553
1715640 553
1715650 554
1715660 554
1715670 554
1715680 553
1715690 553
1715700 552
1715710 552
1715720 551
1715730 550
1715740 549
1715750 547
1715760 545
1715770 544
1715780 542
1715790 540
1715800 539
1715810 537
1715820 536
1715830 535
1715840 533
1715850 531
1715860 531
1715870 531
1715880 533
1715890 535
1715900 537
1715910 540
1715920 542
1715930 544
1715940 546
1715950 547
1715960 549
1715970 551
1715980 552
1715990 553
1716000 555
1716010 556
1716020 557
1716030 558
1716040 559
1716050 560
1716060 561
1716070 562
1716080 562
1716090 563
1716100 563
1716110 564
1716120 564
1716130 564
1716140 564
1716150 565
1716160 565
1716170 565
1716180 566
1716190 566
1716200 567
1716210 567
1716220 567
1716230 568
1716240 568
1716250 568
1716260 568
1716270 568
1716280 568
1716290 569
1716300 569
1716310 569
1716320 569
1716330 569
1716340 569
1716350 569
1716360 569
1716370 569
1716380 569
1716390 568
1716400 568
1716410 568
1716420 568
1716430 568
1716440 568
1716450 568
1716460 568
1716470 568
1716480 568
1716490 567
1716500 567
1716510 567
1716520 567
1716530 567
1716540 567
1716550 567
1716560 567
1716570 567
1716580 568
1716590 568
1716600 568
1716610 568
1716620 568
1716630 568
1716640 568
1716650 569
1716660 569
1716670 569
1716680 569
1716690 569
1716700 570
1716710 570
1716720 571
1716730 571
1716740 572
1716750 572
1716760 572
1716770 573
1716780 573
1716790 573
1716800 574
1716810 574
1716820 575
1716830 575
1716840 575
1716850 575
1716860 575
1716870 576
1716880 576
1716890 576
1716900 576
1716910 576
1716920 576
1716930 576
1716940 576
1716950 577
1716960 577
1716970 577
1716980 577
1716990 577
1717000 577
1717010 577
1717020 577
1717030 578
1717040 578
1717050 578
1717060 578
1717070 579
1717080 579
1717090 579
1717100 579
1717110 579
1717120 579
1717130 579
1717140 579
1717150 579
1717160 578
1717170 578
1717180 578
1717190 578
1717200 578
1717210 578
1717220 578
1717230 578
1717240 579
1717250 579
1717260 579
1717270 579
1717280 579
1717290 579
1717300 579
1717310 579
1717320 580
1717330 580
1717340 580
1717350 579
1717360 579
1717370 579
1717380 579
1717390 579
1717400 579
1717410 579
1717420 579
1717430 578
1717440 578
1717450 578
1717460 578
1717470 577
1717480 577
1717490 577
1717500 576
1717510 575
1717520 574
1717530 573
1717540 572
1717550 569
1717560 567
1717570 566
1717580 565
1717590 564
1717600 564
1717610 564
1717620 564
1717630 564
1717640 564
1717650 565
1717660 567
1717670 568
1717680 568
1717690 568
1717700 569
1717710 569
1717720 569
1717730 568
1717740 568
1717750 568
1717760 567
1717770 567
1717780 567
1717790 567
1717800 567
1717810 567
1717820 567
1717830 567
1717840 567
1717850 567
1717860 567
1717870 567
1717880 568
1717890 568
1717900 568
1717910 568
1717920 568
1717930 568
1717940 568
1717950 568
1717960 568
1717970 568
1717980 568
1717990 568
1718000 568
1718010 568
1718020 568
1718030 568
1718040 567
1718050 567
1718060 566
1718070 566
1718080 565
1718090 565
1718100 564
1718110 563
1718120 563
1718130 562
1718140 562
1718150 561
1718160 561
1718170 560
1718180 560
1718190 559
1718200 558
1718210 557
1718220 557
1718230 556
1718240 555
1718250 555
1718260 554
1718270 553
1718280 552
1718290 551
1718300 550
1718310 549
1718320 548
1718330 547
1718340 546
1718350 544
1718360 543
1718370 542
1718380 541
1718390 540
1718400 539
1718410 538
1718420 537
1718430 536
1718440 535
1718450 534
1718460 533
1718470 532
1718480 531
1718490 530
1718500 528
1718510 527
1718520 525
1718530 523
1718540 521
1718550 519
1718560 518
1718570 518
1718580 519
1718590 520
1718600 520
1718610 522
1718620 524
1718630 525
1718640 525
1718650 525
1718660 525
1718670 525
1718680 525
1718690 525
1718700 525
1718710 525
1718720 526
1718730 526
1718740 526
1718750 526
1718760 526
1718770 526
1718780 525
1718790 524
1718800 523
1718810 522
1718820 520
1718830 519
1718840 517
1718850 515
1718860 513
1718870 510
1718880 508
1718890 506
1718900 504
1718910 502
1718920 501
1718930 500
1718940 500
1718950 500
1718960 500
1718970 500
1718980 500
1718990 499
1719000 499
1719010 500
1719020 500
1719030 502
1719040 504
1719050 507
1719060 512
1719070 515
1719080 519
1719090 522
1719100 524
1719110 527
1719120 528
1719130 530
1719140 531
1719150 533
1719160 535
1719170 537
1719180 539
1719190 540
1719200 542
1719210 544
1719220 546
1719230 547
1719240 549
1719250 551
1719260 552
1719270 553
1719280 555
1719290 556
1719300 557
1719310 558
1719320 558
1719330 559
1719340 560
1719350 560
1719360 561
1719370 561
1719380 562
1719390 562
1719400 563
1719410 563
1719420 563
1719430 563
1719440 563
1719450 563
1719460 563
1719470 563
1719480 563
1719490 563
1719500 563
1719510 563
1719520 563
1719530 563
1719540 563
1719550 563
1719560 563
1719570 563
1719580 563
1719590 562
1719600 562
1719610 562
1719620 561
1719630 561
1719640 561
1719650 560
1719660 560
1719670 559
1719680 559
1719690 558
1719700 558
1719710 557
1719720 557
1719730 557
1719740 556
1719750 555
1719760 555
1719770 554
1719780 554
1719790 553
1719800 552
1719810 551
1719820 551
1719830 550
1719840 549
1719850 549
1719860 548
1719870 548
1719880 547
1719890 546
1719900 545
1719910 545
1719920 544
1719930 542
1719940 541
1719950 539
1719960 537
1719970 535
1719980 532
1719990 530
