1700000 598
1700010 598
1700020 598
1700030 597
1700040 597
1700050 597
1700060 596
1700070 596
1700080 596
1700090 596
1700100 595
1700110 595
1700120 595
1700130 595
1700140 595
1700150 594
1700160 594
1700170 594
1700180 594
1700190 594
1700200 594
1700210 593
1700220 593
1700230 593
1700240 593
1700250 593
1700260 593
1700270 593
1700280 593
1700290 593
1700300 593
1700310 593
1700320 593
1700330 593
1700340 593
1700350 593
1700360 593
1700370 593
1700380 593
1700390 593
1700400 593
1700410 593
1700420 592
1700430 592
1700440 592
1700450 591
1700460 591
1700470 591
1700480 591
1700490 591
1700500 590
1700510 590
1700520 590
1700530 590
1700540 589
1700550 589
1700560 589
1700570 589
1700580 589
1700590 588
1700600 588
1700610 588
1700620 588
1700630 588
1700640 588
1700650 588
1700660 587
1700670 587
1700680 588
1700690 588
1700700 588
1700710 588
1700720 588
1700730 587
1700740 587
1700750 587
1700760 587
1700770 587
1700780 587
1700790 587
1700800 587
1700810 587
1700820 587
1700830 587
1700840 587
1700850 587
1700860 587
1700870 587
1700880 587
1700890 587
1700900 587
1700910 587
1700920 587
1700930 587
1700940 588
1700950 588
1700960 588
1700970 588
1700980 589
1700990 589
1701000 589
1701010 589
1701020 589
1701030 589
1701040 589
1701050 589
1701060 590
1701070 589
1701080 589
1701090 589
1701100 589
1701110 589
1701120 589
1701130 590
1701140 590
1701150 590
1701160 590
1701170 591
1701180 591
1701190 591
1701200 591
1701210 592
1701220 592
1701230 592
1701240 592
1701250 592
1701260 592
1701270 592
1701280 592
1701290 592
1701300 592
1701310 593
1701320 592
1701330 592
1701340 593
1701350 593
1701360 592
1701370 592
1701380 591
1701390 591
1701400 590
1701410 590
1701420 589
1701430 589
1701440 589
1701450 589
1701460 588
1701470 588
1701480 588
1701490 588
1701500 588
1701510 587
1701520 587
1701530 587
1701540 587
1701550 587
1701560 587
1701570 586
1701580 586
1701590 586
1701600 586
1701610 586
1701620 586
1701630 585
1701640 585
1701650 585
1701660 585
1701670 585
1701680 585
1701690 585
1701700 585
1701710 584
1701720 583
1701730 583
1701740 582
1701750 582
1701760 582
1701770 582
1701780 581
1701790 581
1701800 581
1701810 581
1701820 581
1701830 581
1701840 581
1701850 581
1701860 581
1701870 581
1701880 582
1701890 582
1701900 582
1701910 582
1701920 583
1701930 583
1701940 584
1701950 584
1701960 584
1701970 585
1701980 585
1701990 585
1702000 585
1702010 586
1702020 586
1702030 586
1702040 587
1702050 588
1702060 588
1702070 589
1702080 588
1702090 588
1702100 587
1702110 587
1702120 587
1702130 587
1702140 587
1702150 587
1702160 588
1702170 588
1702180 587
1702190 587
1702200 586
1702210 585
1702220 584
1702230 583
1702240 582
1702250 581
1702260 580
1702270 580
1702280 579
1702290 579
1702300 578
1702310 577
1702320 576
1702330 576
1702340 575
1702350 575
1702360 574
1702370 573
1702380 573
1702390 572
1702400 572
1702410 571
1702420 571
1702430 570
1702440 569
1702450 569
1702460 568
1702470 568
1702480 567
1702490 566
1702500 566
1702510 565
1702520 565
1702530 564
1702540 564
1702550 563
1702560 563
1702570 562
1702580 561
1702590 561
1702600 560
1702610 559
1702620 559
1702630 558
1702640 558
1702650 557
1702660 556
1702670 556
1702680 555
1702690 555
1702700 554
1702710 553
1702720 553
1702730 552
1702740 551
1702750 550
1702760 549
1702770 548
1702780 547
1702790 547
1702800 546
1702810 546
1702820 546
1702830 545
1702840 545
1702850 545
1702860 544
1702870 544
1702880 544
1702890 544
1702900 544
1702910 543
1702920 544
1702930 544
1702940 543
1702950 544
1702960 543
1702970 543
1702980 542
1702990 541
1703000 541
1703010 540
1703020 539
1703030 538
1703040 536
1703050 535
1703060 533
1703070 533
1703080 532
1703090 532
1703100 531
1703110 531
1703120 531
1703130 530
1703140 530
1703150 531
1703160 533
1703170 535
1703180 537
1703190 540
1703200 543
1703210 546
1703220 547
1703230 547
1703240 547
1703250 547
1703260 548
1703270 548
1703280 550
1703290 551
1703300 553
1703310 555
1703320 557
1703330 559
1703340 561
1703350 563
1703360 565
1703370 566
1703380 568
1703390 569
1703400 570
1703410 571
1703420 572
1703430 572
1703440 573
1703450 574
1703460 575
1703470 576
1703480 577
1703490 579
1703500 580
1703510 581
1703520 582
1703530 582
1703540 583
1703550 583
1703560 584
1703570 585
1703580 586
1703590 586
1703600 587
1703610 588
1703620 588
1703630 589
1703640 590
1703650 590
1703660 591
1703670 592
1703680 594
1703690 595
1703700 596
1703710 597
1703720 598
1703730 599
1703740 600
1703750 600
1703760 600
1703770 601
1703780 601
1703790 601
1703800 601
1703810 601
1703820 601
1703830 601
1703840 601
1703850 600
1703860 600
1703870 600
1703880 600
1703890 600
1703900 600
1703910 600
1703920 600
1703930 600
1703940 599
1703950 599
1703960 599
1703970 599
1703980 599
1703990 600
1704000 600
1704010 600
1704020 600
1704030 600
1704040 600
1704050 600
1704060 600
1704070 600
1704080 600
1704090 600
1704100 600
1704110 599
1704120 599
1704130 599
1704140 598
1704150 598
1704160 598
1704170 598
1704180 597
1704190 597
1704200 596
1704210 596
1704220 595
1704230 595
1704240 595
1704250 595
1704260 594
1704270 593
1704280 592
1704290 592
1704300 591
1704310 591
1704320 590
1704330 589
1704340 588
1704350 587
1704360 585
1704370 584
1704380 583
1704390 581
1704400 579
1704410 578
1704420 577
1704430 577
1704440 577
1704450 578
1704460 579
1704470 579
1704480 580
1704490 580
1704500 581
1704510 581
1704520 581
1704530 581
1704540 581
1704550 582
1704560 582
1704570 582
1704580 581
1704590 581
1704600 580
1704610 580
1704620 579
1704630 579
1704640 579
1704650 579
1704660 579
1704670 580
1704680 580
1704690 580
1704700 580
1704710 580
1704720 579
1704730 578
1704740 577
1704750 577
1704760 576
1704770 576
1704780 575
1704790 575
1704800 574
1704810 573
1704820 573
1704830 572
1704840 571
1704850 571
1704860 570
1704870 569
1704880 568
1704890 568
1704900 567
1704910 566
1704920 566
1704930 565
1704940 564
1704950 562
1704960 561
1704970 559
1704980 558
1704990 557
1705000 556
1705010 554
1705020 553
1705030 551
1705040 550
1705050 549
1705060 548
1705070 548
1705080 547
1705090 546
1705100 546
1705110 544
1705120 543
1705130 542
1705140 541
1705150 540
1705160 539
1705170 538
1705180 537
1705190 536
1705200 535
1705210 534
1705220 534
1705230 533
1705240 533
1705250 533
1705260 533
1705270 533
1705280 534
1705290 534
1705300 535
1705310 535
1705320 535
1705330 536
1705340 536
1705350 536
1705360 535
1705370 535
1705380 535
1705390 535
1705400 535
1705410 532
1705420 530
1705430 527
1705440 524
1705450 520
1705460 515
1705470 513
1705480 511
1705490 510
1705500 509
1705510 509
1705520 509
1705530 508
1705540 508
1705550 508
1705560 510
1705570 512
1705580 515
1705590 518
1705600 521
1705610 524
1705620 527
1705630 529
1705640 531
1705650 533
1705660 535
1705670 537
1705680 540
1705690 543
1705700 546
1705710 547
1705720 548
1705730 549
1705740 549
1705750 550
1705760 550
1705770 550
1705780 551
1705790 551
1705800 551
1705810 551
1705820 551
1705830 551
1705840 551
1705850 551
1705860 551
1705870 551
1705880 551
1705890 552
1705900 552
1705910 553
1705920 555
1705930 557
1705940 558
1705950 558
1705960 559
1705970 560
1705980 561
1705990 562
1706000 564
1706010 565
1706020 566
1706030 567
1706040 569
1706050 570
1706060 571
1706070 572
1706080 573
1706090 574
1706100 575
1706110 576
1706120 577
1706130 577
1706140 578
1706150 579
1706160 580
1706170 580
1706180 580
1706190 580
1706200 580
1706210 580
1706220 580
1706230 580
1706240 580
1706250 580
1706260 579
1706270 579
1706280 579
1706290 578
1706300 578
1706310 578
1706320 577
1706330 577
1706340 576
1706350 575
1706360 575
1706370 574
1706380 574
1706390 573
1706400 573
1706410 572
1706420 571
1706430 570
1706440 570
1706450 569
1706460 568
1706470 568
1706480 567
1706490 566
1706500 565
1706510 566
1706520 568
1706530 570
1706540 571
1706550 572
1706560 573
1706570 573
1706580 574
1706590 575
1706600 576
1706610 577
1706620 577
1706630 578
1706640 578
1706650 579
1706660 579
1706670 579
1706680 580
1706690 580
1706700 580
1706710 580
1706720 581
1706730 581
1706740 581
1706750 581
1706760 582
1706770 582
1706780 582
1706790 582
1706800 582
1706810 582
1706820 582
1706830 583
1706840 583
1706850 583
1706860 584
1706870 584
1706880 584
1706890 585
1706900 585
1706910 585
1706920 586
1706930 586
1706940 586
1706950 587
1706960 587
1706970 588
1706980 588
1706990 589
1707000 589
1707010 590
1707020 590
1707030 591
1707040 591
1707050 592
1707060 592
1707070 592
1707080 593
1707090 593
1707100 594
1707110 594
1707120 595
1707130 595
1707140 596
1707150 596
1707160 596
1707170 597
1707180 597
1707190 598
1707200 599
1707210 599
1707220 600
1707230 601
1707240 602
1707250 603
1707260 604
1707270 605
1707280 605
1707290 607
1707300 608
1707310 609
1707320 610
1707330 610
1707340 611
1707350 613
1707360 614
1707370 615
1707380 617
1707390 618
1707400 620
1707410 621
1707420 621
1707430 622
1707440 623
1707450 624
1707460 624
1707470 625
1707480 626
1707490 627
1707500 628
1707510 629
1707520 629
1707530 628
1707540 624
1707550 623
1707560 625
1707570 629
1707580 633
1707590 636
1707600 637
1707610 638
1707620 639
1707630 639
1707640 640
1707650 640
1707660 640
1707670 641
1707680 641
1707690 641
1707700 642
1707710 642
1707720 642
1707730 642
1707740 642
1707750 642
1707760 642
1707770 642
1707780 642
1707790 642
1707800 642
1707810 643
1707820 643
1707830 642
1707840 642
1707850 642
1707860 642
1707870 642
1707880 642
1707890 642
1707900 641
1707910 641
1707920 641
1707930 641
1707940 641
1707950 641
1707960 641
1707970 641
1707980 640
1707990 640
1708000 640
1708010 640
1708020 640
1708030 640
1708040 639
1708050 639
1708060 639
1708070 639
1708080 639
1708090 638
1708100 638
1708110 638
1708120 637
1708130 637
1708140 636
1708150 636
1708160 635
1708170 635
1708180 635
1708190 635
1708200 634
1708210 634
1708220 633
1708230 633
1708240 633
1708250 632
1708260 632
1708270 631
1708280 631
1708290 630
1708300 630
1708310 629
1708320 628
1708330 627
1708340 627
1708350 626
1708360 626
1708370 625
1708380 625
1708390 624
1708400 623
1708410 622
1708420 621
1708430 621
1708440 620
1708450 619
1708460 619
1708470 618
1708480 617
1708490 616
1708500 615
1708510 615
1708520 614
1708530 613
1708540 612
1708550 612
1708560 611
1708570 610
1708580 610
1708590 609
1708600 608
1708610 608
1708620 607
1708630 607
1708640 606
1708650 606
1708660 605
1708670 605
1708680 604
1708690 604
1708700 603
1708710 603
1708720 603
1708730 602
1708740 602
1708750 602
1708760 601
1708770 601
1708780 600
1708790 600
1708800 599
1708810 599
1708820 598
1708830 598
1708840 598
1708850 597
1708860 597
1708870 597
1708880 596
1708890 596
1708900 596
1708910 596
1708920 595
1708930 595
1708940 595
1708950 595
1708960 595
1708970 594
1708980 594
1708990 593
1709000 593
1709010 593
1709020 592
1709030 591
1709040 591
1709050 591
1709060 591
1709070 591
1709080 592
1709090 592
1709100 592
1709110 592
1709120 592
1709130 592
1709140 591
1709150 591
1709160 591
1709170 590
1709180 590
1709190 590
1709200 590
1709210 590
1709220 589
1709230 589
1709240 588
1709250 588
1709260 587
1709270 586
1709280 585
1709290 584
1709300 583
1709310 582
1709320 581
1709330 581
1709340 580
1709350 580
1709360 579
1709370 579
1709380 579
1709390 578
1709400 578
1709410 577
1709420 577
1709430 576
1709440 575
1709450 575
1709460 575
1709470 575
1709480 576
1709490 576
1709500 576
1709510 576
1709520 576
1709530 575
1709540 575
1709550 575
1709560 575
1709570 574
1709580 574
1709590 573
1709600 572
1709610 571
1709620 571
1709630 570
1709640 569
1709650 568
1709660 567
1709670 566
1709680 566
1709690 565
1709700 565
1709710 565
1709720 566
1709730 568
1709740 569
1709750 571
1709760 573
1709770 576
1709780 577
1709790 579
1709800 579
1709810 580
1709820 580
1709830 580
1709840 580
1709850 580
1709860 580
1709870 579
1709880 579
1709890 579
1709900 578
1709910 578
1709920 577
1709930 577
1709940 577
1709950 577
1709960 577
1709970 576
1709980 576
1709990 576
1710000 576
1710010 576
1710020 575
1710030 575
1710040 575
1710050 575
1710060 576
1710070 577
1710080 578
1710090 579
1710100 579
1710110 580
1710120 581
1710130 581
1710140 582
1710150 582
1710160 582
1710170 583
1710180 583
1710190 584
1710200 585
1710210 585
1710220 586
1710230 586
1710240 586
1710250 586
1710260 586
1710270 586
1710280 586
1710290 586
1710300 586
1710310 585
1710320 585
1710330 585
1710340 585
1710350 585
1710360 584
1710370 584
1710380 584
1710390 584
1710400 584
1710410 583
1710420 583
1710430 583
1710440 583
1710450 582
1710460 582
1710470 582
1710480 581
1710490 581
1710500 581
1710510 581
1710520 580
1710530 580
1710540 580
1710550 580
1710560 579
1710570 579
1710580 579
1710590 579
1710600 578
1710610 578
1710620 578
1710630 577
1710640 577
1710650 577
1710660 577
1710670 576
1710680 576
1710690 576
1710700 575
1710710 575
1710720 575
1710730 575
1710740 574
1710750 574
1710760 574
1710770 574
1710780 573
1710790 573
1710800 572
1710810 572
1710820 572
1710830 572
1710840 571
1710850 571
1710860 571
1710870 571
1710880 571
1710890 570
1710900 570
1710910 570
1710920 570
1710930 570
1710940 569
1710950 569
1710960 569
1710970 569
1710980 569
1710990 568
1711000 568
1711010 568
1711020 567
1711030 567
1711040 567
1711050 566
1711060 566
1711070 565
1711080 565
1711090 565
1711100 564
1711110 564
1711120 563
1711130 563
1711140 562
1711150 562
1711160 561
1711170 561
1711180 560
1711190 559
1711200 559
1711210 558
1711220 557
1711230 557
1711240 556
1711250 556
1711260 555
1711270 554
1711280 554
1711290 553
1711300 553
1711310 552
1711320 552
1711330 551
1711340 551
1711350 550
1711360 550
1711370 549
1711380 549
1711390 549
1711400 548
1711410 548
1711420 547
1711430 547
1711440 547
1711450 546
1711460 546
1711470 545
1711480 545
1711490 544
1711500 543
1711510 542
1711520 540
1711530 539
1711540 537
1711550 535
1711560 534
1711570 534
1711580 534
1711590 534
1711600 534
1711610 533
1711620 533
1711630 534
1711640 537
1711650 540
1711660 544
1711670 547
1711680 550
1711690 553
1711700 556
1711710 558
1711720 561
1711730 562
1711740 563
1711750 564
1711760 565
1711770 566
1711780 567
1711790 568
1711800 568
1711810 569
1711820 569
1711830 570
1711840 570
1711850 570
1711860 571
1711870 571
1711880 571
1711890 572
1711900 572
1711910 572
1711920 573
1711930 573
1711940 573
1711950 573
1711960 573
1711970 573
1711980 574
1711990 574
1712000 574
1712010 574
1712020 574
1712030 574
1712040 574
1712050 574
1712060 574
1712070 574
1712080 574
1712090 573
1712100 573
1712110 573
1712120 573
1712130 573
1712140 573
1712150 573
1712160 573
1712170 573
1712180 573
1712190 573
1712200 573
1712210 573
1712220 573
1712230 573
1712240 573
1712250 573
1712260 573
1712270 572
1712280 572
1712290 572
1712300 572
1712310 572
1712320 573
1712330 573
1712340 573
1712350 574
1712360 574
1712370 574
1712380 575
1712390 575
1712400 576
1712410 576
1712420 576
1712430 577
1712440 577
1712450 577
1712460 578
1712470 578
1712480 578
1712490 579
1712500 579
1712510 580
1712520 580
1712530 580
1712540 580
1712550 581
1712560 581
1712570 581
1712580 581
1712590 582
1712600 582
1712610 582
1712620 582
1712630 583
1712640 583
1712650 583
1712660 583
1712670 583
1712680 584
1712690 584
1712700 584
1712710 584
1712720 585
1712730 585
1712740 585
1712750 585
1712760 586
1712770 586
1712780 586
1712790 586
1712800 587
1712810 587
1712820 587
1712830 587
1712840 587
1712850 588
1712860 588
1712870 588
1712880 588
1712890 589
1712900 589
1712910 589
1712920 589
1712930 589
1712940 590
1712950 590
1712960 590
1712970 590
1712980 591
1712990 591
1713000 591
1713010 591
1713020 592
1713030 592
1713040 592
1713050 592
1713060 593
1713070 593
1713080 593
1713090 593
1713100 593
1713110 594
1713120 594
1713130 594
1713140 594
1713150 594
1713160 594
1713170 595
1713180 595
1713190 595
1713200 595
1713210 595
1713220 595
1713230 595
1713240 595
1713250 595
1713260 596
1713270 596
1713280 596
1713290 596
1713300 596
1713310 596
1713320 596
1713330 596
1713340 596
1713350 596
1713360 596
1713370 597
1713380 597
1713390 597
1713400 597
1713410 597
1713420 597
1713430 597
1713440 597
1713450 598
1713460 598
1713470 598
1713480 598
1713490 598
1713500 598
1713510 598
1713520 599
1713530 599
1713540 599
1713550 599
1713560 599
1713570 599
1713580 599
1713590 600
1713600 600
1713610 600
1713620 600
1713630 600
1713640 600
1713650 600
1713660 600
1713670 601
1713680 601
1713690 601
1713700 601
1713710 601
1713720 601
1713730 601
1713740 601
1713750 601
1713760 602
1713770 602
1713780 602
1713790 602
1713800 602
1713810 602
1713820 602
1713830 602
1713840 602
1713850 603
1713860 603
1713870 603
1713880 603
1713890 603
1713900 603
1713910 604
1713920 604
1713930 604
1713940 604
1713950 604
1713960 604
1713970 604
1713980 605
1713990 605
1714000 605
1714010 605
1714020 606
1714030 606
1714040 606
1714050 606
1714060 607
1714070 607
1714080 607
1714090 608
1714100 608
1714110 608
1714120 608
1714130 609
1714140 609
1714150 610
1714160 610
1714170 610
1714180 610
1714190 611
1714200 611
1714210 612
1714220 612
1714230 612
1714240 613
1714250 613
1714260 614
1714270 614
1714280 614
1714290 615
1714300 615
1714310 616
1714320 616
1714330 617
1714340 617
1714350 618
1714360 618
1714370 618
1714380 619
1714390 619
1714400 619
1714410 620
1714420 620
1714430 620
1714440 620
1714450 620
1714460 620
1714470 620
1714480 620
1714490 619
1714500 619
1714510 619
1714520 619
1714530 619
1714540 619
1714550 619
1714560 619
1714570 619
1714580 619
1714590 618
1714600 618
1714610 618
1714620 617
1714630 617
1714640 617
1714650 617
1714660 616
1714670 616
1714680 616
1714690 616
1714700 616
1714710 616
1714720 616
1714730 616
1714740 616
1714750 615
1714760 615
1714770 615
1714780 615
1714790 615
1714800 615
1714810 615
1714820 615
1714830 614
1714840 614
1714850 614
1714860 614
1714870 614
1714880 614
1714890 614
1714900 614
1714910 614
1714920 614
1714930 614
1714940 614
1714950 614
1714960 614
1714970 614
1714980 614
1714990 614
1715000 614
1715010 613
1715020 613
1715030 613
1715040 613
1715050 613
1715060 613
1715070 612
1715080 612
1715090 612
1715100 612
1715110 611
1715120 611
1715130 610
1715140 610
1715150 610
1715160 609
1715170 609
1715180 608
1715190 608
1715200 607
1715210 607
1715220 606
1715230 606
1715240 605
1715250 604
1715260 603
1715270 603
1715280 602
1715290 601
1715300 600
1715310 599
1715320 599
1715330 598
1715340 597
1715350 596
1715360 595
1715370 594
1715380 593
1715390 592
1715400 592
1715410 591
1715420 590
1715430 589
1715440 589
1715450 588
1715460 587
1715470 587
1715480 586
1715490 585
1715500 585
1715510 584
1715520 583
1715530 582
1715540 581
1715550 580
1715560 579
1715570 578
1715580 578
1715590 577
1715600 576
1715610 576
1715620 575
1715630 574
1715640 573
1715650 573
1715660 573
1715670 573
1715680 572
1715690 572
1715700 571
1715710 570
1715720 568
1715730 566
1715740 564
1715750 562
1715760 561
1715770 560
1715780 560
1715790 559
1715800 559
1715810 559
1715820 558
1715830 558
1715840 558
1715850 557
1715860 557
1715870 557
1715880 557
1715890 556
1715900 556
1715910 556
1715920 556
1715930 556
1715940 556
1715950 557
1715960 557
1715970 557
1715980 556
1715990 556
1716000 555
1716010 554
1716020 554
1716030 554
1716040 555
1716050 556
1716060 557
1716070 557
1716080 558
1716090 558
1716100 559
1716110 559
1716120 559
1716130 559
1716140 558
1716150 558
1716160 558
1716170 558
1716180 558
1716190 557
1716200 556
1716210 555
1716220 554
1716230 552
1716240 549
1716250 546
1716260 543
1716270 541
1716280 538
1716290 536
1716300 533
1716310 530
1716320 528
1716330 526
1716340 523
1716350 521
1716360 519
1716370 517
1716380 516
1716390 515
1716400 514
1716410 513
1716420 511
1716430 509
1716440 506
1716450 504
1716460 502
1716470 501
1716480 501
1716490 502
1716500 501
1716510 500
1716520 498
1716530 496
1716540 496
1716550 496
1716560 497
1716570 499
1716580 501
1716590 501
1716600 501
1716610 500
1716620 498
1716630 497
1716640 495
1716650 493
1716660 491
1716670 489
1716680 488
1716690 486
1716700 485
1716710 483
1716720 481
1716730 479
1716740 477
1716750 474
1716760 472
1716770 469
1716780 467
1716790 465
1716800 464
1716810 464
1716820 464
1716830 464
1716840 464
1716850 463
1716860 463
1716870 462
1716880 462
1716890 464
1716900 466
1716910 468
1716920 470
1716930 472
1716940 475
1716950 478
1716960 481
1716970 484
1716980 488
1716990 491
1717000 495
1717010 499
1717020 503
1717030 507
1717040 511
1717050 515
1717060 519
1717070 522
1717080 525
1717090 526
1717100 527
1717110 528
1717120 529
1717130 530
1717140 531
1717150 532
1717160 533
1717170 535
1717180 537
1717190 539
1717200 541
1717210 543
1717220 545
1717230 546
1717240 547
1717250 549
1717260 550
1717270 552
1717280 553
1717290 555
1717300 556
1717310 558
1717320 560
1717330 562
1717340 564
1717350 566
1717360 567
1717370 569
1717380 571
1717390 572
1717400 574
1717410 576
1717420 577
1717430 579
1717440 580
1717450 582
1717460 584
1717470 585
1717480 586
1717490 588
1717500 589
1717510 591
1717520 594
1717530 597
1717540 600
1717550 601
1717560 601
1717570 601
1717580 600
1717590 600
1717600 599
1717610 599
1717620 598
1717630 597
1717640 597
1717650 596
1717660 595
1717670 595
1717680 594
1717690 593
1717700 592
1717710 591
1717720 590
1717730 590
1717740 589
1717750 588
1717760 587
1717770 586
1717780 585
1717790 584
1717800 583
1717810 582
1717820 581
1717830 581
1717840 580
1717850 579
1717860 578
1717870 577
1717880 576
1717890 576
1717900 575
1717910 574
1717920 573
1717930 573
1717940 572
1717950 572
1717960 571
1717970 571
1717980 570
1717990 569
1718000 568
1718010 565
1718020 564
1718030 563
1718040 562
1718050 562
1718060 561
1718070 560
1718080 559
1718090 559
1718100 558
1718110 557
1718120 556
1718130 556
1718140 555
1718150 554
1718160 553
1718170 552
1718180 551
1718190 550
1718200 549
1718210 547
1718220 546
1718230 545
1718240 544
1718250 543
1718260 541
1718270 539
1718280 537
1718290 535
1718300 534
1718310 533
1718320 532
1718330 531
1718340 529
1718350 528
1718360 527
1718370 526
1718380 525
1718390 525
1718400 524
1718410 524
1718420 523
1718430 522
1718440 522
1718450 521
1718460 521
1718470 521
1718480 520
1718490 520
1718500 520
1718510 520
1718520 520
1718530 520
1718540 520
1718550 520
1718560 520
1718570 520
1718580 520
1718590 520
1718600 520
1718610 519
1718620 519
1718630 519
1718640 519
1718650 518
1718660 518
1718670 518
1718680 517
1718690 517
1718700 517
1718710 516
1718720 516
1718730 515
1718740 514
1718750 512
1718760 510
1718770 507
1718780 506
1718790 505
1718800 506
1718810 508
1718820 510
1718830 512
1718840 513
1718850 516
1718860 518
1718870 520
1718880 522
1718890 524
1718900 526
1718910 528
1718920 530
1718930 531
1718940 533
1718950 534
1718960 535
1718970 535
1718980 535
1718990 536
1719000 536
1719010 537
1719020 537
1719030 538
1719040 538
1719050 539
1719060 539
1719070 539
1719080 540
1719090 540
1719100 541
1719110 541
1719120 541
1719130 542
1719140 542
1719150 542
1719160 542
1719170 542
1719180 542
1719190 542
1719200 541
1719210 541
1719220 541
1719230 541
1719240 541
1719250 540
1719260 540
1719270 539
1719280 539
1719290 539
1719300 539
1719310 539
1719320 538
1719330 538
1719340 538
1719350 537
1719360 537
1719370 536
1719380 536
1719390 535
1719400 535
1719410 535
1719420 534
1719430 534
1719440 534
1719450 533
1719460 533
1719470 533
1719480 533
1719490 532
1719500 532
1719510 532
1719520 531
1719530 531
1719540 531
1719550 530
1719560 530
1719570 530
1719580 530
1719590 529
1719600 529
1719610 529
1719620 529
1719630 528
1719640 528
1719650 528
1719660 528
1719670 527
1719680 527
1719690 527
1719700 526
1719710 526
1719720 525
1719730 525
1719740 525
1719750 524
1719760 524
1719770 523
1719780 522
1719790 522
1719800 521
1719810 520
1719820 519
1719830 518
1719840 516
1719850 513
1719860 509
1719870 506
1719880 503
1719890 499
1719900 496
1719910 493
1719920 490
1719930 487
1719940 483
1719950 480
1719960 478
1719970 475
1719980 473
1719990 470
