1700000 584
1700010 583
1700020 583
1700030 582
1700040 582
1700050 581
1700060 581
1700070 581
1700080 581
1700090 581
1700100 581
1700110 581
1700120 581
1700130 581
1700140 580
1700150 580
1700160 580
1700170 580
1700180 580
1700190 579
1700200 579
1700210 579
1700220 579
1700230 578
1700240 578
1700250 578
1700260 578
1700270 578
1700280 577
1700290 577
1700300 577
1700310 577
1700320 577
1700330 577
1700340 577
1700350 577
1700360 576
1700370 576
1700380 576
1700390 576
1700400 576
1700410 576
1700420 576
1700430 575
1700440 575
1700450 575
1700460 574
1700470 574
1700480 574
1700490 574
1700500 575
1700510 575
1700520 575
1700530 575
1700540 575
1700550 575
1700560 575
1700570 575
1700580 575
1700590 575
1700600 575
1700610 575
1700620 575
1700630 574
1700640 574
1700650 574
1700660 573
1700670 573
1700680 573
1700690 573
1700700 572
1700710 572
1700720 572
1700730 571
1700740 571
1700750 571
1700760 570
1700770 570
1700780 570
1700790 569
1700800 569
1700810 569
1700820 569
1700830 569
1700840 569
1700850 569
1700860 569
1700870 569
1700880 569
1700890 569
1700900 569
1700910 569
1700920 569
1700930 570
1700940 571
1700950 572
1700960 573
1700970 573
1700980 574
1700990 574
1701000 574
1701010 575
1701020 575
1701030 575
1701040 575
1701050 574
1701060 574
1701070 574
1701080 574
1701090 574
1701100 573
1701110 572
1701120 571
1701130 571
1701140 572
1701150 573
1701160 574
1701170 575
1701180 576
1701190 576
1701200 577
1701210 578
1701220 579
1701230 580
1701240 581
1701250 581
1701260 582
1701270 583
1701280 584
1701290 584
1701300 585
1701310 586
1701320 586
1701330 587
1701340 587
1701350 588
1701360 588
1701370 588
1701380 588
1701390 589
1701400 588
1701410 588
1701420 588
1701430 588
1701440 588
1701450 588
1701460 587
1701470 587
1701480 587
1701490 587
1701500 587
1701510 587
1701520 586
1701530 586
1701540 586
1701550 586
1701560 586
1701570 586
1701580 586
1701590 586
1701600 586
1701610 585
1701620 585
1701630 585
1701640 585
1701650 584
1701660 584
1701670 584
1701680 583
1701690 582
1701700 581
1701710 580
1701720 579
1701730 578
1701740 577
1701750 576
1701760 577
1701770 577
1701780 577
1701790 578
1701800 579
1701810 579
1701820 579
1701830 579
1701840 579
1701850 580
1701860 580
1701870 580
1701880 580
1701890 580
1701900 580
1701910 580
1701920 580
1701930 580
1701940 581
1701950 581
1701960 581
1701970 582
1701980 582
1701990 582
1702000 582
1702010 582
1702020 582
1702030 581
1702040 581
1702050 581
1702060 580
1702070 580
1702080 580
1702090 579
1702100 579
1702110 579
1702120 579
1702130 579
1702140 579
1702150 579
1702160 579
1702170 578
1702180 578
1702190 578
1702200 578
1702210 578
1702220 578
1702230 578
1702240 577
1702250 577
1702260 577
1702270 577
1702280 576
1702290 576
1702300 576
1702310 576
1702320 575
1702330 575
1702340 575
1702350 575
1702360 574
1702370 574
1702380 574
1702390 574
1702400 573
1702410 573
1702420 573
1702430 573
1702440 573
1702450 573
1702460 572
1702470 572
1702480 572
1702490 571
1702500 571
1702510 570
1702520 570
1702530 569
1702540 569
1702550 568
1702560 568
1702570 567
1702580 567
1702590 567
1702600 566
1702610 566
1702620 565
1702630 565
1702640 565
1702650 564
1702660 564
1702670 564
1702680 564
1702690 563
1702700 563
1702710 562
1702720 562
1702730 562
1702740 562
1702750 561
1702760 561
1702770 560
1702780 560
1702790 560
1702800 559
1702810 559
1702820 559
1702830 558
1702840 558
1702850 558
1702860 558
1702870 557
1702880 557
1702890 557
1702900 556
1702910 555
1702920 554
1702930 554
1702940 554
1702950 553
1702960 553
1702970 553
1702980 552
1702990 552
1703000 552
1703010 552
1703020 551
1703030 551
1703040 551
1703050 551
1703060 550
1703070 550
1703080 549
1703090 549
1703100 548
1703110 548
1703120 548
1703130 547
1703140 547
1703150 546
1703160 546
1703170 545
1703180 544
1703190 544
1703200 543
1703210 542
1703220 541
1703230 540
1703240 540
1703250 539
1703260 538
1703270 538
1703280 537
1703290 536
1703300 535
1703310 535
1703320 535
1703330 535
1703340 535
1703350 535
1703360 534
1703370 534
1703380 535
1703390 535
1703400 536
1703410 539
1703420 542
1703430 546
1703440 550
1703450 554
1703460 556
1703470 558
1703480 559
1703490 560
1703500 562
1703510 563
1703520 565
1703530 566
1703540 568
1703550 569
1703560 571
1703570 572
1703580 573
1703590 575
1703600 576
1703610 577
1703620 577
1703630 577
1703640 577
1703650 576
1703660 576
1703670 576
1703680 576
1703690 576
1703700 576
1703710 576
1703720 576
1703730 576
1703740 576
1703750 576
1703760 577
1703770 577
1703780 578
1703790 579
1703800 579
1703810 580
1703820 581
1703830 582
1703840 583
1703850 583
1703860 583
1703870 583
1703880 583
1703890 583
1703900 583
1703910 582
1703920 582
1703930 582
1703940 581
1703950 581
1703960 580
1703970 580
1703980 580
1703990 579
1704000 579
1704010 579
1704020 579
1704030 578
1704040 578
1704050 577
1704060 576
1704070 576
1704080 576
1704090 575
1704100 575
1704110 575
1704120 575
1704130 575
1704140 575
1704150 576
1704160 576
1704170 576
1704180 576
1704190 576
1704200 577
1704210 577
1704220 577
1704230 577
1704240 577
1704250 577
1704260 577
1704270 577
1704280 577
1704290 576
1704300 576
1704310 575
1704320 575
1704330 574
1704340 574
1704350 574
1704360 573
1704370 573
1704380 573
1704390 572
1704400 572
1704410 571
1704420 570
1704430 570
1704440 570
1704450 569
1704460 569
1704470 569
1704480 569
1704490 568
1704500 568
1704510 568
1704520 567
1704530 567
1704540 566
1704550 566
1704560 565
1704570 565
1704580 565
1704590 565
1704600 564
1704610 563
1704620 563
1704630 562
1704640 562
1704650 561
1704660 561
1704670 561
1704680 560
1704690 559
1704700 559
1704710 558
1704720 558
1704730 557
1704740 557
1704750 556
1704760 556
1704770 556
1704780 556
1704790 556
1704800 556
1704810 556
1704820 556
1704830 556
1704840 556
1704850 556
1704860 555
1704870 556
1704880 556
1704890 556
1704900 557
1704910 557
1704920 558
1704930 559
1704940 560
1704950 561
1704960 562
1704970 563
1704980 563
1704990 564
1705000 565
1705010 566
1705020 567
1705030 568
1705040 569
1705050 570
1705060 571
1705070 572
1705080 572
1705090 572
1705100 572
1705110 572
1705120 572
1705130 572
1705140 571
1705150 570
1705160 570
1705170 569
1705180 569
1705190 568
1705200 568
1705210 568
1705220 567
1705230 567
1705240 567
1705250 567
1705260 566
1705270 565
1705280 565
1705290 565
1705300 565
1705310 566
1705320 568
1705330 568
1705340 569
1705350 569
1705360 570
1705370 569
1705380 569
1705390 568
1705400 567
1705410 566
1705420 565
1705430 563
1705440 562
1705450 561
1705460 559
1705470 556
1705480 553
1705490 550
1705500 548
1705510 545
1705520 543
1705530 542
1705540 541
1705550 539
1705560 538
1705570 536
1705580 533
1705590 529
1705600 524
1705610 520
1705620 518
1705630 516
1705640 515
1705650 515
1705660 515
1705670 516
1705680 516
1705690 516
1705700 516
1705710 516
1705720 516
1705730 517
1705740 518
1705750 519
1705760 520
1705770 520
1705780 521
1705790 522
1705800 522
1705810 522
1705820 522
1705830 523
1705840 524
1705850 524
1705860 525
1705870 525
1705880 526
1705890 527
1705900 527
1705910 528
1705920 529
1705930 529
1705940 530
1705950 531
1705960 532
1705970 532
1705980 533
1705990 535
1706000 536
1706010 537
1706020 538
1706030 539
1706040 540
1706050 541
1706060 541
1706070 542
1706080 542
1706090 543
1706100 544
1706110 545
1706120 546
1706130 548
1706140 550
1706150 550
1706160 551
1706170 553
1706180 555
1706190 557
1706200 559
1706210 560
1706220 562
1706230 563
1706240 564
1706250 565
1706260 566
1706270 566
1706280 567
1706290 567
1706300 569
1706310 571
1706320 572
1706330 573
1706340 574
1706350 575
1706360 576
1706370 577
1706380 578
1706390 579
1706400 580
1706410 581
1706420 582
1706430 583
1706440 584
1706450 585
1706460 586
1706470 586
1706480 586
1706490 587
1706500 587
1706510 588
1706520 590
1706530 590
1706540 590
1706550 590
1706560 591
1706570 592
1706580 592
1706590 593
1706600 593
1706610 594
1706620 594
1706630 595
1706640 595
1706650 595
1706660 596
1706670 596
1706680 597
1706690 597
1706700 597
1706710 598
1706720 598
1706730 599
1706740 599
1706750 600
1706760 600
1706770 601
1706780 601
1706790 602
1706800 602
1706810 602
1706820 603
1706830 603
1706840 604
1706850 604
1706860 605
1706870 605
1706880 606
1706890 606
1706900 607
1706910 607
1706920 608
1706930 609
1706940 609
1706950 610
1706960 611
1706970 611
1706980 612
1706990 613
1707000 614
1707010 615
1707020 616
1707030 617
1707040 618
1707050 618
1707060 619
1707070 620
1707080 621
1707090 622
1707100 623
1707110 623
1707120 624
1707130 625
1707140 626
1707150 627
1707160 628
1707170 628
1707180 629
1707190 630
1707200 630
1707210 631
1707220 631
1707230 632
1707240 632
1707250 633
1707260 633
1707270 634
1707280 634
1707290 634
1707300 635
1707310 635
1707320 635
1707330 635
1707340 635
1707350 635
1707360 635
1707370 635
1707380 635
1707390 636
1707400 636
1707410 636
1707420 636
1707430 636
1707440 637
1707450 637
1707460 637
1707470 637
1707480 637
1707490 637
1707500 638
1707510 638
1707520 638
1707530 638
1707540 638
1707550 638
1707560 639
1707570 639
1707580 639
1707590 639
1707600 638
1707610 639
1707620 639
1707630 638
1707640 637
1707650 635
1707660 638
1707670 640
1707680 641
1707690 641
1707700 641
1707710 641
1707720 640
1707730 640
1707740 640
1707750 640
1707760 639
1707770 639
1707780 639
1707790 638
1707800 638
1707810 637
1707820 637
1707830 636
1707840 636
1707850 635
1707860 635
1707870 634
1707880 634
1707890 633
1707900 633
1707910 632
1707920 632
1707930 631
1707940 631
1707950 630
1707960 630
1707970 629
1707980 629
1707990 628
1708000 628
1708010 627
1708020 627
1708030 626
1708040 626
1708050 626
1708060 625
1708070 625
1708080 625
1708090 626
1708100 626
1708110 626
1708120 626
1708130 626
1708140 627
1708150 627
1708160 627
1708170 627
1708180 627
1708190 627
1708200 627
1708210 627
1708220 627
1708230 627
1708240 627
1708250 627
1708260 627
1708270 628
1708280 628
1708290 629
1708300 629
1708310 630
1708320 631
1708330 632
1708340 632
1708350 633
1708360 633
1708370 633
1708380 633
1708390 633
1708400 632
1708410 632
1708420 632
1708430 631
1708440 631
1708450 630
1708460 630
1708470 629
1708480 628
1708490 628
1708500 627
1708510 626
1708520 625
1708530 624
1708540 623
1708550 622
1708560 622
1708570 621
1708580 620
1708590 620
1708600 619
1708610 619
1708620 618
1708630 617
1708640 617
1708650 617
1708660 616
1708670 616
1708680 615
1708690 615
1708700 614
1708710 613
1708720 613
1708730 612
1708740 612
1708750 612
1708760 611
1708770 611
1708780 610
1708790 610
1708800 609
1708810 609
1708820 609
1708830 608
1708840 608
1708850 607
1708860 607
1708870 607
1708880 607
1708890 606
1708900 606
1708910 606
1708920 605
1708930 605
1708940 605
1708950 604
1708960 604
1708970 604
1708980 603
1708990 603
1709000 603
1709010 603
1709020 602
1709030 602
1709040 602
1709050 602
1709060 601
1709070 601
1709080 601
1709090 601
1709100 601
1709110 601
1709120 600
1709130 600
1709140 600
1709150 600
1709160 600
1709170 600
1709180 600
1709190 600
1709200 600
1709210 599
1709220 599
1709230 599
1709240 599
1709250 599
1709260 598
1709270 598
1709280 598
1709290 598
1709300 597
1709310 597
1709320 596
1709330 596
1709340 595
1709350 595
1709360 594
1709370 594
1709380 593
1709390 592
1709400 592
1709410 591
1709420 590
1709430 589
1709440 587
1709450 585
1709460 584
1709470 583
1709480 581
1709490 581
1709500 580
1709510 579
1709520 577
1709530 577
1709540 576
1709550 577
1709560 576
1709570 576
1709580 576
1709590 576
1709600 576
1709610 576
1709620 577
1709630 579
1709640 581
1709650 583
1709660 585
1709670 587
1709680 589
1709690 590
1709700 591
1709710 592
1709720 593
1709730 594
1709740 594
1709750 595
1709760 595
1709770 595
1709780 595
1709790 596
1709800 596
1709810 596
1709820 596
1709830 596
1709840 596
1709850 596
1709860 596
1709870 596
1709880 596
1709890 596
1709900 596
1709910 596
1709920 596
1709930 595
1709940 595
1709950 595
1709960 595
1709970 595
1709980 595
1709990 595
1710000 595
1710010 595
1710020 595
1710030 595
1710040 594
1710050 594
1710060 594
1710070 594
1710080 594
1710090 594
1710100 594
1710110 594
1710120 594
1710130 594
1710140 594
1710150 594
1710160 594
1710170 594
1710180 594
1710190 594
1710200 594
1710210 594
1710220 594
1710230 594
1710240 594
1710250 594
1710260 595
1710270 595
1710280 595
1710290 595
1710300 595
1710310 594
1710320 594
1710330 594
1710340 594
1710350 594
1710360 593
1710370 593
1710380 593
1710390 593
1710400 592
1710410 592
1710420 592
1710430 592
1710440 591
1710450 591
1710460 591
1710470 591
1710480 591
1710490 591
1710500 590
1710510 590
1710520 590
1710530 590
1710540 589
1710550 589
1710560 589
1710570 589
1710580 588
1710590 588
1710600 588
1710610 587
1710620 587
1710630 587
1710640 586
1710650 586
1710660 586
1710670 585
1710680 585
1710690 585
1710700 584
1710710 584
1710720 584
1710730 584
1710740 583
1710750 583
1710760 583
1710770 582
1710780 582
1710790 582
1710800 581
1710810 581
1710820 581
1710830 580
1710840 580
1710850 579
1710860 579
1710870 579
1710880 578
1710890 578
1710900 578
1710910 578
1710920 577
1710930 577
1710940 577
1710950 576
1710960 576
1710970 576
1710980 576
1710990 576
1711000 575
1711010 575
1711020 575
1711030 574
1711040 574
1711050 573
1711060 573
1711070 573
1711080 572
1711090 572
1711100 572
1711110 572
1711120 572
1711130 571
1711140 571
1711150 571
1711160 570
1711170 570
1711180 570
1711190 569
1711200 569
1711210 568
1711220 568
1711230 567
1711240 567
1711250 567
1711260 566
1711270 566
1711280 565
1711290 565
1711300 564
1711310 564
1711320 563
1711330 562
1711340 562
1711350 561
1711360 560
1711370 559
1711380 559
1711390 558
1711400 557
1711410 557
1711420 556
1711430 555
1711440 554
1711450 554
1711460 553
1711470 552
1711480 551
1711490 551
1711500 550
1711510 549
1711520 547
1711530 546
1711540 545
1711550 544
1711560 543
1711570 542
1711580 542
1711590 541
1711600 541
1711610 540
1711620 540
1711630 540
1711640 539
1711650 539
1711660 539
1711670 539
1711680 539
1711690 540
1711700 542
1711710 544
1711720 547
1711730 549
1711740 551
1711750 552
1711760 553
1711770 554
1711780 555
1711790 555
1711800 556
1711810 556
1711820 556
1711830 556
1711840 557
1711850 557
1711860 557
1711870 557
1711880 557
1711890 557
1711900 557
1711910 557
1711920 557
1711930 557
1711940 557
1711950 558
1711960 558
1711970 558
1711980 558
1711990 558
1712000 559
1712010 559
1712020 559
1712030 559
1712040 559
1712050 559
1712060 559
1712070 560
1712080 560
1712090 560
1712100 560
1712110 560
1712120 560
1712130 560
1712140 561
1712150 561
1712160 561
1712170 561
1712180 561
1712190 561
1712200 561
1712210 561
1712220 561
1712230 561
1712240 561
1712250 561
1712260 560
1712270 560
1712280 560
1712290 560
1712300 560
1712310 560
1712320 560
1712330 560
1712340 560
1712350 559
1712360 559
1712370 559
1712380 558
1712390 557
1712400 557
1712410 556
1712420 556
1712430 556
1712440 556
1712450 556
1712460 556
1712470 556
1712480 557
1712490 559
1712500 560
1712510 561
1712520 562
1712530 563
1712540 564
1712550 564
1712560 565
1712570 566
1712580 567
1712590 568
1712600 568
1712610 569
1712620 570
1712630 570
1712640 571
1712650 572
1712660 573
1712670 573
1712680 574
1712690 575
1712700 575
1712710 576
1712720 577
1712730 577
1712740 578
1712750 578
1712760 579
1712770 579
1712780 580
1712790 580
1712800 581
1712810 581
1712820 582
1712830 582
1712840 582
1712850 582
1712860 583
1712870 583
1712880 583
1712890 583
1712900 584
1712910 584
1712920 584
1712930 584
1712940 584
1712950 585
1712960 585
1712970 585
1712980 585
1712990 585
1713000 585
1713010 585
1713020 585
1713030 586
1713040 586
1713050 586
1713060 586
1713070 586
1713080 586
1713090 587
1713100 587
1713110 587
1713120 587
1713130 587
1713140 587
1713150 588
1713160 588
1713170 588
1713180 588
1713190 588
1713200 588
1713210 589
1713220 589
1713230 589
1713240 589
1713250 589
1713260 589
1713270 589
1713280 589
1713290 589
1713300 590
1713310 590
1713320 590
1713330 590
1713340 590
1713350 590
1713360 590
1713370 590
1713380 590
1713390 591
1713400 591
1713410 591
1713420 591
1713430 592
1713440 592
1713450 592
1713460 592
1713470 592
1713480 592
1713490 592
1713500 592
1713510 592
1713520 592
1713530 592
1713540 592
1713550 593
1713560 593
1713570 593
1713580 593
1713590 593
1713600 594
1713610 594
1713620 594
1713630 595
1713640 595
1713650 596
1713660 596
1713670 597
1713680 597
1713690 598
1713700 598
1713710 599
1713720 599
1713730 599
1713740 600
1713750 600
1713760 601
1713770 601
1713780 601
1713790 602
1713800 602
1713810 603
1713820 603
1713830 603
1713840 604
1713850 604
1713860 605
1713870 605
1713880 605
1713890 606
1713900 606
1713910 606
1713920 606
1713930 607
1713940 607
1713950 607
1713960 607
1713970 608
1713980 608
1713990 608
1714000 608
1714010 608
1714020 608
1714030 608
1714040 608
1714050 608
1714060 608
1714070 608
1714080 608
1714090 608
1714100 608
1714110 608
1714120 608
1714130 609
1714140 609
1714150 609
1714160 609
1714170 609
1714180 609
1714190 609
1714200 609
1714210 609
1714220 609
1714230 609
1714240 609
1714250 608
1714260 608
1714270 608
1714280 608
1714290 608
1714300 608
1714310 607
1714320 607
1714330 607
1714340 607
1714350 607
1714360 607
1714370 607
1714380 607
1714390 607
1714400 607
1714410 607
1714420 607
1714430 607
1714440 607
1714450 607
1714460 607
1714470 607
1714480 607
1714490 607
1714500 607
1714510 608
1714520 608
1714530 608
1714540 608
1714550 608
1714560 609
1714570 609
1714580 609
1714590 609
1714600 609
1714610 609
1714620 609
1714630 609
1714640 609
1714650 609
1714660 609
1714670 609
1714680 609
1714690 609
1714700 609
1714710 609
1714720 609
1714730 609
1714740 609
1714750 609
1714760 609
1714770 609
1714780 610
1714790 610
1714800 610
1714810 610
1714820 610
1714830 610
1714840 610
1714850 610
1714860 611
1714870 611
1714880 611
1714890 611
1714900 611
1714910 611
1714920 611
1714930 611
1714940 611
1714950 611
1714960 611
1714970 611
1714980 611
1714990 610
1715000 610
1715010 610
1715020 610
1715030 610
1715040 610
1715050 609
1715060 609
1715070 609
1715080 608
1715090 608
1715100 608
1715110 607
1715120 607
1715130 607
1715140 606
1715150 606
1715160 606
1715170 605
1715180 605
1715190 604
1715200 604
1715210 604
1715220 604
1715230 603
1715240 603
1715250 602
1715260 602
1715270 602
1715280 602
1715290 602
1715300 602
1715310 602
1715320 602
1715330 601
1715340 601
1715350 602
1715360 602
1715370 602
1715380 602
1715390 602
1715400 602
1715410 602
1715420 602
1715430 602
1715440 602
1715450 602
1715460 602
1715470 602
1715480 602
1715490 602
1715500 602
1715510 602
1715520 602
1715530 602
1715540 601
1715550 601
1715560 601
1715570 601
1715580 601
1715590 600
1715600 600
1715610 600
1715620 600
1715630 599
1715640 599
1715650 599
1715660 599
1715670 599
1715680 598
1715690 598
1715700 598
1715710 597
1715720 597
1715730 596
1715740 595
1715750 595
1715760 594
1715770 593
1715780 593
1715790 592
1715800 591
1715810 590
1715820 589
1715830 589
1715840 588
1715850 587
1715860 586
1715870 585
1715880 584
1715890 583
1715900 582
1715910 581
1715920 580
1715930 578
1715940 577
1715950 576
1715960 574
1715970 571
1715980 568
1715990 566
1716000 564
1716010 562
1716020 560
1716030 558
1716040 556
1716050 554
1716060 552
1716070 550
1716080 548
1716090 546
1716100 544
1716110 543
1716120 541
1716130 540
1716140 539
1716150 538
1716160 536
1716170 535
1716180 533
1716190 532
1716200 531
1716210 530
1716220 529
1716230 527
1716240 525
1716250 523
1716260 521
1716270 519
1716280 517
1716290 515
1716300 513
1716310 511
1716320 509
1716330 506
1716340 504
1716350 503
1716360 501
1716370 500
1716380 499
1716390 498
1716400 497
1716410 496
1716420 494
1716430 492
1716440 489
1716450 486
1716460 483
1716470 480
1716480 477
1716490 475
1716500 474
1716510 474
1716520 475
1716530 478
1716540 481
1716550 486
1716560 489
1716570 493
1716580 496
1716590 500
1716600 503
1716610 507
1716620 511
1716630 516
1716640 520
1716650 525
1716660 529
1716670 533
1716680 537
1716690 540
1716700 543
1716710 546
1716720 549
1716730 552
1716740 555
1716750 558
1716760 561
1716770 564
1716780 566
1716790 568
1716800 569
1716810 570
1716820 570
1716830 570
1716840 570
1716850 569
1716860 568
1716870 566
1716880 562
1716890 559
1716900 556
1716910 553
1716920 550
1716930 548
1716940 546
1716950 544
1716960 542
1716970 541
1716980 540
1716990 538
1717000 537
1717010 536
1717020 535
1717030 535
1717040 534
1717050 533
1717060 533
1717070 532
1717080 531
1717090 532
1717100 533
1717110 535
1717120 536
1717130 536
1717140 537
1717150 539
1717160 540
1717170 542
1717180 543
1717190 545
1717200 547
1717210 549
1717220 551
1717230 552
1717240 554
1717250 555
1717260 557
1717270 558
1717280 560
1717290 561
1717300 563
1717310 565
1717320 567
1717330 568
1717340 570
1717350 571
1717360 573
1717370 574
1717380 576
1717390 577
1717400 578
1717410 579
1717420 580
1717430 581
1717440 581
1717450 581
1717460 581
1717470 581
1717480 581
1717490 580
1717500 580
1717510 580
1717520 580
1717530 579
1717540 578
1717550 578
1717560 578
1717570 577
1717580 576
1717590 575
1717600 575
1717610 574
1717620 573
1717630 572
1717640 571
1717650 570
1717660 569
1717670 569
1717680 568
1717690 567
1717700 566
1717710 565
1717720 564
1717730 563
1717740 562
1717750 561
1717760 560
1717770 559
1717780 558
1717790 558
1717800 557
1717810 556
1717820 555
1717830 554
1717840 553
1717850 553
1717860 552
1717870 551
1717880 550
1717890 550
1717900 549
1717910 548
1717920 547
1717930 547
1717940 546
1717950 545
1717960 545
1717970 544
1717980 543
1717990 543
1718000 542
1718010 542
1718020 542
1718030 542
1718040 542
1718050 541
1718060 542
1718070 542
1718080 542
1718090 542
1718100 543
1718110 544
1718120 545
1718130 545
1718140 546
1718150 546
1718160 547
1718170 547
1718180 547
1718190 547
1718200 547
1718210 547
1718220 547
1718230 546
1718240 546
1718250 546
1718260 546
1718270 546
1718280 546
1718290 547
1718300 547
1718310 548
1718320 549
1718330 549
1718340 550
1718350 551
1718360 552
1718370 553
1718380 554
1718390 555
1718400 556
1718410 557
1718420 557
1718430 558
1718440 559
1718450 560
1718460 560
1718470 560
1718480 560
1718490 559
1718500 559
1718510 559
1718520 558
1718530 558
1718540 557
1718550 556
1718560 555
1718570 554
1718580 553
1718590 552
1718600 551
1718610 550
1718620 549
1718630 548
1718640 547
1718650 547
1718660 546
1718670 545
1718680 544
1718690 544
1718700 543
1718710 543
1718720 542
1718730 542
1718740 541
1718750 540
1718760 540
1718770 540
1718780 539
1718790 539
1718800 538
1718810 538
1718820 538
1718830 538
1718840 537
1718850 537
1718860 537
1718870 537
1718880 537
1718890 537
1718900 537
1718910 537
1718920 536
1718930 536
1718940 536
1718950 536
1718960 536
1718970 536
1718980 536
1718990 535
1719000 535
1719010 535
1719020 535
1719030 535
1719040 534
1719050 534
1719060 534
1719070 534
1719080 534
1719090 533
1719100 533
1719110 533
1719120 533
1719130 532
1719140 532
1719150 532
1719160 532
1719170 532
1719180 532
1719190 532
1719200 532
1719210 532
1719220 532
1719230 532
1719240 532
1719250 531
1719260 531
1719270 531
1719280 531
1719290 531
1719300 531
1719310 531
1719320 530
1719330 530
1719340 530
1719350 530
1719360 529
1719370 529
1719380 529
1719390 529
1719400 529
1719410 529
1719420 529
1719430 528
1719440 528
1719450 528
1719460 528
1719470 528
1719480 528
1719490 528
1719500 527
1719510 527
1719520 527
1719530 527
1719540 527
1719550 526
1719560 526
1719570 526
1719580 526
1719590 526
1719600 525
1719610 525
1719620 525
1719630 525
1719640 525
1719650 524
1719660 524
1719670 524
1719680 523
1719690 523
1719700 523
1719710 523
1719720 523
1719730 522
1719740 522
1719750 522
1719760 522
1719770 522
1719780 522
1719790 522
1719800 521
1719810 521
1719820 521
1719830 521
1719840 520
1719850 520
1719860 519
1719870 518
1719880 517
1719890 515
1719900 512
1719910 510
1719920 507
1719930 504
1719940 501
1719950 499
1719960 496
1719970 494
1719980 491
1719990 490
