1700000 548
1700010 548
1700020 547
1700030 547
1700040 546
1700050 546
1700060 545
1700070 545
1700080 545
1700090 544
1700100 544
1700110 543
1700120 542
1700130 542
1700140 541
1700150 541
1700160 540
1700170 539
1700180 538
1700190 538
1700200 538
1700210 538
1700220 538
1700230 537
1700240 537
1700250 535
1700260 534
1700270 534
1700280 534
1700290 534
1700300 534
1700310 534
1700320 535
1700330 535
1700340 536
1700350 537
1700360 538
1700370 539
1700380 540
1700390 542
1700400 543
1700410 544
1700420 544
1700430 545
1700440 546
1700450 546
1700460 547
1700470 547
1700480 548
1700490 548
1700500 549
1700510 549
1700520 550
1700530 550
1700540 550
1700550 551
1700560 551
1700570 552
1700580 552
1700590 553
1700600 553
1700610 553
1700620 553
1700630 553
1700640 554
1700650 554
1700660 554
1700670 554
1700680 554
1700690 554
1700700 554
1700710 555
1700720 555
1700730 555
1700740 555
1700750 555
1700760 555
1700770 556
1700780 556
1700790 556
1700800 556
1700810 557
1700820 556
1700830 556
1700840 556
1700850 556
1700860 556
1700870 557
1700880 557
1700890 557
1700900 557
1700910 557
1700920 558
1700930 558
1700940 558
1700950 558
1700960 558
1700970 558
1700980 559
1700990 559
1701000 559
1701010 559
1701020 559
1701030 559
1701040 559
1701050 559
1701060 559
1701070 559
1701080 559
1701090 559
1701100 559
1701110 559
1701120 559
1701130 559
1701140 559
1701150 559
1701160 559
1701170 559
1701180 559
1701190 559
1701200 559
1701210 560
1701220 560
1701230 560
1701240 561
1701250 562
1701260 562
1701270 563
1701280 564
1701290 564
1701300 564
1701310 565
1701320 565
1701330 566
1701340 567
1701350 567
1701360 567
1701370 567
1701380 566
1701390 565
1701400 564
1701410 563
1701420 562
1701430 561
1701440 560
1701450 559
1701460 558
1701470 558
1701480 557
1701490 556
1701500 555
1701510 554
1701520 553
1701530 552
1701540 551
1701550 550
1701560 550
1701570 549
1701580 548
1701590 547
1701600 546
1701610 545
1701620 545
1701630 544
1701640 543
1701650 542
1701660 541
1701670 541
1701680 540
1701690 539
1701700 539
1701710 538
1701720 537
1701730 536
1701740 536
1701750 535
1701760 534
1701770 534
1701780 533
1701790 532
1701800 530
1701810 528
1701820 526
1701830 523
1701840 521
1701850 519
1701860 518
1701870 517
1701880 516
1701890 515
1701900 514
1701910 515
1701920 516
1701930 516
1701940 516
1701950 516
1701960 515
1701970 515
1701980 514
1701990 513
1702000 513
1702010 512
1702020 512
1702030 512
1702040 511
1702050 511
1702060 511
1702070 511
1702080 511
1702090 512
1702100 513
1702110 515
1702120 517
1702130 521
1702140 525
1702150 529
1702160 533
1702170 536
1702180 538
1702190 540
1702200 541
1702210 541
1702220 542
1702230 543
1702240 543
1702250 543
1702260 543
1702270 543
1702280 543
1702290 543
1702300 543
1702310 543
1702320 543
1702330 543
1702340 543
1702350 543
1702360 543
1702370 543
1702380 543
1702390 543
1702400 543
1702410 542
1702420 542
1702430 541
1702440 541
1702450 541
1702460 540
1702470 540
1702480 539
1702490 539
1702500 538
1702510 538
1702520 538
1702530 537
1702540 537
1702550 536
1702560 536
1702570 536
1702580 535
1702590 535
1702600 535
1702610 534
1702620 534
1702630 534
1702640 533
1702650 533
1702660 532
1702670 532
1702680 531
1702690 531
1702700 530
1702710 530
1702720 530
1702730 530
1702740 530
1702750 530
1702760 529
1702770 529
1702780 528
1702790 528
1702800 528
1702810 528
1702820 528
1702830 528
1702840 529
1702850 530
1702860 532
1702870 533
1702880 534
1702890 536
1702900 537
1702910 538
1702920 538
1702930 539
1702940 540
1702950 541
1702960 541
1702970 542
1702980 542
1702990 542
1703000 542
1703010 543
1703020 543
1703030 543
1703040 543
1703050 543
1703060 543
1703070 543
1703080 543
1703090 543
1703100 544
1703110 544
1703120 545
1703130 545
1703140 545
1703150 544
1703160 545
1703170 545
1703180 545
1703190 545
1703200 545
1703210 545
1703220 546
1703230 546
1703240 546
1703250 547
1703260 547
1703270 548
1703280 549
1703290 549
1703300 549
1703310 549
1703320 549
1703330 548
1703340 548
1703350 548
1703360 547
1703370 547
1703380 546
1703390 546
1703400 546
1703410 546
1703420 545
1703430 545
1703440 545
1703450 544
1703460 544
1703470 544
1703480 543
1703490 543
1703500 543
1703510 542
1703520 542
1703530 542
1703540 541
1703550 541
1703560 541
1703570 541
1703580 541
1703590 540
1703600 540
1703610 540
1703620 539
1703630 539
1703640 539
1703650 538
1703660 538
1703670 538
1703680 538
1703690 538
1703700 538
1703710 538
1703720 538
1703730 538
1703740 538
1703750 538
1703760 537
1703770 537
1703780 537
1703790 537
1703800 536
1703810 536
1703820 536
1703830 535
1703840 535
1703850 535
1703860 534
1703870 534
1703880 534
1703890 534
1703900 534
1703910 533
1703920 533
1703930 533
1703940 533
1703950 533
1703960 532
1703970 532
1703980 532
1703990 532
1704000 532
1704010 531
1704020 531
1704030 531
1704040 531
1704050 531
1704060 531
1704070 532
1704080 532
1704090 532
1704100 532
1704110 532
1704120 531
1704130 531
1704140 531
1704150 531
1704160 531
1704170 531
1704180 530
1704190 530
1704200 530
1704210 530
1704220 530
1704230 529
1704240 529
1704250 529
1704260 529
1704270 529
1704280 528
1704290 528
1704300 528
1704310 528
1704320 528
1704330 528
1704340 528
1704350 528
1704360 528
1704370 528
1704380 528
1704390 528
1704400 529
1704410 528
1704420 528
1704430 528
1704440 528
1704450 528
1704460 528
1704470 527
1704480 527
1704490 527
1704500 527
1704510 527
1704520 527
1704530 527
1704540 527
1704550 527
1704560 527
1704570 527
1704580 526
1704590 526
1704600 525
1704610 525
1704620 524
1704630 524
1704640 524
1704650 524
1704660 523
1704670 523
1704680 523
1704690 522
1704700 522
1704710 521
1704720 520
1704730 519
1704740 519
1704750 518
1704760 516
1704770 514
1704780 511
1704790 507
1704800 504
1704810 500
1704820 497
1704830 495
1704840 494
1704850 495
1704860 498
1704870 502
1704880 506
1704890 509
1704900 512
1704910 515
1704920 516
1704930 517
1704940 517
1704950 517
1704960 516
1704970 515
1704980 514
1704990 513
1705000 513
1705010 513
1705020 513
1705030 512
1705040 511
1705050 509
1705060 507
1705070 505
1705080 504
1705090 501
1705100 497
1705110 493
1705120 492
1705130 492
1705140 492
1705150 492
1705160 492
1705170 492
1705180 492
1705190 492
1705200 492
1705210 492
1705220 492
1705230 492
1705240 492
1705250 492
1705260 492
1705270 492
1705280 492
1705290 492
1705300 492
1705310 492
1705320 492
1705330 492
1705340 492
1705350 492
1705360 492
1705370 492
1705380 492
1705390 492
1705400 492
1705410 492
1705420 492
1705430 492
1705440 493
1705450 496
1705460 499
1705470 500
1705480 501
1705490 499
1705500 495
1705510 493
1705520 492
1705530 492
1705540 492
1705550 492
1705560 492
1705570 492
1705580 492
1705590 492
1705600 492
1705610 492
1705620 492
1705630 492
1705640 492
1705650 492
1705660 492
1705670 492
1705680 492
1705690 492
1705700 492
1705710 492
1705720 492
1705730 492
1705740 492
1705750 492
1705760 492
1705770 492
1705780 492
1705790 492
1705800 492
1705810 492
1705820 492
1705830 492
1705840 492
1705850 492
1705860 492
1705870 492
1705880 492
1705890 492
1705900 492
1705910 492
1705920 492
1705930 492
1705940 492
1705950 493
1705960 494
1705970 498
1705980 501
1705990 504
1706000 508
1706010 511
1706020 514
1706030 518
1706040 520
1706050 522
1706060 524
1706070 524
1706080 525
1706090 526
1706100 526
1706110 527
1706120 527
1706130 527
1706140 528
1706150 528
1706160 528
1706170 529
1706180 529
1706190 530
1706200 530
1706210 531
1706220 531
1706230 532
1706240 532
1706250 532
1706260 532
1706270 533
1706280 533
1706290 534
1706300 534
1706310 534
1706320 535
1706330 535
1706340 535
1706350 535
1706360 534
1706370 533
1706380 532
1706390 532
1706400 532
1706410 533
1706420 533
1706430 533
1706440 533
1706450 533
1706460 532
1706470 532
1706480 532
1706490 533
1706500 532
1706510 532
1706520 532
1706530 531
1706540 531
1706550 531
1706560 530
1706570 529
1706580 528
1706590 527
1706600 526
1706610 524
1706620 523
1706630 522
1706640 521
1706650 520
1706660 520
1706670 519
1706680 517
1706690 514
1706700 512
1706710 509
1706720 506
1706730 504
1706740 501
1706750 499
1706760 498
1706770 498
1706780 499
1706790 500
1706800 503
1706810 506
1706820 510
1706830 514
1706840 517
1706850 521
1706860 525
1706870 528
1706880 530
1706890 531
1706900 533
1706910 534
1706920 535
1706930 537
1706940 538
1706950 539
1706960 539
1706970 540
1706980 541
1706990 541
1707000 542
1707010 542
1707020 542
1707030 542
1707040 543
1707050 543
1707060 543
1707070 544
1707080 544
1707090 544
1707100 544
1707110 545
1707120 545
1707130 545
1707140 545
1707150 545
1707160 545
1707170 545
1707180 545
1707190 545
1707200 545
1707210 545
1707220 545
1707230 545
1707240 545
1707250 545
1707260 545
1707270 545
1707280 545
1707290 545
1707300 545
1707310 545
1707320 545
1707330 546
1707340 546
1707350 546
1707360 546
1707370 546
1707380 546
1707390 547
1707400 547
1707410 547
1707420 547
1707430 547
1707440 547
1707450 547
1707460 547
1707470 547
1707480 547
1707490 548
1707500 548
1707510 548
1707520 548
1707530 548
1707540 548
1707550 548
1707560 549
1707570 549
1707580 549
1707590 549
1707600 549
1707610 549
1707620 550
1707630 550
1707640 550
1707650 550
1707660 551
1707670 551
1707680 551
1707690 551
1707700 552
1707710 552
1707720 552
1707730 553
1707740 553
1707750 553
1707760 554
1707770 554
1707780 555
1707790 555
1707800 556
1707810 556
1707820 557
1707830 558
1707840 558
1707850 559
1707860 559
1707870 560
1707880 560
1707890 561
1707900 561
1707910 562
1707920 562
1707930 562
1707940 563
1707950 563
1707960 563
1707970 564
1707980 564
1707990 564
1708000 565
1708010 565
1708020 566
1708030 566
1708040 566
1708050 567
1708060 567
1708070 567
1708080 568
1708090 568
1708100 569
1708110 569
1708120 570
1708130 570
1708140 570
1708150 570
1708160 571
1708170 571
1708180 571
1708190 571
1708200 571
1708210 572
1708220 572
1708230 572
1708240 572
1708250 572
1708260 572
1708270 572
1708280 572
1708290 572
1708300 572
1708310 571
1708320 571
1708330 571
1708340 571
1708350 571
1708360 571
1708370 571
1708380 571
1708390 571
1708400 571
1708410 571
1708420 571
1708430 571
1708440 571
1708450 571
1708460 570
1708470 570
1708480 570
1708490 570
1708500 570
1708510 570
1708520 570
1708530 569
1708540 569
1708550 569
1708560 569
1708570 568
1708580 568
1708590 567
1708600 567
1708610 566
1708620 566
1708630 566
1708640 566
1708650 566
1708660 565
1708670 565
1708680 565
1708690 564
1708700 564
1708710 564
1708720 563
1708730 563
1708740 563
1708750 563
1708760 563
1708770 563
1708780 562
1708790 562
1708800 561
1708810 561
1708820 561
1708830 561
1708840 560
1708850 560
1708860 560
1708870 560
1708880 560
1708890 560
1708900 559
1708910 559
1708920 559
1708930 559
1708940 559
1708950 559
1708960 559
1708970 559
1708980 558
1708990 558
1709000 558
1709010 558
1709020 558
1709030 558
1709040 558
1709050 557
1709060 557
1709070 557
1709080 557
1709090 556
1709100 556
1709110 556
1709120 555
1709130 555
1709140 555
1709150 555
1709160 554
1709170 554
1709180 554
1709190 553
1709200 553
1709210 553
1709220 552
1709230 552
1709240 551
1709250 551
1709260 550
1709270 550
1709280 549
1709290 549
1709300 548
1709310 548
1709320 547
1709330 547
1709340 546
1709350 546
1709360 546
1709370 545
1709380 545
1709390 545
1709400 544
1709410 544
1709420 543
1709430 543
1709440 542
1709450 542
1709460 541
1709470 540
1709480 540
1709490 539
1709500 539
1709510 538
1709520 538
1709530 537
1709540 536
1709550 536
1709560 535
1709570 535
1709580 534
1709590 533
1709600 532
1709610 531
1709620 530
1709630 529
1709640 527
1709650 526
1709660 524
1709670 522
1709680 521
1709690 520
1709700 519
1709710 519
1709720 518
1709730 517
1709740 516
1709750 515
1709760 514
1709770 514
1709780 513
1709790 512
1709800 511
1709810 511
1709820 509
1709830 508
1709840 507
1709850 506
1709860 506
1709870 505
1709880 504
1709890 504
1709900 503
1709910 503
1709920 502
1709930 501
1709940 500
1709950 499
1709960 497
1709970 496
1709980 495
1709990 494
1710000 493
1710010 492
1710020 491
1710030 490
1710040 488
1710050 486
1710060 483
1710070 480
1710080 477
1710090 473
1710100 469
1710110 466
1710120 461
1710130 457
1710140 455
1710150 454
1710160 455
1710170 456
1710180 459
1710190 463
1710200 468
1710210 472
1710220 476
1710230 480
1710240 483
1710250 487
1710260 490
1710270 493
1710280 497
1710290 500
1710300 502
1710310 505
1710320 508
1710330 510
1710340 512
1710350 514
1710360 516
1710370 517
1710380 519
1710390 520
1710400 522
1710410 523
1710420 524
1710430 525
1710440 526
1710450 528
1710460 529
1710470 531
1710480 532
1710490 533
1710500 534
1710510 535
1710520 536
1710530 537
1710540 538
1710550 539
1710560 539
1710570 540
1710580 540
1710590 541
1710600 541
1710610 542
1710620 542
1710630 543
1710640 543
1710650 543
1710660 544
1710670 544
1710680 544
1710690 545
1710700 545
1710710 546
1710720 546
1710730 546
1710740 546
1710750 547
1710760 547
1710770 548
1710780 548
1710790 548
1710800 548
1710810 547
1710820 547
1710830 546
1710840 545
1710850 544
1710860 543
1710870 542
1710880 541
1710890 540
1710900 539
1710910 538
1710920 537
1710930 534
1710940 532
1710950 528
1710960 525
1710970 522
1710980 519
1710990 515
1711000 511
1711010 507
1711020 504
1711030 500
1711040 497
1711050 493
1711060 490
1711070 487
1711080 484
1711090 481
1711100 479
1711110 476
1711120 473
1711130 471
1711140 469
1711150 467
1711160 465
1711170 463
1711180 461
1711190 459
1711200 456
1711210 454
1711220 451
1711230 449
1711240 446
1711250 444
1711260 443
1711270 443
1711280 443
1711290 442
1711300 442
1711310 443
1711320 444
1711330 444
1711340 445
1711350 447
1711360 452
1711370 458
1711380 464
1711390 468
1711400 472
1711410 477
1711420 481
1711430 486
1711440 490
1711450 494
1711460 499
1711470 503
1711480 507
1711490 511
1711500 515
1711510 518
1711520 521
1711530 525
1711540 528
1711550 531
1711560 534
1711570 535
1711580 536
1711590 537
1711600 537
1711610 538
1711620 538
1711630 539
1711640 539
1711650 539
1711660 539
1711670 539
1711680 539
1711690 539
1711700 538
1711710 538
1711720 538
1711730 538
1711740 538
1711750 538
1711760 538
1711770 538
1711780 538
1711790 538
1711800 538
1711810 538
1711820 538
1711830 538
1711840 539
1711850 539
1711860 539
1711870 539
1711880 539
1711890 539
1711900 539
1711910 539
1711920 539
1711930 539
1711940 538
1711950 538
1711960 538
1711970 537
1711980 537
1711990 536
1712000 536
1712010 535
1712020 534
1712030 534
1712040 533
1712050 531
1712060 530
1712070 528
1712080 527
1712090 525
1712100 524
1712110 524
1712120 523
1712130 522
1712140 520
1712150 519
1712160 517
1712170 518
1712180 520
1712190 521
1712200 521
1712210 522
1712220 522
1712230 523
1712240 524
1712250 526
1712260 527
1712270 529
1712280 531
1712290 533
1712300 534
1712310 535
1712320 537
1712330 538
1712340 539
1712350 540
1712360 542
1712370 543
1712380 545
1712390 547
1712400 548
1712410 550
1712420 551
1712430 553
1712440 554
1712450 556
1712460 557
1712470 558
1712480 559
1712490 560
1712500 561
1712510 562
1712520 563
1712530 564
1712540 565
1712550 566
1712560 566
1712570 567
1712580 568
1712590 568
1712600 569
1712610 569
1712620 569
1712630 569
1712640 568
1712650 567
1712660 566
1712670 564
1712680 561
1712690 558
1712700 555
1712710 552
1712720 549
1712730 546
1712740 543
1712750 540
1712760 536
1712770 533
1712780 530
1712790 527
1712800 525
1712810 522
1712820 519
1712830 517
1712840 513
1712850 510
1712860 507
1712870 504
1712880 500
1712890 497
1712900 493
1712910 490
1712920 486
1712930 483
1712940 479
1712950 475
1712960 471
1712970 469
1712980 470
1712990 473
1713000 476
1713010 478
1713020 481
1713030 485
1713040 488
1713050 492
1713060 495
1713070 498
1713080 500
1713090 503
1713100 505
1713110 508
1713120 510
1713130 513
1713140 515
1713150 517
1713160 520
1713170 521
1713180 523
1713190 525
1713200 527
1713210 529
1713220 531
1713230 531
1713240 530
1713250 528
1713260 526
1713270 526
1713280 526
1713290 527
1713300 530
1713310 533
1713320 535
1713330 535
1713340 535
1713350 536
1713360 538
1713370 541
1713380 545
1713390 547
1713400 548
1713410 548
1713420 548
1713430 548
1713440 549
1713450 550
1713460 551
1713470 550
1713480 549
1713490 548
1713500 547
1713510 546
1713520 546
1713530 546
1713540 546
1713550 545
1713560 545
1713570 544
1713580 544
1713590 544
1713600 545
1713610 545
1713620 547
1713630 548
1713640 549
1713650 550
1713660 552
1713670 553
1713680 553
1713690 554
1713700 553
1713710 551
1713720 549
1713730 546
1713740 543
1713750 540
1713760 537
1713770 535
1713780 534
1713790 533
1713800 531
1713810 529
1713820 527
1713830 525
1713840 523
1713850 521
1713860 518
1713870 515
1713880 513
1713890 512
1713900 512
1713910 511
1713920 510
1713930 510
1713940 508
1713950 507
1713960 506
1713970 504
1713980 503
1713990 502
1714000 501
1714010 500
1714020 499
1714030 496
1714040 494
1714050 493
1714060 493
1714070 493
1714080 494
1714090 494
1714100 494
1714110 494
1714120 494
1714130 493
1714140 492
1714150 492
1714160 491
1714170 490
1714180 489
1714190 487
1714200 485
1714210 483
1714220 481
1714230 479
1714240 477
1714250 476
1714260 474
1714270 472
1714280 471
1714290 469
1714300 468
1714310 467
1714320 466
1714330 465
1714340 464
1714350 463
1714360 461
1714370 460
1714380 458
1714390 457
1714400 455
1714410 453
1714420 450
1714430 448
1714440 445
1714450 442
1714460 439
1714470 437
1714480 436
1714490 434
1714500 432
1714510 430
1714520 427
1714530 424
1714540 422
1714550 420
1714560 417
1714570 416
1714580 414
1714590 412
1714600 410
1714610 408
1714620 406
1714630 404
1714640 402
1714650 400
1714660 399
1714670 398
1714680 398
1714690 398
1714700 398
1714710 398
1714720 398
1714730 398
1714740 398
1714750 397
1714760 396
1714770 395
1714780 394
1714790 393
1714800 392
1714810 392
1714820 391
1714830 392
1714840 392
1714850 392
1714860 392
1714870 392
1714880 392
1714890 393
1714900 394
1714910 396
1714920 398
1714930 400
1714940 402
1714950 404
1714960 406
1714970 409
1714980 409
1714990 410
1715000 411
1715010 415
1715020 418
1715030 422
1715040 425
1715050 428
1715060 431
1715070 434
1715080 437
1715090 440
1715100 443
1715110 446
1715120 448
1715130 450
1715140 452
1715150 454
1715160 455
1715170 456
1715180 457
1715190 457
1715200 457
1715210 457
1715220 456
1715230 455
1715240 454
1715250 453
1715260 451
1715270 450
1715280 449
1715290 447
1715300 445
1715310 444
1715320 445
1715330 448
1715340 451
1715350 453
1715360 454
1715370 456
1715380 458
1715390 459
1715400 460
1715410 462
1715420 463
1715430 464
1715440 465
1715450 467
1715460 468
1715470 469
1715480 471
1715490 472
1715500 473
1715510 474
1715520 475
1715530 476
1715540 476
1715550 477
1715560 477
1715570 477
1715580 477
1715590 477
1715600 477
1715610 477
1715620 477
1715630 476
1715640 476
1715650 475
1715660 475
1715670 475
1715680 474
1715690 473
1715700 472
1715710 471
1715720 469
1715730 468
1715740 466
1715750 464
1715760 462
1715770 459
1715780 456
1715790 454
1715800 451
1715810 448
1715820 445
1715830 442
1715840 439
1715850 437
1715860 434
1715870 432
1715880 430
1715890 428
1715900 425
1715910 422
1715920 419
1715930 417
1715940 414
1715950 413
1715960 411
1715970 410
1715980 409
1715990 408
1716000 407
1716010 406
1716020 405
1716030 404
1716040 403
1716050 401
1716060 400
1716070 400
1716080 399
1716090 398
1716100 397
1716110 396
1716120 395
1716130 394
1716140 392
1716150 390
1716160 389
1716170 389
1716180 388
1716190 388
1716200 388
1716210 388
1716220 388
1716230 388
1716240 388
1716250 388
1716260 387
1716270 386
1716280 385
1716290 384
1716300 384
1716310 384
1716320 385
1716330 388
1716340 394
1716350 403
1716360 413
1716370 419
1716380 424
1716390 429
1716400 434
1716410 441
1716420 450
1716430 458
1716440 465
1716450 470
1716460 475
1716470 480
1716480 486
1716490 493
1716500 500
1716510 506
1716520 512
1716530 518
1716540 522
1716550 527
1716560 531
1716570 535
1716580 539
1716590 542
1716600 545
1716610 548
1716620 550
1716630 552
1716640 553
1716650 552
1716660 550
1716670 547
1716680 544
1716690 541
1716700 539
1716710 536
1716720 533
1716730 531
1716740 528
1716750 526
1716760 523
1716770 521
1716780 519
1716790 517
1716800 515
1716810 513
1716820 511
1716830 509
1716840 507
1716850 505
1716860 503
1716870 501
1716880 499
1716890 498
1716900 496
1716910 494
1716920 493
1716930 491
1716940 491
1716950 492
1716960 493
1716970 494
1716980 495
1716990 496
1717000 497
1717010 499
1717020 500
1717030 502
1717040 503
1717050 504
1717060 505
1717070 506
1717080 507
1717090 509
1717100 510
1717110 512
1717120 513
1717130 514
1717140 515
1717150 517
1717160 518
1717170 520
1717180 522
1717190 524
1717200 525
1717210 526
1717220 528
1717230 530
1717240 531
1717250 532
1717260 531
1717270 529
1717280 527
1717290 524
1717300 522
1717310 519
1717320 517
1717330 514
1717340 512
1717350 509
1717360 506
1717370 503
1717380 500
1717390 497
1717400 495
1717410 492
1717420 489
1717430 486
1717440 482
1717450 479
1717460 476
1717470 473
1717480 470
1717490 467
1717500 464
1717510 461
1717520 457
1717530 454
1717540 451
1717550 448
1717560 445
1717570 441
1717580 438
1717590 434
1717600 430
1717610 426
1717620 422
1717630 418
1717640 414
1717650 410
1717660 406
1717670 402
1717680 398
1717690 395
1717700 392
1717710 388
1717720 385
1717730 384
1717740 386
1717750 388
1717760 390
1717770 391
1717780 391
1717790 392
1717800 394
1717810 398
1717820 404
1717830 410
1717840 417
1717850 421
1717860 425
1717870 429
1717880 433
1717890 438
1717900 442
1717910 446
1717920 450
1717930 454
1717940 458
1717950 462
1717960 466
1717970 469
1717980 473
1717990 477
1718000 481
1718010 485
1718020 489
1718030 493
1718040 497
1718050 500
1718060 502
1718070 504
1718080 506
1718090 506
1718100 505
1718110 505
1718120 504
1718130 502
1718140 501
1718150 499
1718160 498
1718170 497
1718180 495
1718190 494
1718200 493
1718210 492
1718220 491
1718230 490
1718240 489
1718250 488
1718260 488
1718270 487
1718280 487
1718290 488
1718300 489
1718310 490
1718320 492
1718330 494
1718340 496
1718350 497
1718360 498
1718370 499
1718380 501
1718390 502
1718400 503
1718410 502
1718420 499
1718430 496
1718440 493
1718450 490
1718460 487
1718470 483
1718480 480
1718490 477
1718500 474
1718510 471
1718520 469
1718530 466
1718540 464
1718550 460
1718560 458
1718570 455
1718580 452
1718590 449
1718600 446
1718610 444
1718620 442
1718630 439
1718640 436
1718650 432
1718660 432
1718670 436
1718680 439
1718690 443
1718700 446
1718710 449
1718720 453
1718730 456
1718740 460
1718750 464
1718760 467
1718770 471
1718780 475
1718790 479
1718800 482
1718810 486
1718820 489
1718830 492
1718840 496
1718850 499
1718860 502
1718870 506
1718880 509
1718890 512
1718900 514
1718910 516
1718920 515
1718930 513
1718940 511
1718950 509
1718960 507
1718970 505
1718980 503
1718990 500
1719000 497
1719010 494
1719020 491
1719030 487
1719040 483
1719050 479
1719060 475
1719070 470
1719080 464
1719090 459
1719100 455
1719110 451
1719120 448
1719130 445
1719140 443
1719150 440
1719160 439
1719170 437
1719180 435
1719190 434
1719200 432
1719210 430
1719220 429
1719230 427
1719240 426
1719250 424
1719260 423
1719270 421
1719280 420
1719290 419
1719300 418
1719310 416
1719320 414
1719330 413
1719340 411
1719350 409
1719360 408
1719370 407
1719380 405
1719390 404
1719400 402
1719410 401
1719420 400
1719430 398
1719440 397
1719450 395
1719460 394
1719470 393
1719480 392
1719490 391
1719500 389
1719510 388
1719520 387
1719530 386
1719540 385
1719550 384
1719560 383
1719570 383
1719580 382
1719590 382
1719600 381
1719610 380
1719620 379
1719630 376
1719640 373
1719650 371
1719660 369
1719670 369
1719680 370
1719690 372
1719700 374
1719710 376
1719720 377
1719730 378
1719740 379
1719750 381
1719760 382
1719770 384
1719780 386
1719790 387
1719800 389
1719810 391
1719820 392
1719830 394
1719840 395
1719850 397
1719860 399
1719870 401
1719880 403
1719890 406
1719900 409
1719910 412
1719920 415
1719930 418
1719940 421
1719950 423
1719960 426
1719970 429
1719980 431
1719990 434
