1700000 545
1700010 545
1700020 545
1700030 545
1700040 545
1700050 545
1700060 545
1700070 545
1700080 546
1700090 545
1700100 545
1700110 545
1700120 545
1700130 545
1700140 546
1700150 546
1700160 546
1700170 546
1700180 546
1700190 546
1700200 546
1700210 546
1700220 546
1700230 546
1700240 546
1700250 546
1700260 546
1700270 546
1700280 546
1700290 546
1700300 546
1700310 546
1700320 546
1700330 546
1700340 546
1700350 546
1700360 546
1700370 546
1700380 546
1700390 546
1700400 547
1700410 547
1700420 547
1700430 547
1700440 547
1700450 547
1700460 547
1700470 547
1700480 547
1700490 547
1700500 547
1700510 547
1700520 547
1700530 546
1700540 546
1700550 546
1700560 546
1700570 546
1700580 546
1700590 545
1700600 545
1700610 545
1700620 545
1700630 545
1700640 545
1700650 545
1700660 544
1700670 544
1700680 544
1700690 544
1700700 544
1700710 544
1700720 544
1700730 544
1700740 544
1700750 544
1700760 544
1700770 544
1700780 544
1700790 544
1700800 544
1700810 544
1700820 544
1700830 544
1700840 544
1700850 543
1700860 543
1700870 543
1700880 543
1700890 543
1700900 543
1700910 543
1700920 542
1700930 542
1700940 542
1700950 542
1700960 542
1700970 542
1700980 542
1700990 542
1701000 542
1701010 542
1701020 542
1701030 542
1701040 542
1701050 542
1701060 542
1701070 542
1701080 542
1701090 541
1701100 541
1701110 541
1701120 541
1701130 541
1701140 542
1701150 542
1701160 542
1701170 542
1701180 543
1701190 543
1701200 543
1701210 544
1701220 544
1701230 545
1701240 545
1701250 546
1701260 546
1701270 547
1701280 547
1701290 547
1701300 548
1701310 548
1701320 549
1701330 549
1701340 550
1701350 551
1701360 552
1701370 553
1701380 554
1701390 555
1701400 556
1701410 556
1701420 556
1701430 556
1701440 556
1701450 556
1701460 556
1701470 555
1701480 555
1701490 555
1701500 554
1701510 554
1701520 553
1701530 553
1701540 552
1701550 551
1701560 549
1701570 547
1701580 545
1701590 544
1701600 543
1701610 543
1701620 544
1701630 545
1701640 546
1701650 547
1701660 548
1701670 548
1701680 549
1701690 549
1701700 549
1701710 550
1701720 550
1701730 551
1701740 551
1701750 552
1701760 552
1701770 553
1701780 553
1701790 554
1701800 554
1701810 554
1701820 554
1701830 554
1701840 555
1701850 555
1701860 555
1701870 555
1701880 555
1701890 556
1701900 556
1701910 556
1701920 556
1701930 556
1701940 556
1701950 556
1701960 555
1701970 555
1701980 554
1701990 554
1702000 553
1702010 552
1702020 552
1702030 552
1702040 551
1702050 551
1702060 551
1702070 551
1702080 551
1702090 551
1702100 551
1702110 551
1702120 551
1702130 550
1702140 550
1702150 550
1702160 550
1702170 550
1702180 550
1702190 550
1702200 549
1702210 549
1702220 548
1702230 546
1702240 545
1702250 543
1702260 541
1702270 540
1702280 538
1702290 536
1702300 534
1702310 532
1702320 531
1702330 529
1702340 528
1702350 527
1702360 527
1702370 527
1702380 527
1702390 528
1702400 529
1702410 529
1702420 530
1702430 530
1702440 531
1702450 532
1702460 532
1702470 533
1702480 533
1702490 534
1702500 534
1702510 534
1702520 534
1702530 534
1702540 534
1702550 534
1702560 534
1702570 534
1702580 533
1702590 533
1702600 532
1702610 531
1702620 529
1702630 527
1702640 526
1702650 525
1702660 525
1702670 525
1702680 526
1702690 528
1702700 529
1702710 529
1702720 529
1702730 530
1702740 530
1702750 530
1702760 530
1702770 530
1702780 531
1702790 531
1702800 531
1702810 530
1702820 530
1702830 530
1702840 530
1702850 530
1702860 530
1702870 530
1702880 530
1702890 530
1702900 530
1702910 530
1702920 530
1702930 529
1702940 529
1702950 529
1702960 529
1702970 529
1702980 529
1702990 530
1703000 531
1703010 532
1703020 534
1703030 535
1703040 536
1703050 537
1703060 538
1703070 539
1703080 539
1703090 539
1703100 540
1703110 540
1703120 540
1703130 540
1703140 540
1703150 540
1703160 540
1703170 540
1703180 540
1703190 540
1703200 540
1703210 540
1703220 541
1703230 541
1703240 541
1703250 541
1703260 541
1703270 540
1703280 540
1703290 540
1703300 539
1703310 539
1703320 538
1703330 538
1703340 538
1703350 537
1703360 537
1703370 537
1703380 536
1703390 536
1703400 536
1703410 535
1703420 535
1703430 534
1703440 534
1703450 534
1703460 533
1703470 533
1703480 533
1703490 532
1703500 532
1703510 531
1703520 531
1703530 531
1703540 530
1703550 530
1703560 530
1703570 529
1703580 529
1703590 529
1703600 528
1703610 528
1703620 528
1703630 527
1703640 527
1703650 526
1703660 525
1703670 525
1703680 524
1703690 524
1703700 523
1703710 522
1703720 522
1703730 521
1703740 520
1703750 519
1703760 518
1703770 518
1703780 519
1703790 520
1703800 520
1703810 521
1703820 521
1703830 521
1703840 522
1703850 521
1703860 521
1703870 521
1703880 521
1703890 521
1703900 520
1703910 520
1703920 520
1703930 520
1703940 520
1703950 520
1703960 520
1703970 520
1703980 520
1703990 520
1704000 520
1704010 520
1704020 519
1704030 519
1704040 518
1704050 518
1704060 517
1704070 517
1704080 516
1704090 515
1704100 514
1704110 511
1704120 509
1704130 507
1704140 506
1704150 506
1704160 505
1704170 504
1704180 502
1704190 501
1704200 499
1704210 497
1704220 495
1704230 495
1704240 496
1704250 498
1704260 500
1704270 503
1704280 507
1704290 510
1704300 512
1704310 514
1704320 514
1704330 514
1704340 514
1704350 514
1704360 514
1704370 515
1704380 515
1704390 515
1704400 515
1704410 515
1704420 515
1704430 516
1704440 516
1704450 516
1704460 516
1704470 516
1704480 516
1704490 516
1704500 516
1704510 515
1704520 515
1704530 514
1704540 514
1704550 514
1704560 513
1704570 513
1704580 513
1704590 512
1704600 512
1704610 512
1704620 511
1704630 511
1704640 510
1704650 510
1704660 509
1704670 508
1704680 508
1704690 507
1704700 506
1704710 503
1704720 500
1704730 497
1704740 495
1704750 495
1704760 494
1704770 494
1704780 494
1704790 494
1704800 494
1704810 494
1704820 495
1704830 495
1704840 495
1704850 495
1704860 495
1704870 495
1704880 495
1704890 495
1704900 495
1704910 494
1704920 494
1704930 494
1704940 494
1704950 494
1704960 494
1704970 494
1704980 494
1704990 494
1705000 494
1705010 494
1705020 494
1705030 494
1705040 494
1705050 494
1705060 495
1705070 497
1705080 500
1705090 503
1705100 506
1705110 509
1705120 511
1705130 513
1705140 515
1705150 515
1705160 515
1705170 515
1705180 515
1705190 516
1705200 516
1705210 516
1705220 517
1705230 517
1705240 518
1705250 518
1705260 519
1705270 519
1705280 520
1705290 520
1705300 520
1705310 520
1705320 520
1705330 519
1705340 519
1705350 518
1705360 518
1705370 517
1705380 517
1705390 516
1705400 515
1705410 515
1705420 514
1705430 514
1705440 513
1705450 512
1705460 511
1705470 510
1705480 507
1705490 505
1705500 502
1705510 499
1705520 497
1705530 496
1705540 497
1705550 498
1705560 499
1705570 501
1705580 502
1705590 501
1705600 498
1705610 496
1705620 495
1705630 494
1705640 494
1705650 494
1705660 494
1705670 494
1705680 494
1705690 494
1705700 494
1705710 495
1705720 497
1705730 499
1705740 501
1705750 505
1705760 508
1705770 510
1705780 510
1705790 509
1705800 508
1705810 507
1705820 505
1705830 501
1705840 499
1705850 497
1705860 495
1705870 494
1705880 493
1705890 493
1705900 493
1705910 493
1705920 493
1705930 493
1705940 494
1705950 493
1705960 493
1705970 493
1705980 493
1705990 493
1706000 493
1706010 493
1706020 493
1706030 493
1706040 493
1706050 493
1706060 493
1706070 493
1706080 493
1706090 493
1706100 493
1706110 493
1706120 493
1706130 494
1706140 495
1706150 497
1706160 499
1706170 502
1706180 504
1706190 505
1706200 507
1706210 508
1706220 509
1706230 510
1706240 510
1706250 511
1706260 513
1706270 514
1706280 514
1706290 514
1706300 514
1706310 515
1706320 515
1706330 515
1706340 515
1706350 515
1706360 516
1706370 516
1706380 516
1706390 516
1706400 515
1706410 515
1706420 515
1706430 515
1706440 515
1706450 515
1706460 515
1706470 514
1706480 514
1706490 514
1706500 513
1706510 512
1706520 511
1706530 511
1706540 511
1706550 511
1706560 509
1706570 507
1706580 505
1706590 504
1706600 503
1706610 503
1706620 502
1706630 501
1706640 499
1706650 497
1706660 494
1706670 491
1706680 488
1706690 485
1706700 481
1706710 477
1706720 473
1706730 471
1706740 469
1706750 469
1706760 470
1706770 472
1706780 473
1706790 478
1706800 485
1706810 490
1706820 495
1706830 499
1706840 502
1706850 505
1706860 508
1706870 512
1706880 515
1706890 518
1706900 519
1706910 521
1706920 522
1706930 524
1706940 525
1706950 526
1706960 526
1706970 527
1706980 528
1706990 528
1707000 529
1707010 529
1707020 530
1707030 530
1707040 529
1707050 530
1707060 530
1707070 530
1707080 530
1707090 530
1707100 531
1707110 531
1707120 532
1707130 532
1707140 532
1707150 533
1707160 533
1707170 534
1707180 535
1707190 535
1707200 535
1707210 536
1707220 536
1707230 537
1707240 537
1707250 537
1707260 537
1707270 538
1707280 538
1707290 538
1707300 538
1707310 538
1707320 538
1707330 539
1707340 539
1707350 539
1707360 539
1707370 539
1707380 539
1707390 539
1707400 540
1707410 540
1707420 540
1707430 541
1707440 541
1707450 541
1707460 542
1707470 542
1707480 543
1707490 543
1707500 544
1707510 544
1707520 545
1707530 546
1707540 547
1707550 547
1707560 548
1707570 549
1707580 549
1707590 550
1707600 550
1707610 551
1707620 551
1707630 551
1707640 552
1707650 553
1707660 553
1707670 554
1707680 554
1707690 554
1707700 555
1707710 555
1707720 556
1707730 556
1707740 556
1707750 556
1707760 557
1707770 557
1707780 557
1707790 558
1707800 558
1707810 558
1707820 558
1707830 559
1707840 559
1707850 559
1707860 559
1707870 559
1707880 559
1707890 559
1707900 559
1707910 559
1707920 559
1707930 559
1707940 559
1707950 559
1707960 559
1707970 558
1707980 558
1707990 558
1708000 558
1708010 558
1708020 557
1708030 557
1708040 557
1708050 557
1708060 556
1708070 556
1708080 556
1708090 555
1708100 555
1708110 555
1708120 554
1708130 554
1708140 554
1708150 553
1708160 553
1708170 553
1708180 552
1708190 552
1708200 552
1708210 552
1708220 551
1708230 551
1708240 551
1708250 551
1708260 551
1708270 551
1708280 551
1708290 551
1708300 551
1708310 550
1708320 550
1708330 550
1708340 550
1708350 551
1708360 551
1708370 551
1708380 551
1708390 551
1708400 551
1708410 551
1708420 551
1708430 551
1708440 551
1708450 551
1708460 551
1708470 552
1708480 552
1708490 552
1708500 552
1708510 552
1708520 552
1708530 552
1708540 552
1708550 552
1708560 552
1708570 552
1708580 552
1708590 552
1708600 552
1708610 552
1708620 552
1708630 552
1708640 552
1708650 551
1708660 551
1708670 551
1708680 550
1708690 550
1708700 550
1708710 549
1708720 549
1708730 548
1708740 548
1708750 547
1708760 547
1708770 546
1708780 546
1708790 545
1708800 544
1708810 544
1708820 543
1708830 543
1708840 542
1708850 541
1708860 540
1708870 540
1708880 538
1708890 537
1708900 535
1708910 535
1708920 534
1708930 534
1708940 534
1708950 535
1708960 535
1708970 536
1708980 536
1708990 537
1709000 538
1709010 539
1709020 540
1709030 541
1709040 542
1709050 544
1709060 544
1709070 545
1709080 546
1709090 546
1709100 546
1709110 547
1709120 547
1709130 547
1709140 547
1709150 548
1709160 548
1709170 549
1709180 549
1709190 549
1709200 549
1709210 548
1709220 548
1709230 547
1709240 547
1709250 546
1709260 545
1709270 545
1709280 544
1709290 543
1709300 543
1709310 542
1709320 541
1709330 541
1709340 540
1709350 539
1709360 538
1709370 537
1709380 536
1709390 535
1709400 533
1709410 533
1709420 533
1709430 533
1709440 533
1709450 533
1709460 532
1709470 532
1709480 531
1709490 531
1709500 531
1709510 530
1709520 530
1709530 530
1709540 529
1709550 529
1709560 528
1709570 528
1709580 527
1709590 527
1709600 526
1709610 525
1709620 524
1709630 523
1709640 523
1709650 523
1709660 523
1709670 524
1709680 523
1709690 523
1709700 524
1709710 524
1709720 524
1709730 524
1709740 523
1709750 523
1709760 523
1709770 522
1709780 522
1709790 521
1709800 521
1709810 520
1709820 519
1709830 517
1709840 516
1709850 514
1709860 513
1709870 511
1709880 510
1709890 509
1709900 508
1709910 507
1709920 506
1709930 505
1709940 504
1709950 503
1709960 502
1709970 501
1709980 500
1709990 499
1710000 497
1710010 496
1710020 494
1710030 493
1710040 491
1710050 490
1710060 488
1710070 486
1710080 484
1710090 482
1710100 479
1710110 476
1710120 472
1710130 468
1710140 463
1710150 459
1710160 454
1710170 448
1710180 444
1710190 442
1710200 441
1710210 441
1710220 442
1710230 443
1710240 444
1710250 446
1710260 450
1710270 453
1710280 456
1710290 457
1710300 458
1710310 459
1710320 460
1710330 461
1710340 462
1710350 463
1710360 463
1710370 464
1710380 466
1710390 467
1710400 468
1710410 469
1710420 470
1710430 471
1710440 472
1710450 473
1710460 475
1710470 476
1710480 477
1710490 478
1710500 479
1710510 481
1710520 482
1710530 484
1710540 485
1710550 487
1710560 488
1710570 490
1710580 491
1710590 492
1710600 493
1710610 495
1710620 498
1710630 499
1710640 501
1710650 502
1710660 504
1710670 505
1710680 507
1710690 509
1710700 510
1710710 511
1710720 512
1710730 513
1710740 514
1710750 515
1710760 514
1710770 513
1710780 510
1710790 507
1710800 504
1710810 501
1710820 498
1710830 494
1710840 491
1710850 487
1710860 484
1710870 481
1710880 478
1710890 475
1710900 471
1710910 467
1710920 463
1710930 459
1710940 455
1710950 451
1710960 449
1710970 446
1710980 444
1710990 440
1711000 437
1711010 436
1711020 435
1711030 435
1711040 435
1711050 435
1711060 435
1711070 435
1711080 435
1711090 435
1711100 435
1711110 435
1711120 435
1711130 435
1711140 435
1711150 435
1711160 435
1711170 435
1711180 435
1711190 435
1711200 435
1711210 435
1711220 435
1711230 435
1711240 436
1711250 437
1711260 439
1711270 441
1711280 443
1711290 444
1711300 445
1711310 446
1711320 446
1711330 446
1711340 445
1711350 445
1711360 444
1711370 442
1711380 440
1711390 438
1711400 436
1711410 435
1711420 435
1711430 435
1711440 435
1711450 435
1711460 435
1711470 435
1711480 435
1711490 435
1711500 435
1711510 435
1711520 435
1711530 435
1711540 435
1711550 435
1711560 435
1711570 435
1711580 435
1711590 435
1711600 435
1711610 437
1711620 440
1711630 443
1711640 445
1711650 448
1711660 453
1711670 460
1711680 467
1711690 472
1711700 477
1711710 481
1711720 485
1711730 490
1711740 494
1711750 499
1711760 503
1711770 506
1711780 509
1711790 512
1711800 514
1711810 515
1711820 516
1711830 515
1711840 515
1711850 515
1711860 514
1711870 514
1711880 513
1711890 513
1711900 512
1711910 511
1711920 510
1711930 509
1711940 509
1711950 508
1711960 507
1711970 506
1711980 505
1711990 504
1712000 504
1712010 504
1712020 503
1712030 502
1712040 502
1712050 501
1712060 500
1712070 499
1712080 498
1712090 497
1712100 496
1712110 495
1712120 494
1712130 493
1712140 492
1712150 491
1712160 490
1712170 489
1712180 488
1712190 487
1712200 486
1712210 485
1712220 483
1712230 482
1712240 481
1712250 479
1712260 478
1712270 477
1712280 475
1712290 473
1712300 472
1712310 470
1712320 468
1712330 467
1712340 465
1712350 464
1712360 463
1712370 461
1712380 460
1712390 458
1712400 456
1712410 455
1712420 453
1712430 450
1712440 448
1712450 447
1712460 448
1712470 451
1712480 453
1712490 455
1712500 456
1712510 457
1712520 458
1712530 459
1712540 460
1712550 460
1712560 461
1712570 461
1712580 462
1712590 462
1712600 462
1712610 463
1712620 463
1712630 463
1712640 463
1712650 463
1712660 463
1712670 462
1712680 462
1712690 462
1712700 462
1712710 461
1712720 461
1712730 461
1712740 461
1712750 461
1712760 461
1712770 461
1712780 461
1712790 461
1712800 461
1712810 461
1712820 461
1712830 461
1712840 461
1712850 462
1712860 463
1712870 463
1712880 464
1712890 465
1712900 465
1712910 464
1712920 461
1712930 458
1712940 455
1712950 451
1712960 446
1712970 443
1712980 440
1712990 437
1713000 436
1713010 435
1713020 435
1713030 435
1713040 435
1713050 435
1713060 435
1713070 435
1713080 435
1713090 435
1713100 435
1713110 435
1713120 435
1713130 435
1713140 435
1713150 435
1713160 435
1713170 435
1713180 435
1713190 435
1713200 435
1713210 435
1713220 435
1713230 435
1713240 435
1713250 435
1713260 435
1713270 435
1713280 435
1713290 435
1713300 435
1713310 435
1713320 435
1713330 435
1713340 435
1713350 435
1713360 435
1713370 435
1713380 435
1713390 435
1713400 435
1713410 435
1713420 435
1713430 435
1713440 435
1713450 435
1713460 435
1713470 435
1713480 435
1713490 435
1713500 435
1713510 435
1713520 435
1713530 435
1713540 435
1713550 435
1713560 435
1713570 435
1713580 435
1713590 435
1713600 435
1713610 435
1713620 435
1713630 435
1713640 435
1713650 435
1713660 435
1713670 435
1713680 435
1713690 435
1713700 435
1713710 435
1713720 435
1713730 435
1713740 435
1713750 435
1713760 435
1713770 435
1713780 435
1713790 435
1713800 436
1713810 438
1713820 442
1713830 447
1713840 451
1713850 455
1713860 455
1713870 456
1713880 456
1713890 457
1713900 459
1713910 466
1713920 470
1713930 473
1713940 472
1713950 470
1713960 469
1713970 467
1713980 466
1713990 464
1714000 462
1714010 460
1714020 459
1714030 457
1714040 454
1714050 452
1714060 450
1714070 448
1714080 446
1714090 444
1714100 442
1714110 439
1714120 437
1714130 436
1714140 435
1714150 435
1714160 435
1714170 435
1714180 435
1714190 435
1714200 435
1714210 435
1714220 435
1714230 435
1714240 435
1714250 435
1714260 435
1714270 435
1714280 435
1714290 435
1714300 435
1714310 435
1714320 435
1714330 435
1714340 435
1714350 435
1714360 434
1714370 433
1714380 432
1714390 431
1714400 430
1714410 429
1714420 429
1714430 430
1714440 432
1714450 436
1714460 439
1714470 444
1714480 449
1714490 454
1714500 459
1714510 462
1714520 464
1714530 466
1714540 469
1714550 471
1714560 473
1714570 476
1714580 479
1714590 482
1714600 485
1714610 487
1714620 490
1714630 493
1714640 496
1714650 500
1714660 503
1714670 505
1714680 508
1714690 510
1714700 513
1714710 515
1714720 518
1714730 520
1714740 522
1714750 524
1714760 526
1714770 528
1714780 530
1714790 531
1714800 532
1714810 533
1714820 534
1714830 534
1714840 534
1714850 534
1714860 535
1714870 534
1714880 534
1714890 534
1714900 533
1714910 532
1714920 532
1714930 531
1714940 531
1714950 530
1714960 530
1714970 529
1714980 528
1714990 528
1715000 527
1715010 526
1715020 526
1715030 525
1715040 525
1715050 524
1715060 524
1715070 523
1715080 523
1715090 522
1715100 522
1715110 521
1715120 520
1715130 520
1715140 519
1715150 519
1715160 518
1715170 517
1715180 515
1715190 513
1715200 511
1715210 509
1715220 506
1715230 503
1715240 500
1715250 498
1715260 495
1715270 494
1715280 492
1715290 490
1715300 489
1715310 487
1715320 485
1715330 483
1715340 482
1715350 480
1715360 478
1715370 476
1715380 474
1715390 472
1715400 471
1715410 469
1715420 467
1715430 466
1715440 464
1715450 463
1715460 461
1715470 460
1715480 459
1715490 459
1715500 460
1715510 461
1715520 462
1715530 463
1715540 464
1715550 465
1715560 466
1715570 468
1715580 470
1715590 472
1715600 474
1715610 475
1715620 476
1715630 478
1715640 479
1715650 481
1715660 482
1715670 483
1715680 484
1715690 485
1715700 486
1715710 487
1715720 488
1715730 488
1715740 488
1715750 488
1715760 488
1715770 487
1715780 487
1715790 486
1715800 484
1715810 483
1715820 481
1715830 479
1715840 477
1715850 474
1715860 472
1715870 470
1715880 467
1715890 465
1715900 463
1715910 461
1715920 459
1715930 457
1715940 455
1715950 453
1715960 452
1715970 450
1715980 448
1715990 447
1716000 445
1716010 444
1716020 442
1716030 441
1716040 439
1716050 437
1716060 435
1716070 433
1716080 429
1716090 426
1716100 422
1716110 418
1716120 414
1716130 410
1716140 406
1716150 403
1716160 399
1716170 395
1716180 391
1716190 389
1716200 388
1716210 387
1716220 386
1716230 386
1716240 387
1716250 387
1716260 386
1716270 386
1716280 385
1716290 385
1716300 385
1716310 384
1716320 384
1716330 384
1716340 384
1716350 383
1716360 383
1716370 383
1716380 383
1716390 383
1716400 384
1716410 389
1716420 394
1716430 398
1716440 402
1716450 406
1716460 410
1716470 414
1716480 418
1716490 422
1716500 425
1716510 428
1716520 431
1716530 433
1716540 434
1716550 435
1716560 436
1716570 436
1716580 435
1716590 433
1716600 431
1716610 430
1716620 429
1716630 428
1716640 426
1716650 425
1716660 424
1716670 422
1716680 420
1716690 418
1716700 416
1716710 413
1716720 411
1716730 407
1716740 404
1716750 401
1716760 398
1716770 396
1716780 394
1716790 391
1716800 389
1716810 387
1716820 387
1716830 386
1716840 384
1716850 382
1716860 381
1716870 379
1716880 377
1716890 376
1716900 375
1716910 375
1716920 375
1716930 375
1716940 375
1716950 375
1716960 375
1716970 375
1716980 375
1716990 375
1717000 376
1717010 376
1717020 376
1717030 376
1717040 376
1717050 376
1717060 376
1717070 376
1717080 376
1717090 376
1717100 376
1717110 376
1717120 376
1717130 376
1717140 376
1717150 376
1717160 376
1717170 376
1717180 376
1717190 376
1717200 376
1717210 376
1717220 376
1717230 377
1717240 377
1717250 377
1717260 377
1717270 377
1717280 376
1717290 376
1717300 376
1717310 376
1717320 376
1717330 375
1717340 375
1717350 375
1717360 375
1717370 375
1717380 375
1717390 374
1717400 374
1717410 374
1717420 374
1717430 374
1717440 374
1717450 374
1717460 374
1717470 374
1717480 374
1717490 374
1717500 374
1717510 374
1717520 374
1717530 374
1717540 374
1717550 374
1717560 373
1717570 373
1717580 372
1717590 372
1717600 372
1717610 373
1717620 374
1717630 375
1717640 375
1717650 376
1717660 376
1717670 377
1717680 379
1717690 382
1717700 384
1717710 387
1717720 390
1717730 393
1717740 396
1717750 397
1717760 398
1717770 397
1717780 395
1717790 394
1717800 391
1717810 388
1717820 385
1717830 382
1717840 379
1717850 377
1717860 377
1717870 377
1717880 377
1717890 377
1717900 376
1717910 376
1717920 376
1717930 377
1717940 379
1717950 382
1717960 385
1717970 388
1717980 391
1717990 394
1718000 397
1718010 400
1718020 402
1718030 403
1718040 404
1718050 406
1718060 406
1718070 407
1718080 408
1718090 408
1718100 408
1718110 409
1718120 409
1718130 409
1718140 409
1718150 409
1718160 409
1718170 409
1718180 409
1718190 409
1718200 409
1718210 409
1718220 408
1718230 408
1718240 408
1718250 408
1718260 407
1718270 406
1718280 406
1718290 404
1718300 405
1718310 406
1718320 406
1718330 406
1718340 406
1718350 406
1718360 405
1718370 405
1718380 405
1718390 404
1718400 404
1718410 404
1718420 403
1718430 403
1718440 402
1718450 402
1718460 401
1718470 400
1718480 400
1718490 399
1718500 398
1718510 397
1718520 396
1718530 395
1718540 394
1718550 393
1718560 393
1718570 391
1718580 389
1718590 385
1718600 382
1718610 380
1718620 378
1718630 376
1718640 375
1718650 374
1718660 374
1718670 373
1718680 373
1718690 371
1718700 369
1718710 368
1718720 368
1718730 368
1718740 368
1718750 368
1718760 368
1718770 368
1718780 369
1718790 369
1718800 369
1718810 369
1718820 370
1718830 370
1718840 371
1718850 372
1718860 373
1718870 374
1718880 375
1718890 376
1718900 377
1718910 379
1718920 380
1718930 381
1718940 381
1718950 382
1718960 381
1718970 381
1718980 381
1718990 381
1719000 382
1719010 382
1719020 382
1719030 383
1719040 383
1719050 383
1719060 384
1719070 384
1719080 383
1719090 383
1719100 383
1719110 382
1719120 382
1719130 382
1719140 382
1719150 381
1719160 381
1719170 380
1719180 380
1719190 379
1719200 379
1719210 378
1719220 378
1719230 378
1719240 378
1719250 378
1719260 378
1719270 377
1719280 377
1719290 377
1719300 376
1719310 375
1719320 375
1719330 374
1719340 373
1719350 373
1719360 372
1719370 372
1719380 372
1719390 371
1719400 371
1719410 370
1719420 370
1719430 370
1719440 369
1719450 369
1719460 369
1719470 368
1719480 368
1719490 368
1719500 368
1719510 367
1719520 367
1719530 367
1719540 367
1719550 368
1719560 371
1719570 382
1719580 391
1719590 398
1719600 399
1719610 397
1719620 394
1719630 391
1719640 390
1719650 390
1719660 389
1719670 386
1719680 382
1719690 379
1719700 377
1719710 375
1719720 373
1719730 372
1719740 371
1719750 371
1719760 370
1719770 370
1719780 370
1719790 370
1719800 370
1719810 370
1719820 369
1719830 369
1719840 369
1719850 369
1719860 369
1719870 369
1719880 369
1719890 369
1719900 369
1719910 368
1719920 368
1719930 368
1719940 368
1719950 367
1719960 367
1719970 366
1719980 365
1719990 365
