1700000 543
1700010 542
1700020 542
1700030 542
1700040 542
1700050 542
1700060 542
1700070 542
1700080 541
1700090 541
1700100 541
1700110 541
1700120 541
1700130 541
1700140 540
1700150 540
1700160 540
1700170 540
1700180 540
1700190 540
1700200 539
1700210 539
1700220 539
1700230 538
1700240 538
1700250 538
1700260 537
1700270 537
1700280 537
1700290 536
1700300 536
1700310 535
1700320 535
1700330 534
1700340 534
1700350 533
1700360 533
1700370 533
1700380 532
1700390 532
1700400 531
1700410 531
1700420 530
1700430 530
1700440 529
1700450 529
1700460 528
1700470 528
1700480 528
1700490 527
1700500 527
1700510 526
1700520 526
1700530 525
1700540 524
1700550 524
1700560 523
1700570 523
1700580 522
1700590 521
1700600 521
1700610 520
1700620 521
1700630 521
1700640 521
1700650 521
1700660 522
1700670 522
1700680 523
1700690 523
1700700 523
1700710 522
1700720 521
1700730 520
1700740 520
1700750 519
1700760 517
1700770 516
1700780 515
1700790 514
1700800 513
1700810 512
1700820 511
1700830 510
1700840 508
1700850 506
1700860 503
1700870 499
1700880 496
1700890 495
1700900 494
1700910 494
1700920 494
1700930 494
1700940 494
1700950 494
1700960 494
1700970 494
1700980 494
1700990 494
1701000 494
1701010 494
1701020 494
1701030 494
1701040 494
1701050 494
1701060 494
1701070 494
1701080 494
1701090 494
1701100 494
1701110 494
1701120 494
1701130 494
1701140 494
1701150 494
1701160 494
1701170 494
1701180 494
1701190 494
1701200 494
1701210 494
1701220 494
1701230 494
1701240 494
1701250 494
1701260 495
1701270 495
1701280 497
1701290 499
1701300 502
1701310 504
1701320 506
1701330 509
1701340 511
1701350 512
1701360 514
1701370 515
1701380 516
1701390 517
1701400 519
1701410 520
1701420 521
1701430 521
1701440 522
1701450 522
1701460 523
1701470 523
1701480 524
1701490 524
1701500 524
1701510 524
1701520 524
1701530 524
1701540 524
1701550 524
1701560 523
1701570 523
1701580 523
1701590 523
1701600 523
1701610 523
1701620 523
1701630 523
1701640 523
1701650 524
1701660 524
1701670 524
1701680 524
1701690 524
1701700 525
1701710 525
1701720 525
1701730 526
1701740 526
1701750 526
1701760 526
1701770 526
1701780 526
1701790 526
1701800 526
1701810 526
1701820 526
1701830 526
1701840 525
1701850 525
1701860 525
1701870 525
1701880 525
1701890 524
1701900 524
1701910 524
1701920 524
1701930 524
1701940 523
1701950 523
1701960 523
1701970 522
1701980 522
1701990 521
1702000 520
1702010 519
1702020 518
1702030 518
1702040 519
1702050 520
1702060 521
1702070 522
1702080 523
1702090 524
1702100 525
1702110 525
1702120 525
1702130 526
1702140 526
1702150 526
1702160 526
1702170 526
1702180 526
1702190 525
1702200 525
1702210 525
1702220 525
1702230 525
1702240 525
1702250 525
1702260 525
1702270 525
1702280 525
1702290 525
1702300 525
1702310 525
1702320 525
1702330 525
1702340 525
1702350 525
1702360 525
1702370 525
1702380 524
1702390 524
1702400 523
1702410 522
1702420 520
1702430 519
1702440 517
1702450 515
1702460 513
1702470 512
1702480 512
1702490 511
1702500 512
1702510 513
1702520 515
1702530 516
1702540 518
1702550 519
1702560 520
1702570 521
1702580 522
1702590 523
1702600 523
1702610 524
1702620 524
1702630 525
1702640 525
1702650 526
1702660 526
1702670 527
1702680 527
1702690 527
1702700 528
1702710 528
1702720 528
1702730 528
1702740 529
1702750 529
1702760 529
1702770 530
1702780 530
1702790 530
1702800 531
1702810 531
1702820 530
1702830 530
1702840 530
1702850 530
1702860 529
1702870 529
1702880 529
1702890 529
1702900 529
1702910 528
1702920 528
1702930 528
1702940 528
1702950 527
1702960 527
1702970 526
1702980 526
1702990 526
1703000 526
1703010 526
1703020 526
1703030 526
1703040 526
1703050 526
1703060 527
1703070 527
1703080 527
1703090 527
1703100 528
1703110 528
1703120 528
1703130 529
1703140 529
1703150 529
1703160 530
1703170 530
1703180 530
1703190 530
1703200 530
1703210 530
1703220 530
1703230 530
1703240 530
1703250 531
1703260 531
1703270 531
1703280 531
1703290 531
1703300 531
1703310 531
1703320 531
1703330 531
1703340 530
1703350 531
1703360 531
1703370 531
1703380 530
1703390 530
1703400 530
1703410 530
1703420 530
1703430 530
1703440 530
1703450 530
1703460 530
1703470 530
1703480 530
1703490 530
1703500 530
1703510 530
1703520 530
1703530 530
1703540 530
1703550 530
1703560 530
1703570 530
1703580 531
1703590 531
1703600 531
1703610 531
1703620 532
1703630 532
1703640 532
1703650 532
1703660 532
1703670 532
1703680 532
1703690 532
1703700 532
1703710 533
1703720 533
1703730 533
1703740 533
1703750 533
1703760 533
1703770 533
1703780 533
1703790 533
1703800 532
1703810 532
1703820 533
1703830 532
1703840 532
1703850 532
1703860 532
1703870 532
1703880 532
1703890 532
1703900 532
1703910 532
1703920 532
1703930 532
1703940 532
1703950 532
1703960 532
1703970 532
1703980 531
1703990 531
1704000 531
1704010 530
1704020 530
1704030 530
1704040 530
1704050 529
1704060 529
1704070 529
1704080 528
1704090 528
1704100 528
1704110 528
1704120 528
1704130 527
1704140 527
1704150 527
1704160 527
1704170 526
1704180 526
1704190 525
1704200 525
1704210 525
1704220 524
1704230 524
1704240 524
1704250 523
1704260 523
1704270 523
1704280 522
1704290 522
1704300 522
1704310 522
1704320 522
1704330 521
1704340 521
1704350 521
1704360 520
1704370 520
1704380 519
1704390 519
1704400 519
1704410 518
1704420 518
1704430 518
1704440 517
1704450 517
1704460 517
1704470 516
1704480 516
1704490 515
1704500 514
1704510 514
1704520 513
1704530 513
1704540 512
1704550 510
1704560 509
1704570 508
1704580 507
1704590 507
1704600 506
1704610 505
1704620 505
1704630 504
1704640 504
1704650 504
1704660 504
1704670 505
1704680 506
1704690 506
1704700 507
1704710 508
1704720 508
1704730 509
1704740 509
1704750 509
1704760 509
1704770 509
1704780 510
1704790 510
1704800 510
1704810 511
1704820 511
1704830 511
1704840 512
1704850 512
1704860 512
1704870 512
1704880 512
1704890 511
1704900 511
1704910 511
1704920 511
1704930 510
1704940 510
1704950 510
1704960 510
1704970 509
1704980 509
1704990 509
1705000 509
1705010 509
1705020 509
1705030 508
1705040 508
1705050 508
1705060 507
1705070 507
1705080 507
1705090 506
1705100 506
1705110 505
1705120 505
1705130 504
1705140 503
1705150 503
1705160 502
1705170 501
1705180 500
1705190 499
1705200 498
1705210 498
1705220 497
1705230 496
1705240 496
1705250 496
1705260 497
1705270 497
1705280 497
1705290 497
1705300 496
1705310 495
1705320 494
1705330 494
1705340 494
1705350 494
1705360 494
1705370 494
1705380 494
1705390 494
1705400 494
1705410 494
1705420 494
1705430 494
1705440 494
1705450 494
1705460 495
1705470 497
1705480 500
1705490 503
1705500 505
1705510 506
1705520 507
1705530 507
1705540 508
1705550 508
1705560 508
1705570 509
1705580 509
1705590 508
1705600 508
1705610 508
1705620 508
1705630 507
1705640 506
1705650 504
1705660 501
1705670 498
1705680 496
1705690 495
1705700 494
1705710 494
1705720 494
1705730 494
1705740 494
1705750 494
1705760 494
1705770 494
1705780 494
1705790 494
1705800 494
1705810 495
1705820 496
1705830 497
1705840 498
1705850 499
1705860 499
1705870 499
1705880 500
1705890 500
1705900 501
1705910 501
1705920 502
1705930 503
1705940 505
1705950 505
1705960 507
1705970 509
1705980 511
1705990 513
1706000 514
1706010 516
1706020 517
1706030 518
1706040 519
1706050 520
1706060 521
1706070 522
1706080 522
1706090 522
1706100 523
1706110 523
1706120 523
1706130 524
1706140 524
1706150 525
1706160 525
1706170 526
1706180 526
1706190 526
1706200 527
1706210 527
1706220 527
1706230 527
1706240 527
1706250 527
1706260 527
1706270 527
1706280 527
1706290 527
1706300 526
1706310 527
1706320 527
1706330 527
1706340 527
1706350 527
1706360 527
1706370 527
1706380 527
1706390 527
1706400 527
1706410 527
1706420 527
1706430 527
1706440 527
1706450 527
1706460 527
1706470 527
1706480 527
1706490 527
1706500 527
1706510 526
1706520 526
1706530 526
1706540 526
1706550 526
1706560 526
1706570 526
1706580 526
1706590 526
1706600 526
1706610 526
1706620 526
1706630 526
1706640 526
1706650 526
1706660 526
1706670 526
1706680 526
1706690 526
1706700 525
1706710 525
1706720 525
1706730 525
1706740 525
1706750 525
1706760 525
1706770 525
1706780 525
1706790 525
1706800 525
1706810 525
1706820 526
1706830 525
1706840 525
1706850 525
1706860 525
1706870 525
1706880 525
1706890 525
1706900 525
1706910 525
1706920 525
1706930 525
1706940 525
1706950 525
1706960 525
1706970 525
1706980 525
1706990 525
1707000 525
1707010 526
1707020 526
1707030 526
1707040 526
1707050 526
1707060 526
1707070 526
1707080 526
1707090 526
1707100 526
1707110 526
1707120 526
1707130 526
1707140 525
1707150 525
1707160 525
1707170 525
1707180 525
1707190 525
1707200 525
1707210 525
1707220 525
1707230 525
1707240 524
1707250 524
1707260 524
1707270 524
1707280 524
1707290 524
1707300 524
1707310 524
1707320 523
1707330 523
1707340 523
1707350 523
1707360 523
1707370 523
1707380 523
1707390 523
1707400 523
1707410 523
1707420 523
1707430 522
1707440 522
1707450 522
1707460 522
1707470 522
1707480 522
1707490 522
1707500 522
1707510 522
1707520 522
1707530 522
1707540 521
1707550 521
1707560 521
1707570 521
1707580 520
1707590 520
1707600 520
1707610 519
1707620 519
1707630 519
1707640 518
1707650 517
1707660 516
1707670 515
1707680 514
1707690 514
1707700 514
1707710 514
1707720 513
1707730 512
1707740 511
1707750 511
1707760 510
1707770 509
1707780 509
1707790 508
1707800 507
1707810 506
1707820 504
1707830 502
1707840 501
1707850 501
1707860 500
1707870 500
1707880 499
1707890 499
1707900 498
1707910 497
1707920 497
1707930 496
1707940 495
1707950 494
1707960 493
1707970 492
1707980 492
1707990 494
1708000 497
1708010 500
1708020 504
1708030 507
1708040 509
1708050 511
1708060 512
1708070 513
1708080 513
1708090 513
1708100 514
1708110 514
1708120 514
1708130 514
1708140 514
1708150 514
1708160 513
1708170 513
1708180 513
1708190 512
1708200 512
1708210 511
1708220 509
1708230 507
1708240 505
1708250 503
1708260 500
1708270 498
1708280 496
1708290 495
1708300 494
1708310 493
1708320 493
1708330 492
1708340 491
1708350 491
1708360 492
1708370 493
1708380 494
1708390 495
1708400 496
1708410 497
1708420 498
1708430 498
1708440 499
1708450 500
1708460 501
1708470 502
1708480 503
1708490 504
1708500 505
1708510 507
1708520 509
1708530 510
1708540 512
1708550 513
1708560 514
1708570 515
1708580 515
1708590 516
1708600 517
1708610 518
1708620 519
1708630 519
1708640 520
1708650 521
1708660 521
1708670 521
1708680 521
1708690 521
1708700 522
1708710 522
1708720 522
1708730 522
1708740 522
1708750 522
1708760 522
1708770 522
1708780 521
1708790 521
1708800 519
1708810 517
1708820 513
1708830 508
1708840 504
1708850 501
1708860 498
1708870 496
1708880 494
1708890 491
1708900 488
1708910 485
1708920 482
1708930 479
1708940 477
1708950 475
1708960 473
1708970 471
1708980 471
1708990 473
1709000 475
1709010 478
1709020 480
1709030 483
1709040 486
1709050 489
1709060 492
1709070 495
1709080 498
1709090 501
1709100 503
1709110 506
1709120 508
1709130 509
1709140 510
1709150 511
1709160 511
1709170 512
1709180 512
1709190 512
1709200 513
1709210 513
1709220 513
1709230 513
1709240 513
1709250 512
1709260 511
1709270 510
1709280 509
1709290 507
1709300 506
1709310 504
1709320 503
1709330 502
1709340 501
1709350 500
1709360 499
1709370 498
1709380 497
1709390 496
1709400 496
1709410 496
1709420 497
1709430 499
1709440 501
1709450 502
1709460 504
1709470 506
1709480 507
1709490 508
1709500 509
1709510 511
1709520 512
1709530 513
1709540 514
1709550 515
1709560 516
1709570 517
1709580 517
1709590 518
1709600 518
1709610 519
1709620 519
1709630 520
1709640 520
1709650 520
1709660 521
1709670 521
1709680 521
1709690 521
1709700 521
1709710 521
1709720 521
1709730 521
1709740 521
1709750 520
1709760 520
1709770 520
1709780 520
1709790 519
1709800 519
1709810 519
1709820 518
1709830 518
1709840 518
1709850 517
1709860 517
1709870 517
1709880 517
1709890 517
1709900 516
1709910 516
1709920 516
1709930 516
1709940 516
1709950 516
1709960 515
1709970 515
1709980 515
1709990 515
1710000 515
1710010 515
1710020 515
1710030 515
1710040 516
1710050 516
1710060 517
1710070 517
1710080 517
1710090 517
1710100 517
1710110 517
1710120 517
1710130 517
1710140 518
1710150 518
1710160 519
1710170 519
1710180 519
1710190 519
1710200 520
1710210 520
1710220 520
1710230 520
1710240 520
1710250 520
1710260 520
1710270 520
1710280 520
1710290 521
1710300 521
1710310 521
1710320 521
1710330 521
1710340 521
1710350 521
1710360 521
1710370 522
1710380 522
1710390 522
1710400 522
1710410 522
1710420 522
1710430 522
1710440 522
1710450 522
1710460 522
1710470 522
1710480 522
1710490 521
1710500 521
1710510 521
1710520 521
1710530 520
1710540 520
1710550 519
1710560 519
1710570 518
1710580 518
1710590 517
1710600 517
1710610 516
1710620 515
1710630 514
1710640 513
1710650 513
1710660 512
1710670 511
1710680 510
1710690 510
1710700 509
1710710 509
1710720 509
1710730 508
1710740 507
1710750 506
1710760 505
1710770 504
1710780 503
1710790 502
1710800 501
1710810 499
1710820 497
1710830 495
1710840 493
1710850 490
1710860 488
1710870 486
1710880 485
1710890 483
1710900 481
1710910 479
1710920 476
1710930 473
1710940 470
1710950 467
1710960 463
1710970 461
1710980 459
1710990 459
1711000 457
1711010 454
1711020 452
1711030 450
1711040 448
1711050 447
1711060 447
1711070 447
1711080 446
1711090 446
1711100 445
1711110 445
1711120 444
1711130 444
1711140 444
1711150 443
1711160 443
1711170 442
1711180 443
1711190 444
1711200 446
1711210 449
1711220 452
1711230 455
1711240 458
1711250 461
1711260 464
1711270 466
1711280 469
1711290 469
1711300 468
1711310 466
1711320 464
1711330 463
1711340 466
1711350 470
1711360 475
1711370 478
1711380 481
1711390 485
1711400 488
1711410 491
1711420 493
1711430 494
1711440 495
1711450 496
1711460 497
1711470 498
1711480 499
1711490 500
1711500 501
1711510 502
1711520 503
1711530 504
1711540 505
1711550 506
1711560 507
1711570 508
1711580 509
1711590 510
1711600 511
1711610 512
1711620 513
1711630 513
1711640 514
1711650 515
1711660 515
1711670 516
1711680 516
1711690 517
1711700 518
1711710 518
1711720 519
1711730 520
1711740 520
1711750 521
1711760 522
1711770 522
1711780 523
1711790 524
1711800 524
1711810 525
1711820 526
1711830 527
1711840 526
1711850 524
1711860 522
1711870 519
1711880 517
1711890 515
1711900 513
1711910 512
1711920 510
1711930 509
1711940 508
1711950 508
1711960 507
1711970 508
1711980 510
1711990 511
1712000 512
1712010 513
1712020 513
1712030 513
1712040 513
1712050 514
1712060 514
1712070 514
1712080 512
1712090 510
1712100 509
1712110 507
1712120 506
1712130 505
1712140 502
1712150 500
1712160 498
1712170 498
1712180 498
1712190 498
1712200 498
1712210 497
1712220 497
1712230 496
1712240 496
1712250 496
1712260 495
1712270 494
1712280 492
1712290 491
1712300 491
1712310 491
1712320 492
1712330 493
1712340 493
1712350 492
1712360 490
1712370 488
1712380 484
1712390 482
1712400 484
1712410 487
1712420 490
1712430 492
1712440 494
1712450 496
1712460 496
1712470 497
1712480 498
1712490 499
1712500 500
1712510 501
1712520 502
1712530 502
1712540 501
1712550 500
1712560 499
1712570 498
1712580 497
1712590 496
1712600 494
1712610 493
1712620 492
1712630 492
1712640 493
1712650 494
1712660 496
1712670 499
1712680 502
1712690 505
1712700 507
1712710 509
1712720 510
1712730 511
1712740 512
1712750 513
1712760 514
1712770 514
1712780 515
1712790 516
1712800 516
1712810 517
1712820 517
1712830 518
1712840 518
1712850 519
1712860 519
1712870 519
1712880 520
1712890 520
1712900 521
1712910 521
1712920 521
1712930 521
1712940 522
1712950 522
1712960 522
1712970 522
1712980 522
1712990 523
1713000 523
1713010 523
1713020 523
1713030 523
1713040 524
1713050 524
1713060 524
1713070 524
1713080 524
1713090 525
1713100 525
1713110 525
1713120 525
1713130 525
1713140 525
1713150 525
1713160 525
1713170 526
1713180 526
1713190 526
1713200 526
1713210 526
1713220 526
1713230 527
1713240 527
1713250 527
1713260 527
1713270 527
1713280 527
1713290 527
1713300 527
1713310 528
1713320 528
1713330 528
1713340 528
1713350 528
1713360 528
1713370 528
1713380 528
1713390 528
1713400 528
1713410 528
1713420 528
1713430 527
1713440 527
1713450 527
1713460 526
1713470 526
1713480 526
1713490 525
1713500 525
1713510 524
1713520 524
1713530 523
1713540 522
1713550 522
1713560 521
1713570 521
1713580 520
1713590 519
1713600 519
1713610 518
1713620 518
1713630 517
1713640 517
1713650 516
1713660 516
1713670 516
1713680 515
1713690 514
1713700 513
1713710 512
1713720 511
1713730 510
1713740 508
1713750 507
1713760 507
1713770 507
1713780 506
1713790 505
1713800 504
1713810 502
1713820 500
1713830 498
1713840 496
1713850 494
1713860 492
1713870 491
1713880 489
1713890 487
1713900 485
1713910 483
1713920 480
1713930 478
1713940 477
1713950 478
1713960 480
1713970 483
1713980 486
1713990 488
1714000 492
1714010 494
1714020 497
1714030 500
1714040 503
1714050 505
1714060 507
1714070 508
1714080 509
1714090 510
1714100 511
1714110 511
1714120 512
1714130 512
1714140 513
1714150 513
1714160 514
1714170 515
1714180 515
1714190 516
1714200 516
1714210 517
1714220 517
1714230 518
1714240 518
1714250 519
1714260 519
1714270 520
1714280 520
1714290 521
1714300 521
1714310 521
1714320 522
1714330 522
1714340 523
1714350 523
1714360 523
1714370 524
1714380 524
1714390 524
1714400 524
1714410 525
1714420 525
1714430 525
1714440 525
1714450 526
1714460 526
1714470 526
1714480 526
1714490 527
1714500 527
1714510 527
1714520 527
1714530 528
1714540 528
1714550 528
1714560 529
1714570 529
1714580 529
1714590 529
1714600 530
1714610 530
1714620 530
1714630 530
1714640 531
1714650 531
1714660 531
1714670 531
1714680 531
1714690 532
1714700 532
1714710 532
1714720 532
1714730 532
1714740 532
1714750 532
1714760 533
1714770 533
1714780 533
1714790 533
1714800 533
1714810 533
1714820 533
1714830 534
1714840 534
1714850 534
1714860 534
1714870 534
1714880 534
1714890 534
1714900 534
1714910 534
1714920 534
1714930 533
1714940 533
1714950 533
1714960 533
1714970 533
1714980 533
1714990 533
1715000 533
1715010 533
1715020 533
1715030 533
1715040 533
1715050 533
1715060 532
1715070 532
1715080 532
1715090 532
1715100 532
1715110 532
1715120 532
1715130 532
1715140 532
1715150 532
1715160 532
1715170 531
1715180 531
1715190 531
1715200 531
1715210 531
1715220 531
1715230 530
1715240 530
1715250 530
1715260 530
1715270 530
1715280 530
1715290 529
1715300 529
1715310 529
1715320 529
1715330 529
1715340 529
1715350 528
1715360 528
1715370 528
1715380 528
1715390 528
1715400 528
1715410 527
1715420 527
1715430 527
1715440 527
1715450 527
1715460 526
1715470 526
1715480 526
1715490 526
1715500 526
1715510 525
1715520 525
1715530 525
1715540 525
1715550 524
1715560 524
1715570 524
1715580 524
1715590 523
1715600 523
1715610 522
1715620 522
1715630 522
1715640 521
1715650 521
1715660 520
1715670 520
1715680 519
1715690 519
1715700 519
1715710 518
1715720 517
1715730 517
1715740 517
1715750 517
1715760 517
1715770 517
1715780 517
1715790 518
1715800 518
1715810 519
1715820 519
1715830 520
1715840 520
1715850 520
1715860 520
1715870 521
1715880 521
1715890 521
1715900 521
1715910 522
1715920 522
1715930 522
1715940 522
1715950 522
1715960 523
1715970 523
1715980 523
1715990 523
1716000 523
1716010 524
1716020 524
1716030 524
1716040 525
1716050 525
1716060 525
1716070 525
1716080 526
1716090 526
1716100 526
1716110 526
1716120 526
1716130 527
1716140 527
1716150 527
1716160 527
1716170 527
1716180 528
1716190 528
1716200 528
1716210 528
1716220 528
1716230 529
1716240 529
1716250 529
1716260 529
1716270 529
1716280 529
1716290 529
1716300 529
1716310 529
1716320 529
1716330 529
1716340 529
1716350 529
1716360 529
1716370 529
1716380 529
1716390 529
1716400 529
1716410 529
1716420 529
1716430 529
1716440 529
1716450 529
1716460 529
1716470 529
1716480 529
1716490 529
1716500 529
1716510 528
1716520 528
1716530 528
1716540 528
1716550 528
1716560 528
1716570 528
1716580 528
1716590 528
1716600 528
1716610 528
1716620 528
1716630 527
1716640 527
1716650 527
1716660 527
1716670 527
1716680 527
1716690 526
1716700 526
1716710 526
1716720 526
1716730 526
1716740 526
1716750 526
1716760 526
1716770 526
1716780 525
1716790 525
1716800 525
1716810 525
1716820 525
1716830 525
1716840 525
1716850 524
1716860 524
1716870 524
1716880 524
1716890 524
1716900 524
1716910 524
1716920 524
1716930 524
1716940 524
1716950 524
1716960 524
1716970 524
1716980 523
1716990 523
1717000 523
1717010 523
1717020 523
1717030 523
1717040 523
1717050 523
1717060 523
1717070 523
1717080 523
1717090 523
1717100 522
1717110 522
1717120 522
1717130 521
1717140 521
1717150 521
1717160 521
1717170 521
1717180 520
1717190 520
1717200 520
1717210 519
1717220 519
1717230 518
1717240 518
1717250 518
1717260 517
1717270 517
1717280 516
1717290 516
1717300 515
1717310 515
1717320 514
1717330 514
1717340 513
1717350 513
1717360 512
1717370 510
1717380 509
1717390 509
1717400 508
1717410 507
1717420 506
1717430 505
1717440 504
1717450 503
1717460 503
1717470 502
1717480 501
1717490 499
1717500 498
1717510 497
1717520 496
1717530 494
1717540 493
1717550 492
1717560 490
1717570 489
1717580 487
1717590 484
1717600 482
1717610 479
1717620 476
1717630 473
1717640 470
1717650 467
1717660 464
1717670 461
1717680 459
1717690 457
1717700 455
1717710 454
1717720 453
1717730 451
1717740 448
1717750 446
1717760 444
1717770 442
1717780 441
1717790 436
1717800 434
1717810 433
1717820 437
1717830 440
1717840 442
1717850 445
1717860 447
1717870 450
1717880 453
1717890 457
1717900 461
1717910 465
1717920 469
1717930 473
1717940 477
1717950 481
1717960 485
1717970 488
1717980 491
1717990 493
1718000 495
1718010 496
1718020 498
1718030 499
1718040 500
1718050 501
1718060 502
1718070 503
1718080 503
1718090 504
1718100 504
1718110 505
1718120 506
1718130 506
1718140 506
1718150 507
1718160 507
1718170 507
1718180 508
1718190 508
1718200 509
1718210 509
1718220 509
1718230 509
1718240 510
1718250 511
1718260 511
1718270 512
1718280 513
1718290 514
1718300 514
1718310 515
1718320 516
1718330 517
1718340 518
1718350 519
1718360 520
1718370 521
1718380 522
1718390 523
1718400 524
1718410 525
1718420 525
1718430 526
1718440 527
1718450 528
1718460 529
1718470 530
1718480 531
1718490 531
1718500 532
1718510 533
1718520 533
1718530 534
1718540 535
1718550 535
1718560 536
1718570 536
1718580 536
1718590 536
1718600 535
1718610 535
1718620 534
1718630 534
1718640 533
1718650 532
1718660 532
1718670 531
1718680 530
1718690 530
1718700 529
1718710 528
1718720 527
1718730 527
1718740 526
1718750 525
1718760 524
1718770 523
1718780 523
1718790 522
1718800 521
1718810 520
1718820 519
1718830 519
1718840 518
1718850 517
1718860 516
1718870 515
1718880 515
1718890 514
1718900 513
1718910 511
1718920 511
1718930 509
1718940 508
1718950 507
1718960 506
1718970 505
1718980 504
1718990 503
1719000 502
1719010 501
1719020 499
1719030 498
1719040 496
1719050 495
1719060 493
1719070 491
1719080 489
1719090 487
1719100 484
1719110 482
1719120 479
1719130 476
1719140 473
1719150 470
1719160 468
1719170 465
1719180 463
1719190 461
1719200 459
1719210 457
1719220 454
1719230 452
1719240 450
1719250 448
1719260 445
1719270 443
1719280 444
1719290 445
1719300 446
1719310 447
1719320 449
1719330 451
1719340 453
1719350 456
1719360 458
1719370 460
1719380 462
1719390 464
1719400 467
1719410 469
1719420 471
1719430 473
1719440 475
1719450 477
1719460 479
1719470 481
1719480 480
1719490 479
1719500 476
1719510 473
1719520 470
1719530 468
1719540 466
1719550 464
1719560 463
1719570 463
1719580 461
1719590 459
1719600 457
1719610 458
1719620 462
1719630 464
1719640 466
1719650 469
1719660 472
1719670 475
1719680 477
1719690 480
1719700 483
1719710 486
1719720 488
1719730 490
1719740 493
1719750 495
1719760 497
1719770 499
1719780 501
1719790 503
1719800 504
1719810 506
1719820 507
1719830 509
1719840 509
1719850 508
1719860 507
1719870 505
1719880 503
1719890 501
1719900 501
1719910 502
1719920 504
1719930 505
1719940 507
1719950 507
1719960 507
1719970 507
1719980 506
1719990 505
