1700000 494
1700010 494
1700020 494
1700030 494
1700040 494
1700050 494
1700060 495
1700070 496
1700080 498
1700090 499
1700100 501
1700110 502
1700120 503
1700130 504
1700140 505
1700150 506
1700160 507
1700170 508
1700180 509
1700190 509
1700200 509
1700210 510
1700220 510
1700230 511
1700240 511
1700250 512
1700260 512
1700270 513
1700280 513
1700290 514
1700300 514
1700310 515
1700320 515
1700330 516
1700340 517
1700350 517
1700360 518
1700370 518
1700380 518
1700390 517
1700400 517
1700410 517
1700420 517
1700430 517
1700440 516
1700450 516
1700460 516
1700470 516
1700480 516
1700490 516
1700500 516
1700510 516
1700520 516
1700530 516
1700540 516
1700550 516
1700560 516
1700570 516
1700580 516
1700590 516
1700600 516
1700610 515
1700620 515
1700630 515
1700640 514
1700650 514
1700660 514
1700670 514
1700680 514
1700690 513
1700700 513
1700710 513
1700720 513
1700730 513
1700740 513
1700750 512
1700760 512
1700770 512
1700780 512
1700790 511
1700800 511
1700810 511
1700820 511
1700830 510
1700840 510
1700850 509
1700860 509
1700870 508
1700880 507
1700890 507
1700900 506
1700910 506
1700920 506
1700930 505
1700940 505
1700950 505
1700960 504
1700970 504
1700980 504
1700990 503
1701000 502
1701010 502
1701020 501
1701030 501
1701040 501
1701050 501
1701060 500
1701070 500
1701080 500
1701090 500
1701100 500
1701110 500
1701120 500
1701130 500
1701140 500
1701150 500
1701160 500
1701170 500
1701180 500
1701190 500
1701200 500
1701210 500
1701220 500
1701230 500
1701240 500
1701250 500
1701260 500
1701270 500
1701280 500
1701290 500
1701300 500
1701310 500
1701320 500
1701330 500
1701340 500
1701350 500
1701360 500
1701370 500
1701380 500
1701390 500
1701400 500
1701410 500
1701420 500
1701430 500
1701440 500
1701450 500
1701460 500
1701470 500
1701480 500
1701490 500
1701500 500
1701510 500
1701520 500
1701530 500
1701540 500
1701550 500
1701560 500
1701570 500
1701580 500
1701590 500
1701600 500
1701610 500
1701620 500
1701630 500
1701640 500
1701650 500
1701660 500
1701670 500
1701680 500
1701690 500
1701700 500
1701710 500
1701720 500
1701730 500
1701740 500
1701750 500
1701760 500
1701770 500
1701780 500
1701790 500
1701800 500
1701810 500
1701820 500
1701830 500
1701840 500
1701850 500
1701860 500
1701870 500
1701880 500
1701890 500
1701900 500
1701910 500
1701920 500
1701930 501
1701940 501
1701950 501
1701960 501
1701970 501
1701980 501
1701990 501
1702000 501
1702010 502
1702020 502
1702030 502
1702040 502
1702050 502
1702060 502
1702070 502
1702080 502
1702090 502
1702100 502
1702110 503
1702120 503
1702130 503
1702140 503
1702150 503
1702160 503
1702170 503
1702180 503
1702190 503
1702200 504
1702210 504
1702220 504
1702230 504
1702240 504
1702250 504
1702260 505
1702270 505
1702280 505
1702290 506
1702300 506
1702310 506
1702320 507
1702330 507
1702340 507
1702350 507
1702360 507
1702370 507
1702380 508
1702390 508
1702400 508
1702410 509
1702420 509
1702430 509
1702440 510
1702450 510
1702460 511
1702470 512
1702480 513
1702490 513
1702500 514
1702510 514
1702520 514
1702530 514
1702540 515
1702550 515
1702560 516
1702570 516
1702580 516
1702590 516
1702600 517
1702610 517
1702620 518
1702630 519
1702640 519
1702650 520
1702660 520
1702670 521
1702680 521
1702690 521
1702700 521
1702710 521
1702720 521
1702730 521
1702740 521
1702750 521
1702760 521
1702770 521
1702780 521
1702790 521
1702800 521
1702810 522
1702820 522
1702830 522
1702840 522
1702850 522
1702860 522
1702870 523
1702880 523
1702890 523
1702900 523
1702910 523
1702920 523
1702930 524
1702940 524
1702950 524
1702960 524
1702970 524
1702980 525
1702990 525
1703000 525
1703010 525
1703020 526
1703030 526
1703040 526
1703050 527
1703060 527
1703070 527
1703080 527
1703090 527
1703100 527
1703110 527
1703120 528
1703130 528
1703140 528
1703150 528
1703160 528
1703170 528
1703180 528
1703190 528
1703200 528
1703210 528
1703220 528
1703230 528
1703240 528
1703250 528
1703260 528
1703270 528
1703280 528
1703290 528
1703300 528
1703310 527
1703320 527
1703330 527
1703340 527
1703350 527
1703360 527
1703370 526
1703380 526
1703390 526
1703400 526
1703410 526
1703420 526
1703430 526
1703440 526
1703450 526
1703460 526
1703470 526
1703480 526
1703490 526
1703500 525
1703510 525
1703520 525
1703530 524
1703540 524
1703550 524
1703560 523
1703570 522
1703580 522
1703590 521
1703600 520
1703610 519
1703620 519
1703630 518
1703640 516
1703650 514
1703660 512
1703670 510
1703680 508
1703690 507
1703700 507
1703710 507
1703720 507
1703730 507
1703740 507
1703750 507
1703760 508
1703770 508
1703780 508
1703790 509
1703800 510
1703810 510
1703820 511
1703830 512
1703840 513
1703850 513
1703860 513
1703870 513
1703880 514
1703890 515
1703900 517
1703910 518
1703920 520
1703930 521
1703940 522
1703950 523
1703960 524
1703970 525
1703980 525
1703990 526
1704000 527
1704010 528
1704020 528
1704030 529
1704040 529
1704050 530
1704060 530
1704070 531
1704080 532
1704090 532
1704100 532
1704110 533
1704120 533
1704130 534
1704140 535
1704150 535
1704160 536
1704170 536
1704180 537
1704190 537
1704200 538
1704210 538
1704220 539
1704230 539
1704240 539
1704250 540
1704260 540
1704270 540
1704280 540
1704290 541
1704300 541
1704310 541
1704320 541
1704330 542
1704340 542
1704350 543
1704360 543
1704370 543
1704380 544
1704390 544
1704400 544
1704410 544
1704420 545
1704430 545
1704440 545
1704450 545
1704460 545
1704470 545
1704480 545
1704490 545
1704500 545
1704510 545
1704520 545
1704530 544
1704540 544
1704550 544
1704560 544
1704570 544
1704580 543
1704590 543
1704600 543
1704610 542
1704620 542
1704630 542
1704640 541
1704650 541
1704660 540
1704670 540
1704680 540
1704690 539
1704700 539
1704710 539
1704720 538
1704730 538
1704740 538
1704750 537
1704760 537
1704770 537
1704780 537
1704790 536
1704800 536
1704810 536
1704820 536
1704830 536
1704840 536
1704850 536
1704860 535
1704870 535
1704880 535
1704890 535
1704900 535
1704910 536
1704920 536
1704930 536
1704940 536
1704950 536
1704960 537
1704970 537
1704980 537
1704990 537
1705000 537
1705010 538
1705020 538
1705030 538
1705040 538
1705050 538
1705060 538
1705070 538
1705080 538
1705090 538
1705100 538
1705110 538
1705120 538
1705130 538
1705140 538
1705150 537
1705160 537
1705170 537
1705180 537
1705190 537
1705200 537
1705210 537
1705220 537
1705230 536
1705240 536
1705250 537
1705260 537
1705270 537
1705280 537
1705290 536
1705300 536
1705310 536
1705320 535
1705330 535
1705340 535
1705350 534
1705360 534
1705370 534
1705380 534
1705390 534
1705400 533
1705410 533
1705420 532
1705430 532
1705440 532
1705450 532
1705460 532
1705470 533
1705480 534
1705490 534
1705500 534
1705510 534
1705520 535
1705530 534
1705540 534
1705550 534
1705560 534
1705570 534
1705580 534
1705590 534
1705600 534
1705610 534
1705620 534
1705630 534
1705640 534
1705650 534
1705660 534
1705670 534
1705680 534
1705690 534
1705700 533
1705710 533
1705720 533
1705730 533
1705740 533
1705750 533
1705760 533
1705770 533
1705780 532
1705790 532
1705800 532
1705810 532
1705820 532
1705830 532
1705840 532
1705850 532
1705860 531
1705870 531
1705880 531
1705890 531
1705900 531
1705910 531
1705920 531
1705930 530
1705940 530
1705950 530
1705960 530
1705970 530
1705980 530
1705990 530
1706000 530
1706010 530
1706020 530
1706030 530
1706040 530
1706050 531
1706060 531
1706070 531
1706080 531
1706090 531
1706100 531
1706110 531
1706120 531
1706130 531
1706140 531
1706150 531
1706160 531
1706170 531
1706180 531
1706190 531
1706200 531
1706210 531
1706220 531
1706230 531
1706240 531
1706250 531
1706260 531
1706270 531
1706280 531
1706290 531
1706300 531
1706310 531
1706320 531
1706330 531
1706340 531
1706350 531
1706360 531
1706370 531
1706380 531
1706390 531
1706400 531
1706410 531
1706420 531
1706430 531
1706440 531
1706450 531
1706460 531
1706470 531
1706480 531
1706490 532
1706500 532
1706510 532
1706520 532
1706530 532
1706540 532
1706550 532
1706560 532
1706570 532
1706580 532
1706590 532
1706600 532
1706610 532
1706620 532
1706630 532
1706640 532
1706650 532
1706660 531
1706670 531
1706680 530
1706690 530
1706700 530
1706710 530
1706720 530
1706730 530
1706740 530
1706750 530
1706760 530
1706770 530
1706780 530
1706790 530
1706800 530
1706810 530
1706820 530
1706830 530
1706840 530
1706850 530
1706860 530
1706870 529
1706880 529
1706890 529
1706900 529
1706910 528
1706920 528
1706930 529
1706940 529
1706950 529
1706960 529
1706970 528
1706980 528
1706990 528
1707000 529
1707010 529
1707020 529
1707030 530
1707040 529
1707050 529
1707060 529
1707070 529
1707080 530
1707090 530
1707100 530
1707110 530
1707120 530
1707130 530
1707140 530
1707150 530
1707160 530
1707170 530
1707180 530
1707190 530
1707200 530
1707210 530
1707220 530
1707230 530
1707240 530
1707250 530
1707260 530
1707270 530
1707280 530
1707290 529
1707300 529
1707310 529
1707320 529
1707330 529
1707340 529
1707350 529
1707360 529
1707370 529
1707380 529
1707390 529
1707400 529
1707410 529
1707420 529
1707430 528
1707440 528
1707450 528
1707460 528
1707470 528
1707480 528
1707490 528
1707500 528
1707510 528
1707520 528
1707530 528
1707540 528
1707550 528
1707560 528
1707570 528
1707580 528
1707590 528
1707600 528
1707610 528
1707620 528
1707630 528
1707640 528
1707650 528
1707660 528
1707670 528
1707680 528
1707690 528
1707700 528
1707710 528
1707720 528
1707730 528
1707740 528
1707750 528
1707760 528
1707770 527
1707780 527
1707790 527
1707800 527
1707810 527
1707820 527
1707830 527
1707840 527
1707850 527
1707860 527
1707870 527
1707880 527
1707890 527
1707900 528
1707910 528
1707920 528
1707930 528
1707940 528
1707950 528
1707960 528
1707970 528
1707980 528
1707990 528
1708000 528
1708010 528
1708020 528
1708030 528
1708040 528
1708050 528
1708060 528
1708070 528
1708080 528
1708090 528
1708100 528
1708110 528
1708120 528
1708130 528
1708140 528
1708150 528
1708160 529
1708170 528
1708180 528
1708190 528
1708200 528
1708210 528
1708220 528
1708230 528
1708240 528
1708250 528
1708260 528
1708270 528
1708280 528
1708290 528
1708300 528
1708310 528
1708320 528
1708330 528
1708340 528
1708350 528
1708360 528
1708370 528
1708380 528
1708390 528
1708400 528
1708410 528
1708420 528
1708430 528
1708440 528
1708450 528
1708460 528
1708470 528
1708480 528
1708490 528
1708500 528
1708510 528
1708520 528
1708530 528
1708540 528
1708550 528
1708560 528
1708570 528
1708580 527
1708590 527
1708600 528
1708610 528
1708620 528
1708630 528
1708640 529
1708650 529
1708660 529
1708670 530
1708680 531
1708690 532
1708700 533
1708710 533
1708720 533
1708730 534
1708740 534
1708750 534
1708760 535
1708770 535
1708780 535
1708790 536
1708800 536
1708810 537
1708820 537
1708830 538
1708840 538
1708850 538
1708860 538
1708870 539
1708880 539
1708890 539
1708900 539
1708910 540
1708920 540
1708930 540
1708940 540
1708950 541
1708960 542
1708970 542
1708980 543
1708990 543
1709000 543
1709010 543
1709020 544
1709030 544
1709040 544
1709050 544
1709060 544
1709070 544
1709080 544
1709090 544
1709100 544
1709110 544
1709120 544
1709130 545
1709140 545
1709150 545
1709160 545
1709170 545
1709180 545
1709190 545
1709200 545
1709210 545
1709220 545
1709230 545
1709240 545
1709250 545
1709260 545
1709270 545
1709280 545
1709290 545
1709300 545
1709310 545
1709320 545
1709330 545
1709340 545
1709350 545
1709360 545
1709370 545
1709380 545
1709390 545
1709400 545
1709410 545
1709420 545
1709430 545
1709440 545
1709450 545
1709460 545
1709470 545
1709480 545
1709490 545
1709500 545
1709510 545
1709520 545
1709530 545
1709540 545
1709550 545
1709560 545
1709570 545
1709580 544
1709590 544
1709600 544
1709610 544
1709620 544
1709630 544
1709640 544
1709650 544
1709660 544
1709670 544
1709680 544
1709690 544
1709700 543
1709710 543
1709720 543
1709730 543
1709740 543
1709750 543
1709760 542
1709770 542
1709780 542
1709790 542
1709800 542
1709810 542
1709820 542
1709830 542
1709840 541
1709850 541
1709860 541
1709870 541
1709880 541
1709890 541
1709900 541
1709910 541
1709920 541
1709930 541
1709940 541
1709950 541
1709960 541
1709970 541
1709980 541
1709990 540
1710000 540
1710010 540
1710020 540
1710030 540
1710040 540
1710050 540
1710060 540
1710070 540
1710080 540
1710090 540
1710100 540
1710110 539
1710120 539
1710130 539
1710140 538
1710150 539
1710160 539
1710170 539
1710180 538
1710190 538
1710200 538
1710210 537
1710220 537
1710230 537
1710240 537
1710250 537
1710260 537
1710270 537
1710280 537
1710290 536
1710300 536
1710310 536
1710320 536
1710330 535
1710340 535
1710350 535
1710360 535
1710370 535
1710380 535
1710390 534
1710400 534
1710410 534
1710420 533
1710430 533
1710440 532
1710450 532
1710460 532
1710470 532
1710480 532
1710490 532
1710500 531
1710510 531
1710520 530
1710530 530
1710540 530
1710550 529
1710560 529
1710570 529
1710580 529
1710590 529
1710600 529
1710610 529
1710620 529
1710630 529
1710640 529
1710650 529
1710660 529
1710670 529
1710680 529
1710690 529
1710700 529
1710710 529
1710720 529
1710730 529
1710740 529
1710750 529
1710760 529
1710770 529
1710780 529
1710790 529
1710800 529
1710810 528
1710820 528
1710830 528
1710840 528
1710850 528
1710860 528
1710870 528
1710880 528
1710890 528
1710900 528
1710910 528
1710920 528
1710930 528
1710940 528
1710950 528
1710960 528
1710970 528
1710980 528
1710990 528
1711000 528
1711010 528
1711020 528
1711030 528
1711040 528
1711050 528
1711060 528
1711070 528
1711080 528
1711090 528
1711100 527
1711110 527
1711120 527
1711130 527
1711140 527
1711150 527
1711160 527
1711170 527
1711180 527
1711190 527
1711200 527
1711210 527
1711220 526
1711230 526
1711240 526
1711250 526
1711260 526
1711270 526
1711280 525
1711290 525
1711300 525
1711310 525
1711320 525
1711330 525
1711340 524
1711350 524
1711360 524
1711370 524
1711380 523
1711390 523
1711400 523
1711410 523
1711420 523
1711430 522
1711440 522
1711450 522
1711460 522
1711470 522
1711480 521
1711490 521
1711500 521
1711510 521
1711520 521
1711530 520
1711540 520
1711550 520
1711560 520
1711570 520
1711580 520
1711590 520
1711600 519
1711610 519
1711620 519
1711630 519
1711640 519
1711650 519
1711660 519
1711670 518
1711680 518
1711690 518
1711700 518
1711710 518
1711720 518
1711730 518
1711740 518
1711750 518
1711760 518
1711770 518
1711780 517
1711790 517
1711800 517
1711810 517
1711820 517
1711830 517
1711840 517
1711850 517
1711860 517
1711870 517
1711880 517
1711890 517
1711900 517
1711910 517
1711920 517
1711930 517
1711940 517
1711950 517
1711960 517
1711970 517
1711980 517
1711990 516
1712000 516
1712010 516
1712020 516
1712030 516
1712040 516
1712050 516
1712060 516
1712070 515
1712080 515
1712090 515
1712100 515
1712110 515
1712120 514
1712130 514
1712140 514
1712150 514
1712160 513
1712170 513
1712180 513
1712190 513
1712200 512
1712210 512
1712220 512
1712230 512
1712240 512
1712250 511
1712260 511
1712270 512
1712280 513
1712290 513
1712300 513
1712310 512
1712320 512
1712330 513
1712340 513
1712350 513
1712360 513
1712370 513
1712380 513
1712390 513
1712400 513
1712410 514
1712420 514
1712430 514
1712440 514
1712450 514
1712460 514
1712470 514
1712480 515
1712490 515
1712500 515
1712510 515
1712520 516
1712530 516
1712540 516
1712550 516
1712560 516
1712570 516
1712580 517
1712590 517
1712600 517
1712610 517
1712620 517
1712630 517
1712640 517
1712650 518
1712660 518
1712670 518
1712680 518
1712690 518
1712700 519
1712710 519
1712720 519
1712730 519
1712740 520
1712750 520
1712760 520
1712770 520
1712780 520
1712790 520
1712800 520
1712810 521
1712820 521
1712830 521
1712840 521
1712850 521
1712860 521
1712870 521
1712880 521
1712890 522
1712900 522
1712910 522
1712920 522
1712930 522
1712940 522
1712950 522
1712960 522
1712970 522
1712980 522
1712990 522
1713000 522
1713010 522
1713020 522
1713030 521
1713040 521
1713050 521
1713060 521
1713070 520
1713080 519
1713090 519
1713100 519
1713110 520
1713120 521
1713130 522
1713140 523
1713150 524
1713160 525
1713170 526
1713180 526
1713190 527
1713200 527
1713210 527
1713220 528
1713230 528
1713240 528
1713250 529
1713260 529
1713270 530
1713280 530
1713290 530
1713300 531
1713310 531
1713320 532
1713330 532
1713340 532
1713350 533
1713360 533
1713370 533
1713380 534
1713390 534
1713400 534
1713410 534
1713420 535
1713430 535
1713440 536
1713450 536
1713460 536
1713470 536
1713480 537
1713490 537
1713500 537
1713510 538
1713520 538
1713530 538
1713540 539
1713550 539
1713560 539
1713570 539
1713580 540
1713590 540
1713600 540
1713610 540
1713620 540
1713630 540
1713640 540
1713650 540
1713660 540
1713670 541
1713680 541
1713690 541
1713700 541
1713710 541
1713720 541
1713730 541
1713740 541
1713750 540
1713760 540
1713770 540
1713780 540
1713790 540
1713800 540
1713810 539
1713820 539
1713830 539
1713840 539
1713850 538
1713860 538
1713870 538
1713880 538
1713890 537
1713900 537
1713910 537
1713920 537
1713930 536
1713940 536
1713950 536
1713960 536
1713970 535
1713980 535
1713990 535
1714000 535
1714010 534
1714020 534
1714030 534
1714040 535
1714050 535
1714060 535
1714070 535
1714080 535
1714090 535
1714100 535
1714110 535
1714120 535
1714130 535
1714140 535
1714150 535
1714160 534
1714170 534
1714180 534
1714190 534
1714200 534
1714210 535
1714220 535
1714230 535
1714240 535
1714250 535
1714260 535
1714270 535
1714280 535
1714290 535
1714300 535
1714310 535
1714320 535
1714330 535
1714340 535
1714350 535
1714360 535
1714370 535
1714380 535
1714390 535
1714400 535
1714410 535
1714420 535
1714430 535
1714440 536
1714450 536
1714460 536
1714470 536
1714480 536
1714490 536
1714500 536
1714510 536
1714520 536
1714530 536
1714540 536
1714550 537
1714560 537
1714570 537
1714580 537
1714590 537
1714600 537
1714610 537
1714620 537
1714630 537
1714640 537
1714650 537
1714660 537
1714670 537
1714680 537
1714690 537
1714700 538
1714710 538
1714720 538
1714730 538
1714740 538
1714750 538
1714760 538
1714770 538
1714780 538
1714790 538
1714800 538
1714810 538
1714820 537
1714830 537
1714840 537
1714850 537
1714860 537
1714870 537
1714880 537
1714890 537
1714900 537
1714910 537
1714920 537
1714930 537
1714940 537
1714950 537
1714960 537
1714970 537
1714980 537
1714990 537
1715000 537
1715010 537
1715020 537
1715030 537
1715040 537
1715050 537
1715060 537
1715070 536
1715080 536
1715090 536
1715100 536
1715110 536
1715120 536
1715130 536
1715140 536
1715150 536
1715160 536
1715170 536
1715180 536
1715190 536
1715200 536
1715210 536
1715220 536
1715230 536
1715240 536
1715250 536
1715260 536
1715270 536
1715280 536
1715290 536
1715300 536
1715310 536
1715320 536
1715330 536
1715340 536
1715350 536
1715360 536
1715370 536
1715380 536
1715390 536
1715400 536
1715410 537
1715420 537
1715430 537
1715440 537
1715450 537
1715460 537
1715470 537
1715480 537
1715490 537
1715500 537
1715510 537
1715520 537
1715530 537
1715540 537
1715550 537
1715560 538
1715570 538
1715580 538
1715590 538
1715600 538
1715610 538
1715620 538
1715630 538
1715640 538
1715650 538
1715660 538
1715670 538
1715680 538
1715690 538
1715700 538
1715710 538
1715720 538
1715730 538
1715740 538
1715750 538
1715760 538
1715770 538
1715780 538
1715790 538
1715800 538
1715810 538
1715820 537
1715830 537
1715840 537
1715850 537
1715860 537
1715870 537
1715880 537
1715890 536
1715900 536
1715910 536
1715920 536
1715930 536
1715940 536
1715950 535
1715960 535
1715970 535
1715980 535
1715990 535
1716000 535
1716010 534
1716020 534
1716030 534
1716040 534
1716050 533
1716060 533
1716070 533
1716080 533
1716090 533
1716100 532
1716110 532
1716120 532
1716130 532
1716140 531
1716150 531
1716160 531
1716170 530
1716180 530
1716190 529
1716200 528
1716210 528
1716220 527
1716230 527
1716240 526
1716250 525
1716260 525
1716270 524
1716280 523
1716290 522
1716300 522
1716310 521
1716320 521
1716330 520
1716340 519
1716350 519
1716360 518
1716370 518
1716380 517
1716390 517
1716400 517
1716410 517
1716420 517
1716430 516
1716440 516
1716450 516
1716460 516
1716470 516
1716480 516
1716490 516
1716500 515
1716510 515
1716520 515
1716530 515
1716540 515
1716550 514
1716560 514
1716570 514
1716580 514
1716590 513
1716600 513
1716610 513
1716620 513
1716630 512
1716640 512
1716650 512
1716660 511
1716670 511
1716680 511
1716690 511
1716700 510
1716710 510
1716720 510
1716730 510
1716740 510
1716750 509
1716760 508
1716770 507
1716780 506
1716790 505
1716800 504
1716810 503
1716820 503
1716830 502
1716840 501
1716850 501
1716860 501
1716870 501
1716880 501
1716890 502
1716900 502
1716910 503
1716920 503
1716930 503
1716940 504
1716950 504
1716960 505
1716970 506
1716980 507
1716990 507
1717000 508
1717010 509
1717020 510
1717030 511
1717040 512
1717050 513
1717060 513
1717070 514
1717080 515
1717090 516
1717100 518
1717110 519
1717120 520
1717130 520
1717140 521
1717150 521
1717160 522
1717170 522
1717180 522
1717190 523
1717200 523
1717210 523
1717220 523
1717230 523
1717240 523
1717250 523
1717260 523
1717270 522
1717280 522
1717290 522
1717300 522
1717310 521
1717320 521
1717330 521
1717340 520
1717350 520
1717360 520
1717370 519
1717380 519
1717390 518
1717400 518
1717410 517
1717420 516
1717430 515
1717440 514
1717450 513
1717460 512
1717470 511
1717480 511
1717490 509
1717500 508
1717510 507
1717520 507
1717530 507
1717540 508
1717550 508
1717560 508
1717570 508
1717580 508
1717590 508
1717600 508
1717610 508
1717620 507
1717630 507
1717640 507
1717650 507
1717660 507
1717670 507
1717680 507
1717690 507
1717700 507
1717710 507
1717720 506
1717730 506
1717740 506
1717750 506
1717760 506
1717770 506
1717780 506
1717790 505
1717800 505
1717810 505
1717820 505
1717830 505
1717840 505
1717850 504
1717860 504
1717870 504
1717880 504
1717890 503
1717900 503
1717910 503
1717920 502
1717930 502
1717940 501
1717950 500
1717960 499
1717970 499
1717980 498
1717990 496
1718000 494
1718010 493
1718020 491
1718030 490
1718040 488
1718050 487
1718060 486
1718070 484
1718080 482
1718090 481
1718100 479
1718110 477
1718120 474
1718130 471
1718140 471
1718150 471
1718160 470
1718170 469
1718180 466
1718190 464
1718200 464
1718210 465
1718220 465
1718230 466
1718240 467
1718250 467
1718260 467
1718270 467
1718280 468
1718290 471
1718300 474
1718310 477
1718320 479
1718330 480
1718340 482
1718350 484
1718360 486
1718370 487
1718380 489
1718390 491
1718400 492
1718410 493
1718420 494
1718430 496
1718440 497
1718450 498
1718460 499
1718470 500
1718480 501
1718490 502
1718500 503
1718510 504
1718520 505
1718530 506
1718540 506
1718550 507
1718560 507
1718570 508
1718580 508
1718590 509
1718600 509
1718610 508
1718620 508
1718630 507
1718640 507
1718650 506
1718660 506
1718670 505
1718680 504
1718690 504
1718700 502
1718710 501
1718720 499
1718730 497
1718740 495
1718750 493
1718760 491
1718770 488
1718780 486
1718790 483
1718800 480
1718810 478
1718820 476
1718830 473
1718840 471
1718850 468
1718860 466
1718870 463
1718880 460
1718890 458
1718900 455
1718910 453
1718920 450
1718930 448
1718940 443
1718950 440
1718960 444
1718970 449
1718980 453
1718990 457
1719000 460
1719010 463
1719020 464
1719030 465
1719040 466
1719050 468
1719060 470
1719070 472
1719080 475
1719090 478
1719100 480
1719110 481
1719120 482
1719130 484
1719140 485
1719150 486
1719160 487
1719170 488
1719180 489
1719190 489
1719200 489
1719210 489
1719220 489
1719230 489
1719240 489
1719250 489
1719260 488
1719270 487
1719280 486
1719290 483
1719300 480
1719310 477
1719320 474
1719330 472
1719340 470
1719350 468
1719360 466
1719370 464
1719380 462
1719390 460
1719400 458
1719410 456
1719420 454
1719430 453
1719440 449
1719450 448
1719460 451
1719470 455
1719480 458
1719490 461
1719500 463
1719510 464
1719520 464
1719530 464
1719540 463
1719550 462
1719560 462
1719570 461
1719580 461
1719590 461
1719600 461
1719610 460
1719620 459
1719630 458
1719640 456
1719650 456
1719660 456
1719670 456
1719680 457
1719690 458
1719700 460
1719710 460
1719720 461
1719730 462
1719740 462
1719750 463
1719760 463
1719770 463
1719780 463
1719790 462
1719800 459
1719810 456
1719820 454
1719830 453
1719840 452
1719850 452
1719860 451
1719870 451
1719880 450
1719890 449
1719900 449
1719910 450
1719920 451
1719930 452
1719940 454
1719950 455
1719960 455
1719970 455
1719980 455
1719990 454
