1700000 520
1700010 519
1700020 519
1700030 518
1700040 517
1700050 516
1700060 514
1700070 513
1700080 510
1700090 508
1700100 505
1700110 503
1700120 502
1700130 501
1700140 502
1700150 503
1700160 503
1700170 503
1700180 502
1700190 501
1700200 500
1700210 498
1700220 496
1700230 495
1700240 494
1700250 494
1700260 494
1700270 494
1700280 494
1700290 494
1700300 494
1700310 494
1700320 494
1700330 494
1700340 494
1700350 494
1700360 494
1700370 494
1700380 494
1700390 494
1700400 494
1700410 494
1700420 494
1700430 494
1700440 494
1700450 494
1700460 494
1700470 494
1700480 494
1700490 494
1700500 494
1700510 494
1700520 494
1700530 494
1700540 494
1700550 494
1700560 494
1700570 494
1700580 494
1700590 494
1700600 494
1700610 495
1700620 496
1700630 499
1700640 501
1700650 502
1700660 503
1700670 503
1700680 503
1700690 503
1700700 503
1700710 503
1700720 503
1700730 503
1700740 503
1700750 503
1700760 503
1700770 503
1700780 503
1700790 503
1700800 503
1700810 503
1700820 504
1700830 504
1700840 504
1700850 504
1700860 504
1700870 504
1700880 504
1700890 504
1700900 505
1700910 505
1700920 505
1700930 505
1700940 505
1700950 505
1700960 505
1700970 506
1700980 506
1700990 506
1701000 506
1701010 506
1701020 506
1701030 506
1701040 506
1701050 506
1701060 506
1701070 506
1701080 506
1701090 506
1701100 505
1701110 505
1701120 505
1701130 505
1701140 505
1701150 505
1701160 505
1701170 505
1701180 505
1701190 505
1701200 505
1701210 505
1701220 505
1701230 505
1701240 505
1701250 506
1701260 506
1701270 506
1701280 506
1701290 506
1701300 506
1701310 506
1701320 506
1701330 506
1701340 506
1701350 506
1701360 506
1701370 506
1701380 507
1701390 507
1701400 507
1701410 507
1701420 507
1701430 507
1701440 507
1701450 507
1701460 508
1701470 508
1701480 508
1701490 508
1701500 507
1701510 507
1701520 507
1701530 507
1701540 506
1701550 506
1701560 506
1701570 505
1701580 505
1701590 505
1701600 504
1701610 504
1701620 504
1701630 503
1701640 503
1701650 503
1701660 502
1701670 502
1701680 502
1701690 502
1701700 502
1701710 502
1701720 501
1701730 501
1701740 501
1701750 501
1701760 501
1701770 501
1701780 501
1701790 500
1701800 500
1701810 500
1701820 500
1701830 500
1701840 500
1701850 500
1701860 500
1701870 500
1701880 500
1701890 500
1701900 500
1701910 500
1701920 500
1701930 500
1701940 500
1701950 500
1701960 500
1701970 500
1701980 500
1701990 500
1702000 500
1702010 501
1702020 501
1702030 501
1702040 501
1702050 501
1702060 501
1702070 501
1702080 501
1702090 501
1702100 501
1702110 501
1702120 501
1702130 501
1702140 501
1702150 502
1702160 502
1702170 502
1702180 502
1702190 502
1702200 502
1702210 502
1702220 503
1702230 503
1702240 503
1702250 503
1702260 503
1702270 503
1702280 503
1702290 503
1702300 504
1702310 504
1702320 504
1702330 504
1702340 504
1702350 504
1702360 504
1702370 505
1702380 505
1702390 505
1702400 505
1702410 506
1702420 506
1702430 506
1702440 507
1702450 507
1702460 507
1702470 508
1702480 508
1702490 509
1702500 509
1702510 509
1702520 509
1702530 509
1702540 510
1702550 510
1702560 511
1702570 511
1702580 511
1702590 512
1702600 512
1702610 513
1702620 513
1702630 514
1702640 514
1702650 514
1702660 515
1702670 515
1702680 516
1702690 516
1702700 517
1702710 517
1702720 518
1702730 518
1702740 518
1702750 518
1702760 519
1702770 519
1702780 519
1702790 519
1702800 519
1702810 520
1702820 520
1702830 520
1702840 521
1702850 521
1702860 521
1702870 521
1702880 522
1702890 522
1702900 522
1702910 523
1702920 523
1702930 524
1702940 524
1702950 524
1702960 525
1702970 525
1702980 526
1702990 526
1703000 527
1703010 527
1703020 528
1703030 528
1703040 529
1703050 530
1703060 530
1703070 530
1703080 531
1703090 531
1703100 532
1703110 532
1703120 532
1703130 533
1703140 533
1703150 533
1703160 533
1703170 534
1703180 534
1703190 534
1703200 534
1703210 534
1703220 534
1703230 534
1703240 534
1703250 534
1703260 533
1703270 533
1703280 533
1703290 533
1703300 533
1703310 532
1703320 532
1703330 532
1703340 532
1703350 532
1703360 532
1703370 532
1703380 532
1703390 532
1703400 532
1703410 532
1703420 532
1703430 532
1703440 532
1703450 532
1703460 532
1703470 532
1703480 531
1703490 531
1703500 531
1703510 531
1703520 530
1703530 530
1703540 530
1703550 530
1703560 530
1703570 530
1703580 530
1703590 529
1703600 529
1703610 528
1703620 528
1703630 528
1703640 528
1703650 527
1703660 527
1703670 527
1703680 527
1703690 526
1703700 526
1703710 526
1703720 526
1703730 525
1703740 525
1703750 525
1703760 524
1703770 524
1703780 524
1703790 523
1703800 523
1703810 523
1703820 522
1703830 522
1703840 522
1703850 521
1703860 520
1703870 520
1703880 519
1703890 518
1703900 518
1703910 517
1703920 517
1703930 516
1703940 516
1703950 515
1703960 515
1703970 515
1703980 514
1703990 514
1704000 514
1704010 513
1704020 513
1704030 513
1704040 512
1704050 512
1704060 511
1704070 511
1704080 511
1704090 511
1704100 511
1704110 510
1704120 509
1704130 507
1704140 506
1704150 505
1704160 504
1704170 504
1704180 504
1704190 503
1704200 503
1704210 503
1704220 504
1704230 505
1704240 506
1704250 508
1704260 510
1704270 513
1704280 516
1704290 518
1704300 520
1704310 521
1704320 521
1704330 522
1704340 522
1704350 522
1704360 523
1704370 523
1704380 524
1704390 524
1704400 524
1704410 524
1704420 524
1704430 525
1704440 525
1704450 525
1704460 525
1704470 525
1704480 525
1704490 526
1704500 526
1704510 526
1704520 527
1704530 527
1704540 528
1704550 528
1704560 528
1704570 529
1704580 529
1704590 529
1704600 529
1704610 530
1704620 530
1704630 530
1704640 530
1704650 531
1704660 531
1704670 531
1704680 531
1704690 531
1704700 531
1704710 531
1704720 531
1704730 531
1704740 531
1704750 531
1704760 531
1704770 531
1704780 531
1704790 531
1704800 531
1704810 531
1704820 531
1704830 531
1704840 531
1704850 531
1704860 531
1704870 531
1704880 531
1704890 531
1704900 531
1704910 531
1704920 531
1704930 531
1704940 531
1704950 531
1704960 531
1704970 530
1704980 530
1704990 530
1705000 530
1705010 530
1705020 530
1705030 530
1705040 530
1705050 530
1705060 530
1705070 529
1705080 529
1705090 529
1705100 529
1705110 529
1705120 529
1705130 528
1705140 528
1705150 528
1705160 528
1705170 528
1705180 528
1705190 528
1705200 528
1705210 528
1705220 528
1705230 527
1705240 527
1705250 527
1705260 527
1705270 526
1705280 526
1705290 526
1705300 526
1705310 525
1705320 525
1705330 525
1705340 525
1705350 524
1705360 524
1705370 524
1705380 524
1705390 524
1705400 524
1705410 523
1705420 523
1705430 523
1705440 523
1705450 523
1705460 523
1705470 523
1705480 523
1705490 523
1705500 523
1705510 522
1705520 522
1705530 522
1705540 521
1705550 521
1705560 521
1705570 522
1705580 523
1705590 523
1705600 523
1705610 523
1705620 523
1705630 523
1705640 523
1705650 523
1705660 523
1705670 524
1705680 524
1705690 524
1705700 524
1705710 524
1705720 524
1705730 524
1705740 524
1705750 524
1705760 525
1705770 525
1705780 525
1705790 525
1705800 525
1705810 525
1705820 525
1705830 525
1705840 525
1705850 525
1705860 525
1705870 525
1705880 525
1705890 524
1705900 524
1705910 524
1705920 524
1705930 524
1705940 524
1705950 524
1705960 524
1705970 524
1705980 524
1705990 523
1706000 523
1706010 523
1706020 523
1706030 523
1706040 523
1706050 523
1706060 523
1706070 523
1706080 523
1706090 523
1706100 523
1706110 523
1706120 523
1706130 522
1706140 522
1706150 522
1706160 522
1706170 522
1706180 522
1706190 521
1706200 521
1706210 521
1706220 521
1706230 521
1706240 520
1706250 520
1706260 520
1706270 520
1706280 520
1706290 520
1706300 520
1706310 520
1706320 520
1706330 520
1706340 520
1706350 520
1706360 520
1706370 520
1706380 520
1706390 519
1706400 519
1706410 519
1706420 519
1706430 519
1706440 519
1706450 518
1706460 518
1706470 518
1706480 518
1706490 518
1706500 519
1706510 519
1706520 520
1706530 520
1706540 520
1706550 521
1706560 521
1706570 522
1706580 522
1706590 523
1706600 523
1706610 523
1706620 524
1706630 524
1706640 524
1706650 524
1706660 524
1706670 524
1706680 524
1706690 524
1706700 524
1706710 524
1706720 524
1706730 524
1706740 524
1706750 524
1706760 524
1706770 524
1706780 524
1706790 524
1706800 524
1706810 524
1706820 524
1706830 524
1706840 524
1706850 524
1706860 525
1706870 525
1706880 525
1706890 525
1706900 525
1706910 526
1706920 526
1706930 526
1706940 526
1706950 526
1706960 526
1706970 527
1706980 527
1706990 527
1707000 527
1707010 527
1707020 528
1707030 528
1707040 528
1707050 529
1707060 529
1707070 529
1707080 529
1707090 529
1707100 529
1707110 529
1707120 529
1707130 529
1707140 529
1707150 529
1707160 529
1707170 529
1707180 529
1707190 529
1707200 529
1707210 529
1707220 529
1707230 529
1707240 529
1707250 529
1707260 530
1707270 529
1707280 529
1707290 529
1707300 529
1707310 529
1707320 529
1707330 529
1707340 529
1707350 529
1707360 529
1707370 529
1707380 529
1707390 529
1707400 529
1707410 528
1707420 528
1707430 528
1707440 528
1707450 528
1707460 528
1707470 528
1707480 528
1707490 528
1707500 528
1707510 527
1707520 527
1707530 527
1707540 527
1707550 527
1707560 527
1707570 527
1707580 527
1707590 527
1707600 526
1707610 526
1707620 526
1707630 526
1707640 526
1707650 526
1707660 525
1707670 525
1707680 525
1707690 525
1707700 525
1707710 525
1707720 525
1707730 525
1707740 525
1707750 525
1707760 525
1707770 524
1707780 524
1707790 524
1707800 524
1707810 524
1707820 524
1707830 524
1707840 523
1707850 523
1707860 523
1707870 523
1707880 523
1707890 523
1707900 523
1707910 523
1707920 522
1707930 522
1707940 522
1707950 521
1707960 521
1707970 521
1707980 521
1707990 521
1708000 521
1708010 520
1708020 520
1708030 520
1708040 520
1708050 520
1708060 520
1708070 520
1708080 520
1708090 520
1708100 521
1708110 523
1708120 524
1708130 526
1708140 528
1708150 529
1708160 530
1708170 530
1708180 530
1708190 530
1708200 531
1708210 531
1708220 531
1708230 532
1708240 532
1708250 532
1708260 533
1708270 533
1708280 533
1708290 533
1708300 534
1708310 534
1708320 534
1708330 534
1708340 534
1708350 535
1708360 535
1708370 535
1708380 535
1708390 536
1708400 536
1708410 536
1708420 536
1708430 536
1708440 536
1708450 536
1708460 536
1708470 536
1708480 536
1708490 535
1708500 535
1708510 535
1708520 535
1708530 535
1708540 535
1708550 535
1708560 535
1708570 536
1708580 536
1708590 536
1708600 536
1708610 536
1708620 536
1708630 536
1708640 536
1708650 536
1708660 536
1708670 536
1708680 536
1708690 535
1708700 535
1708710 535
1708720 534
1708730 534
1708740 534
1708750 534
1708760 533
1708770 533
1708780 533
1708790 532
1708800 532
1708810 532
1708820 532
1708830 531
1708840 531
1708850 531
1708860 531
1708870 530
1708880 530
1708890 530
1708900 530
1708910 530
1708920 530
1708930 530
1708940 529
1708950 529
1708960 529
1708970 529
1708980 529
1708990 529
1709000 529
1709010 529
1709020 529
1709030 528
1709040 528
1709050 528
1709060 528
1709070 528
1709080 529
1709090 529
1709100 528
1709110 528
1709120 528
1709130 528
1709140 528
1709150 527
1709160 526
1709170 526
1709180 526
1709190 526
1709200 526
1709210 526
1709220 526
1709230 526
1709240 526
1709250 526
1709260 526
1709270 526
1709280 525
1709290 525
1709300 525
1709310 525
1709320 525
1709330 525
1709340 525
1709350 525
1709360 525
1709370 525
1709380 525
1709390 525
1709400 525
1709410 525
1709420 525
1709430 525
1709440 525
1709450 525
1709460 525
1709470 525
1709480 525
1709490 525
1709500 525
1709510 525
1709520 525
1709530 525
1709540 525
1709550 525
1709560 525
1709570 525
1709580 525
1709590 525
1709600 526
1709610 526
1709620 526
1709630 526
1709640 526
1709650 526
1709660 527
1709670 527
1709680 527
1709690 528
1709700 528
1709710 528
1709720 529
1709730 529
1709740 529
1709750 530
1709760 530
1709770 530
1709780 530
1709790 531
1709800 531
1709810 531
1709820 531
1709830 532
1709840 532
1709850 532
1709860 532
1709870 532
1709880 532
1709890 532
1709900 530
1709910 528
1709920 526
1709930 525
1709940 525
1709950 525
1709960 526
1709970 527
1709980 528
1709990 528
1710000 529
1710010 530
1710020 532
1710030 533
1710040 533
1710050 533
1710060 533
1710070 533
1710080 533
1710090 533
1710100 533
1710110 533
1710120 532
1710130 532
1710140 532
1710150 532
1710160 532
1710170 531
1710180 531
1710190 531
1710200 531
1710210 531
1710220 531
1710230 530
1710240 530
1710250 530
1710260 530
1710270 530
1710280 529
1710290 529
1710300 529
1710310 529
1710320 528
1710330 528
1710340 528
1710350 528
1710360 528
1710370 528
1710380 527
1710390 527
1710400 527
1710410 527
1710420 527
1710430 526
1710440 526
1710450 526
1710460 526
1710470 526
1710480 525
1710490 525
1710500 525
1710510 525
1710520 525
1710530 525
1710540 524
1710550 524
1710560 524
1710570 524
1710580 524
1710590 524
1710600 524
1710610 524
1710620 524
1710630 524
1710640 524
1710650 523
1710660 523
1710670 523
1710680 523
1710690 523
1710700 523
1710710 523
1710720 523
1710730 523
1710740 523
1710750 523
1710760 523
1710770 523
1710780 523
1710790 523
1710800 523
1710810 523
1710820 523
1710830 523
1710840 523
1710850 523
1710860 523
1710870 523
1710880 522
1710890 522
1710900 522
1710910 522
1710920 522
1710930 522
1710940 522
1710950 522
1710960 522
1710970 522
1710980 522
1710990 522
1711000 522
1711010 522
1711020 521
1711030 521
1711040 521
1711050 520
1711060 520
1711070 519
1711080 519
1711090 519
1711100 519
1711110 520
1711120 519
1711130 519
1711140 519
1711150 519
1711160 519
1711170 519
1711180 519
1711190 519
1711200 519
1711210 519
1711220 519
1711230 519
1711240 519
1711250 519
1711260 519
1711270 519
1711280 519
1711290 519
1711300 519
1711310 518
1711320 518
1711330 518
1711340 518
1711350 518
1711360 518
1711370 518
1711380 518
1711390 518
1711400 519
1711410 519
1711420 519
1711430 519
1711440 519
1711450 519
1711460 519
1711470 519
1711480 519
1711490 519
1711500 519
1711510 519
1711520 519
1711530 519
1711540 519
1711550 519
1711560 518
1711570 518
1711580 518
1711590 518
1711600 518
1711610 518
1711620 518
1711630 518
1711640 518
1711650 518
1711660 518
1711670 518
1711680 518
1711690 518
1711700 518
1711710 518
1711720 517
1711730 517
1711740 517
1711750 517
1711760 517
1711770 517
1711780 516
1711790 516
1711800 516
1711810 516
1711820 516
1711830 516
1711840 516
1711850 515
1711860 515
1711870 515
1711880 515
1711890 515
1711900 515
1711910 515
1711920 514
1711930 514
1711940 514
1711950 514
1711960 514
1711970 514
1711980 513
1711990 513
1712000 513
1712010 513
1712020 513
1712030 512
1712040 512
1712050 512
1712060 512
1712070 511
1712080 511
1712090 511
1712100 510
1712110 510
1712120 510
1712130 509
1712140 509
1712150 507
1712160 506
1712170 506
1712180 506
1712190 505
1712200 504
1712210 504
1712220 505
1712230 507
1712240 508
1712250 509
1712260 510
1712270 510
1712280 511
1712290 511
1712300 512
1712310 512
1712320 512
1712330 513
1712340 513
1712350 513
1712360 513
1712370 513
1712380 514
1712390 514
1712400 514
1712410 514
1712420 514
1712430 514
1712440 514
1712450 514
1712460 515
1712470 515
1712480 515
1712490 515
1712500 515
1712510 515
1712520 515
1712530 515
1712540 515
1712550 515
1712560 515
1712570 515
1712580 515
1712590 515
1712600 515
1712610 515
1712620 515
1712630 515
1712640 515
1712650 515
1712660 515
1712670 515
1712680 515
1712690 515
1712700 515
1712710 515
1712720 515
1712730 515
1712740 515
1712750 515
1712760 515
1712770 514
1712780 514
1712790 514
1712800 514
1712810 514
1712820 514
1712830 514
1712840 514
1712850 514
1712860 514
1712870 513
1712880 513
1712890 514
1712900 514
1712910 515
1712920 515
1712930 516
1712940 516
1712950 517
1712960 517
1712970 518
1712980 518
1712990 518
1713000 518
1713010 519
1713020 519
1713030 519
1713040 519
1713050 519
1713060 520
1713070 520
1713080 520
1713090 521
1713100 521
1713110 521
1713120 521
1713130 521
1713140 521
1713150 521
1713160 521
1713170 521
1713180 521
1713190 522
1713200 522
1713210 522
1713220 522
1713230 522
1713240 522
1713250 522
1713260 522
1713270 523
1713280 523
1713290 523
1713300 523
1713310 524
1713320 524
1713330 525
1713340 525
1713350 526
1713360 526
1713370 527
1713380 527
1713390 528
1713400 528
1713410 528
1713420 529
1713430 529
1713440 530
1713450 530
1713460 530
1713470 531
1713480 531
1713490 531
1713500 531
1713510 531
1713520 532
1713530 532
1713540 532
1713550 532
1713560 532
1713570 533
1713580 533
1713590 533
1713600 534
1713610 534
1713620 535
1713630 535
1713640 536
1713650 536
1713660 537
1713670 538
1713680 538
1713690 539
1713700 539
1713710 539
1713720 540
1713730 540
1713740 541
1713750 541
1713760 541
1713770 542
1713780 542
1713790 542
1713800 543
1713810 543
1713820 543
1713830 543
1713840 543
1713850 543
1713860 544
1713870 544
1713880 544
1713890 544
1713900 544
1713910 544
1713920 544
1713930 544
1713940 544
1713950 544
1713960 544
1713970 544
1713980 544
1713990 544
1714000 544
1714010 544
1714020 544
1714030 544
1714040 543
1714050 543
1714060 543
1714070 543
1714080 543
1714090 543
1714100 543
1714110 543
1714120 544
1714130 544
1714140 544
1714150 544
1714160 544
1714170 544
1714180 544
1714190 543
1714200 543
1714210 543
1714220 543
1714230 543
1714240 543
1714250 543
1714260 543
1714270 542
1714280 542
1714290 542
1714300 542
1714310 542
1714320 542
1714330 542
1714340 542
1714350 542
1714360 542
1714370 542
1714380 542
1714390 542
1714400 542
1714410 541
1714420 541
1714430 541
1714440 541
1714450 541
1714460 541
1714470 541
1714480 541
1714490 541
1714500 541
1714510 541
1714520 540
1714530 540
1714540 540
1714550 540
1714560 540
1714570 540
1714580 540
1714590 540
1714600 540
1714610 540
1714620 539
1714630 539
1714640 539
1714650 539
1714660 539
1714670 539
1714680 539
1714690 538
1714700 538
1714710 538
1714720 538
1714730 538
1714740 538
1714750 538
1714760 538
1714770 538
1714780 537
1714790 537
1714800 537
1714810 537
1714820 537
1714830 537
1714840 536
1714850 536
1714860 536
1714870 536
1714880 536
1714890 535
1714900 535
1714910 535
1714920 535
1714930 535
1714940 534
1714950 534
1714960 534
1714970 534
1714980 533
1714990 533
1715000 533
1715010 533
1715020 533
1715030 533
1715040 532
1715050 532
1715060 532
1715070 533
1715080 533
1715090 534
1715100 534
1715110 534
1715120 534
1715130 535
1715140 535
1715150 535
1715160 535
1715170 536
1715180 536
1715190 536
1715200 536
1715210 536
1715220 536
1715230 537
1715240 537
1715250 537
1715260 537
1715270 538
1715280 538
1715290 538
1715300 538
1715310 539
1715320 539
1715330 539
1715340 539
1715350 539
1715360 540
1715370 540
1715380 540
1715390 540
1715400 541
1715410 541
1715420 541
1715430 542
1715440 542
1715450 542
1715460 542
1715470 542
1715480 542
1715490 542
1715500 542
1715510 542
1715520 542
1715530 542
1715540 542
1715550 543
1715560 543
1715570 543
1715580 543
1715590 543
1715600 543
1715610 543
1715620 543
1715630 543
1715640 543
1715650 543
1715660 543
1715670 543
1715680 543
1715690 543
1715700 543
1715710 543
1715720 544
1715730 544
1715740 544
1715750 544
1715760 544
1715770 544
1715780 544
1715790 544
1715800 543
1715810 543
1715820 543
1715830 543
1715840 543
1715850 543
1715860 543
1715870 543
1715880 543
1715890 543
1715900 543
1715910 543
1715920 543
1715930 543
1715940 543
1715950 543
1715960 543
1715970 543
1715980 543
1715990 543
1716000 542
1716010 542
1716020 542
1716030 542
1716040 542
1716050 542
1716060 542
1716070 542
1716080 542
1716090 542
1716100 542
1716110 542
1716120 542
1716130 542
1716140 542
1716150 542
1716160 541
1716170 541
1716180 541
1716190 541
1716200 541
1716210 541
1716220 541
1716230 541
1716240 540
1716250 540
1716260 540
1716270 540
1716280 540
1716290 540
1716300 540
1716310 540
1716320 540
1716330 539
1716340 539
1716350 539
1716360 539
1716370 539
1716380 539
1716390 539
1716400 539
1716410 539
1716420 539
1716430 539
1716440 539
1716450 539
1716460 539
1716470 539
1716480 539
1716490 539
1716500 539
1716510 539
1716520 539
1716530 539
1716540 539
1716550 539
1716560 539
1716570 539
1716580 539
1716590 539
1716600 538
1716610 538
1716620 538
1716630 538
1716640 537
1716650 537
1716660 537
1716670 536
1716680 535
1716690 535
1716700 534
1716710 533
1716720 533
1716730 533
1716740 533
1716750 532
1716760 532
1716770 532
1716780 532
1716790 532
1716800 533
1716810 533
1716820 534
1716830 535
1716840 535
1716850 536
1716860 536
1716870 537
1716880 537
1716890 537
1716900 538
1716910 538
1716920 538
1716930 538
1716940 538
1716950 538
1716960 538
1716970 539
1716980 539
1716990 539
1717000 539
1717010 540
1717020 540
1717030 540
1717040 541
1717050 541
1717060 541
1717070 542
1717080 542
1717090 542
1717100 542
1717110 542
1717120 542
1717130 542
1717140 542
1717150 542
1717160 542
1717170 542
1717180 542
1717190 542
1717200 542
1717210 542
1717220 542
1717230 542
1717240 542
1717250 541
1717260 541
1717270 541
1717280 541
1717290 541
1717300 540
1717310 540
1717320 540
1717330 540
1717340 539
1717350 539
1717360 539
1717370 539
1717380 538
1717390 538
1717400 538
1717410 538
1717420 538
1717430 537
1717440 537
1717450 537
1717460 537
1717470 537
1717480 537
1717490 537
1717500 537
1717510 537
1717520 537
1717530 536
1717540 536
1717550 536
1717560 536
1717570 535
1717580 535
1717590 535
1717600 535
1717610 534
1717620 534
1717630 533
1717640 533
1717650 533
1717660 532
1717670 532
1717680 531
1717690 531
1717700 530
1717710 530
1717720 529
1717730 529
1717740 528
1717750 528
1717760 527
1717770 527
1717780 526
1717790 526
1717800 526
1717810 525
1717820 525
1717830 524
1717840 524
1717850 523
1717860 522
1717870 522
1717880 521
1717890 520
1717900 519
1717910 518
1717920 516
1717930 514
1717940 512
1717950 510
1717960 509
1717970 507
1717980 506
1717990 505
1718000 504
1718010 503
1718020 501
1718030 500
1718040 498
1718050 497
1718060 495
1718070 497
1718080 500
1718090 504
1718100 507
1718110 510
1718120 512
1718130 515
1718140 517
1718150 518
1718160 519
1718170 520
1718180 520
1718190 520
1718200 520
1718210 520
1718220 520
1718230 520
1718240 520
1718250 520
1718260 520
1718270 520
1718280 519
1718290 519
1718300 519
1718310 519
1718320 519
1718330 519
1718340 518
1718350 518
1718360 518
1718370 517
1718380 517
1718390 517
1718400 516
1718410 516
1718420 516
1718430 516
1718440 515
1718450 515
1718460 515
1718470 515
1718480 514
1718490 514
1718500 514
1718510 514
1718520 514
1718530 514
1718540 514
1718550 515
1718560 515
1718570 515
1718580 515
1718590 514
1718600 514
1718610 514
1718620 514
1718630 514
1718640 513
1718650 513
1718660 512
1718670 511
1718680 510
1718690 508
1718700 506
1718710 504
1718720 502
1718730 500
1718740 498
1718750 496
1718760 494
1718770 492
1718780 490
1718790 488
1718800 486
1718810 484
1718820 482
1718830 479
1718840 477
1718850 475
1718860 474
1718870 472
1718880 468
1718890 462
1718900 461
1718910 462
1718920 467
1718930 472
1718940 477
1718950 480
1718960 483
1718970 487
1718980 490
1718990 492
1719000 494
1719010 495
1719020 497
1719030 498
1719040 499
1719050 501
1719060 502
1719070 503
1719080 504
1719090 504
1719100 505
1719110 506
1719120 507
1719130 508
1719140 508
1719150 509
1719160 510
1719170 510
1719180 511
1719190 511
1719200 511
1719210 512
1719220 512
1719230 512
1719240 512
1719250 513
1719260 513
1719270 513
1719280 513
1719290 513
1719300 513
1719310 513
1719320 513
1719330 513
1719340 513
1719350 513
1719360 513
1719370 513
1719380 514
1719390 514
1719400 513
1719410 513
1719420 513
1719430 513
1719440 513
1719450 512
1719460 512
1719470 512
1719480 511
1719490 511
1719500 510
1719510 510
1719520 509
1719530 509
1719540 509
1719550 509
1719560 508
1719570 508
1719580 508
1719590 508
1719600 507
1719610 507
1719620 507
1719630 506
1719640 506
1719650 506
1719660 506
1719670 505
1719680 505
1719690 504
1719700 504
1719710 504
1719720 504
1719730 504
1719740 504
1719750 504
1719760 504
1719770 504
1719780 504
1719790 503
1719800 503
1719810 503
1719820 502
1719830 502
1719840 502
1719850 501
1719860 501
1719870 501
1719880 501
1719890 500
1719900 500
1719910 500
1719920 500
1719930 500
1719940 499
1719950 499
1719960 499
1719970 499
1719980 499
1719990 498
