1700000 516
1700010 516
1700020 516
1700030 516
1700040 515
1700050 513
1700060 513
1700070 513
1700080 515
1700090 515
1700100 515
1700110 514
1700120 514
1700130 515
1700140 515
1700150 515
1700160 516
1700170 516
1700180 517
1700190 517
1700200 518
1700210 518
1700220 517
1700230 515
1700240 512
1700250 510
1700260 508
1700270 506
1700280 503
1700290 502
1700300 503
1700310 507
1700320 510
1700330 513
1700340 516
1700350 518
1700360 521
1700370 523
1700380 524
1700390 525
1700400 526
1700410 527
1700420 528
1700430 528
1700440 529
1700450 529
1700460 530
1700470 530
1700480 530
1700490 530
1700500 531
1700510 531
1700520 531
1700530 531
1700540 532
1700550 532
1700560 532
1700570 532
1700580 532
1700590 532
1700600 532
1700610 532
1700620 532
1700630 533
1700640 532
1700650 532
1700660 532
1700670 532
1700680 532
1700690 532
1700700 532
1700710 532
1700720 532
1700730 532
1700740 532
1700750 532
1700760 532
1700770 532
1700780 531
1700790 531
1700800 531
1700810 531
1700820 530
1700830 530
1700840 530
1700850 530
1700860 530
1700870 530
1700880 529
1700890 529
1700900 529
1700910 529
1700920 529
1700930 529
1700940 529
1700950 529
1700960 529
1700970 529
1700980 529
1700990 529
1701000 529
1701010 529
1701020 529
1701030 529
1701040 529
1701050 530
1701060 530
1701070 530
1701080 530
1701090 530
1701100 529
1701110 529
1701120 529
1701130 529
1701140 529
1701150 529
1701160 529
1701170 529
1701180 529
1701190 528
1701200 528
1701210 528
1701220 528
1701230 528
1701240 529
1701250 529
1701260 529
1701270 529
1701280 529
1701290 529
1701300 529
1701310 529
1701320 529
1701330 529
1701340 529
1701350 529
1701360 529
1701370 530
1701380 530
1701390 530
1701400 530
1701410 530
1701420 530
1701430 530
1701440 530
1701450 530
1701460 530
1701470 531
1701480 531
1701490 531
1701500 531
1701510 532
1701520 532
1701530 532
1701540 533
1701550 533
1701560 534
1701570 534
1701580 535
1701590 535
1701600 536
1701610 536
1701620 536
1701630 537
1701640 537
1701650 537
1701660 537
1701670 538
1701680 538
1701690 538
1701700 538
1701710 538
1701720 539
1701730 539
1701740 540
1701750 541
1701760 541
1701770 542
1701780 542
1701790 543
1701800 543
1701810 544
1701820 544
1701830 544
1701840 545
1701850 545
1701860 545
1701870 546
1701880 546
1701890 546
1701900 546
1701910 546
1701920 547
1701930 547
1701940 548
1701950 548
1701960 548
1701970 549
1701980 549
1701990 548
1702000 548
1702010 548
1702020 548
1702030 548
1702040 548
1702050 547
1702060 547
1702070 547
1702080 547
1702090 546
1702100 546
1702110 546
1702120 546
1702130 545
1702140 545
1702150 545
1702160 545
1702170 545
1702180 544
1702190 544
1702200 544
1702210 543
1702220 543
1702230 542
1702240 542
1702250 542
1702260 541
1702270 541
1702280 540
1702290 539
1702300 538
1702310 538
1702320 537
1702330 537
1702340 537
1702350 537
1702360 538
1702370 538
1702380 539
1702390 539
1702400 540
1702410 540
1702420 541
1702430 542
1702440 542
1702450 543
1702460 543
1702470 544
1702480 545
1702490 545
1702500 545
1702510 545
1702520 545
1702530 545
1702540 544
1702550 543
1702560 543
1702570 543
1702580 542
1702590 542
1702600 542
1702610 542
1702620 542
1702630 542
1702640 541
1702650 541
1702660 541
1702670 541
1702680 541
1702690 541
1702700 541
1702710 541
1702720 540
1702730 540
1702740 540
1702750 540
1702760 541
1702770 541
1702780 541
1702790 542
1702800 542
1702810 542
1702820 542
1702830 541
1702840 541
1702850 540
1702860 540
1702870 540
1702880 539
1702890 539
1702900 539
1702910 538
1702920 538
1702930 537
1702940 537
1702950 537
1702960 536
1702970 536
1702980 536
1702990 535
1703000 535
1703010 534
1703020 534
1703030 533
1703040 533
1703050 533
1703060 532
1703070 532
1703080 532
1703090 532
1703100 531
1703110 531
1703120 531
1703130 530
1703140 530
1703150 530
1703160 530
1703170 530
1703180 529
1703190 529
1703200 529
1703210 528
1703220 528
1703230 528
1703240 527
1703250 527
1703260 527
1703270 526
1703280 526
1703290 526
1703300 525
1703310 525
1703320 525
1703330 524
1703340 524
1703350 523
1703360 523
1703370 522
1703380 522
1703390 521
1703400 520
1703410 519
1703420 519
1703430 519
1703440 519
1703450 519
1703460 519
1703470 519
1703480 519
1703490 519
1703500 519
1703510 520
1703520 521
1703530 523
1703540 524
1703550 527
1703560 530
1703570 531
1703580 531
1703590 531
1703600 531
1703610 532
1703620 532
1703630 532
1703640 532
1703650 532
1703660 531
1703670 531
1703680 531
1703690 531
1703700 531
1703710 531
1703720 531
1703730 531
1703740 531
1703750 530
1703760 530
1703770 530
1703780 530
1703790 530
1703800 530
1703810 530
1703820 530
1703830 529
1703840 529
1703850 529
1703860 529
1703870 529
1703880 528
1703890 528
1703900 528
1703910 528
1703920 528
1703930 527
1703940 527
1703950 528
1703960 528
1703970 528
1703980 527
1703990 527
1704000 527
1704010 526
1704020 526
1704030 526
1704040 526
1704050 526
1704060 526
1704070 525
1704080 524
1704090 524
1704100 523
1704110 523
1704120 523
1704130 523
1704140 522
1704150 521
1704160 520
1704170 519
1704180 519
1704190 519
1704200 519
1704210 519
1704220 519
1704230 519
1704240 518
1704250 518
1704260 519
1704270 519
1704280 521
1704290 524
1704300 528
1704310 529
1704320 531
1704330 531
1704340 532
1704350 533
1704360 534
1704370 534
1704380 534
1704390 534
1704400 535
1704410 536
1704420 536
1704430 536
1704440 536
1704450 535
1704460 535
1704470 534
1704480 532
1704490 531
1704500 531
1704510 531
1704520 532
1704530 532
1704540 531
1704550 532
1704560 532
1704570 532
1704580 532
1704590 533
1704600 533
1704610 533
1704620 533
1704630 534
1704640 534
1704650 534
1704660 534
1704670 533
1704680 533
1704690 532
1704700 532
1704710 531
1704720 530
1704730 529
1704740 529
1704750 529
1704760 529
1704770 529
1704780 529
1704790 530
1704800 530
1704810 531
1704820 532
1704830 532
1704840 533
1704850 534
1704860 534
1704870 535
1704880 536
1704890 537
1704900 537
1704910 539
1704920 541
1704930 541
1704940 542
1704950 543
1704960 544
1704970 544
1704980 545
1704990 545
1705000 546
1705010 546
1705020 546
1705030 547
1705040 547
1705050 547
1705060 547
1705070 547
1705080 547
1705090 547
1705100 547
1705110 547
1705120 547
1705130 547
1705140 547
1705150 547
1705160 547
1705170 547
1705180 547
1705190 547
1705200 547
1705210 547
1705220 548
1705230 548
1705240 548
1705250 549
1705260 549
1705270 549
1705280 549
1705290 549
1705300 549
1705310 550
1705320 550
1705330 550
1705340 550
1705350 551
1705360 552
1705370 552
1705380 553
1705390 553
1705400 553
1705410 553
1705420 553
1705430 553
1705440 554
1705450 554
1705460 554
1705470 555
1705480 555
1705490 555
1705500 556
1705510 556
1705520 557
1705530 557
1705540 558
1705550 558
1705560 559
1705570 560
1705580 560
1705590 561
1705600 561
1705610 562
1705620 562
1705630 562
1705640 563
1705650 563
1705660 563
1705670 564
1705680 564
1705690 564
1705700 564
1705710 564
1705720 564
1705730 564
1705740 564
1705750 564
1705760 564
1705770 564
1705780 564
1705790 564
1705800 564
1705810 564
1705820 564
1705830 564
1705840 564
1705850 564
1705860 564
1705870 564
1705880 564
1705890 564
1705900 564
1705910 564
1705920 564
1705930 564
1705940 564
1705950 564
1705960 564
1705970 564
1705980 563
1705990 563
1706000 563
1706010 563
1706020 563
1706030 563
1706040 563
1706050 562
1706060 562
1706070 562
1706080 562
1706090 562
1706100 562
1706110 561
1706120 561
1706130 561
1706140 561
1706150 561
1706160 560
1706170 560
1706180 560
1706190 560
1706200 560
1706210 560
1706220 560
1706230 560
1706240 560
1706250 559
1706260 559
1706270 559
1706280 559
1706290 559
1706300 559
1706310 559
1706320 559
1706330 558
1706340 558
1706350 558
1706360 558
1706370 558
1706380 557
1706390 557
1706400 557
1706410 557
1706420 557
1706430 557
1706440 556
1706450 556
1706460 556
1706470 556
1706480 556
1706490 556
1706500 556
1706510 555
1706520 555
1706530 555
1706540 555
1706550 555
1706560 554
1706570 554
1706580 554
1706590 554
1706600 553
1706610 553
1706620 553
1706630 552
1706640 552
1706650 552
1706660 552
1706670 552
1706680 552
1706690 552
1706700 552
1706710 553
1706720 553
1706730 553
1706740 553
1706750 553
1706760 553
1706770 554
1706780 554
1706790 554
1706800 555
1706810 555
1706820 556
1706830 556
1706840 556
1706850 557
1706860 558
1706870 558
1706880 559
1706890 560
1706900 560
1706910 561
1706920 561
1706930 562
1706940 562
1706950 563
1706960 563
1706970 564
1706980 564
1706990 565
1707000 565
1707010 566
1707020 566
1707030 567
1707040 567
1707050 568
1707060 569
1707070 569
1707080 570
1707090 570
1707100 571
1707110 571
1707120 572
1707130 572
1707140 573
1707150 573
1707160 574
1707170 574
1707180 575
1707190 575
1707200 576
1707210 576
1707220 577
1707230 577
1707240 577
1707250 578
1707260 578
1707270 578
1707280 577
1707290 577
1707300 577
1707310 577
1707320 576
1707330 576
1707340 576
1707350 575
1707360 575
1707370 575
1707380 575
1707390 574
1707400 574
1707410 574
1707420 573
1707430 573
1707440 572
1707450 572
1707460 571
1707470 571
1707480 570
1707490 570
1707500 570
1707510 569
1707520 569
1707530 568
1707540 568
1707550 567
1707560 567
1707570 567
1707580 566
1707590 566
1707600 565
1707610 565
1707620 564
1707630 564
1707640 564
1707650 563
1707660 562
1707670 562
1707680 561
1707690 561
1707700 561
1707710 560
1707720 559
1707730 559
1707740 558
1707750 558
1707760 557
1707770 557
1707780 556
1707790 556
1707800 555
1707810 555
1707820 555
1707830 554
1707840 553
1707850 553
1707860 552
1707870 551
1707880 551
1707890 550
1707900 550
1707910 549
1707920 549
1707930 548
1707940 547
1707950 547
1707960 546
1707970 545
1707980 544
1707990 543
1708000 541
1708010 539
1708020 538
1708030 538
1708040 538
1708050 537
1708060 537
1708070 537
1708080 536
1708090 537
1708100 537
1708110 537
1708120 538
1708130 539
1708140 541
1708150 543
1708160 545
1708170 548
1708180 551
1708190 552
1708200 553
1708210 553
1708220 554
1708230 554
1708240 554
1708250 555
1708260 555
1708270 555
1708280 555
1708290 555
1708300 555
1708310 554
1708320 554
1708330 554
1708340 553
1708350 552
1708360 552
1708370 552
1708380 552
1708390 551
1708400 551
1708410 551
1708420 550
1708430 549
1708440 549
1708450 548
1708460 548
1708470 547
1708480 547
1708490 546
1708500 546
1708510 546
1708520 545
1708530 545
1708540 544
1708550 544
1708560 543
1708570 543
1708580 542
1708590 542
1708600 542
1708610 542
1708620 543
1708630 544
1708640 546
1708650 547
1708660 549
1708670 550
1708680 551
1708690 553
1708700 554
1708710 555
1708720 556
1708730 557
1708740 558
1708750 558
1708760 559
1708770 559
1708780 560
1708790 560
1708800 560
1708810 560
1708820 561
1708830 561
1708840 561
1708850 562
1708860 562
1708870 563
1708880 563
1708890 563
1708900 564
1708910 564
1708920 564
1708930 564
1708940 564
1708950 564
1708960 564
1708970 564
1708980 564
1708990 564
1709000 564
1709010 565
1709020 565
1709030 565
1709040 565
1709050 565
1709060 565
1709070 565
1709080 565
1709090 566
1709100 566
1709110 566
1709120 566
1709130 566
1709140 566
1709150 567
1709160 567
1709170 567
1709180 568
1709190 568
1709200 568
1709210 569
1709220 569
1709230 570
1709240 570
1709250 570
1709260 571
1709270 571
1709280 572
1709290 572
1709300 573
1709310 573
1709320 574
1709330 575
1709340 575
1709350 575
1709360 576
1709370 576
1709380 576
1709390 577
1709400 577
1709410 577
1709420 577
1709430 577
1709440 577
1709450 577
1709460 577
1709470 578
1709480 578
1709490 578
1709500 578
1709510 579
1709520 579
1709530 579
1709540 580
1709550 580
1709560 581
1709570 581
1709580 582
1709590 582
1709600 583
1709610 584
1709620 584
1709630 585
1709640 586
1709650 587
1709660 588
1709670 589
1709680 590
1709690 590
1709700 589
1709710 589
1709720 589
1709730 589
1709740 588
1709750 588
1709760 587
1709770 586
1709780 586
1709790 585
1709800 584
1709810 583
1709820 583
1709830 582
1709840 581
1709850 581
1709860 580
1709870 579
1709880 578
1709890 578
1709900 577
1709910 576
1709920 575
1709930 575
1709940 574
1709950 574
1709960 573
1709970 572
1709980 572
1709990 572
1710000 571
1710010 571
1710020 570
1710030 570
1710040 569
1710050 569
1710060 568
1710070 568
1710080 567
1710090 567
1710100 566
1710110 566
1710120 565
1710130 564
1710140 564
1710150 563
1710160 563
1710170 563
1710180 562
1710190 562
1710200 561
1710210 561
1710220 560
1710230 558
1710240 557
1710250 557
1710260 557
1710270 557
1710280 558
1710290 559
1710300 560
1710310 560
1710320 561
1710330 562
1710340 562
1710350 562
1710360 563
1710370 563
1710380 563
1710390 563
1710400 563
1710410 563
1710420 562
1710430 562
1710440 562
1710450 562
1710460 561
1710470 561
1710480 561
1710490 561
1710500 561
1710510 560
1710520 560
1710530 560
1710540 560
1710550 560
1710560 560
1710570 559
1710580 559
1710590 559
1710600 559
1710610 559
1710620 559
1710630 558
1710640 558
1710650 558
1710660 558
1710670 558
1710680 557
1710690 557
1710700 557
1710710 557
1710720 556
1710730 556
1710740 556
1710750 555
1710760 555
1710770 554
1710780 554
1710790 554
1710800 553
1710810 553
1710820 552
1710830 552
1710840 551
1710850 551
1710860 550
1710870 549
1710880 549
1710890 548
1710900 548
1710910 547
1710920 546
1710930 546
1710940 545
1710950 544
1710960 544
1710970 543
1710980 542
1710990 542
1711000 542
1711010 541
1711020 541
1711030 540
1711040 539
1711050 538
1711060 538
1711070 538
1711080 538
1711090 538
1711100 538
1711110 538
1711120 538
1711130 538
1711140 538
1711150 538
1711160 538
1711170 538
1711180 538
1711190 538
1711200 538
1711210 538
1711220 538
1711230 538
1711240 538
1711250 538
1711260 538
1711270 538
1711280 539
1711290 539
1711300 539
1711310 539
1711320 539
1711330 540
1711340 540
1711350 540
1711360 540
1711370 540
1711380 540
1711390 540
1711400 539
1711410 539
1711420 539
1711430 539
1711440 539
1711450 538
1711460 538
1711470 537
1711480 537
1711490 537
1711500 537
1711510 537
1711520 537
1711530 537
1711540 537
1711550 537
1711560 537
1711570 537
1711580 537
1711590 537
1711600 538
1711610 538
1711620 538
1711630 539
1711640 539
1711650 540
1711660 540
1711670 541
1711680 541
1711690 542
1711700 542
1711710 543
1711720 543
1711730 544
1711740 544
1711750 545
1711760 545
1711770 545
1711780 546
1711790 546
1711800 546
1711810 546
1711820 546
1711830 546
1711840 547
1711850 547
1711860 547
1711870 547
1711880 547
1711890 546
1711900 546
1711910 546
1711920 546
1711930 546
1711940 546
1711950 546
1711960 545
1711970 545
1711980 545
1711990 544
1712000 544
1712010 543
1712020 543
1712030 542
1712040 541
1712050 541
1712060 540
1712070 540
1712080 540
1712090 540
1712100 541
1712110 541
1712120 542
1712130 543
1712140 543
1712150 544
1712160 544
1712170 545
1712180 546
1712190 546
1712200 547
1712210 548
1712220 548
1712230 549
1712240 550
1712250 551
1712260 551
1712270 552
1712280 553
1712290 553
1712300 554
1712310 554
1712320 554
1712330 554
1712340 554
1712350 554
1712360 554
1712370 554
1712380 554
1712390 553
1712400 553
1712410 553
1712420 552
1712430 551
1712440 550
1712450 549
1712460 547
1712470 546
1712480 547
1712490 549
1712500 551
1712510 553
1712520 555
1712530 557
1712540 558
1712550 559
1712560 559
1712570 560
1712580 560
1712590 561
1712600 561
1712610 561
1712620 562
1712630 562
1712640 562
1712650 563
1712660 563
1712670 563
1712680 563
1712690 563
1712700 564
1712710 564
1712720 564
1712730 564
1712740 564
1712750 564
1712760 563
1712770 563
1712780 562
1712790 562
1712800 562
1712810 561
1712820 561
1712830 561
1712840 561
1712850 561
1712860 560
1712870 560
1712880 559
1712890 559
1712900 559
1712910 558
1712920 558
1712930 558
1712940 558
1712950 557
1712960 557
1712970 556
1712980 556
1712990 555
1713000 555
1713010 554
1713020 553
1713030 552
1713040 550
1713050 549
1713060 549
1713070 549
1713080 550
1713090 550
1713100 549
1713110 548
1713120 547
1713130 547
1713140 547
1713150 547
1713160 547
1713170 548
1713180 549
1713190 550
1713200 552
1713210 553
1713220 553
1713230 554
1713240 554
1713250 554
1713260 555
1713270 554
1713280 554
1713290 554
1713300 553
1713310 553
1713320 552
1713330 552
1713340 552
1713350 551
1713360 551
1713370 551
1713380 550
1713390 550
1713400 550
1713410 550
1713420 550
1713430 549
1713440 548
1713450 548
1713460 547
1713470 547
1713480 546
1713490 546
1713500 546
1713510 545
1713520 545
1713530 544
1713540 543
1713550 543
1713560 542
1713570 542
1713580 542
1713590 542
1713600 541
1713610 541
1713620 541
1713630 541
1713640 542
1713650 542
1713660 542
1713670 542
1713680 542
1713690 541
1713700 541
1713710 541
1713720 541
1713730 541
1713740 541
1713750 541
1713760 541
1713770 541
1713780 541
1713790 541
1713800 541
1713810 541
1713820 540
1713830 540
1713840 540
1713850 540
1713860 540
1713870 540
1713880 540
1713890 539
1713900 539
1713910 539
1713920 539
1713930 539
1713940 539
1713950 539
1713960 540
1713970 540
1713980 540
1713990 540
1714000 540
1714010 540
1714020 540
1714030 541
1714040 541
1714050 541
1714060 541
1714070 541
1714080 541
1714090 541
1714100 541
1714110 542
1714120 542
1714130 542
1714140 542
1714150 542
1714160 542
1714170 542
1714180 542
1714190 542
1714200 542
1714210 542
1714220 542
1714230 543
1714240 543
1714250 543
1714260 543
1714270 543
1714280 543
1714290 543
1714300 543
1714310 543
1714320 543
1714330 543
1714340 544
1714350 544
1714360 544
1714370 544
1714380 544
1714390 544
1714400 544
1714410 544
1714420 544
1714430 544
1714440 544
1714450 544
1714460 544
1714470 544
1714480 544
1714490 544
1714500 544
1714510 544
1714520 544
1714530 544
1714540 544
1714550 544
1714560 544
1714570 544
1714580 544
1714590 544
1714600 544
1714610 544
1714620 544
1714630 544
1714640 544
1714650 544
1714660 544
1714670 544
1714680 544
1714690 544
1714700 544
1714710 544
1714720 544
1714730 544
1714740 544
1714750 544
1714760 544
1714770 543
1714780 544
1714790 544
1714800 544
1714810 544
1714820 544
1714830 545
1714840 545
1714850 545
1714860 545
1714870 546
1714880 546
1714890 546
1714900 547
1714910 547
1714920 547
1714930 547
1714940 548
1714950 548
1714960 548
1714970 548
1714980 548
1714990 549
1715000 549
1715010 549
1715020 549
1715030 549
1715040 550
1715050 550
1715060 550
1715070 550
1715080 551
1715090 551
1715100 551
1715110 551
1715120 551
1715130 552
1715140 552
1715150 552
1715160 552
1715170 552
1715180 552
1715190 552
1715200 552
1715210 552
1715220 552
1715230 553
1715240 553
1715250 553
1715260 553
1715270 552
1715280 552
1715290 552
1715300 552
1715310 552
1715320 552
1715330 552
1715340 552
1715350 552
1715360 551
1715370 551
1715380 551
1715390 551
1715400 551
1715410 551
1715420 551
1715430 551
1715440 551
1715450 551
1715460 550
1715470 550
1715480 550
1715490 550
1715500 550
1715510 550
1715520 550
1715530 550
1715540 550
1715550 550
1715560 549
1715570 549
1715580 549
1715590 549
1715600 549
1715610 548
1715620 548
1715630 548
1715640 548
1715650 547
1715660 547
1715670 547
1715680 547
1715690 546
1715700 546
1715710 546
1715720 545
1715730 545
1715740 545
1715750 544
1715760 544
1715770 544
1715780 543
1715790 543
1715800 543
1715810 542
1715820 542
1715830 541
1715840 541
1715850 541
1715860 540
1715870 540
1715880 539
1715890 539
1715900 539
1715910 538
1715920 538
1715930 538
1715940 537
1715950 537
1715960 536
1715970 536
1715980 536
1715990 535
1716000 535
1716010 534
1716020 534
1716030 534
1716040 533
1716050 533
1716060 533
1716070 532
1716080 532
1716090 531
1716100 531
1716110 531
1716120 530
1716130 530
1716140 529
1716150 529
1716160 528
1716170 527
1716180 527
1716190 526
1716200 526
1716210 525
1716220 525
1716230 524
1716240 524
1716250 523
1716260 523
1716270 523
1716280 522
1716290 521
1716300 521
1716310 521
1716320 520
1716330 519
1716340 518
1716350 517
1716360 516
1716370 514
1716380 512
1716390 511
1716400 510
1716410 508
1716420 506
1716430 505
1716440 505
1716450 505
1716460 505
1716470 506
1716480 506
1716490 507
1716500 508
1716510 509
1716520 511
1716530 513
1716540 514
1716550 514
1716560 514
1716570 515
1716580 515
1716590 515
1716600 515
1716610 515
1716620 514
1716630 513
1716640 514
1716650 515
1716660 515
1716670 515
1716680 515
1716690 514
1716700 514
1716710 514
1716720 513
1716730 513
1716740 512
1716750 512
1716760 511
1716770 511
1716780 511
1716790 510
1716800 509
1716810 508
1716820 507
1716830 506
1716840 505
1716850 504
1716860 504
1716870 505
1716880 506
1716890 507
1716900 509
1716910 509
1716920 510
1716930 511
1716940 512
1716950 512
1716960 513
1716970 513
1716980 513
1716990 513
1717000 514
1717010 514
1717020 514
1717030 514
1717040 514
1717050 514
1717060 514
1717070 514
1717080 514
1717090 514
1717100 513
1717110 513
1717120 513
1717130 512
1717140 512
1717150 511
1717160 511
1717170 510
1717180 510
1717190 509
1717200 508
1717210 508
1717220 507
1717230 506
1717240 506
1717250 505
1717260 504
1717270 504
1717280 503
1717290 502
1717300 502
1717310 502
1717320 502
1717330 503
1717340 503
1717350 503
1717360 503
1717370 503
1717380 503
1717390 502
1717400 502
1717410 502
1717420 502
1717430 502
1717440 502
1717450 502
1717460 501
1717470 501
1717480 501
1717490 501
1717500 501
1717510 501
1717520 500
1717530 500
1717540 500
1717550 500
1717560 500
1717570 500
1717580 500
1717590 500
1717600 500
1717610 500
1717620 500
1717630 500
1717640 500
1717650 500
1717660 500
1717670 500
1717680 500
1717690 500
1717700 500
1717710 500
1717720 500
1717730 500
1717740 500
1717750 500
1717760 501
1717770 501
1717780 502
1717790 502
1717800 502
1717810 502
1717820 501
1717830 501
1717840 501
1717850 500
1717860 500
1717870 499
1717880 499
1717890 498
1717900 498
1717910 497
1717920 496
1717930 496
1717940 495
1717950 494
1717960 493
1717970 492
1717980 490
1717990 488
1718000 485
1718010 483
1718020 480
1718030 477
1718040 474
1718050 472
1718060 469
1718070 467
1718080 464
1718090 462
1718100 460
1718110 458
1718120 456
1718130 454
1718140 453
1718150 451
1718160 449
1718170 447
1718180 444
1718190 441
1718200 438
1718210 436
1718220 435
1718230 434
1718240 434
1718250 435
1718260 436
1718270 436
1718280 436
1718290 437
1718300 437
1718310 438
1718320 440
1718330 443
1718340 447
1718350 452
1718360 457
1718370 462
1718380 467
1718390 471
1718400 476
1718410 480
1718420 484
1718430 488
1718440 492
1718450 495
1718460 498
1718470 501
1718480 502
1718490 503
1718500 503
1718510 504
1718520 505
1718530 505
1718540 505
1718550 506
1718560 506
1718570 506
1718580 506
1718590 505
1718600 505
1718610 505
1718620 504
1718630 504
1718640 504
1718650 503
1718660 503
1718670 502
1718680 502
1718690 502
1718700 501
1718710 500
1718720 500
1718730 499
1718740 499
1718750 499
1718760 498
1718770 497
1718780 496
1718790 495
1718800 495
1718810 494
1718820 493
1718830 492
1718840 492
1718850 491
1718860 489
1718870 488
1718880 486
1718890 484
1718900 482
1718910 481
1718920 479
1718930 478
1718940 477
1718950 478
1718960 480
1718970 483
1718980 483
1718990 485
1719000 487
1719010 488
1719020 490
1719030 491
1719040 493
1719050 494
1719060 495
1719070 496
1719080 496
1719090 497
1719100 497
1719110 497
1719120 497
1719130 497
1719140 497
1719150 497
1719160 496
1719170 496
1719180 496
1719190 495
1719200 495
1719210 495
1719220 495
1719230 495
1719240 494
1719250 494
1719260 494
1719270 494
1719280 494
1719290 494
1719300 494
1719310 493
1719320 493
1719330 493
1719340 493
1719350 493
1719360 493
1719370 493
1719380 493
1719390 493
1719400 492
1719410 492
1719420 492
1719430 491
1719440 491
1719450 491
1719460 490
1719470 490
1719480 489
1719490 489
1719500 488
1719510 488
1719520 488
1719530 487
1719540 487
1719550 486
1719560 485
1719570 485
1719580 484
1719590 483
1719600 483
1719610 482
1719620 481
1719630 481
1719640 480
1719650 479
1719660 478
1719670 476
1719680 475
1719690 473
1719700 471
1719710 470
1719720 468
1719730 467
1719740 465
1719750 463
1719760 461
1719770 459
1719780 458
1719790 456
1719800 455
1719810 454
1719820 453
1719830 452
1719840 450
1719850 449
1719860 447
1719870 445
1719880 443
1719890 442
1719900 441
1719910 441
1719920 440
1719930 439
1719940 437
1719950 435
1719960 433
1719970 432
1719980 430
1719990 432
