1700000 494
1700010 494
1700020 494
1700030 494
1700040 495
1700050 495
1700060 495
1700070 495
1700080 495
1700090 496
1700100 496
1700110 497
1700120 498
1700130 499
1700140 500
1700150 500
1700160 501
1700170 502
1700180 502
1700190 503
1700200 503
1700210 503
1700220 503
1700230 502
1700240 500
1700250 497
1700260 495
1700270 494
1700280 494
1700290 496
1700300 498
1700310 500
1700320 502
1700330 505
1700340 508
1700350 510
1700360 512
1700370 514
1700380 515
1700390 516
1700400 517
1700410 518
1700420 519
1700430 520
1700440 521
1700450 521
1700460 522
1700470 523
1700480 523
1700490 524
1700500 524
1700510 525
1700520 525
1700530 526
1700540 526
1700550 527
1700560 527
1700570 528
1700580 529
1700590 530
1700600 530
1700610 530
1700620 530
1700630 530
1700640 530
1700650 530
1700660 531
1700670 531
1700680 531
1700690 531
1700700 531
1700710 531
1700720 531
1700730 530
1700740 530
1700750 530
1700760 529
1700770 529
1700780 529
1700790 529
1700800 529
1700810 529
1700820 529
1700830 529
1700840 529
1700850 528
1700860 528
1700870 528
1700880 528
1700890 527
1700900 527
1700910 527
1700920 527
1700930 527
1700940 527
1700950 527
1700960 527
1700970 527
1700980 527
1700990 526
1701000 526
1701010 526
1701020 526
1701030 525
1701040 525
1701050 525
1701060 525
1701070 525
1701080 524
1701090 524
1701100 524
1701110 524
1701120 524
1701130 524
1701140 524
1701150 524
1701160 524
1701170 524
1701180 523
1701190 523
1701200 523
1701210 523
1701220 523
1701230 523
1701240 524
1701250 524
1701260 524
1701270 524
1701280 524
1701290 524
1701300 524
1701310 524
1701320 524
1701330 524
1701340 524
1701350 524
1701360 524
1701370 524
1701380 524
1701390 525
1701400 525
1701410 525
1701420 525
1701430 525
1701440 525
1701450 525
1701460 525
1701470 525
1701480 525
1701490 526
1701500 526
1701510 526
1701520 526
1701530 526
1701540 526
1701550 526
1701560 526
1701570 526
1701580 526
1701590 526
1701600 526
1701610 526
1701620 526
1701630 526
1701640 527
1701650 527
1701660 527
1701670 527
1701680 527
1701690 528
1701700 528
1701710 528
1701720 528
1701730 529
1701740 529
1701750 529
1701760 529
1701770 530
1701780 530
1701790 530
1701800 530
1701810 531
1701820 531
1701830 531
1701840 531
1701850 532
1701860 533
1701870 533
1701880 534
1701890 534
1701900 534
1701910 534
1701920 534
1701930 534
1701940 534
1701950 534
1701960 533
1701970 533
1701980 533
1701990 533
1702000 533
1702010 533
1702020 533
1702030 532
1702040 532
1702050 532
1702060 532
1702070 532
1702080 532
1702090 532
1702100 532
1702110 531
1702120 531
1702130 531
1702140 531
1702150 531
1702160 531
1702170 531
1702180 531
1702190 531
1702200 531
1702210 531
1702220 530
1702230 530
1702240 530
1702250 530
1702260 530
1702270 530
1702280 530
1702290 530
1702300 530
1702310 529
1702320 529
1702330 529
1702340 529
1702350 529
1702360 529
1702370 529
1702380 529
1702390 529
1702400 529
1702410 529
1702420 529
1702430 529
1702440 530
1702450 530
1702460 531
1702470 532
1702480 532
1702490 533
1702500 533
1702510 533
1702520 534
1702530 534
1702540 534
1702550 535
1702560 535
1702570 536
1702580 536
1702590 536
1702600 536
1702610 536
1702620 536
1702630 535
1702640 535
1702650 535
1702660 535
1702670 534
1702680 534
1702690 533
1702700 533
1702710 533
1702720 532
1702730 532
1702740 532
1702750 532
1702760 532
1702770 532
1702780 532
1702790 531
1702800 532
1702810 531
1702820 531
1702830 531
1702840 531
1702850 531
1702860 530
1702870 530
1702880 530
1702890 530
1702900 530
1702910 530
1702920 530
1702930 529
1702940 529
1702950 529
1702960 529
1702970 529
1702980 529
1702990 529
1703000 529
1703010 529
1703020 529
1703030 528
1703040 528
1703050 528
1703060 528
1703070 528
1703080 528
1703090 528
1703100 528
1703110 528
1703120 528
1703130 528
1703140 528
1703150 528
1703160 527
1703170 527
1703180 527
1703190 527
1703200 527
1703210 527
1703220 527
1703230 526
1703240 526
1703250 526
1703260 526
1703270 526
1703280 526
1703290 526
1703300 526
1703310 526
1703320 526
1703330 526
1703340 526
1703350 525
1703360 525
1703370 525
1703380 524
1703390 524
1703400 523
1703410 522
1703420 521
1703430 521
1703440 520
1703450 520
1703460 519
1703470 518
1703480 518
1703490 517
1703500 517
1703510 517
1703520 517
1703530 517
1703540 517
1703550 517
1703560 518
1703570 519
1703580 520
1703590 521
1703600 521
1703610 522
1703620 522
1703630 523
1703640 523
1703650 524
1703660 524
1703670 525
1703680 525
1703690 525
1703700 526
1703710 526
1703720 526
1703730 526
1703740 526
1703750 526
1703760 526
1703770 526
1703780 526
1703790 526
1703800 526
1703810 526
1703820 526
1703830 526
1703840 526
1703850 526
1703860 525
1703870 525
1703880 525
1703890 525
1703900 525
1703910 525
1703920 525
1703930 525
1703940 524
1703950 524
1703960 524
1703970 524
1703980 524
1703990 524
1704000 523
1704010 522
1704020 522
1704030 521
1704040 521
1704050 521
1704060 521
1704070 520
1704080 520
1704090 520
1704100 520
1704110 520
1704120 520
1704130 520
1704140 520
1704150 520
1704160 520
1704170 519
1704180 519
1704190 519
1704200 519
1704210 519
1704220 519
1704230 519
1704240 518
1704250 518
1704260 518
1704270 518
1704280 518
1704290 518
1704300 518
1704310 518
1704320 518
1704330 518
1704340 518
1704350 518
1704360 519
1704370 519
1704380 520
1704390 520
1704400 520
1704410 521
1704420 521
1704430 522
1704440 522
1704450 522
1704460 522
1704470 522
1704480 522
1704490 522
1704500 522
1704510 522
1704520 522
1704530 523
1704540 523
1704550 524
1704560 524
1704570 525
1704580 525
1704590 525
1704600 526
1704610 526
1704620 526
1704630 527
1704640 527
1704650 528
1704660 528
1704670 529
1704680 530
1704690 532
1704700 533
1704710 533
1704720 534
1704730 535
1704740 535
1704750 536
1704760 536
1704770 537
1704780 537
1704790 538
1704800 538
1704810 539
1704820 539
1704830 540
1704840 540
1704850 541
1704860 541
1704870 541
1704880 542
1704890 542
1704900 543
1704910 543
1704920 543
1704930 544
1704940 544
1704950 545
1704960 545
1704970 545
1704980 546
1704990 546
1705000 546
1705010 546
1705020 546
1705030 546
1705040 547
1705050 547
1705060 547
1705070 548
1705080 548
1705090 548
1705100 548
1705110 549
1705120 549
1705130 549
1705140 550
1705150 550
1705160 550
1705170 550
1705180 550
1705190 550
1705200 551
1705210 551
1705220 551
1705230 551
1705240 551
1705250 551
1705260 551
1705270 551
1705280 551
1705290 551
1705300 551
1705310 551
1705320 551
1705330 551
1705340 551
1705350 551
1705360 551
1705370 551
1705380 551
1705390 552
1705400 552
1705410 552
1705420 552
1705430 552
1705440 552
1705450 552
1705460 553
1705470 553
1705480 553
1705490 553
1705500 553
1705510 553
1705520 554
1705530 554
1705540 554
1705550 554
1705560 555
1705570 555
1705580 555
1705590 555
1705600 556
1705610 556
1705620 556
1705630 557
1705640 557
1705650 558
1705660 558
1705670 558
1705680 559
1705690 559
1705700 559
1705710 559
1705720 560
1705730 560
1705740 560
1705750 560
1705760 560
1705770 560
1705780 560
1705790 560
1705800 561
1705810 561
1705820 561
1705830 562
1705840 562
1705850 562
1705860 562
1705870 563
1705880 563
1705890 563
1705900 563
1705910 563
1705920 563
1705930 563
1705940 563
1705950 563
1705960 563
1705970 563
1705980 563
1705990 563
1706000 563
1706010 563
1706020 563
1706030 563
1706040 563
1706050 562
1706060 562
1706070 562
1706080 562
1706090 562
1706100 561
1706110 561
1706120 561
1706130 561
1706140 561
1706150 561
1706160 561
1706170 560
1706180 560
1706190 560
1706200 560
1706210 560
1706220 559
1706230 559
1706240 559
1706250 559
1706260 559
1706270 559
1706280 559
1706290 558
1706300 558
1706310 558
1706320 558
1706330 558
1706340 558
1706350 557
1706360 557
1706370 557
1706380 557
1706390 557
1706400 557
1706410 557
1706420 556
1706430 556
1706440 556
1706450 556
1706460 556
1706470 556
1706480 555
1706490 555
1706500 555
1706510 555
1706520 555
1706530 555
1706540 555
1706550 555
1706560 554
1706570 554
1706580 554
1706590 554
1706600 554
1706610 554
1706620 554
1706630 554
1706640 553
1706650 553
1706660 553
1706670 553
1706680 553
1706690 552
1706700 552
1706710 552
1706720 552
1706730 552
1706740 551
1706750 551
1706760 551
1706770 550
1706780 550
1706790 550
1706800 550
1706810 551
1706820 551
1706830 551
1706840 551
1706850 551
1706860 552
1706870 552
1706880 553
1706890 554
1706900 555
1706910 556
1706920 557
1706930 558
1706940 558
1706950 559
1706960 559
1706970 559
1706980 560
1706990 560
1707000 561
1707010 561
1707020 562
1707030 562
1707040 562
1707050 562
1707060 562
1707070 563
1707080 563
1707090 563
1707100 564
1707110 565
1707120 565
1707130 566
1707140 566
1707150 567
1707160 568
1707170 568
1707180 569
1707190 570
1707200 570
1707210 571
1707220 572
1707230 573
1707240 573
1707250 574
1707260 574
1707270 575
1707280 575
1707290 576
1707300 576
1707310 576
1707320 576
1707330 576
1707340 576
1707350 576
1707360 576
1707370 575
1707380 575
1707390 575
1707400 575
1707410 574
1707420 574
1707430 574
1707440 573
1707450 573
1707460 573
1707470 572
1707480 572
1707490 572
1707500 571
1707510 571
1707520 571
1707530 570
1707540 570
1707550 569
1707560 569
1707570 568
1707580 568
1707590 567
1707600 567
1707610 566
1707620 566
1707630 565
1707640 564
1707650 564
1707660 563
1707670 563
1707680 562
1707690 561
1707700 561
1707710 560
1707720 560
1707730 559
1707740 559
1707750 558
1707760 557
1707770 557
1707780 556
1707790 556
1707800 555
1707810 555
1707820 554
1707830 553
1707840 553
1707850 552
1707860 551
1707870 551
1707880 550
1707890 549
1707900 549
1707910 548
1707920 548
1707930 547
1707940 547
1707950 546
1707960 545
1707970 545
1707980 544
1707990 544
1708000 543
1708010 543
1708020 542
1708030 541
1708040 539
1708050 537
1708060 536
1708070 536
1708080 536
1708090 536
1708100 536
1708110 536
1708120 535
1708130 535
1708140 535
1708150 535
1708160 535
1708170 537
1708180 539
1708190 540
1708200 540
1708210 540
1708220 541
1708230 541
1708240 542
1708250 542
1708260 542
1708270 543
1708280 543
1708290 542
1708300 542
1708310 542
1708320 541
1708330 541
1708340 541
1708350 541
1708360 542
1708370 542
1708380 542
1708390 542
1708400 542
1708410 541
1708420 541
1708430 540
1708440 539
1708450 539
1708460 538
1708470 538
1708480 538
1708490 539
1708500 541
1708510 543
1708520 545
1708530 547
1708540 549
1708550 551
1708560 552
1708570 553
1708580 553
1708590 553
1708600 553
1708610 553
1708620 554
1708630 554
1708640 554
1708650 554
1708660 554
1708670 554
1708680 554
1708690 554
1708700 555
1708710 555
1708720 556
1708730 556
1708740 556
1708750 556
1708760 557
1708770 557
1708780 557
1708790 558
1708800 558
1708810 558
1708820 559
1708830 559
1708840 559
1708850 560
1708860 560
1708870 560
1708880 561
1708890 561
1708900 561
1708910 562
1708920 562
1708930 563
1708940 563
1708950 563
1708960 564
1708970 564
1708980 564
1708990 564
1709000 564
1709010 563
1709020 563
1709030 563
1709040 563
1709050 563
1709060 563
1709070 563
1709080 563
1709090 563
1709100 563
1709110 563
1709120 564
1709130 564
1709140 564
1709150 564
1709160 564
1709170 564
1709180 564
1709190 564
1709200 565
1709210 565
1709220 565
1709230 565
1709240 565
1709250 566
1709260 566
1709270 566
1709280 566
1709290 567
1709300 567
1709310 567
1709320 567
1709330 568
1709340 568
1709350 568
1709360 568
1709370 569
1709380 569
1709390 569
1709400 569
1709410 569
1709420 569
1709430 570
1709440 570
1709450 570
1709460 570
1709470 571
1709480 571
1709490 571
1709500 571
1709510 571
1709520 571
1709530 572
1709540 572
1709550 572
1709560 572
1709570 573
1709580 573
1709590 573
1709600 574
1709610 574
1709620 575
1709630 575
1709640 575
1709650 576
1709660 576
1709670 577
1709680 578
1709690 579
1709700 579
1709710 578
1709720 578
1709730 578
1709740 577
1709750 577
1709760 577
1709770 578
1709780 578
1709790 578
1709800 578
1709810 577
1709820 577
1709830 577
1709840 577
1709850 576
1709860 575
1709870 575
1709880 575
1709890 575
1709900 575
1709910 574
1709920 573
1709930 572
1709940 572
1709950 571
1709960 570
1709970 570
1709980 569
1709990 569
1710000 568
1710010 568
1710020 567
1710030 567
1710040 566
1710050 566
1710060 566
1710070 565
1710080 565
1710090 565
1710100 564
1710110 564
1710120 564
1710130 563
1710140 563
1710150 563
1710160 562
1710170 562
1710180 562
1710190 561
1710200 561
1710210 561
1710220 560
1710230 560
1710240 559
1710250 559
1710260 558
1710270 557
1710280 556
1710290 556
1710300 554
1710310 553
1710320 553
1710330 552
1710340 551
1710350 551
1710360 552
1710370 554
1710380 554
1710390 555
1710400 556
1710410 557
1710420 558
1710430 559
1710440 559
1710450 558
1710460 558
1710470 558
1710480 558
1710490 558
1710500 557
1710510 557
1710520 557
1710530 556
1710540 556
1710550 556
1710560 556
1710570 556
1710580 555
1710590 555
1710600 555
1710610 555
1710620 555
1710630 555
1710640 554
1710650 554
1710660 554
1710670 554
1710680 554
1710690 554
1710700 554
1710710 554
1710720 554
1710730 553
1710740 553
1710750 553
1710760 553
1710770 553
1710780 552
1710790 552
1710800 552
1710810 552
1710820 551
1710830 551
1710840 551
1710850 550
1710860 550
1710870 550
1710880 549
1710890 549
1710900 549
1710910 548
1710920 548
1710930 547
1710940 547
1710950 546
1710960 546
1710970 545
1710980 545
1710990 544
1711000 544
1711010 543
1711020 543
1711030 542
1711040 542
1711050 541
1711060 540
1711070 540
1711080 539
1711090 539
1711100 538
1711110 537
1711120 537
1711130 536
1711140 536
1711150 536
1711160 535
1711170 535
1711180 535
1711190 534
1711200 534
1711210 534
1711220 534
1711230 534
1711240 533
1711250 533
1711260 533
1711270 533
1711280 533
1711290 533
1711300 533
1711310 533
1711320 533
1711330 533
1711340 533
1711350 533
1711360 533
1711370 533
1711380 533
1711390 533
1711400 533
1711410 532
1711420 532
1711430 532
1711440 532
1711450 532
1711460 532
1711470 532
1711480 532
1711490 532
1711500 532
1711510 532
1711520 532
1711530 532
1711540 532
1711550 532
1711560 533
1711570 533
1711580 534
1711590 534
1711600 534
1711610 535
1711620 535
1711630 535
1711640 536
1711650 536
1711660 536
1711670 537
1711680 537
1711690 538
1711700 538
1711710 539
1711720 539
1711730 539
1711740 539
1711750 540
1711760 540
1711770 540
1711780 541
1711790 541
1711800 542
1711810 542
1711820 542
1711830 542
1711840 542
1711850 542
1711860 542
1711870 542
1711880 542
1711890 542
1711900 542
1711910 542
1711920 542
1711930 542
1711940 542
1711950 542
1711960 542
1711970 542
1711980 542
1711990 542
1712000 542
1712010 542
1712020 541
1712030 541
1712040 541
1712050 540
1712060 540
1712070 540
1712080 539
1712090 539
1712100 539
1712110 538
1712120 538
1712130 537
1712140 537
1712150 536
1712160 535
1712170 535
1712180 535
1712190 535
1712200 535
1712210 536
1712220 536
1712230 536
1712240 537
1712250 537
1712260 538
1712270 538
1712280 538
1712290 539
1712300 540
1712310 540
1712320 541
1712330 543
1712340 544
1712350 545
1712360 546
1712370 547
1712380 547
1712390 547
1712400 547
1712410 546
1712420 546
1712430 546
1712440 545
1712450 543
1712460 541
1712470 539
1712480 540
1712490 540
1712500 540
1712510 541
1712520 542
1712530 543
1712540 544
1712550 545
1712560 545
1712570 546
1712580 546
1712590 546
1712600 547
1712610 547
1712620 548
1712630 548
1712640 548
1712650 548
1712660 548
1712670 548
1712680 548
1712690 548
1712700 548
1712710 548
1712720 548
1712730 548
1712740 548
1712750 549
1712760 549
1712770 549
1712780 549
1712790 549
1712800 549
1712810 548
1712820 548
1712830 548
1712840 548
1712850 548
1712860 548
1712870 548
1712880 548
1712890 548
1712900 548
1712910 548
1712920 547
1712930 545
1712940 544
1712950 543
1712960 544
1712970 545
1712980 545
1712990 546
1713000 545
1713010 545
1713020 545
1713030 544
1713040 544
1713050 544
1713060 543
1713070 543
1713080 542
1713090 542
1713100 542
1713110 541
1713120 541
1713130 541
1713140 540
1713150 540
1713160 540
1713170 539
1713180 539
1713190 539
1713200 539
1713210 539
1713220 540
1713230 540
1713240 540
1713250 540
1713260 540
1713270 540
1713280 540
1713290 540
1713300 540
1713310 541
1713320 541
1713330 540
1713340 540
1713350 540
1713360 540
1713370 540
1713380 540
1713390 540
1713400 540
1713410 540
1713420 540
1713430 540
1713440 540
1713450 540
1713460 540
1713470 540
1713480 540
1713490 540
1713500 539
1713510 539
1713520 539
1713530 539
1713540 539
1713550 539
1713560 539
1713570 539
1713580 539
1713590 539
1713600 538
1713610 537
1713620 536
1713630 536
1713640 535
1713650 535
1713660 536
1713670 536
1713680 536
1713690 536
1713700 536
1713710 536
1713720 536
1713730 535
1713740 535
1713750 535
1713760 535
1713770 535
1713780 535
1713790 535
1713800 535
1713810 535
1713820 535
1713830 535
1713840 534
1713850 534
1713860 534
1713870 534
1713880 534
1713890 534
1713900 534
1713910 534
1713920 534
1713930 534
1713940 534
1713950 535
1713960 535
1713970 535
1713980 535
1713990 535
1714000 535
1714010 536
1714020 536
1714030 536
1714040 536
1714050 537
1714060 537
1714070 537
1714080 537
1714090 537
1714100 537
1714110 537
1714120 538
1714130 538
1714140 538
1714150 538
1714160 538
1714170 538
1714180 538
1714190 538
1714200 538
1714210 538
1714220 538
1714230 538
1714240 538
1714250 538
1714260 538
1714270 538
1714280 539
1714290 539
1714300 539
1714310 539
1714320 540
1714330 540
1714340 540
1714350 540
1714360 540
1714370 540
1714380 540
1714390 540
1714400 540
1714410 540
1714420 540
1714430 540
1714440 540
1714450 540
1714460 540
1714470 540
1714480 541
1714490 541
1714500 541
1714510 541
1714520 541
1714530 541
1714540 541
1714550 541
1714560 541
1714570 541
1714580 541
1714590 541
1714600 542
1714610 542
1714620 542
1714630 542
1714640 542
1714650 542
1714660 542
1714670 542
1714680 542
1714690 542
1714700 542
1714710 542
1714720 542
1714730 542
1714740 542
1714750 542
1714760 541
1714770 541
1714780 542
1714790 542
1714800 542
1714810 543
1714820 543
1714830 543
1714840 543
1714850 544
1714860 544
1714870 544
1714880 544
1714890 545
1714900 545
1714910 545
1714920 545
1714930 546
1714940 546
1714950 546
1714960 546
1714970 547
1714980 547
1714990 547
1715000 547
1715010 548
1715020 548
1715030 548
1715040 548
1715050 548
1715060 549
1715070 549
1715080 549
1715090 549
1715100 549
1715110 550
1715120 550
1715130 550
1715140 550
1715150 550
1715160 550
1715170 550
1715180 551
1715190 551
1715200 551
1715210 551
1715220 551
1715230 551
1715240 550
1715250 550
1715260 550
1715270 550
1715280 550
1715290 550
1715300 550
1715310 550
1715320 549
1715330 549
1715340 549
1715350 548
1715360 548
1715370 548
1715380 548
1715390 548
1715400 548
1715410 548
1715420 548
1715430 548
1715440 548
1715450 548
1715460 548
1715470 548
1715480 547
1715490 547
1715500 547
1715510 547
1715520 547
1715530 546
1715540 546
1715550 546
1715560 546
1715570 546
1715580 545
1715590 545
1715600 545
1715610 545
1715620 545
1715630 544
1715640 544
1715650 544
1715660 543
1715670 543
1715680 543
1715690 543
1715700 543
1715710 542
1715720 542
1715730 542
1715740 541
1715750 541
1715760 541
1715770 540
1715780 540
1715790 540
1715800 539
1715810 539
1715820 539
1715830 538
1715840 538
1715850 537
1715860 537
1715870 537
1715880 536
1715890 536
1715900 535
1715910 535
1715920 534
1715930 533
1715940 532
1715950 532
1715960 531
1715970 530
1715980 529
1715990 528
1716000 528
1716010 527
1716020 526
1716030 525
1716040 525
1716050 524
1716060 523
1716070 523
1716080 522
1716090 521
1716100 521
1716110 520
1716120 520
1716130 519
1716140 519
1716150 518
1716160 518
1716170 517
1716180 517
1716190 516
1716200 516
1716210 515
1716220 515
1716230 514
1716240 514
1716250 513
1716260 512
1716270 511
1716280 511
1716290 510
1716300 509
1716310 509
1716320 509
1716330 509
1716340 509
1716350 508
1716360 508
1716370 508
1716380 507
1716390 507
1716400 506
1716410 506
1716420 505
1716430 504
1716440 504
1716450 503
1716460 503
1716470 502
1716480 502
1716490 502
1716500 501
1716510 501
1716520 501
1716530 501
1716540 501
1716550 501
1716560 501
1716570 501
1716580 502
1716590 502
1716600 502
1716610 503
1716620 504
1716630 504
1716640 505
1716650 505
1716660 505
1716670 505
1716680 504
1716690 504
1716700 504
1716710 505
1716720 505
1716730 505
1716740 504
1716750 504
1716760 505
1716770 505
1716780 506
1716790 505
1716800 504
1716810 503
1716820 503
1716830 501
1716840 499
1716850 498
1716860 498
1716870 498
1716880 498
1716890 499
1716900 500
1716910 501
1716920 502
1716930 503
1716940 505
1716950 506
1716960 507
1716970 508
1716980 508
1716990 509
1717000 509
1717010 509
1717020 510
1717030 510
1717040 510
1717050 510
1717060 510
1717070 511
1717080 511
1717090 511
1717100 511
1717110 511
1717120 511
1717130 511
1717140 511
1717150 511
1717160 511
1717170 511
1717180 511
1717190 510
1717200 510
1717210 509
1717220 509
1717230 509
1717240 508
1717250 508
1717260 507
1717270 507
1717280 507
1717290 506
1717300 506
1717310 505
1717320 504
1717330 503
1717340 502
1717350 501
1717360 500
1717370 499
1717380 498
1717390 496
1717400 494
1717410 492
1717420 489
1717430 487
1717440 485
1717450 486
1717460 487
1717470 489
1717480 491
1717490 492
1717500 493
1717510 494
1717520 494
1717530 494
1717540 493
1717550 492
1717560 491
1717570 489
1717580 488
1717590 486
1717600 486
1717610 486
1717620 487
1717630 488
1717640 488
1717650 488
1717660 488
1717670 488
1717680 488
1717690 488
1717700 488
1717710 488
1717720 488
1717730 489
1717740 489
1717750 489
1717760 490
1717770 490
1717780 490
1717790 491
1717800 491
1717810 491
1717820 491
1717830 491
1717840 492
1717850 492
1717860 492
1717870 492
1717880 491
1717890 491
1717900 491
1717910 491
1717920 491
1717930 491
1717940 490
1717950 490
1717960 490
1717970 490
1717980 489
1717990 489
1718000 488
1718010 487
1718020 486
1718030 485
1718040 484
1718050 482
1718060 481
1718070 478
1718080 475
1718090 472
1718100 469
1718110 466
1718120 463
1718130 461
1718140 458
1718150 456
1718160 455
1718170 453
1718180 451
1718190 449
1718200 448
1718210 446
1718220 444
1718230 441
1718240 438
1718250 436
1718260 434
1718270 434
1718280 434
1718290 433
1718300 433
1718310 434
1718320 434
1718330 434
1718340 435
1718350 436
1718360 438
1718370 440
1718380 442
1718390 445
1718400 448
1718410 451
1718420 455
1718430 458
1718440 462
1718450 466
1718460 471
1718470 475
1718480 479
1718490 484
1718500 488
1718510 492
1718520 495
1718530 498
1718540 501
1718550 503
1718560 506
1718570 507
1718580 507
1718590 507
1718600 507
1718610 507
1718620 506
1718630 505
1718640 505
1718650 504
1718660 504
1718670 503
1718680 503
1718690 502
1718700 502
1718710 501
1718720 500
1718730 499
1718740 498
1718750 497
1718760 497
1718770 496
1718780 495
1718790 493
1718800 492
1718810 491
1718820 490
1718830 489
1718840 487
1718850 485
1718860 484
1718870 483
1718880 482
1718890 481
1718900 478
1718910 476
1718920 474
1718930 472
1718940 469
1718950 466
1718960 463
1718970 460
1718980 459
1718990 462
1719000 465
1719010 467
1719020 469
1719030 472
1719040 474
1719050 477
1719060 479
1719070 482
1719080 484
1719090 487
1719100 488
1719110 490
1719120 491
1719130 492
1719140 493
1719150 494
1719160 494
1719170 494
1719180 494
1719190 494
1719200 494
1719210 494
1719220 493
1719230 493
1719240 493
1719250 493
1719260 493
1719270 493
1719280 493
1719290 493
1719300 493
1719310 492
1719320 492
1719330 492
1719340 492
1719350 492
1719360 492
1719370 492
1719380 492
1719390 491
1719400 491
1719410 491
1719420 491
1719430 491
1719440 491
1719450 491
1719460 491
1719470 490
1719480 490
1719490 490
1719500 490
1719510 490
1719520 489
1719530 489
1719540 489
1719550 489
1719560 488
1719570 488
1719580 488
1719590 487
1719600 487
1719610 487
1719620 487
1719630 486
1719640 486
1719650 486
1719660 485
1719670 485
1719680 484
1719690 483
1719700 483
1719710 482
1719720 481
1719730 480
1719740 479
1719750 478
1719760 477
1719770 476
1719780 475
1719790 474
1719800 473
1719810 472
1719820 470
1719830 468
1719840 467
1719850 464
1719860 462
1719870 459
1719880 457
1719890 454
1719900 451
1719910 449
1719920 447
1719930 445
1719940 443
1719950 441
1719960 440
1719970 439
1719980 438
1719990 437
