1700000 527
1700010 527
1700020 527
1700030 526
1700040 526
1700050 526
1700060 526
1700070 526
1700080 526
1700090 526
1700100 526
1700110 526
1700120 526
1700130 526
1700140 526
1700150 526
1700160 527
1700170 527
1700180 527
1700190 527
1700200 526
1700210 526
1700220 525
1700230 523
1700240 521
1700250 519
1700260 517
1700270 515
1700280 515
1700290 514
1700300 514
1700310 513
1700320 511
1700330 510
1700340 510
1700350 511
1700360 512
1700370 514
1700380 516
1700390 518
1700400 520
1700410 522
1700420 524
1700430 526
1700440 527
1700450 528
1700460 528
1700470 528
1700480 528
1700490 529
1700500 529
1700510 529
1700520 529
1700530 529
1700540 529
1700550 530
1700560 530
1700570 530
1700580 530
1700590 530
1700600 530
1700610 531
1700620 531
1700630 530
1700640 530
1700650 530
1700660 530
1700670 530
1700680 530
1700690 530
1700700 530
1700710 530
1700720 530
1700730 530
1700740 530
1700750 530
1700760 530
1700770 530
1700780 530
1700790 530
1700800 530
1700810 530
1700820 530
1700830 530
1700840 530
1700850 530
1700860 530
1700870 530
1700880 530
1700890 530
1700900 530
1700910 530
1700920 530
1700930 530
1700940 530
1700950 530
1700960 530
1700970 530
1700980 530
1700990 531
1701000 531
1701010 531
1701020 532
1701030 532
1701040 533
1701050 533
1701060 533
1701070 533
1701080 533
1701090 533
1701100 532
1701110 532
1701120 532
1701130 532
1701140 532
1701150 533
1701160 533
1701170 533
1701180 533
1701190 533
1701200 533
1701210 534
1701220 534
1701230 534
1701240 533
1701250 533
1701260 533
1701270 534
1701280 533
1701290 534
1701300 535
1701310 535
1701320 536
1701330 536
1701340 536
1701350 536
1701360 536
1701370 535
1701380 535
1701390 535
1701400 534
1701410 534
1701420 534
1701430 534
1701440 535
1701450 536
1701460 536
1701470 536
1701480 536
1701490 536
1701500 537
1701510 537
1701520 538
1701530 538
1701540 538
1701550 539
1701560 539
1701570 539
1701580 540
1701590 540
1701600 540
1701610 541
1701620 541
1701630 541
1701640 542
1701650 542
1701660 542
1701670 543
1701680 544
1701690 545
1701700 546
1701710 546
1701720 547
1701730 548
1701740 548
1701750 549
1701760 550
1701770 550
1701780 551
1701790 551
1701800 552
1701810 552
1701820 553
1701830 553
1701840 553
1701850 554
1701860 555
1701870 555
1701880 555
1701890 556
1701900 556
1701910 556
1701920 556
1701930 557
1701940 557
1701950 557
1701960 558
1701970 558
1701980 558
1701990 558
1702000 558
1702010 557
1702020 557
1702030 557
1702040 557
1702050 556
1702060 555
1702070 554
1702080 553
1702090 553
1702100 552
1702110 552
1702120 551
1702130 551
1702140 551
1702150 551
1702160 550
1702170 550
1702180 549
1702190 549
1702200 548
1702210 548
1702220 547
1702230 547
1702240 546
1702250 546
1702260 545
1702270 545
1702280 544
1702290 544
1702300 544
1702310 544
1702320 543
1702330 543
1702340 543
1702350 543
1702360 543
1702370 543
1702380 543
1702390 543
1702400 543
1702410 543
1702420 543
1702430 542
1702440 542
1702450 542
1702460 542
1702470 541
1702480 541
1702490 541
1702500 541
1702510 540
1702520 540
1702530 540
1702540 540
1702550 540
1702560 539
1702570 539
1702580 539
1702590 539
1702600 539
1702610 539
1702620 539
1702630 539
1702640 539
1702650 539
1702660 539
1702670 539
1702680 539
1702690 539
1702700 539
1702710 539
1702720 539
1702730 539
1702740 540
1702750 540
1702760 540
1702770 540
1702780 540
1702790 540
1702800 540
1702810 539
1702820 539
1702830 539
1702840 538
1702850 538
1702860 538
1702870 537
1702880 537
1702890 536
1702900 536
1702910 536
1702920 535
1702930 535
1702940 535
1702950 535
1702960 535
1702970 534
1702980 534
1702990 534
1703000 533
1703010 533
1703020 533
1703030 532
1703040 532
1703050 532
1703060 532
1703070 531
1703080 531
1703090 530
1703100 530
1703110 530
1703120 529
1703130 529
1703140 529
1703150 528
1703160 528
1703170 527
1703180 527
1703190 527
1703200 526
1703210 526
1703220 525
1703230 525
1703240 525
1703250 524
1703260 524
1703270 523
1703280 523
1703290 522
1703300 522
1703310 521
1703320 521
1703330 521
1703340 520
1703350 520
1703360 520
1703370 519
1703380 519
1703390 519
1703400 519
1703410 519
1703420 519
1703430 519
1703440 519
1703450 519
1703460 519
1703470 519
1703480 519
1703490 519
1703500 520
1703510 521
1703520 522
1703530 523
1703540 526
1703550 529
1703560 530
1703570 531
1703580 531
1703590 532
1703600 532
1703610 532
1703620 532
1703630 532
1703640 532
1703650 532
1703660 532
1703670 532
1703680 532
1703690 532
1703700 532
1703710 532
1703720 532
1703730 532
1703740 532
1703750 532
1703760 532
1703770 532
1703780 532
1703790 532
1703800 532
1703810 532
1703820 532
1703830 532
1703840 532
1703850 532
1703860 531
1703870 531
1703880 531
1703890 531
1703900 531
1703910 530
1703920 531
1703930 530
1703940 530
1703950 530
1703960 530
1703970 530
1703980 530
1703990 530
1704000 530
1704010 529
1704020 529
1704030 528
1704040 528
1704050 527
1704060 527
1704070 527
1704080 527
1704090 527
1704100 527
1704110 526
1704120 525
1704130 524
1704140 523
1704150 521
1704160 520
1704170 519
1704180 519
1704190 519
1704200 519
1704210 519
1704220 519
1704230 520
1704240 521
1704250 523
1704260 527
1704270 530
1704280 533
1704290 535
1704300 537
1704310 539
1704320 540
1704330 541
1704340 541
1704350 541
1704360 540
1704370 541
1704380 541
1704390 541
1704400 540
1704410 540
1704420 539
1704430 540
1704440 540
1704450 540
1704460 539
1704470 539
1704480 539
1704490 539
1704500 539
1704510 538
1704520 536
1704530 535
1704540 535
1704550 536
1704560 537
1704570 537
1704580 537
1704590 537
1704600 538
1704610 538
1704620 538
1704630 538
1704640 538
1704650 538
1704660 538
1704670 539
1704680 539
1704690 539
1704700 539
1704710 539
1704720 539
1704730 539
1704740 539
1704750 538
1704760 538
1704770 538
1704780 537
1704790 537
1704800 536
1704810 536
1704820 536
1704830 536
1704840 535
1704850 535
1704860 535
1704870 535
1704880 535
1704890 535
1704900 535
1704910 536
1704920 536
1704930 538
1704940 538
1704950 536
1704960 536
1704970 536
1704980 537
1704990 537
1705000 538
1705010 538
1705020 538
1705030 539
1705040 539
1705050 539
1705060 539
1705070 539
1705080 540
1705090 540
1705100 540
1705110 541
1705120 542
1705130 543
1705140 544
1705150 544
1705160 545
1705170 546
1705180 546
1705190 547
1705200 547
1705210 548
1705220 548
1705230 549
1705240 549
1705250 550
1705260 550
1705270 551
1705280 551
1705290 552
1705300 552
1705310 552
1705320 552
1705330 552
1705340 552
1705350 553
1705360 553
1705370 553
1705380 554
1705390 554
1705400 555
1705410 555
1705420 556
1705430 556
1705440 556
1705450 557
1705460 557
1705470 558
1705480 558
1705490 559
1705500 559
1705510 560
1705520 560
1705530 560
1705540 561
1705550 561
1705560 561
1705570 562
1705580 562
1705590 562
1705600 563
1705610 563
1705620 563
1705630 564
1705640 564
1705650 564
1705660 564
1705670 565
1705680 565
1705690 565
1705700 566
1705710 566
1705720 566
1705730 566
1705740 566
1705750 566
1705760 566
1705770 566
1705780 566
1705790 566
1705800 566
1705810 566
1705820 566
1705830 565
1705840 565
1705850 565
1705860 565
1705870 565
1705880 565
1705890 565
1705900 565
1705910 565
1705920 565
1705930 565
1705940 564
1705950 564
1705960 564
1705970 564
1705980 564
1705990 563
1706000 563
1706010 563
1706020 563
1706030 563
1706040 562
1706050 562
1706060 562
1706070 562
1706080 562
1706090 562
1706100 562
1706110 561
1706120 561
1706130 561
1706140 561
1706150 561
1706160 561
1706170 561
1706180 561
1706190 560
1706200 560
1706210 560
1706220 560
1706230 560
1706240 560
1706250 560
1706260 560
1706270 560
1706280 559
1706290 559
1706300 559
1706310 559
1706320 559
1706330 559
1706340 559
1706350 559
1706360 558
1706370 558
1706380 558
1706390 558
1706400 558
1706410 558
1706420 557
1706430 557
1706440 557
1706450 557
1706460 556
1706470 556
1706480 556
1706490 555
1706500 555
1706510 555
1706520 555
1706530 554
1706540 554
1706550 554
1706560 554
1706570 553
1706580 553
1706590 553
1706600 553
1706610 553
1706620 553
1706630 553
1706640 554
1706650 554
1706660 554
1706670 554
1706680 555
1706690 555
1706700 555
1706710 556
1706720 556
1706730 556
1706740 556
1706750 556
1706760 556
1706770 556
1706780 557
1706790 557
1706800 558
1706810 558
1706820 559
1706830 559
1706840 560
1706850 560
1706860 561
1706870 562
1706880 562
1706890 563
1706900 563
1706910 564
1706920 564
1706930 565
1706940 565
1706950 566
1706960 566
1706970 566
1706980 567
1706990 567
1707000 568
1707010 568
1707020 569
1707030 569
1707040 570
1707050 571
1707060 571
1707070 572
1707080 573
1707090 573
1707100 573
1707110 574
1707120 575
1707130 575
1707140 576
1707150 576
1707160 577
1707170 577
1707180 577
1707190 578
1707200 578
1707210 578
1707220 578
1707230 578
1707240 578
1707250 578
1707260 577
1707270 577
1707280 577
1707290 577
1707300 576
1707310 576
1707320 576
1707330 575
1707340 575
1707350 574
1707360 574
1707370 573
1707380 573
1707390 572
1707400 572
1707410 572
1707420 571
1707430 571
1707440 570
1707450 570
1707460 569
1707470 569
1707480 568
1707490 568
1707500 568
1707510 567
1707520 567
1707530 566
1707540 566
1707550 566
1707560 565
1707570 565
1707580 564
1707590 564
1707600 563
1707610 563
1707620 562
1707630 562
1707640 561
1707650 561
1707660 560
1707670 560
1707680 559
1707690 559
1707700 558
1707710 558
1707720 558
1707730 557
1707740 557
1707750 556
1707760 556
1707770 556
1707780 555
1707790 555
1707800 554
1707810 554
1707820 553
1707830 553
1707840 552
1707850 552
1707860 551
1707870 550
1707880 550
1707890 549
1707900 549
1707910 548
1707920 548
1707930 547
1707940 547
1707950 546
1707960 545
1707970 545
1707980 544
1707990 543
1708000 541
1708010 540
1708020 539
1708030 539
1708040 539
1708050 538
1708060 538
1708070 538
1708080 537
1708090 537
1708100 539
1708110 541
1708120 544
1708130 547
1708140 549
1708150 551
1708160 552
1708170 553
1708180 553
1708190 554
1708200 555
1708210 556
1708220 556
1708230 557
1708240 557
1708250 558
1708260 558
1708270 557
1708280 557
1708290 557
1708300 557
1708310 557
1708320 557
1708330 556
1708340 556
1708350 556
1708360 555
1708370 555
1708380 555
1708390 555
1708400 554
1708410 554
1708420 554
1708430 554
1708440 553
1708450 553
1708460 553
1708470 552
1708480 552
1708490 552
1708500 551
1708510 551
1708520 550
1708530 550
1708540 550
1708550 550
1708560 550
1708570 549
1708580 549
1708590 549
1708600 548
1708610 548
1708620 547
1708630 547
1708640 547
1708650 547
1708660 547
1708670 546
1708680 546
1708690 546
1708700 546
1708710 546
1708720 547
1708730 547
1708740 547
1708750 548
1708760 548
1708770 549
1708780 550
1708790 552
1708800 554
1708810 555
1708820 557
1708830 557
1708840 558
1708850 558
1708860 558
1708870 559
1708880 559
1708890 559
1708900 560
1708910 560
1708920 561
1708930 561
1708940 561
1708950 562
1708960 562
1708970 562
1708980 562
1708990 562
1709000 563
1709010 563
1709020 563
1709030 564
1709040 564
1709050 564
1709060 565
1709070 565
1709080 565
1709090 566
1709100 566
1709110 566
1709120 567
1709130 567
1709140 568
1709150 568
1709160 568
1709170 569
1709180 569
1709190 569
1709200 570
1709210 570
1709220 570
1709230 571
1709240 571
1709250 572
1709260 572
1709270 573
1709280 573
1709290 574
1709300 575
1709310 575
1709320 576
1709330 576
1709340 577
1709350 577
1709360 578
1709370 578
1709380 578
1709390 579
1709400 579
1709410 579
1709420 579
1709430 579
1709440 580
1709450 580
1709460 580
1709470 580
1709480 581
1709490 581
1709500 581
1709510 582
1709520 582
1709530 583
1709540 583
1709550 583
1709560 584
1709570 584
1709580 585
1709590 586
1709600 587
1709610 588
1709620 589
1709630 590
1709640 591
1709650 591
1709660 591
1709670 590
1709680 589
1709690 589
1709700 589
1709710 588
1709720 587
1709730 587
1709740 586
1709750 586
1709760 585
1709770 584
1709780 584
1709790 583
1709800 582
1709810 582
1709820 581
1709830 581
1709840 580
1709850 579
1709860 578
1709870 578
1709880 577
1709890 577
1709900 576
1709910 576
1709920 575
1709930 575
1709940 574
1709950 574
1709960 573
1709970 573
1709980 572
1709990 572
1710000 571
1710010 571
1710020 570
1710030 570
1710040 569
1710050 569
1710060 568
1710070 568
1710080 566
1710090 565
1710100 564
1710110 564
1710120 564
1710130 563
1710140 563
1710150 563
1710160 563
1710170 563
1710180 563
1710190 564
1710200 564
1710210 563
1710220 563
1710230 564
1710240 564
1710250 564
1710260 565
1710270 565
1710280 565
1710290 565
1710300 565
1710310 566
1710320 566
1710330 566
1710340 566
1710350 566
1710360 566
1710370 566
1710380 566
1710390 566
1710400 566
1710410 566
1710420 565
1710430 565
1710440 565
1710450 565
1710460 564
1710470 564
1710480 564
1710490 564
1710500 563
1710510 563
1710520 563
1710530 563
1710540 563
1710550 562
1710560 562
1710570 562
1710580 562
1710590 562
1710600 561
1710610 561
1710620 561
1710630 561
1710640 560
1710650 560
1710660 560
1710670 560
1710680 559
1710690 559
1710700 558
1710710 558
1710720 558
1710730 557
1710740 557
1710750 556
1710760 556
1710770 555
1710780 555
1710790 554
1710800 553
1710810 553
1710820 552
1710830 552
1710840 551
1710850 550
1710860 550
1710870 549
1710880 548
1710890 547
1710900 547
1710910 546
1710920 546
1710930 545
1710940 545
1710950 544
1710960 544
1710970 543
1710980 542
1710990 541
1711000 540
1711010 540
1711020 539
1711030 539
1711040 540
1711050 540
1711060 541
1711070 542
1711080 542
1711090 543
1711100 543
1711110 543
1711120 543
1711130 543
1711140 543
1711150 543
1711160 543
1711170 543
1711180 543
1711190 543
1711200 543
1711210 543
1711220 542
1711230 542
1711240 543
1711250 543
1711260 543
1711270 543
1711280 543
1711290 543
1711300 543
1711310 544
1711320 544
1711330 544
1711340 544
1711350 544
1711360 544
1711370 544
1711380 544
1711390 544
1711400 544
1711410 543
1711420 543
1711430 543
1711440 542
1711450 542
1711460 542
1711470 542
1711480 541
1711490 541
1711500 541
1711510 541
1711520 541
1711530 541
1711540 541
1711550 541
1711560 541
1711570 540
1711580 540
1711590 540
1711600 540
1711610 540
1711620 541
1711630 541
1711640 542
1711650 542
1711660 543
1711670 543
1711680 543
1711690 543
1711700 544
1711710 545
1711720 546
1711730 546
1711740 547
1711750 547
1711760 547
1711770 547
1711780 547
1711790 548
1711800 548
1711810 548
1711820 548
1711830 548
1711840 549
1711850 549
1711860 549
1711870 549
1711880 548
1711890 548
1711900 548
1711910 548
1711920 548
1711930 547
1711940 547
1711950 547
1711960 546
1711970 545
1711980 545
1711990 544
1712000 543
1712010 543
1712020 542
1712030 542
1712040 541
1712050 541
1712060 542
1712070 543
1712080 544
1712090 545
1712100 545
1712110 546
1712120 547
1712130 548
1712140 549
1712150 550
1712160 551
1712170 552
1712180 553
1712190 554
1712200 554
1712210 555
1712220 555
1712230 555
1712240 556
1712250 556
1712260 556
1712270 556
1712280 557
1712290 557
1712300 557
1712310 557
1712320 557
1712330 557
1712340 557
1712350 557
1712360 558
1712370 558
1712380 558
1712390 558
1712400 558
1712410 558
1712420 557
1712430 557
1712440 556
1712450 555
1712460 554
1712470 553
1712480 552
1712490 550
1712500 551
1712510 552
1712520 554
1712530 555
1712540 557
1712550 558
1712560 559
1712570 559
1712580 560
1712590 561
1712600 561
1712610 561
1712620 562
1712630 562
1712640 563
1712650 563
1712660 563
1712670 564
1712680 564
1712690 564
1712700 564
1712710 565
1712720 565
1712730 565
1712740 565
1712750 566
1712760 566
1712770 566
1712780 567
1712790 567
1712800 567
1712810 567
1712820 567
1712830 566
1712840 566
1712850 565
1712860 565
1712870 564
1712880 564
1712890 563
1712900 563
1712910 563
1712920 562
1712930 562
1712940 561
1712950 561
1712960 561
1712970 560
1712980 560
1712990 559
1713000 559
1713010 558
1713020 557
1713030 557
1713040 556
1713050 556
1713060 556
1713070 555
1713080 554
1713090 554
1713100 553
1713110 552
1713120 552
1713130 552
1713140 552
1713150 551
1713160 550
1713170 550
1713180 550
1713190 550
1713200 550
1713210 551
1713220 552
1713230 553
1713240 554
1713250 555
1713260 556
1713270 556
1713280 556
1713290 556
1713300 556
1713310 556
1713320 556
1713330 556
1713340 555
1713350 555
1713360 555
1713370 554
1713380 554
1713390 554
1713400 553
1713410 553
1713420 552
1713430 552
1713440 552
1713450 551
1713460 551
1713470 550
1713480 550
1713490 549
1713500 549
1713510 549
1713520 548
1713530 547
1713540 547
1713550 546
1713560 546
1713570 546
1713580 546
1713590 545
1713600 545
1713610 545
1713620 545
1713630 545
1713640 545
1713650 545
1713660 545
1713670 544
1713680 544
1713690 544
1713700 544
1713710 543
1713720 543
1713730 543
1713740 543
1713750 543
1713760 544
1713770 543
1713780 544
1713790 544
1713800 544
1713810 544
1713820 543
1713830 543
1713840 544
1713850 544
1713860 544
1713870 544
1713880 544
1713890 544
1713900 544
1713910 543
1713920 543
1713930 543
1713940 543
1713950 543
1713960 543
1713970 543
1713980 543
1713990 544
1714000 544
1714010 544
1714020 544
1714030 544
1714040 544
1714050 544
1714060 544
1714070 545
1714080 545
1714090 545
1714100 545
1714110 545
1714120 545
1714130 545
1714140 545
1714150 545
1714160 545
1714170 545
1714180 545
1714190 545
1714200 545
1714210 545
1714220 545
1714230 545
1714240 545
1714250 545
1714260 545
1714270 545
1714280 545
1714290 545
1714300 545
1714310 546
1714320 546
1714330 546
1714340 546
1714350 546
1714360 546
1714370 546
1714380 546
1714390 546
1714400 546
1714410 546
1714420 546
1714430 546
1714440 546
1714450 546
1714460 546
1714470 546
1714480 546
1714490 546
1714500 546
1714510 546
1714520 546
1714530 546
1714540 546
1714550 546
1714560 546
1714570 546
1714580 546
1714590 546
1714600 546
1714610 546
1714620 546
1714630 546
1714640 546
1714650 546
1714660 546
1714670 546
1714680 546
1714690 545
1714700 545
1714710 545
1714720 545
1714730 545
1714740 545
1714750 545
1714760 545
1714770 545
1714780 545
1714790 545
1714800 545
1714810 545
1714820 545
1714830 545
1714840 545
1714850 546
1714860 546
1714870 546
1714880 546
1714890 547
1714900 547
1714910 547
1714920 547
1714930 547
1714940 548
1714950 548
1714960 548
1714970 548
1714980 548
1714990 549
1715000 549
1715010 549
1715020 549
1715030 549
1715040 549
1715050 550
1715060 550
1715070 550
1715080 550
1715090 550
1715100 551
1715110 551
1715120 551
1715130 551
1715140 551
1715150 551
1715160 551
1715170 552
1715180 552
1715190 552
1715200 552
1715210 552
1715220 552
1715230 552
1715240 552
1715250 553
1715260 553
1715270 553
1715280 553
1715290 553
1715300 553
1715310 553
1715320 553
1715330 553
1715340 553
1715350 553
1715360 552
1715370 552
1715380 552
1715390 552
1715400 552
1715410 552
1715420 552
1715430 552
1715440 552
1715450 551
1715460 551
1715470 551
1715480 551
1715490 551
1715500 551
1715510 551
1715520 551
1715530 551
1715540 551
1715550 550
1715560 550
1715570 550
1715580 550
1715590 550
1715600 549
1715610 549
1715620 549
1715630 549
1715640 548
1715650 548
1715660 548
1715670 547
1715680 547
1715690 547
1715700 546
1715710 546
1715720 546
1715730 546
1715740 545
1715750 545
1715760 545
1715770 544
1715780 544
1715790 544
1715800 543
1715810 543
1715820 543
1715830 542
1715840 542
1715850 542
1715860 541
1715870 541
1715880 541
1715890 540
1715900 540
1715910 540
1715920 540
1715930 539
1715940 539
1715950 539
1715960 538
1715970 538
1715980 538
1715990 538
1716000 537
1716010 537
1716020 537
1716030 536
1716040 536
1716050 535
1716060 535
1716070 534
1716080 534
1716090 533
1716100 533
1716110 533
1716120 532
1716130 532
1716140 531
1716150 531
1716160 530
1716170 530
1716180 529
1716190 529
1716200 528
1716210 527
1716220 527
1716230 526
1716240 525
1716250 525
1716260 524
1716270 523
1716280 523
1716290 522
1716300 522
1716310 522
1716320 521
1716330 521
1716340 519
1716350 517
1716360 516
1716370 514
1716380 512
1716390 510
1716400 507
1716410 507
1716420 507
1716430 508
1716440 509
1716450 509
1716460 510
1716470 511
1716480 512
1716490 514
1716500 515
1716510 516
1716520 516
1716530 516
1716540 516
1716550 516
1716560 516
1716570 516
1716580 516
1716590 517
1716600 517
1716610 517
1716620 516
1716630 516
1716640 516
1716650 516
1716660 516
1716670 516
1716680 515
1716690 515
1716700 515
1716710 515
1716720 514
1716730 514
1716740 513
1716750 513
1716760 512
1716770 512
1716780 511
1716790 511
1716800 510
1716810 509
1716820 508
1716830 507
1716840 507
1716850 507
1716860 508
1716870 509
1716880 510
1716890 511
1716900 511
1716910 512
1716920 513
1716930 513
1716940 514
1716950 514
1716960 514
1716970 515
1716980 515
1716990 515
1717000 515
1717010 515
1717020 515
1717030 515
1717040 515
1717050 515
1717060 515
1717070 514
1717080 514
1717090 514
1717100 513
1717110 513
1717120 513
1717130 512
1717140 512
1717150 511
1717160 511
1717170 511
1717180 510
1717190 510
1717200 509
1717210 509
1717220 508
1717230 508
1717240 508
1717250 508
1717260 507
1717270 507
1717280 508
1717290 508
1717300 508
1717310 508
1717320 508
1717330 508
1717340 508
1717350 508
1717360 508
1717370 508
1717380 508
1717390 508
1717400 507
1717410 507
1717420 507
1717430 507
1717440 507
1717450 506
1717460 506
1717470 506
1717480 506
1717490 506
1717500 506
1717510 505
1717520 505
1717530 505
1717540 505
1717550 505
1717560 505
1717570 505
1717580 504
1717590 505
1717600 505
1717610 505
1717620 505
1717630 505
1717640 505
1717650 505
1717660 505
1717670 505
1717680 505
1717690 504
1717700 504
1717710 504
1717720 504
1717730 504
1717740 504
1717750 504
1717760 504
1717770 505
1717780 505
1717790 505
1717800 505
1717810 504
1717820 504
1717830 504
1717840 503
1717850 503
1717860 502
1717870 501
1717880 500
1717890 499
1717900 499
1717910 498
1717920 497
1717930 496
1717940 495
1717950 494
1717960 493
1717970 491
1717980 489
1717990 487
1718000 483
1718010 481
1718020 478
1718030 475
1718040 472
1718050 469
1718060 467
1718070 464
1718080 462
1718090 460
1718100 458
1718110 456
1718120 454
1718130 453
1718140 451
1718150 448
1718160 445
1718170 441
1718180 438
1718190 435
1718200 434
1718210 435
1718220 436
1718230 437
1718240 437
1718250 437
1718260 437
1718270 438
1718280 438
1718290 440
1718300 442
1718310 446
1718320 450
1718330 454
1718340 459
1718350 464
1718360 468
1718370 473
1718380 477
1718390 482
1718400 485
1718410 489
1718420 492
1718430 495
1718440 498
1718450 500
1718460 501
1718470 502
1718480 503
1718490 503
1718500 504
1718510 504
1718520 505
1718530 505
1718540 505
1718550 506
1718560 506
1718570 505
1718580 505
1718590 505
1718600 505
1718610 504
1718620 504
1718630 504
1718640 504
1718650 503
1718660 503
1718670 503
1718680 503
1718690 503
1718700 502
1718710 502
1718720 502
1718730 501
1718740 501
1718750 501
1718760 500
1718770 500
1718780 499
1718790 498
1718800 498
1718810 497
1718820 497
1718830 496
1718840 496
1718850 495
1718860 494
1718870 492
1718880 491
1718890 492
1718900 492
1718910 492
1718920 491
1718930 491
1718940 491
1718950 490
1718960 490
1718970 490
1718980 491
1718990 491
1719000 492
1719010 493
1719020 493
1719030 494
1719040 495
1719050 495
1719060 496
1719070 496
1719080 496
1719090 496
1719100 497
1719110 497
1719120 497
1719130 497
1719140 497
1719150 497
1719160 497
1719170 496
1719180 496
1719190 496
1719200 496
1719210 496
1719220 496
1719230 496
1719240 496
1719250 496
1719260 495
1719270 495
1719280 495
1719290 495
1719300 495
1719310 495
1719320 494
1719330 494
1719340 494
1719350 494
1719360 494
1719370 494
1719380 494
1719390 493
1719400 493
1719410 492
1719420 492
1719430 492
1719440 491
1719450 491
1719460 490
1719470 490
1719480 489
1719490 488
1719500 488
1719510 487
1719520 487
1719530 486
1719540 485
1719550 485
1719560 484
1719570 483
1719580 482
1719590 481
1719600 479
1719610 478
1719620 477
1719630 475
1719640 473
1719650 471
1719660 470
1719670 469
1719680 467
1719690 466
1719700 464
1719710 463
1719720 461
1719730 459
1719740 458
1719750 457
1719760 455
1719770 454
1719780 453
1719790 451
1719800 450
1719810 449
1719820 448
1719830 447
1719840 446
1719850 445
1719860 444
1719870 442
1719880 439
1719890 436
1719900 434
1719910 432
1719920 432
1719930 433
1719940 434
1719950 436
1719960 437
1719970 439
1719980 440
1719990 443
