1700000 523
1700010 524
1700020 524
1700030 525
1700040 525
1700050 526
1700060 527
1700070 527
1700080 528
1700090 529
1700100 530
1700110 531
1700120 532
1700130 532
1700140 533
1700150 534
1700160 534
1700170 534
1700180 534
1700190 534
1700200 534
1700210 534
1700220 533
1700230 533
1700240 533
1700250 533
1700260 533
1700270 532
1700280 532
1700290 532
1700300 532
1700310 531
1700320 531
1700330 531
1700340 531
1700350 531
1700360 531
1700370 531
1700380 531
1700390 532
1700400 532
1700410 532
1700420 533
1700430 533
1700440 533
1700450 533
1700460 533
1700470 533
1700480 534
1700490 534
1700500 534
1700510 534
1700520 534
1700530 534
1700540 535
1700550 535
1700560 535
1700570 535
1700580 535
1700590 535
1700600 535
1700610 535
1700620 535
1700630 535
1700640 535
1700650 534
1700660 534
1700670 534
1700680 533
1700690 532
1700700 531
1700710 530
1700720 529
1700730 527
1700740 526
1700750 524
1700760 523
1700770 522
1700780 522
1700790 523
1700800 524
1700810 526
1700820 528
1700830 530
1700840 532
1700850 534
1700860 535
1700870 536
1700880 537
1700890 537
1700900 537
1700910 538
1700920 538
1700930 538
1700940 539
1700950 539
1700960 539
1700970 540
1700980 540
1700990 540
1701000 541
1701010 541
1701020 541
1701030 542
1701040 542
1701050 542
1701060 543
1701070 543
1701080 543
1701090 544
1701100 544
1701110 545
1701120 545
1701130 546
1701140 546
1701150 547
1701160 547
1701170 547
1701180 548
1701190 548
1701200 548
1701210 548
1701220 548
1701230 548
1701240 548
1701250 547
1701260 547
1701270 547
1701280 547
1701290 547
1701300 547
1701310 547
1701320 547
1701330 546
1701340 546
1701350 546
1701360 545
1701370 545
1701380 545
1701390 545
1701400 544
1701410 544
1701420 544
1701430 544
1701440 544
1701450 544
1701460 544
1701470 543
1701480 543
1701490 543
1701500 543
1701510 543
1701520 544
1701530 544
1701540 544
1701550 544
1701560 544
1701570 544
1701580 544
1701590 544
1701600 544
1701610 544
1701620 544
1701630 544
1701640 545
1701650 545
1701660 545
1701670 545
1701680 545
1701690 545
1701700 546
1701710 546
1701720 546
1701730 546
1701740 546
1701750 547
1701760 547
1701770 547
1701780 547
1701790 548
1701800 548
1701810 548
1701820 548
1701830 548
1701840 548
1701850 548
1701860 548
1701870 548
1701880 549
1701890 549
1701900 549
1701910 549
1701920 549
1701930 549
1701940 549
1701950 549
1701960 549
1701970 549
1701980 549
1701990 549
1702000 549
1702010 549
1702020 549
1702030 549
1702040 549
1702050 549
1702060 549
1702070 549
1702080 549
1702090 549
1702100 549
1702110 549
1702120 549
1702130 550
1702140 550
1702150 550
1702160 550
1702170 550
1702180 550
1702190 550
1702200 550
1702210 551
1702220 551
1702230 551
1702240 551
1702250 552
1702260 552
1702270 552
1702280 552
1702290 552
1702300 552
1702310 552
1702320 553
1702330 553
1702340 553
1702350 553
1702360 553
1702370 553
1702380 553
1702390 554
1702400 554
1702410 554
1702420 555
1702430 555
1702440 555
1702450 555
1702460 555
1702470 555
1702480 555
1702490 555
1702500 556
1702510 556
1702520 556
1702530 556
1702540 556
1702550 556
1702560 557
1702570 557
1702580 557
1702590 557
1702600 557
1702610 557
1702620 557
1702630 556
1702640 556
1702650 556
1702660 556
1702670 555
1702680 555
1702690 554
1702700 554
1702710 553
1702720 553
1702730 552
1702740 551
1702750 550
1702760 549
1702770 548
1702780 548
1702790 547
1702800 546
1702810 546
1702820 545
1702830 545
1702840 544
1702850 544
1702860 543
1702870 543
1702880 542
1702890 542
1702900 542
1702910 541
1702920 542
1702930 542
1702940 542
1702950 542
1702960 543
1702970 543
1702980 543
1702990 542
1703000 542
1703010 541
1703020 541
1703030 540
1703040 540
1703050 539
1703060 537
1703070 536
1703080 535
1703090 533
1703100 532
1703110 531
1703120 531
1703130 532
1703140 532
1703150 533
1703160 534
1703170 535
1703180 535
1703190 536
1703200 537
1703210 538
1703220 540
1703230 542
1703240 544
1703250 546
1703260 547
1703270 548
1703280 548
1703290 549
1703300 549
1703310 550
1703320 550
1703330 551
1703340 551
1703350 552
1703360 552
1703370 553
1703380 553
1703390 554
1703400 554
1703410 554
1703420 555
1703430 555
1703440 555
1703450 555
1703460 556
1703470 556
1703480 556
1703490 556
1703500 556
1703510 556
1703520 557
1703530 557
1703540 557
1703550 557
1703560 557
1703570 557
1703580 558
1703590 558
1703600 558
1703610 558
1703620 559
1703630 559
1703640 559
1703650 559
1703660 559
1703670 559
1703680 559
1703690 559
1703700 559
1703710 559
1703720 559
1703730 559
1703740 559
1703750 559
1703760 559
1703770 558
1703780 558
1703790 558
1703800 558
1703810 557
1703820 557
1703830 557
1703840 557
1703850 557
1703860 556
1703870 556
1703880 556
1703890 556
1703900 555
1703910 555
1703920 555
1703930 554
1703940 554
1703950 554
1703960 554
1703970 553
1703980 553
1703990 553
1704000 553
1704010 553
1704020 552
1704030 552
1704040 552
1704050 551
1704060 550
1704070 549
1704080 548
1704090 549
1704100 550
1704110 550
1704120 549
1704130 549
1704140 549
1704150 548
1704160 548
1704170 547
1704180 547
1704190 547
1704200 546
1704210 546
1704220 545
1704230 545
1704240 544
1704250 542
1704260 540
1704270 537
1704280 535
1704290 534
1704300 534
1704310 534
1704320 534
1704330 534
1704340 533
1704350 533
1704360 534
1704370 534
1704380 534
1704390 534
1704400 534
1704410 535
1704420 536
1704430 538
1704440 540
1704450 542
1704460 545
1704470 548
1704480 551
1704490 555
1704500 558
1704510 561
1704520 563
1704530 566
1704540 567
1704550 568
1704560 569
1704570 570
1704580 570
1704590 571
1704600 571
1704610 572
1704620 572
1704630 572
1704640 573
1704650 573
1704660 573
1704670 573
1704680 573
1704690 573
1704700 574
1704710 574
1704720 574
1704730 574
1704740 574
1704750 573
1704760 573
1704770 573
1704780 573
1704790 572
1704800 572
1704810 572
1704820 571
1704830 571
1704840 571
1704850 571
1704860 570
1704870 570
1704880 569
1704890 569
1704900 569
1704910 568
1704920 568
1704930 567
1704940 567
1704950 566
1704960 566
1704970 566
1704980 566
1704990 566
1705000 565
1705010 563
1705020 561
1705030 560
1705040 558
1705050 558
1705060 558
1705070 558
1705080 560
1705090 561
1705100 564
1705110 565
1705120 567
1705130 569
1705140 570
1705150 571
1705160 572
1705170 573
1705180 573
1705190 574
1705200 575
1705210 576
1705220 577
1705230 578
1705240 578
1705250 579
1705260 580
1705270 580
1705280 580
1705290 580
1705300 580
1705310 580
1705320 580
1705330 579
1705340 579
1705350 579
1705360 579
1705370 578
1705380 578
1705390 578
1705400 577
1705410 577
1705420 577
1705430 576
1705440 575
1705450 575
1705460 575
1705470 574
1705480 574
1705490 573
1705500 573
1705510 573
1705520 572
1705530 572
1705540 571
1705550 571
1705560 570
1705570 570
1705580 569
1705590 568
1705600 567
1705610 567
1705620 566
1705630 566
1705640 567
1705650 568
1705660 569
1705670 570
1705680 571
1705690 572
1705700 572
1705710 573
1705720 573
1705730 573
1705740 573
1705750 573
1705760 574
1705770 574
1705780 574
1705790 574
1705800 574
1705810 575
1705820 575
1705830 575
1705840 575
1705850 575
1705860 576
1705870 576
1705880 576
1705890 576
1705900 576
1705910 576
1705920 576
1705930 576
1705940 576
1705950 577
1705960 577
1705970 577
1705980 577
1705990 577
1706000 577
1706010 577
1706020 577
1706030 577
1706040 577
1706050 577
1706060 577
1706070 577
1706080 577
1706090 577
1706100 577
1706110 577
1706120 577
1706130 577
1706140 578
1706150 578
1706160 578
1706170 578
1706180 578
1706190 578
1706200 578
1706210 578
1706220 578
1706230 578
1706240 578
1706250 578
1706260 578
1706270 579
1706280 579
1706290 579
1706300 579
1706310 579
1706320 579
1706330 579
1706340 579
1706350 579
1706360 579
1706370 579
1706380 579
1706390 579
1706400 579
1706410 579
1706420 579
1706430 579
1706440 579
1706450 579
1706460 579
1706470 579
1706480 579
1706490 580
1706500 580
1706510 580
1706520 580
1706530 581
1706540 581
1706550 581
1706560 581
1706570 581
1706580 581
1706590 581
1706600 581
1706610 581
1706620 581
1706630 581
1706640 581
1706650 580
1706660 580
1706670 580
1706680 580
1706690 580
1706700 580
1706710 579
1706720 579
1706730 579
1706740 579
1706750 579
1706760 579
1706770 579
1706780 579
1706790 579
1706800 579
1706810 579
1706820 579
1706830 579
1706840 579
1706850 579
1706860 579
1706870 579
1706880 579
1706890 579
1706900 579
1706910 579
1706920 578
1706930 578
1706940 578
1706950 577
1706960 577
1706970 577
1706980 577
1706990 576
1707000 576
1707010 576
1707020 575
1707030 575
1707040 575
1707050 574
1707060 574
1707070 573
1707080 573
1707090 572
1707100 572
1707110 571
1707120 571
1707130 571
1707140 570
1707150 570
1707160 569
1707170 568
1707180 568
1707190 567
1707200 567
1707210 566
1707220 566
1707230 566
1707240 565
1707250 565
1707260 564
1707270 564
1707280 563
1707290 562
1707300 561
1707310 561
1707320 560
1707330 559
1707340 559
1707350 558
1707360 557
1707370 557
1707380 556
1707390 556
1707400 556
1707410 556
1707420 555
1707430 554
1707440 552
1707450 552
1707460 552
1707470 552
1707480 552
1707490 553
1707500 554
1707510 555
1707520 557
1707530 559
1707540 561
1707550 563
1707560 565
1707570 567
1707580 569
1707590 571
1707600 572
1707610 573
1707620 574
1707630 575
1707640 575
1707650 576
1707660 576
1707670 576
1707680 576
1707690 576
1707700 576
1707710 576
1707720 576
1707730 576
1707740 576
1707750 576
1707760 575
1707770 575
1707780 575
1707790 574
1707800 574
1707810 574
1707820 573
1707830 573
1707840 572
1707850 572
1707860 571
1707870 571
1707880 570
1707890 570
1707900 569
1707910 568
1707920 567
1707930 566
1707940 565
1707950 565
1707960 564
1707970 564
1707980 563
1707990 562
1708000 561
1708010 560
1708020 559
1708030 559
1708040 558
1708050 557
1708060 558
1708070 558
1708080 558
1708090 560
1708100 562
1708110 565
1708120 567
1708130 570
1708140 572
1708150 573
1708160 574
1708170 575
1708180 577
1708190 577
1708200 578
1708210 578
1708220 578
1708230 579
1708240 579
1708250 580
1708260 580
1708270 580
1708280 580
1708290 580
1708300 581
1708310 581
1708320 581
1708330 580
1708340 581
1708350 582
1708360 582
1708370 583
1708380 583
1708390 583
1708400 583
1708410 583
1708420 584
1708430 584
1708440 584
1708450 584
1708460 584
1708470 584
1708480 584
1708490 584
1708500 584
1708510 584
1708520 584
1708530 584
1708540 584
1708550 584
1708560 584
1708570 584
1708580 584
1708590 584
1708600 584
1708610 584
1708620 584
1708630 584
1708640 584
1708650 584
1708660 584
1708670 584
1708680 584
1708690 584
1708700 584
1708710 584
1708720 584
1708730 584
1708740 584
1708750 584
1708760 584
1708770 584
1708780 584
1708790 584
1708800 584
1708810 584
1708820 585
1708830 585
1708840 585
1708850 585
1708860 585
1708870 585
1708880 585
1708890 585
1708900 585
1708910 585
1708920 585
1708930 585
1708940 586
1708950 586
1708960 586
1708970 586
1708980 586
1708990 587
1709000 587
1709010 587
1709020 588
1709030 588
1709040 588
1709050 589
1709060 589
1709070 590
1709080 590
1709090 590
1709100 591
1709110 591
1709120 592
1709130 592
1709140 593
1709150 593
1709160 594
1709170 594
1709180 594
1709190 595
1709200 595
1709210 595
1709220 596
1709230 596
1709240 596
1709250 597
1709260 597
1709270 597
1709280 597
1709290 597
1709300 597
1709310 597
1709320 597
1709330 597
1709340 597
1709350 597
1709360 597
1709370 597
1709380 597
1709390 597
1709400 597
1709410 597
1709420 597
1709430 597
1709440 597
1709450 598
1709460 598
1709470 598
1709480 598
1709490 598
1709500 599
1709510 599
1709520 600
1709530 600
1709540 600
1709550 601
1709560 601
1709570 602
1709580 602
1709590 602
1709600 602
1709610 603
1709620 603
1709630 603
1709640 603
1709650 604
1709660 604
1709670 605
1709680 605
1709690 605
1709700 605
1709710 605
1709720 606
1709730 606
1709740 606
1709750 606
1709760 606
1709770 606
1709780 607
1709790 607
1709800 607
1709810 607
1709820 607
1709830 607
1709840 607
1709850 607
1709860 607
1709870 607
1709880 607
1709890 607
1709900 607
1709910 607
1709920 607
1709930 607
1709940 606
1709950 606
1709960 606
1709970 605
1709980 605
1709990 605
1710000 605
1710010 604
1710020 604
1710030 604
1710040 603
1710050 603
1710060 603
1710070 602
1710080 602
1710090 602
1710100 602
1710110 601
1710120 601
1710130 601
1710140 600
1710150 600
1710160 600
1710170 599
1710180 599
1710190 599
1710200 598
1710210 598
1710220 598
1710230 597
1710240 596
1710250 596
1710260 595
1710270 595
1710280 594
1710290 594
1710300 593
1710310 593
1710320 592
1710330 592
1710340 591
1710350 591
1710360 590
1710370 590
1710380 590
1710390 589
1710400 589
1710410 588
1710420 587
1710430 587
1710440 586
1710450 586
1710460 585
1710470 584
1710480 584
1710490 583
1710500 582
1710510 582
1710520 581
1710530 581
1710540 580
1710550 580
1710560 579
1710570 578
1710580 578
1710590 577
1710600 577
1710610 576
1710620 575
1710630 575
1710640 574
1710650 574
1710660 573
1710670 572
1710680 571
1710690 571
1710700 571
1710710 570
1710720 570
1710730 569
1710740 568
1710750 568
1710760 567
1710770 567
1710780 567
1710790 567
1710800 567
1710810 566
1710820 566
1710830 566
1710840 566
1710850 566
1710860 566
1710870 565
1710880 565
1710890 565
1710900 564
1710910 564
1710920 564
1710930 564
1710940 563
1710950 563
1710960 563
1710970 562
1710980 562
1710990 562
1711000 562
1711010 561
1711020 561
1711030 561
1711040 561
1711050 561
1711060 560
1711070 560
1711080 560
1711090 560
1711100 560
1711110 560
1711120 560
1711130 559
1711140 559
1711150 559
1711160 558
1711170 558
1711180 558
1711190 558
1711200 558
1711210 558
1711220 557
1711230 557
1711240 557
1711250 558
1711260 558
1711270 558
1711280 558
1711290 558
1711300 559
1711310 559
1711320 559
1711330 560
1711340 560
1711350 560
1711360 561
1711370 561
1711380 561
1711390 562
1711400 562
1711410 562
1711420 563
1711430 563
1711440 563
1711450 563
1711460 563
1711470 563
1711480 563
1711490 564
1711500 564
1711510 564
1711520 565
1711530 565
1711540 565
1711550 566
1711560 566
1711570 566
1711580 566
1711590 566
1711600 567
1711610 567
1711620 567
1711630 567
1711640 567
1711650 567
1711660 567
1711670 568
1711680 568
1711690 568
1711700 568
1711710 568
1711720 568
1711730 568
1711740 568
1711750 568
1711760 568
1711770 568
1711780 568
1711790 567
1711800 567
1711810 567
1711820 567
1711830 567
1711840 567
1711850 567
1711860 567
1711870 567
1711880 567
1711890 568
1711900 568
1711910 568
1711920 569
1711930 569
1711940 569
1711950 569
1711960 569
1711970 569
1711980 569
1711990 569
1712000 569
1712010 570
1712020 570
1712030 570
1712040 570
1712050 570
1712060 570
1712070 570
1712080 570
1712090 570
1712100 570
1712110 570
1712120 570
1712130 570
1712140 570
1712150 570
1712160 570
1712170 570
1712180 569
1712190 569
1712200 569
1712210 569
1712220 569
1712230 569
1712240 568
1712250 568
1712260 568
1712270 568
1712280 567
1712290 567
1712300 567
1712310 567
1712320 567
1712330 567
1712340 567
1712350 566
1712360 566
1712370 566
1712380 566
1712390 566
1712400 566
1712410 565
1712420 565
1712430 565
1712440 565
1712450 565
1712460 564
1712470 564
1712480 564
1712490 564
1712500 564
1712510 563
1712520 563
1712530 563
1712540 563
1712550 563
1712560 563
1712570 563
1712580 563
1712590 563
1712600 562
1712610 562
1712620 562
1712630 562
1712640 561
1712650 561
1712660 561
1712670 561
1712680 561
1712690 561
1712700 561
1712710 560
1712720 560
1712730 560
1712740 560
1712750 560
1712760 560
1712770 560
1712780 560
1712790 560
1712800 559
1712810 559
1712820 559
1712830 559
1712840 559
1712850 558
1712860 558
1712870 558
1712880 558
1712890 558
1712900 559
1712910 559
1712920 559
1712930 559
1712940 559
1712950 559
1712960 559
1712970 559
1712980 559
1712990 559
1713000 559
1713010 558
1713020 558
1713030 559
1713040 559
1713050 559
1713060 559
1713070 559
1713080 559
1713090 559
1713100 559
1713110 559
1713120 559
1713130 559
1713140 559
1713150 559
1713160 560
1713170 560
1713180 560
1713190 560
1713200 560
1713210 560
1713220 560
1713230 560
1713240 560
1713250 561
1713260 561
1713270 561
1713280 561
1713290 561
1713300 561
1713310 561
1713320 561
1713330 561
1713340 561
1713350 562
1713360 562
1713370 562
1713380 562
1713390 562
1713400 562
1713410 562
1713420 563
1713430 563
1713440 563
1713450 563
1713460 563
1713470 563
1713480 563
1713490 564
1713500 564
1713510 564
1713520 564
1713530 564
1713540 564
1713550 564
1713560 564
1713570 564
1713580 564
1713590 565
1713600 565
1713610 565
1713620 565
1713630 565
1713640 565
1713650 565
1713660 565
1713670 565
1713680 565
1713690 565
1713700 565
1713710 566
1713720 566
1713730 566
1713740 566
1713750 566
1713760 566
1713770 566
1713780 566
1713790 566
1713800 566
1713810 566
1713820 566
1713830 566
1713840 567
1713850 567
1713860 567
1713870 567
1713880 567
1713890 567
1713900 567
1713910 568
1713920 568
1713930 568
1713940 568
1713950 568
1713960 568
1713970 568
1713980 568
1713990 568
1714000 569
1714010 569
1714020 569
1714030 569
1714040 569
1714050 569
1714060 569
1714070 569
1714080 569
1714090 570
1714100 570
1714110 570
1714120 570
1714130 570
1714140 570
1714150 570
1714160 570
1714170 570
1714180 570
1714190 570
1714200 570
1714210 570
1714220 569
1714230 569
1714240 569
1714250 569
1714260 569
1714270 569
1714280 569
1714290 569
1714300 569
1714310 569
1714320 569
1714330 568
1714340 568
1714350 568
1714360 568
1714370 568
1714380 568
1714390 568
1714400 568
1714410 568
1714420 568
1714430 568
1714440 568
1714450 568
1714460 567
1714470 567
1714480 567
1714490 567
1714500 567
1714510 567
1714520 567
1714530 567
1714540 567
1714550 566
1714560 566
1714570 566
1714580 566
1714590 566
1714600 566
1714610 565
1714620 565
1714630 565
1714640 565
1714650 565
1714660 565
1714670 564
1714680 564
1714690 564
1714700 564
1714710 563
1714720 563
1714730 562
1714740 562
1714750 562
1714760 563
1714770 562
1714780 562
1714790 562
1714800 562
1714810 562
1714820 562
1714830 562
1714840 562
1714850 561
1714860 561
1714870 561
1714880 560
1714890 560
1714900 560
1714910 560
1714920 559
1714930 559
1714940 559
1714950 559
1714960 558
1714970 558
1714980 558
1714990 558
1715000 558
1715010 557
1715020 557
1715030 557
1715040 556
1715050 556
1715060 556
1715070 556
1715080 556
1715090 555
1715100 555
1715110 555
1715120 555
1715130 555
1715140 555
1715150 554
1715160 554
1715170 554
1715180 554
1715190 554
1715200 554
1715210 554
1715220 553
1715230 553
1715240 553
1715250 553
1715260 553
1715270 553
1715280 553
1715290 553
1715300 553
1715310 553
1715320 553
1715330 552
1715340 552
1715350 552
1715360 552
1715370 552
1715380 552
1715390 552
1715400 552
1715410 553
1715420 553
1715430 553
1715440 553
1715450 553
1715460 553
1715470 553
1715480 553
1715490 553
1715500 553
1715510 552
1715520 552
1715530 552
1715540 552
1715550 552
1715560 552
1715570 552
1715580 551
1715590 551
1715600 550
1715610 550
1715620 550
1715630 549
1715640 549
1715650 548
1715660 548
1715670 548
1715680 548
1715690 547
1715700 547
1715710 547
1715720 546
1715730 546
1715740 546
1715750 545
1715760 545
1715770 544
1715780 544
1715790 543
1715800 543
1715810 542
1715820 542
1715830 542
1715840 541
1715850 541
1715860 540
1715870 540
1715880 539
1715890 539
1715900 538
1715910 538
1715920 537
1715930 537
1715940 536
1715950 535
1715960 535
1715970 534
1715980 533
1715990 533
1716000 532
1716010 532
1716020 531
1716030 531
1716040 530
1716050 530
1716060 529
1716070 529
1716080 528
1716090 527
1716100 526
1716110 524
1716120 522
1716130 520
1716140 517
1716150 515
1716160 514
1716170 512
1716180 511
1716190 511
1716200 510
1716210 509
1716220 507
1716230 507
1716240 506
1716250 505
1716260 504
1716270 504
1716280 503
1716290 503
1716300 502
1716310 502
1716320 502
1716330 503
1716340 505
1716350 506
1716360 508
1716370 510
1716380 511
1716390 512
1716400 512
1716410 512
1716420 512
1716430 513
1716440 512
1716450 512
1716460 513
1716470 513
1716480 513
1716490 514
1716500 514
1716510 515
1716520 515
1716530 516
1716540 516
1716550 517
1716560 517
1716570 518
1716580 518
1716590 519
1716600 519
1716610 520
1716620 520
1716630 520
1716640 521
1716650 521
1716660 521
1716670 522
1716680 522
1716690 522
1716700 523
1716710 523
1716720 523
1716730 523
1716740 523
1716750 523
1716760 523
1716770 523
1716780 523
1716790 522
1716800 522
1716810 522
1716820 522
1716830 521
1716840 521
1716850 521
1716860 520
1716870 520
1716880 520
1716890 519
1716900 518
1716910 518
1716920 517
1716930 516
1716940 516
1716950 515
1716960 515
1716970 514
1716980 513
1716990 513
1717000 512
1717010 511
1717020 509
1717030 508
1717040 506
1717050 504
1717060 503
1717070 501
1717080 501
1717090 501
1717100 501
1717110 500
1717120 499
1717130 498
1717140 497
1717150 496
1717160 495
1717170 495
1717180 495
1717190 494
1717200 494
1717210 493
1717220 493
1717230 492
1717240 492
1717250 491
1717260 491
1717270 490
1717280 489
1717290 488
1717300 487
1717310 486
1717320 485
1717330 484
1717340 483
1717350 482
1717360 481
1717370 480
1717380 479
1717390 477
1717400 476
1717410 475
1717420 474
1717430 473
1717440 471
1717450 470
1717460 468
1717470 467
1717480 466
1717490 465
1717500 464
1717510 463
1717520 461
1717530 460
1717540 459
1717550 457
1717560 456
1717570 455
1717580 455
1717590 455
1717600 455
1717610 456
1717620 456
1717630 457
1717640 457
1717650 457
1717660 458
1717670 458
1717680 457
1717690 456
1717700 454
1717710 452
1717720 452
1717730 452
1717740 451
1717750 451
1717760 450
1717770 449
1717780 448
1717790 447
1717800 447
1717810 448
1717820 450
1717830 454
1717840 458
1717850 463
1717860 467
1717870 471
1717880 474
1717890 477
1717900 481
1717910 485
1717920 488
1717930 491
1717940 494
1717950 497
1717960 499
1717970 500
1717980 500
1717990 501
1718000 502
1718010 502
1718020 503
1718030 503
1718040 503
1718050 503
1718060 503
1718070 503
1718080 502
1718090 502
1718100 502
1718110 502
1718120 501
1718130 501
1718140 501
1718150 501
1718160 501
1718170 501
1718180 500
1718190 500
1718200 500
1718210 499
1718220 499
1718230 499
1718240 499
1718250 499
1718260 499
1718270 498
1718280 498
1718290 498
1718300 497
1718310 497
1718320 496
1718330 495
1718340 495
1718350 495
1718360 494
1718370 494
1718380 494
1718390 493
1718400 493
1718410 493
1718420 493
1718430 493
1718440 493
1718450 493
1718460 493
1718470 493
1718480 493
1718490 492
1718500 492
1718510 492
1718520 492
1718530 491
1718540 491
1718550 491
1718560 491
1718570 490
1718580 490
1718590 490
1718600 490
1718610 489
1718620 489
1718630 489
1718640 488
1718650 488
1718660 488
1718670 488
1718680 487
1718690 487
1718700 487
1718710 487
1718720 487
1718730 486
1718740 486
1718750 486
1718760 486
1718770 486
1718780 486
1718790 485
1718800 485
1718810 485
1718820 485
1718830 485
1718840 485
1718850 485
1718860 485
1718870 484
1718880 484
1718890 484
1718900 484
1718910 484
1718920 484
1718930 484
1718940 483
1718950 483
1718960 483
1718970 483
1718980 483
1718990 482
1719000 482
1719010 482
1719020 482
1719030 482
1719040 482
1719050 482
1719060 481
1719070 481
1719080 481
1719090 481
1719100 481
1719110 481
1719120 481
1719130 481
1719140 480
1719150 480
1719160 480
1719170 480
1719180 480
1719190 480
1719200 479
1719210 479
1719220 479
1719230 479
1719240 479
1719250 479
1719260 479
1719270 479
1719280 479
1719290 479
1719300 479
1719310 479
1719320 478
1719330 478
1719340 478
1719350 478
1719360 478
1719370 478
1719380 478
1719390 478
1719400 478
1719410 478
1719420 477
1719430 477
1719440 477
1719450 477
1719460 477
1719470 477
1719480 477
1719490 476
1719500 476
1719510 476
1719520 476
1719530 476
1719540 476
1719550 475
1719560 475
1719570 475
1719580 475
1719590 475
1719600 475
1719610 475
1719620 475
1719630 475
1719640 475
1719650 475
1719660 475
1719670 475
1719680 475
1719690 476
1719700 476
1719710 476
1719720 477
1719730 478
1719740 478
1719750 479
1719760 479
1719770 480
1719780 480
1719790 481
1719800 481
1719810 481
1719820 482
1719830 483
1719840 483
1719850 484
1719860 484
1719870 485
1719880 485
1719890 486
1719900 487
1719910 487
1719920 488
1719930 488
1719940 488
1719950 488
1719960 489
1719970 489
1719980 489
1719990 490
