1700000 543
1700010 543
1700020 543
1700030 543
1700040 543
1700050 542
1700060 542
1700070 542
1700080 542
1700090 542
1700100 542
1700110 542
1700120 542
1700130 542
1700140 542
1700150 542
1700160 542
1700170 542
1700180 542
1700190 542
1700200 542
1700210 542
1700220 542
1700230 542
1700240 542
1700250 541
1700260 541
1700270 541
1700280 541
1700290 541
1700300 541
1700310 541
1700320 541
1700330 541
1700340 541
1700350 541
1700360 541
1700370 541
1700380 541
1700390 541
1700400 541
1700410 541
1700420 541
1700430 541
1700440 541
1700450 541
1700460 541
1700470 541
1700480 540
1700490 540
1700500 540
1700510 540
1700520 540
1700530 540
1700540 539
1700550 539
1700560 539
1700570 539
1700580 539
1700590 539
1700600 539
1700610 539
1700620 539
1700630 539
1700640 539
1700650 539
1700660 539
1700670 539
1700680 540
1700690 540
1700700 540
1700710 540
1700720 540
1700730 541
1700740 541
1700750 541
1700760 542
1700770 542
1700780 542
1700790 543
1700800 543
1700810 543
1700820 544
1700830 544
1700840 544
1700850 544
1700860 544
1700870 543
1700880 543
1700890 542
1700900 542
1700910 541
1700920 540
1700930 540
1700940 539
1700950 538
1700960 537
1700970 536
1700980 536
1700990 535
1701000 535
1701010 534
1701020 534
1701030 534
1701040 533
1701050 533
1701060 532
1701070 531
1701080 531
1701090 531
1701100 531
1701110 530
1701120 530
1701130 530
1701140 529
1701150 529
1701160 529
1701170 529
1701180 529
1701190 528
1701200 528
1701210 528
1701220 528
1701230 527
1701240 527
1701250 527
1701260 527
1701270 526
1701280 526
1701290 526
1701300 526
1701310 526
1701320 526
1701330 526
1701340 526
1701350 526
1701360 526
1701370 526
1701380 526
1701390 525
1701400 525
1701410 525
1701420 525
1701430 525
1701440 525
1701450 525
1701460 525
1701470 525
1701480 525
1701490 525
1701500 525
1701510 525
1701520 526
1701530 526
1701540 526
1701550 526
1701560 526
1701570 526
1701580 526
1701590 526
1701600 526
1701610 526
1701620 526
1701630 526
1701640 526
1701650 526
1701660 526
1701670 527
1701680 527
1701690 527
1701700 527
1701710 527
1701720 527
1701730 527
1701740 527
1701750 527
1701760 527
1701770 527
1701780 527
1701790 527
1701800 527
1701810 527
1701820 527
1701830 527
1701840 527
1701850 527
1701860 527
1701870 527
1701880 527
1701890 527
1701900 527
1701910 527
1701920 527
1701930 527
1701940 527
1701950 527
1701960 527
1701970 528
1701980 528
1701990 528
1702000 528
1702010 528
1702020 528
1702030 529
1702040 529
1702050 529
1702060 529
1702070 529
1702080 529
1702090 529
1702100 530
1702110 530
1702120 530
1702130 530
1702140 530
1702150 530
1702160 530
1702170 531
1702180 531
1702190 531
1702200 531
1702210 531
1702220 531
1702230 532
1702240 532
1702250 532
1702260 532
1702270 532
1702280 532
1702290 532
1702300 533
1702310 533
1702320 533
1702330 533
1702340 533
1702350 533
1702360 533
1702370 533
1702380 534
1702390 534
1702400 534
1702410 534
1702420 534
1702430 534
1702440 534
1702450 534
1702460 535
1702470 535
1702480 535
1702490 535
1702500 535
1702510 535
1702520 535
1702530 535
1702540 535
1702550 535
1702560 535
1702570 535
1702580 535
1702590 536
1702600 536
1702610 536
1702620 536
1702630 536
1702640 536
1702650 536
1702660 535
1702670 535
1702680 535
1702690 535
1702700 534
1702710 534
1702720 533
1702730 533
1702740 532
1702750 532
1702760 531
1702770 531
1702780 531
1702790 531
1702800 530
1702810 530
1702820 530
1702830 530
1702840 530
1702850 529
1702860 529
1702870 529
1702880 529
1702890 528
1702900 528
1702910 528
1702920 527
1702930 527
1702940 526
1702950 526
1702960 526
1702970 525
1702980 525
1702990 525
1703000 525
1703010 524
1703020 524
1703030 523
1703040 523
1703050 523
1703060 522
1703070 522
1703080 522
1703090 522
1703100 522
1703110 522
1703120 522
1703130 522
1703140 521
1703150 522
1703160 521
1703170 521
1703180 521
1703190 521
1703200 521
1703210 521
1703220 520
1703230 520
1703240 520
1703250 520
1703260 520
1703270 520
1703280 520
1703290 520
1703300 520
1703310 520
1703320 520
1703330 521
1703340 522
1703350 524
1703360 526
1703370 529
1703380 532
1703390 535
1703400 538
1703410 541
1703420 542
1703430 542
1703440 543
1703450 543
1703460 543
1703470 543
1703480 544
1703490 544
1703500 544
1703510 544
1703520 544
1703530 544
1703540 544
1703550 543
1703560 543
1703570 543
1703580 543
1703590 543
1703600 543
1703610 543
1703620 543
1703630 542
1703640 542
1703650 542
1703660 542
1703670 542
1703680 541
1703690 541
1703700 541
1703710 541
1703720 541
1703730 540
1703740 540
1703750 540
1703760 540
1703770 540
1703780 539
1703790 539
1703800 539
1703810 539
1703820 539
1703830 539
1703840 538
1703850 537
1703860 537
1703870 537
1703880 537
1703890 536
1703900 536
1703910 536
1703920 536
1703930 536
1703940 536
1703950 536
1703960 536
1703970 535
1703980 535
1703990 535
1704000 535
1704010 535
1704020 535
1704030 535
1704040 535
1704050 535
1704060 535
1704070 536
1704080 538
1704090 538
1704100 537
1704110 536
1704120 535
1704130 535
1704140 535
1704150 535
1704160 535
1704170 535
1704180 535
1704190 535
1704200 534
1704210 534
1704220 533
1704230 532
1704240 531
1704250 530
1704260 529
1704270 528
1704280 528
1704290 527
1704300 526
1704310 525
1704320 524
1704330 524
1704340 524
1704350 524
1704360 523
1704370 524
1704380 525
1704390 527
1704400 527
1704410 529
1704420 530
1704430 532
1704440 534
1704450 535
1704460 537
1704470 538
1704480 539
1704490 540
1704500 541
1704510 542
1704520 544
1704530 545
1704540 546
1704550 546
1704560 546
1704570 546
1704580 547
1704590 547
1704600 547
1704610 547
1704620 547
1704630 547
1704640 546
1704650 546
1704660 546
1704670 545
1704680 545
1704690 545
1704700 545
1704710 544
1704720 544
1704730 545
1704740 545
1704750 545
1704760 545
1704770 545
1704780 545
1704790 545
1704800 546
1704810 546
1704820 546
1704830 546
1704840 547
1704850 548
1704860 548
1704870 549
1704880 550
1704890 551
1704900 552
1704910 553
1704920 554
1704930 556
1704940 557
1704950 558
1704960 559
1704970 560
1704980 560
1704990 561
1705000 562
1705010 562
1705020 563
1705030 563
1705040 563
1705050 563
1705060 564
1705070 564
1705080 564
1705090 564
1705100 564
1705110 564
1705120 564
1705130 565
1705140 565
1705150 565
1705160 565
1705170 565
1705180 565
1705190 565
1705200 565
1705210 565
1705220 565
1705230 565
1705240 564
1705250 564
1705260 564
1705270 564
1705280 564
1705290 564
1705300 564
1705310 564
1705320 564
1705330 564
1705340 564
1705350 564
1705360 564
1705370 564
1705380 564
1705390 563
1705400 563
1705410 563
1705420 563
1705430 563
1705440 563
1705450 563
1705460 564
1705470 564
1705480 564
1705490 564
1705500 564
1705510 565
1705520 565
1705530 565
1705540 565
1705550 565
1705560 565
1705570 566
1705580 566
1705590 566
1705600 567
1705610 567
1705620 567
1705630 567
1705640 567
1705650 567
1705660 567
1705670 568
1705680 568
1705690 568
1705700 568
1705710 568
1705720 568
1705730 569
1705740 569
1705750 569
1705760 569
1705770 570
1705780 570
1705790 570
1705800 571
1705810 571
1705820 572
1705830 572
1705840 572
1705850 572
1705860 572
1705870 572
1705880 572
1705890 572
1705900 572
1705910 572
1705920 572
1705930 572
1705940 572
1705950 572
1705960 572
1705970 572
1705980 571
1705990 571
1706000 571
1706010 571
1706020 572
1706030 572
1706040 572
1706050 572
1706060 572
1706070 572
1706080 572
1706090 572
1706100 572
1706110 573
1706120 573
1706130 573
1706140 573
1706150 573
1706160 573
1706170 573
1706180 573
1706190 573
1706200 573
1706210 573
1706220 573
1706230 573
1706240 573
1706250 573
1706260 573
1706270 573
1706280 573
1706290 573
1706300 573
1706310 573
1706320 573
1706330 573
1706340 573
1706350 574
1706360 574
1706370 573
1706380 573
1706390 573
1706400 573
1706410 574
1706420 574
1706430 574
1706440 574
1706450 574
1706460 574
1706470 574
1706480 573
1706490 573
1706500 573
1706510 574
1706520 574
1706530 574
1706540 574
1706550 574
1706560 574
1706570 574
1706580 574
1706590 574
1706600 574
1706610 574
1706620 574
1706630 574
1706640 574
1706650 573
1706660 573
1706670 573
1706680 573
1706690 573
1706700 573
1706710 573
1706720 573
1706730 573
1706740 573
1706750 573
1706760 573
1706770 573
1706780 573
1706790 573
1706800 573
1706810 573
1706820 573
1706830 573
1706840 573
1706850 573
1706860 573
1706870 573
1706880 573
1706890 573
1706900 573
1706910 572
1706920 572
1706930 572
1706940 572
1706950 572
1706960 572
1706970 572
1706980 572
1706990 572
1707000 572
1707010 571
1707020 571
1707030 571
1707040 571
1707050 571
1707060 571
1707070 571
1707080 571
1707090 571
1707100 571
1707110 570
1707120 570
1707130 570
1707140 570
1707150 570
1707160 570
1707170 570
1707180 570
1707190 570
1707200 570
1707210 569
1707220 569
1707230 569
1707240 569
1707250 569
1707260 569
1707270 569
1707280 569
1707290 569
1707300 569
1707310 569
1707320 569
1707330 569
1707340 569
1707350 569
1707360 569
1707370 569
1707380 569
1707390 569
1707400 569
1707410 568
1707420 568
1707430 568
1707440 568
1707450 568
1707460 568
1707470 568
1707480 568
1707490 568
1707500 568
1707510 567
1707520 567
1707530 567
1707540 567
1707550 566
1707560 566
1707570 566
1707580 565
1707590 565
1707600 565
1707610 564
1707620 564
1707630 563
1707640 562
1707650 562
1707660 562
1707670 561
1707680 561
1707690 560
1707700 560
1707710 560
1707720 559
1707730 559
1707740 559
1707750 558
1707760 558
1707770 557
1707780 557
1707790 557
1707800 556
1707810 556
1707820 556
1707830 555
1707840 555
1707850 554
1707860 554
1707870 554
1707880 553
1707890 552
1707900 552
1707910 551
1707920 550
1707930 549
1707940 548
1707950 545
1707960 543
1707970 543
1707980 544
1707990 545
1708000 545
1708010 544
1708020 544
1708030 544
1708040 544
1708050 545
1708060 546
1708070 549
1708080 553
1708090 556
1708100 559
1708110 562
1708120 564
1708130 565
1708140 566
1708150 567
1708160 567
1708170 568
1708180 569
1708190 569
1708200 570
1708210 571
1708220 571
1708230 572
1708240 572
1708250 572
1708260 573
1708270 573
1708280 574
1708290 574
1708300 574
1708310 575
1708320 575
1708330 575
1708340 575
1708350 576
1708360 576
1708370 576
1708380 576
1708390 576
1708400 576
1708410 576
1708420 576
1708430 576
1708440 576
1708450 576
1708460 575
1708470 575
1708480 575
1708490 575
1708500 575
1708510 575
1708520 575
1708530 574
1708540 574
1708550 574
1708560 574
1708570 574
1708580 574
1708590 573
1708600 573
1708610 573
1708620 573
1708630 572
1708640 572
1708650 572
1708660 571
1708670 571
1708680 571
1708690 571
1708700 570
1708710 570
1708720 569
1708730 568
1708740 568
1708750 567
1708760 566
1708770 566
1708780 566
1708790 565
1708800 565
1708810 564
1708820 564
1708830 564
1708840 566
1708850 568
1708860 571
1708870 573
1708880 575
1708890 576
1708900 577
1708910 577
1708920 577
1708930 578
1708940 578
1708950 578
1708960 579
1708970 579
1708980 579
1708990 580
1709000 580
1709010 580
1709020 580
1709030 581
1709040 581
1709050 581
1709060 582
1709070 582
1709080 582
1709090 582
1709100 582
1709110 582
1709120 582
1709130 582
1709140 582
1709150 583
1709160 583
1709170 583
1709180 583
1709190 583
1709200 583
1709210 584
1709220 584
1709230 584
1709240 584
1709250 585
1709260 585
1709270 585
1709280 585
1709290 585
1709300 586
1709310 586
1709320 586
1709330 586
1709340 586
1709350 587
1709360 587
1709370 587
1709380 588
1709390 588
1709400 588
1709410 588
1709420 588
1709430 587
1709440 587
1709450 587
1709460 587
1709470 586
1709480 586
1709490 586
1709500 586
1709510 586
1709520 585
1709530 585
1709540 585
1709550 585
1709560 585
1709570 585
1709580 585
1709590 585
1709600 585
1709610 585
1709620 585
1709630 585
1709640 585
1709650 584
1709660 584
1709670 585
1709680 585
1709690 585
1709700 585
1709710 586
1709720 586
1709730 586
1709740 587
1709750 587
1709760 587
1709770 587
1709780 588
1709790 588
1709800 588
1709810 589
1709820 589
1709830 589
1709840 590
1709850 590
1709860 591
1709870 591
1709880 591
1709890 591
1709900 591
1709910 591
1709920 591
1709930 591
1709940 591
1709950 591
1709960 591
1709970 591
1709980 591
1709990 591
1710000 591
1710010 591
1710020 592
1710030 592
1710040 592
1710050 592
1710060 592
1710070 592
1710080 592
1710090 592
1710100 591
1710110 591
1710120 591
1710130 591
1710140 590
1710150 590
1710160 590
1710170 590
1710180 590
1710190 589
1710200 589
1710210 589
1710220 588
1710230 588
1710240 588
1710250 587
1710260 587
1710270 586
1710280 586
1710290 586
1710300 585
1710310 585
1710320 584
1710330 584
1710340 583
1710350 582
1710360 582
1710370 581
1710380 580
1710390 580
1710400 579
1710410 578
1710420 577
1710430 576
1710440 575
1710450 574
1710460 573
1710470 572
1710480 571
1710490 570
1710500 569
1710510 568
1710520 567
1710530 566
1710540 566
1710550 565
1710560 564
1710570 564
1710580 563
1710590 562
1710600 562
1710610 561
1710620 561
1710630 560
1710640 559
1710650 558
1710660 558
1710670 557
1710680 556
1710690 555
1710700 555
1710710 554
1710720 554
1710730 555
1710740 555
1710750 556
1710760 558
1710770 560
1710780 562
1710790 563
1710800 564
1710810 565
1710820 565
1710830 566
1710840 566
1710850 566
1710860 567
1710870 567
1710880 567
1710890 568
1710900 568
1710910 568
1710920 568
1710930 568
1710940 568
1710950 568
1710960 568
1710970 568
1710980 568
1710990 568
1711000 568
1711010 567
1711020 567
1711030 567
1711040 566
1711050 566
1711060 566
1711070 565
1711080 565
1711090 565
1711100 565
1711110 564
1711120 564
1711130 564
1711140 563
1711150 563
1711160 563
1711170 563
1711180 562
1711190 562
1711200 562
1711210 562
1711220 562
1711230 561
1711240 561
1711250 561
1711260 561
1711270 560
1711280 560
1711290 560
1711300 559
1711310 559
1711320 559
1711330 558
1711340 558
1711350 558
1711360 558
1711370 557
1711380 557
1711390 557
1711400 557
1711410 556
1711420 556
1711430 556
1711440 556
1711450 555
1711460 555
1711470 555
1711480 555
1711490 555
1711500 555
1711510 555
1711520 554
1711530 554
1711540 554
1711550 554
1711560 554
1711570 554
1711580 554
1711590 554
1711600 554
1711610 554
1711620 554
1711630 553
1711640 553
1711650 553
1711660 553
1711670 553
1711680 553
1711690 553
1711700 553
1711710 553
1711720 554
1711730 554
1711740 554
1711750 554
1711760 554
1711770 554
1711780 554
1711790 554
1711800 554
1711810 554
1711820 554
1711830 554
1711840 554
1711850 555
1711860 555
1711870 555
1711880 556
1711890 556
1711900 557
1711910 557
1711920 557
1711930 558
1711940 558
1711950 559
1711960 560
1711970 560
1711980 561
1711990 562
1712000 562
1712010 563
1712020 563
1712030 564
1712040 565
1712050 566
1712060 567
1712070 568
1712080 569
1712090 570
1712100 570
1712110 571
1712120 571
1712130 572
1712140 572
1712150 573
1712160 573
1712170 573
1712180 574
1712190 574
1712200 574
1712210 575
1712220 575
1712230 575
1712240 575
1712250 575
1712260 575
1712270 575
1712280 576
1712290 576
1712300 575
1712310 575
1712320 575
1712330 575
1712340 574
1712350 574
1712360 574
1712370 574
1712380 574
1712390 573
1712400 573
1712410 573
1712420 573
1712430 572
1712440 572
1712450 572
1712460 572
1712470 571
1712480 571
1712490 570
1712500 570
1712510 570
1712520 569
1712530 569
1712540 570
1712550 570
1712560 570
1712570 571
1712580 571
1712590 571
1712600 572
1712610 572
1712620 572
1712630 572
1712640 572
1712650 573
1712660 573
1712670 573
1712680 573
1712690 573
1712700 573
1712710 573
1712720 573
1712730 573
1712740 573
1712750 573
1712760 573
1712770 573
1712780 573
1712790 573
1712800 573
1712810 573
1712820 573
1712830 573
1712840 573
1712850 572
1712860 572
1712870 572
1712880 572
1712890 572
1712900 572
1712910 572
1712920 571
1712930 571
1712940 571
1712950 571
1712960 571
1712970 571
1712980 571
1712990 570
1713000 570
1713010 570
1713020 570
1713030 570
1713040 570
1713050 570
1713060 570
1713070 570
1713080 570
1713090 570
1713100 569
1713110 569
1713120 569
1713130 569
1713140 569
1713150 569
1713160 569
1713170 569
1713180 569
1713190 568
1713200 568
1713210 569
1713220 569
1713230 569
1713240 569
1713250 569
1713260 569
1713270 569
1713280 569
1713290 569
1713300 569
1713310 569
1713320 570
1713330 570
1713340 570
1713350 569
1713360 570
1713370 570
1713380 570
1713390 570
1713400 570
1713410 570
1713420 570
1713430 570
1713440 570
1713450 570
1713460 570
1713470 570
1713480 570
1713490 570
1713500 570
1713510 570
1713520 570
1713530 570
1713540 570
1713550 570
1713560 570
1713570 570
1713580 570
1713590 570
1713600 570
1713610 570
1713620 569
1713630 569
1713640 569
1713650 569
1713660 569
1713670 569
1713680 569
1713690 569
1713700 569
1713710 569
1713720 569
1713730 569
1713740 569
1713750 568
1713760 568
1713770 568
1713780 568
1713790 568
1713800 568
1713810 568
1713820 568
1713830 567
1713840 567
1713850 567
1713860 567
1713870 567
1713880 567
1713890 567
1713900 566
1713910 566
1713920 566
1713930 566
1713940 566
1713950 565
1713960 565
1713970 565
1713980 564
1713990 564
1714000 564
1714010 563
1714020 563
1714030 563
1714040 563
1714050 563
1714060 563
1714070 562
1714080 562
1714090 562
1714100 562
1714110 562
1714120 561
1714130 561
1714140 561
1714150 561
1714160 561
1714170 560
1714180 560
1714190 560
1714200 560
1714210 560
1714220 560
1714230 559
1714240 559
1714250 559
1714260 559
1714270 559
1714280 558
1714290 558
1714300 558
1714310 558
1714320 558
1714330 558
1714340 558
1714350 557
1714360 557
1714370 557
1714380 557
1714390 557
1714400 556
1714410 556
1714420 556
1714430 556
1714440 556
1714450 556
1714460 556
1714470 556
1714480 556
1714490 556
1714500 556
1714510 556
1714520 556
1714530 556
1714540 556
1714550 556
1714560 556
1714570 556
1714580 556
1714590 556
1714600 556
1714610 556
1714620 556
1714630 556
1714640 556
1714650 557
1714660 557
1714670 556
1714680 556
1714690 556
1714700 556
1714710 557
1714720 557
1714730 556
1714740 556
1714750 556
1714760 556
1714770 556
1714780 556
1714790 556
1714800 556
1714810 556
1714820 556
1714830 556
1714840 556
1714850 556
1714860 556
1714870 556
1714880 555
1714890 555
1714900 555
1714910 555
1714920 555
1714930 555
1714940 555
1714950 555
1714960 555
1714970 555
1714980 555
1714990 555
1715000 555
1715010 555
1715020 555
1715030 555
1715040 554
1715050 554
1715060 554
1715070 554
1715080 554
1715090 554
1715100 554
1715110 554
1715120 554
1715130 554
1715140 554
1715150 554
1715160 554
1715170 554
1715180 554
1715190 554
1715200 554
1715210 554
1715220 554
1715230 554
1715240 553
1715250 553
1715260 553
1715270 553
1715280 553
1715290 553
1715300 553
1715310 552
1715320 552
1715330 552
1715340 552
1715350 552
1715360 552
1715370 552
1715380 552
1715390 552
1715400 551
1715410 551
1715420 551
1715430 550
1715440 550
1715450 550
1715460 550
1715470 549
1715480 549
1715490 549
1715500 548
1715510 548
1715520 548
1715530 548
1715540 547
1715550 547
1715560 547
1715570 546
1715580 546
1715590 546
1715600 546
1715610 545
1715620 545
1715630 545
1715640 545
1715650 545
1715660 544
1715670 544
1715680 544
1715690 544
1715700 544
1715710 543
1715720 543
1715730 543
1715740 542
1715750 542
1715760 542
1715770 542
1715780 542
1715790 542
1715800 541
1715810 541
1715820 541
1715830 541
1715840 540
1715850 540
1715860 540
1715870 540
1715880 539
1715890 539
1715900 539
1715910 539
1715920 539
1715930 539
1715940 538
1715950 538
1715960 538
1715970 538
1715980 538
1715990 538
1716000 538
1716010 538
1716020 538
1716030 538
1716040 537
1716050 537
1716060 537
1716070 537
1716080 537
1716090 537
1716100 537
1716110 537
1716120 537
1716130 537
1716140 537
1716150 537
1716160 537
1716170 537
1716180 537
1716190 537
1716200 537
1716210 537
1716220 536
1716230 536
1716240 536
1716250 536
1716260 536
1716270 536
1716280 535
1716290 535
1716300 535
1716310 535
1716320 535
1716330 534
1716340 534
1716350 534
1716360 534
1716370 534
1716380 534
1716390 533
1716400 533
1716410 533
1716420 533
1716430 532
1716440 532
1716450 532
1716460 532
1716470 532
1716480 532
1716490 532
1716500 532
1716510 532
1716520 532
1716530 532
1716540 532
1716550 533
1716560 533
1716570 533
1716580 533
1716590 533
1716600 534
1716610 534
1716620 534
1716630 534
1716640 535
1716650 535
1716660 535
1716670 535
1716680 535
1716690 535
1716700 535
1716710 535
1716720 535
1716730 535
1716740 535
1716750 535
1716760 535
1716770 535
1716780 535
1716790 535
1716800 535
1716810 535
1716820 535
1716830 535
1716840 534
1716850 534
1716860 534
1716870 534
1716880 533
1716890 533
1716900 533
1716910 533
1716920 532
1716930 532
1716940 532
1716950 532
1716960 532
1716970 532
1716980 532
1716990 531
1717000 531
1717010 531
1717020 531
1717030 531
1717040 531
1717050 531
1717060 530
1717070 530
1717080 530
1717090 530
1717100 530
1717110 530
1717120 529
1717130 529
1717140 529
1717150 528
1717160 528
1717170 528
1717180 527
1717190 527
1717200 526
1717210 526
1717220 525
1717230 524
1717240 524
1717250 523
1717260 523
1717270 522
1717280 522
1717290 521
1717300 520
1717310 520
1717320 519
1717330 519
1717340 518
1717350 517
1717360 516
1717370 515
1717380 515
1717390 514
1717400 513
1717410 513
1717420 512
1717430 511
1717440 511
1717450 510
1717460 509
1717470 509
1717480 508
1717490 508
1717500 507
1717510 507
1717520 506
1717530 506
1717540 505
1717550 505
1717560 504
1717570 504
1717580 503
1717590 503
1717600 502
1717610 502
1717620 502
1717630 501
1717640 501
1717650 500
1717660 500
1717670 499
1717680 499
1717690 499
1717700 498
1717710 498
1717720 498
1717730 497
1717740 497
1717750 496
1717760 496
1717770 495
1717780 494
1717790 493
1717800 492
1717810 491
1717820 490
1717830 488
1717840 487
1717850 486
1717860 484
1717870 482
1717880 480
1717890 478
1717900 475
1717910 473
1717920 470
1717930 468
1717940 466
1717950 464
1717960 462
1717970 461
1717980 459
1717990 458
1718000 457
1718010 455
1718020 453
1718030 452
1718040 451
1718050 449
1718060 446
1718070 444
1718080 442
1718090 440
1718100 440
1718110 440
1718120 441
1718130 441
1718140 442
1718150 443
1718160 447
1718170 451
1718180 457
1718190 461
1718200 465
1718210 469
1718220 473
1718230 476
1718240 479
1718250 482
1718260 485
1718270 487
1718280 490
1718290 492
1718300 494
1718310 496
1718320 498
1718330 499
1718340 501
1718350 502
1718360 503
1718370 504
1718380 505
1718390 506
1718400 506
1718410 507
1718420 508
1718430 508
1718440 508
1718450 508
1718460 508
1718470 508
1718480 508
1718490 508
1718500 508
1718510 507
1718520 507
1718530 507
1718540 507
1718550 507
1718560 507
1718570 507
1718580 506
1718590 506
1718600 506
1718610 505
1718620 505
1718630 505
1718640 504
1718650 504
1718660 504
1718670 503
1718680 503
1718690 503
1718700 503
1718710 502
1718720 502
1718730 502
1718740 502
1718750 502
1718760 501
1718770 501
1718780 501
1718790 501
1718800 501
1718810 501
1718820 501
1718830 501
1718840 501
1718850 501
1718860 500
1718870 500
1718880 500
1718890 500
1718900 500
1718910 500
1718920 500
1718930 500
1718940 500
1718950 500
1718960 500
1718970 499
1718980 499
1718990 499
1719000 499
1719010 499
1719020 498
1719030 498
1719040 498
1719050 498
1719060 498
1719070 498
1719080 497
1719090 497
1719100 497
1719110 497
1719120 498
1719130 497
1719140 497
1719150 497
1719160 496
1719170 496
1719180 496
1719190 495
1719200 495
1719210 495
1719220 494
1719230 494
1719240 494
1719250 493
1719260 493
1719270 493
1719280 492
1719290 492
1719300 492
1719310 491
1719320 490
1719330 489
1719340 489
1719350 489
1719360 489
1719370 489
1719380 488
1719390 487
1719400 487
1719410 487
1719420 486
1719430 486
1719440 485
1719450 485
1719460 484
1719470 484
1719480 483
1719490 483
1719500 482
1719510 482
1719520 481
1719530 481
1719540 480
1719550 480
1719560 479
1719570 478
1719580 478
1719590 477
1719600 476
1719610 475
1719620 475
1719630 473
1719640 472
1719650 470
1719660 469
1719670 468
1719680 468
1719690 467
1719700 466
1719710 465
1719720 464
1719730 463
1719740 462
1719750 459
1719760 457
1719770 454
1719780 452
1719790 450
1719800 448
1719810 447
1719820 449
1719830 451
1719840 454
1719850 456
1719860 458
1719870 461
1719880 463
1719890 465
1719900 466
1719910 467
1719920 468
1719930 469
1719940 470
1719950 470
1719960 471
1719970 471
1719980 471
1719990 471
