1700000 524
1700010 524
1700020 525
1700030 526
1700040 526
1700050 526
1700060 527
1700070 527
1700080 528
1700090 529
1700100 529
1700110 530
1700120 530
1700130 530
1700140 531
1700150 531
1700160 532
1700170 532
1700180 532
1700190 533
1700200 533
1700210 534
1700220 534
1700230 534
1700240 534
1700250 535
1700260 535
1700270 535
1700280 535
1700290 536
1700300 537
1700310 537
1700320 537
1700330 538
1700340 538
1700350 539
1700360 539
1700370 539
1700380 540
1700390 540
1700400 540
1700410 541
1700420 541
1700430 540
1700440 540
1700450 540
1700460 540
1700470 540
1700480 540
1700490 540
1700500 540
1700510 540
1700520 540
1700530 540
1700540 540
1700550 540
1700560 540
1700570 539
1700580 539
1700590 539
1700600 539
1700610 539
1700620 539
1700630 539
1700640 539
1700650 538
1700660 538
1700670 537
1700680 537
1700690 536
1700700 534
1700710 532
1700720 530
1700730 528
1700740 527
1700750 525
1700760 524
1700770 524
1700780 524
1700790 526
1700800 528
1700810 532
1700820 536
1700830 539
1700840 542
1700850 543
1700860 544
1700870 544
1700880 544
1700890 544
1700900 544
1700910 544
1700920 544
1700930 544
1700940 544
1700950 544
1700960 544
1700970 544
1700980 543
1700990 543
1701000 543
1701010 543
1701020 543
1701030 543
1701040 543
1701050 543
1701060 543
1701070 543
1701080 542
1701090 542
1701100 542
1701110 542
1701120 542
1701130 542
1701140 542
1701150 542
1701160 542
1701170 542
1701180 542
1701190 542
1701200 542
1701210 542
1701220 542
1701230 542
1701240 542
1701250 543
1701260 543
1701270 543
1701280 543
1701290 543
1701300 543
1701310 543
1701320 543
1701330 544
1701340 544
1701350 544
1701360 544
1701370 544
1701380 545
1701390 545
1701400 545
1701410 545
1701420 545
1701430 545
1701440 545
1701450 545
1701460 545
1701470 545
1701480 545
1701490 545
1701500 545
1701510 545
1701520 545
1701530 546
1701540 546
1701550 546
1701560 546
1701570 546
1701580 546
1701590 546
1701600 546
1701610 546
1701620 546
1701630 546
1701640 547
1701650 547
1701660 547
1701670 547
1701680 547
1701690 548
1701700 548
1701710 548
1701720 548
1701730 549
1701740 549
1701750 549
1701760 549
1701770 549
1701780 549
1701790 550
1701800 550
1701810 550
1701820 550
1701830 551
1701840 551
1701850 551
1701860 551
1701870 551
1701880 551
1701890 551
1701900 551
1701910 551
1701920 551
1701930 551
1701940 551
1701950 551
1701960 551
1701970 551
1701980 551
1701990 551
1702000 551
1702010 551
1702020 551
1702030 551
1702040 551
1702050 551
1702060 551
1702070 552
1702080 552
1702090 552
1702100 552
1702110 552
1702120 552
1702130 552
1702140 553
1702150 553
1702160 553
1702170 553
1702180 554
1702190 554
1702200 554
1702210 554
1702220 555
1702230 555
1702240 555
1702250 556
1702260 556
1702270 557
1702280 557
1702290 557
1702300 558
1702310 558
1702320 558
1702330 559
1702340 559
1702350 559
1702360 560
1702370 560
1702380 561
1702390 561
1702400 562
1702410 562
1702420 562
1702430 561
1702440 561
1702450 561
1702460 561
1702470 561
1702480 560
1702490 560
1702500 560
1702510 560
1702520 560
1702530 559
1702540 559
1702550 559
1702560 558
1702570 558
1702580 558
1702590 557
1702600 557
1702610 557
1702620 556
1702630 556
1702640 556
1702650 555
1702660 555
1702670 555
1702680 555
1702690 554
1702700 554
1702710 554
1702720 553
1702730 553
1702740 552
1702750 552
1702760 551
1702770 551
1702780 550
1702790 550
1702800 550
1702810 549
1702820 549
1702830 549
1702840 549
1702850 548
1702860 548
1702870 548
1702880 548
1702890 548
1702900 548
1702910 547
1702920 547
1702930 547
1702940 547
1702950 546
1702960 546
1702970 545
1702980 545
1702990 544
1703000 543
1703010 543
1703020 542
1703030 542
1703040 541
1703050 540
1703060 537
1703070 534
1703080 533
1703090 532
1703100 532
1703110 533
1703120 533
1703130 534
1703140 536
1703150 539
1703160 542
1703170 544
1703180 547
1703190 550
1703200 552
1703210 554
1703220 555
1703230 556
1703240 557
1703250 557
1703260 558
1703270 558
1703280 559
1703290 559
1703300 559
1703310 559
1703320 560
1703330 560
1703340 560
1703350 560
1703360 561
1703370 561
1703380 561
1703390 561
1703400 561
1703410 561
1703420 561
1703430 561
1703440 561
1703450 561
1703460 561
1703470 561
1703480 561
1703490 561
1703500 561
1703510 560
1703520 560
1703530 560
1703540 560
1703550 560
1703560 560
1703570 560
1703580 560
1703590 560
1703600 560
1703610 560
1703620 559
1703630 559
1703640 559
1703650 559
1703660 558
1703670 558
1703680 558
1703690 557
1703700 557
1703710 557
1703720 557
1703730 556
1703740 556
1703750 556
1703760 556
1703770 556
1703780 555
1703790 555
1703800 555
1703810 555
1703820 555
1703830 554
1703840 554
1703850 554
1703860 554
1703870 553
1703880 553
1703890 553
1703900 553
1703910 552
1703920 552
1703930 552
1703940 552
1703950 551
1703960 551
1703970 551
1703980 550
1703990 550
1704000 550
1704010 549
1704020 549
1704030 549
1704040 549
1704050 549
1704060 549
1704070 549
1704080 549
1704090 548
1704100 548
1704110 547
1704120 546
1704130 546
1704140 545
1704150 544
1704160 544
1704170 543
1704180 542
1704190 540
1704200 538
1704210 537
1704220 536
1704230 536
1704240 536
1704250 536
1704260 537
1704270 537
1704280 538
1704290 539
1704300 539
1704310 541
1704320 543
1704330 547
1704340 550
1704350 552
1704360 554
1704370 556
1704380 558
1704390 560
1704400 562
1704410 563
1704420 564
1704430 566
1704440 567
1704450 568
1704460 569
1704470 570
1704480 571
1704490 572
1704500 573
1704510 573
1704520 574
1704530 574
1704540 575
1704550 575
1704560 576
1704570 576
1704580 577
1704590 577
1704600 578
1704610 578
1704620 579
1704630 579
1704640 580
1704650 580
1704660 580
1704670 581
1704680 581
1704690 581
1704700 581
1704710 581
1704720 582
1704730 582
1704740 582
1704750 581
1704760 581
1704770 581
1704780 581
1704790 580
1704800 580
1704810 580
1704820 579
1704830 579
1704840 578
1704850 578
1704860 577
1704870 577
1704880 577
1704890 576
1704900 576
1704910 576
1704920 575
1704930 575
1704940 574
1704950 574
1704960 573
1704970 572
1704980 571
1704990 570
1705000 569
1705010 568
1705020 568
1705030 567
1705040 567
1705050 566
1705060 565
1705070 565
1705080 566
1705090 567
1705100 569
1705110 570
1705120 572
1705130 575
1705140 577
1705150 579
1705160 580
1705170 581
1705180 582
1705190 582
1705200 583
1705210 583
1705220 583
1705230 583
1705240 583
1705250 583
1705260 583
1705270 582
1705280 582
1705290 582
1705300 582
1705310 582
1705320 582
1705330 582
1705340 582
1705350 582
1705360 581
1705370 581
1705380 581
1705390 581
1705400 581
1705410 580
1705420 580
1705430 580
1705440 579
1705450 579
1705460 579
1705470 578
1705480 578
1705490 578
1705500 577
1705510 577
1705520 576
1705530 576
1705540 576
1705550 576
1705560 575
1705570 575
1705580 575
1705590 575
1705600 575
1705610 575
1705620 575
1705630 575
1705640 575
1705650 575
1705660 575
1705670 575
1705680 575
1705690 575
1705700 575
1705710 575
1705720 576
1705730 576
1705740 576
1705750 576
1705760 576
1705770 576
1705780 576
1705790 576
1705800 576
1705810 576
1705820 577
1705830 577
1705840 577
1705850 577
1705860 577
1705870 577
1705880 578
1705890 578
1705900 578
1705910 578
1705920 578
1705930 578
1705940 578
1705950 578
1705960 579
1705970 579
1705980 579
1705990 579
1706000 579
1706010 579
1706020 579
1706030 580
1706040 580
1706050 580
1706060 580
1706070 580
1706080 580
1706090 580
1706100 581
1706110 581
1706120 581
1706130 581
1706140 581
1706150 581
1706160 582
1706170 582
1706180 582
1706190 582
1706200 582
1706210 582
1706220 582
1706230 582
1706240 582
1706250 582
1706260 582
1706270 582
1706280 582
1706290 582
1706300 582
1706310 582
1706320 582
1706330 582
1706340 582
1706350 582
1706360 582
1706370 582
1706380 582
1706390 582
1706400 582
1706410 582
1706420 582
1706430 582
1706440 582
1706450 583
1706460 583
1706470 583
1706480 583
1706490 583
1706500 584
1706510 584
1706520 584
1706530 584
1706540 584
1706550 584
1706560 584
1706570 584
1706580 583
1706590 583
1706600 583
1706610 582
1706620 582
1706630 581
1706640 581
1706650 581
1706660 580
1706670 580
1706680 579
1706690 579
1706700 579
1706710 578
1706720 578
1706730 578
1706740 577
1706750 577
1706760 577
1706770 577
1706780 576
1706790 576
1706800 576
1706810 576
1706820 575
1706830 575
1706840 575
1706850 575
1706860 575
1706870 575
1706880 574
1706890 574
1706900 574
1706910 574
1706920 573
1706930 573
1706940 573
1706950 572
1706960 572
1706970 572
1706980 572
1706990 571
1707000 571
1707010 571
1707020 570
1707030 570
1707040 569
1707050 569
1707060 568
1707070 568
1707080 568
1707090 568
1707100 567
1707110 567
1707120 566
1707130 566
1707140 565
1707150 565
1707160 564
1707170 563
1707180 563
1707190 563
1707200 562
1707210 562
1707220 561
1707230 561
1707240 560
1707250 560
1707260 560
1707270 559
1707280 559
1707290 558
1707300 558
1707310 557
1707320 556
1707330 555
1707340 555
1707350 554
1707360 554
1707370 554
1707380 554
1707390 554
1707400 554
1707410 555
1707420 556
1707430 557
1707440 558
1707450 560
1707460 562
1707470 564
1707480 566
1707490 568
1707500 570
1707510 572
1707520 574
1707530 576
1707540 578
1707550 579
1707560 580
1707570 581
1707580 582
1707590 583
1707600 583
1707610 584
1707620 584
1707630 585
1707640 585
1707650 585
1707660 585
1707670 585
1707680 585
1707690 585
1707700 584
1707710 584
1707720 584
1707730 584
1707740 584
1707750 583
1707760 583
1707770 583
1707780 583
1707790 583
1707800 582
1707810 582
1707820 582
1707830 581
1707840 581
1707850 580
1707860 579
1707870 579
1707880 578
1707890 577
1707900 577
1707910 576
1707920 575
1707930 575
1707940 574
1707950 573
1707960 573
1707970 572
1707980 571
1707990 570
1708000 570
1708010 569
1708020 568
1708030 568
1708040 567
1708050 567
1708060 565
1708070 564
1708080 562
1708090 562
1708100 562
1708110 562
1708120 561
1708130 561
1708140 561
1708150 561
1708160 561
1708170 561
1708180 561
1708190 562
1708200 563
1708210 564
1708220 566
1708230 567
1708240 568
1708250 569
1708260 570
1708270 571
1708280 572
1708290 572
1708300 572
1708310 572
1708320 573
1708330 573
1708340 574
1708350 574
1708360 575
1708370 575
1708380 575
1708390 575
1708400 576
1708410 576
1708420 576
1708430 576
1708440 576
1708450 577
1708460 577
1708470 577
1708480 577
1708490 577
1708500 577
1708510 578
1708520 578
1708530 578
1708540 578
1708550 578
1708560 578
1708570 579
1708580 579
1708590 579
1708600 579
1708610 579
1708620 579
1708630 579
1708640 580
1708650 580
1708660 580
1708670 580
1708680 581
1708690 581
1708700 581
1708710 582
1708720 582
1708730 582
1708740 583
1708750 583
1708760 583
1708770 584
1708780 584
1708790 585
1708800 585
1708810 585
1708820 585
1708830 586
1708840 586
1708850 586
1708860 587
1708870 587
1708880 587
1708890 588
1708900 588
1708910 588
1708920 588
1708930 588
1708940 588
1708950 589
1708960 589
1708970 589
1708980 589
1708990 589
1709000 589
1709010 590
1709020 590
1709030 590
1709040 591
1709050 591
1709060 591
1709070 592
1709080 592
1709090 592
1709100 593
1709110 593
1709120 594
1709130 594
1709140 595
1709150 595
1709160 596
1709170 596
1709180 597
1709190 597
1709200 598
1709210 598
1709220 599
1709230 599
1709240 600
1709250 600
1709260 601
1709270 601
1709280 601
1709290 601
1709300 602
1709310 602
1709320 602
1709330 602
1709340 602
1709350 603
1709360 603
1709370 603
1709380 603
1709390 604
1709400 604
1709410 605
1709420 605
1709430 605
1709440 606
1709450 606
1709460 606
1709470 606
1709480 606
1709490 606
1709500 607
1709510 607
1709520 608
1709530 608
1709540 608
1709550 608
1709560 608
1709570 608
1709580 608
1709590 608
1709600 609
1709610 609
1709620 609
1709630 609
1709640 609
1709650 609
1709660 610
1709670 610
1709680 610
1709690 610
1709700 610
1709710 610
1709720 610
1709730 610
1709740 610
1709750 611
1709760 611
1709770 611
1709780 611
1709790 610
1709800 610
1709810 610
1709820 610
1709830 610
1709840 610
1709850 610
1709860 610
1709870 610
1709880 610
1709890 610
1709900 610
1709910 610
1709920 610
1709930 610
1709940 609
1709950 609
1709960 609
1709970 608
1709980 608
1709990 608
1710000 608
1710010 607
1710020 607
1710030 606
1710040 606
1710050 606
1710060 605
1710070 605
1710080 604
1710090 604
1710100 603
1710110 603
1710120 602
1710130 601
1710140 601
1710150 600
1710160 599
1710170 598
1710180 597
1710190 596
1710200 595
1710210 594
1710220 593
1710230 592
1710240 591
1710250 590
1710260 589
1710270 589
1710280 588
1710290 587
1710300 587
1710310 586
1710320 585
1710330 585
1710340 584
1710350 583
1710360 582
1710370 581
1710380 581
1710390 580
1710400 579
1710410 579
1710420 578
1710430 576
1710440 575
1710450 574
1710460 574
1710470 573
1710480 573
1710490 572
1710500 571
1710510 570
1710520 570
1710530 569
1710540 569
1710550 568
1710560 567
1710570 567
1710580 566
1710590 566
1710600 565
1710610 565
1710620 564
1710630 564
1710640 564
1710650 563
1710660 563
1710670 563
1710680 563
1710690 562
1710700 562
1710710 561
1710720 561
1710730 560
1710740 560
1710750 559
1710760 559
1710770 559
1710780 558
1710790 558
1710800 558
1710810 557
1710820 557
1710830 557
1710840 557
1710850 557
1710860 557
1710870 557
1710880 557
1710890 557
1710900 557
1710910 556
1710920 555
1710930 555
1710940 555
1710950 555
1710960 555
1710970 556
1710980 556
1710990 556
1711000 557
1711010 557
1711020 557
1711030 557
1711040 557
1711050 557
1711060 557
1711070 557
1711080 557
1711090 557
1711100 557
1711110 557
1711120 557
1711130 557
1711140 557
1711150 557
1711160 557
1711170 557
1711180 556
1711190 556
1711200 556
1711210 556
1711220 555
1711230 555
1711240 555
1711250 555
1711260 555
1711270 554
1711280 554
1711290 553
1711300 553
1711310 553
1711320 553
1711330 552
1711340 552
1711350 552
1711360 553
1711370 553
1711380 553
1711390 553
1711400 553
1711410 553
1711420 553
1711430 554
1711440 554
1711450 554
1711460 555
1711470 555
1711480 556
1711490 556
1711500 557
1711510 557
1711520 557
1711530 558
1711540 558
1711550 558
1711560 558
1711570 558
1711580 558
1711590 559
1711600 559
1711610 559
1711620 559
1711630 559
1711640 560
1711650 560
1711660 560
1711670 561
1711680 561
1711690 561
1711700 561
1711710 561
1711720 561
1711730 561
1711740 561
1711750 561
1711760 561
1711770 561
1711780 561
1711790 561
1711800 561
1711810 561
1711820 561
1711830 561
1711840 562
1711850 562
1711860 563
1711870 563
1711880 563
1711890 563
1711900 563
1711910 564
1711920 564
1711930 564
1711940 564
1711950 564
1711960 564
1711970 564
1711980 564
1711990 564
1712000 564
1712010 564
1712020 564
1712030 564
1712040 564
1712050 564
1712060 564
1712070 564
1712080 564
1712090 564
1712100 564
1712110 563
1712120 563
1712130 563
1712140 563
1712150 563
1712160 563
1712170 563
1712180 562
1712190 562
1712200 562
1712210 562
1712220 562
1712230 561
1712240 561
1712250 561
1712260 561
1712270 561
1712280 561
1712290 561
1712300 561
1712310 561
1712320 561
1712330 561
1712340 560
1712350 560
1712360 560
1712370 560
1712380 560
1712390 560
1712400 560
1712410 560
1712420 560
1712430 560
1712440 560
1712450 560
1712460 560
1712470 560
1712480 560
1712490 560
1712500 560
1712510 559
1712520 559
1712530 559
1712540 558
1712550 558
1712560 558
1712570 557
1712580 557
1712590 557
1712600 556
1712610 556
1712620 556
1712630 555
1712640 555
1712650 555
1712660 555
1712670 554
1712680 554
1712690 554
1712700 553
1712710 554
1712720 554
1712730 554
1712740 554
1712750 554
1712760 554
1712770 554
1712780 554
1712790 554
1712800 554
1712810 554
1712820 554
1712830 554
1712840 554
1712850 554
1712860 554
1712870 554
1712880 554
1712890 555
1712900 555
1712910 555
1712920 556
1712930 556
1712940 556
1712950 556
1712960 556
1712970 557
1712980 557
1712990 557
1713000 557
1713010 557
1713020 558
1713030 558
1713040 558
1713050 558
1713060 558
1713070 558
1713080 558
1713090 558
1713100 558
1713110 558
1713120 558
1713130 558
1713140 559
1713150 559
1713160 559
1713170 559
1713180 559
1713190 559
1713200 559
1713210 559
1713220 560
1713230 560
1713240 560
1713250 560
1713260 560
1713270 560
1713280 560
1713290 561
1713300 561
1713310 561
1713320 561
1713330 561
1713340 561
1713350 561
1713360 561
1713370 562
1713380 562
1713390 562
1713400 562
1713410 562
1713420 562
1713430 562
1713440 562
1713450 563
1713460 563
1713470 563
1713480 563
1713490 563
1713500 563
1713510 563
1713520 563
1713530 564
1713540 564
1713550 564
1713560 564
1713570 564
1713580 564
1713590 564
1713600 564
1713610 564
1713620 565
1713630 565
1713640 565
1713650 565
1713660 565
1713670 565
1713680 565
1713690 566
1713700 566
1713710 566
1713720 566
1713730 566
1713740 567
1713750 567
1713760 567
1713770 567
1713780 567
1713790 567
1713800 567
1713810 567
1713820 567
1713830 567
1713840 568
1713850 568
1713860 568
1713870 568
1713880 568
1713890 568
1713900 568
1713910 568
1713920 568
1713930 568
1713940 569
1713950 569
1713960 569
1713970 569
1713980 569
1713990 569
1714000 569
1714010 569
1714020 569
1714030 569
1714040 569
1714050 569
1714060 569
1714070 569
1714080 569
1714090 569
1714100 569
1714110 569
1714120 569
1714130 569
1714140 569
1714150 569
1714160 569
1714170 568
1714180 568
1714190 568
1714200 568
1714210 568
1714220 568
1714230 568
1714240 568
1714250 568
1714260 568
1714270 568
1714280 568
1714290 567
1714300 567
1714310 567
1714320 567
1714330 567
1714340 567
1714350 567
1714360 567
1714370 566
1714380 566
1714390 566
1714400 566
1714410 566
1714420 565
1714430 565
1714440 565
1714450 565
1714460 564
1714470 564
1714480 564
1714490 564
1714500 563
1714510 563
1714520 563
1714530 562
1714540 562
1714550 562
1714560 561
1714570 561
1714580 560
1714590 560
1714600 560
1714610 560
1714620 560
1714630 560
1714640 560
1714650 559
1714660 559
1714670 559
1714680 559
1714690 559
1714700 558
1714710 558
1714720 558
1714730 558
1714740 557
1714750 557
1714760 557
1714770 557
1714780 556
1714790 556
1714800 556
1714810 556
1714820 556
1714830 555
1714840 555
1714850 555
1714860 555
1714870 555
1714880 555
1714890 555
1714900 554
1714910 554
1714920 554
1714930 554
1714940 554
1714950 554
1714960 554
1714970 554
1714980 554
1714990 554
1715000 554
1715010 554
1715020 553
1715030 553
1715040 553
1715050 553
1715060 553
1715070 553
1715080 552
1715090 552
1715100 552
1715110 552
1715120 552
1715130 552
1715140 551
1715150 551
1715160 551
1715170 551
1715180 551
1715190 551
1715200 551
1715210 551
1715220 551
1715230 551
1715240 551
1715250 551
1715260 551
1715270 551
1715280 551
1715290 551
1715300 550
1715310 550
1715320 550
1715330 550
1715340 550
1715350 550
1715360 549
1715370 549
1715380 549
1715390 549
1715400 549
1715410 549
1715420 549
1715430 549
1715440 549
1715450 549
1715460 549
1715470 549
1715480 549
1715490 549
1715500 549
1715510 548
1715520 548
1715530 548
1715540 548
1715550 548
1715560 547
1715570 547
1715580 547
1715590 546
1715600 546
1715610 546
1715620 546
1715630 545
1715640 545
1715650 545
1715660 545
1715670 544
1715680 544
1715690 544
1715700 544
1715710 543
1715720 543
1715730 543
1715740 542
1715750 542
1715760 541
1715770 541
1715780 541
1715790 540
1715800 540
1715810 539
1715820 539
1715830 538
1715840 538
1715850 538
1715860 537
1715870 537
1715880 536
1715890 536
1715900 535
1715910 534
1715920 533
1715930 533
1715940 533
1715950 532
1715960 532
1715970 531
1715980 531
1715990 530
1716000 530
1716010 529
1716020 529
1716030 528
1716040 527
1716050 527
1716060 526
1716070 526
1716080 525
1716090 525
1716100 524
1716110 523
1716120 523
1716130 522
1716140 521
1716150 520
1716160 518
1716170 516
1716180 514
1716190 512
1716200 510
1716210 509
1716220 508
1716230 507
1716240 506
1716250 505
1716260 505
1716270 504
1716280 504
1716290 502
1716300 501
1716310 500
1716320 499
1716330 499
1716340 498
1716350 498
1716360 497
1716370 497
1716380 497
1716390 497
1716400 496
1716410 496
1716420 496
1716430 497
1716440 498
1716450 498
1716460 499
1716470 499
1716480 499
1716490 500
1716500 502
1716510 503
1716520 503
1716530 504
1716540 505
1716550 506
1716560 506
1716570 507
1716580 507
1716590 508
1716600 508
1716610 509
1716620 509
1716630 509
1716640 509
1716650 509
1716660 510
1716670 510
1716680 510
1716690 510
1716700 510
1716710 510
1716720 510
1716730 510
1716740 509
1716750 509
1716760 508
1716770 508
1716780 508
1716790 508
1716800 508
1716810 507
1716820 507
1716830 506
1716840 506
1716850 505
1716860 504
1716870 504
1716880 503
1716890 503
1716900 502
1716910 502
1716920 501
1716930 501
1716940 500
1716950 500
1716960 500
1716970 500
1716980 499
1716990 499
1717000 499
1717010 499
1717020 498
1717030 498
1717040 498
1717050 497
1717060 497
1717070 496
1717080 495
1717090 494
1717100 493
1717110 492
1717120 491
1717130 490
1717140 488
1717150 486
1717160 484
1717170 482
1717180 480
1717190 478
1717200 476
1717210 474
1717220 472
1717230 470
1717240 468
1717250 467
1717260 466
1717270 465
1717280 465
1717290 465
1717300 465
1717310 465
1717320 465
1717330 466
1717340 467
1717350 467
1717360 468
1717370 468
1717380 469
1717390 469
1717400 470
1717410 470
1717420 470
1717430 471
1717440 471
1717450 471
1717460 471
1717470 471
1717480 471
1717490 471
1717500 471
1717510 471
1717520 470
1717530 470
1717540 469
1717550 468
1717560 468
1717570 467
1717580 466
1717590 465
1717600 463
1717610 462
1717620 460
1717630 458
1717640 455
1717650 453
1717660 453
1717670 452
1717680 451
1717690 450
1717700 449
1717710 449
1717720 450
1717730 453
1717740 456
1717750 458
1717760 462
1717770 465
1717780 467
1717790 470
1717800 474
1717810 477
1717820 480
1717830 483
1717840 486
1717850 489
1717860 492
1717870 494
1717880 496
1717890 497
1717900 498
1717910 499
1717920 500
1717930 501
1717940 502
1717950 502
1717960 503
1717970 503
1717980 503
1717990 504
1718000 504
1718010 505
1718020 505
1718030 506
1718040 506
1718050 506
1718060 506
1718070 506
1718080 506
1718090 506
1718100 506
1718110 506
1718120 506
1718130 506
1718140 506
1718150 506
1718160 506
1718170 505
1718180 505
1718190 505
1718200 505
1718210 505
1718220 505
1718230 504
1718240 504
1718250 504
1718260 504
1718270 504
1718280 503
1718290 503
1718300 503
1718310 503
1718320 502
1718330 502
1718340 502
1718350 502
1718360 501
1718370 501
1718380 501
1718390 500
1718400 500
1718410 500
1718420 499
1718430 499
1718440 499
1718450 498
1718460 498
1718470 498
1718480 498
1718490 497
1718500 496
1718510 495
1718520 495
1718530 496
1718540 495
1718550 495
1718560 495
1718570 494
1718580 494
1718590 494
1718600 493
1718610 493
1718620 493
1718630 492
1718640 492
1718650 491
1718660 491
1718670 491
1718680 490
1718690 490
1718700 490
1718710 490
1718720 489
1718730 489
1718740 489
1718750 489
1718760 489
1718770 488
1718780 488
1718790 488
1718800 487
1718810 487
1718820 486
1718830 486
1718840 486
1718850 486
1718860 485
1718870 485
1718880 485
1718890 485
1718900 485
1718910 484
1718920 484
1718930 484
1718940 484
1718950 484
1718960 483
1718970 483
1718980 483
1718990 483
1719000 483
1719010 482
1719020 482
1719030 482
1719040 482
1719050 482
1719060 482
1719070 481
1719080 481
1719090 481
1719100 481
1719110 481
1719120 481
1719130 481
1719140 480
1719150 480
1719160 480
1719170 480
1719180 480
1719190 480
1719200 480
1719210 480
1719220 480
1719230 480
1719240 480
1719250 480
1719260 480
1719270 480
1719280 479
1719290 479
1719300 479
1719310 479
1719320 479
1719330 479
1719340 479
1719350 479
1719360 479
1719370 479
1719380 479
1719390 478
1719400 478
1719410 478
1719420 478
1719430 478
1719440 478
1719450 478
1719460 478
1719470 478
1719480 478
1719490 478
1719500 478
1719510 478
1719520 478
1719530 478
1719540 478
1719550 477
1719560 477
1719570 478
1719580 478
1719590 478
1719600 478
1719610 478
1719620 479
1719630 479
1719640 479
1719650 480
1719660 480
1719670 480
1719680 481
1719690 481
1719700 481
1719710 482
1719720 482
1719730 482
1719740 483
1719750 483
1719760 483
1719770 484
1719780 484
1719790 484
1719800 484
1719810 485
1719820 485
1719830 486
1719840 486
1719850 487
1719860 488
1719870 488
1719880 489
1719890 489
1719900 489
1719910 490
1719920 490
1719930 491
1719940 491
1719950 491
1719960 492
1719970 492
1719980 492
1719990 493
