1700000 530
1700010 530
1700020 530
1700030 530
1700040 531
1700050 531
1700060 531
1700070 531
1700080 532
1700090 532
1700100 532
1700110 533
1700120 533
1700130 533
1700140 533
1700150 534
1700160 534
1700170 534
1700180 534
1700190 535
1700200 535
1700210 535
1700220 535
1700230 535
1700240 535
1700250 535
1700260 535
1700270 535
1700280 536
1700290 536
1700300 537
1700310 537
1700320 537
1700330 537
1700340 538
1700350 538
1700360 538
1700370 539
1700380 539
1700390 540
1700400 540
1700410 540
1700420 540
1700430 541
1700440 542
1700450 542
1700460 543
1700470 543
1700480 543
1700490 543
1700500 543
1700510 543
1700520 544
1700530 544
1700540 544
1700550 544
1700560 544
1700570 544
1700580 544
1700590 544
1700600 544
1700610 544
1700620 544
1700630 544
1700640 544
1700650 544
1700660 544
1700670 545
1700680 545
1700690 545
1700700 545
1700710 544
1700720 544
1700730 544
1700740 544
1700750 544
1700760 544
1700770 545
1700780 545
1700790 545
1700800 545
1700810 545
1700820 545
1700830 545
1700840 545
1700850 544
1700860 544
1700870 544
1700880 543
1700890 541
1700900 539
1700910 537
1700920 536
1700930 535
1700940 535
1700950 534
1700960 533
1700970 533
1700980 534
1700990 535
1701000 536
1701010 538
1701020 541
1701030 543
1701040 545
1701050 548
1701060 550
1701070 552
1701080 553
1701090 553
1701100 554
1701110 554
1701120 554
1701130 555
1701140 555
1701150 555
1701160 555
1701170 555
1701180 555
1701190 555
1701200 555
1701210 555
1701220 555
1701230 555
1701240 555
1701250 554
1701260 554
1701270 554
1701280 554
1701290 554
1701300 554
1701310 554
1701320 554
1701330 554
1701340 554
1701350 554
1701360 554
1701370 554
1701380 555
1701390 555
1701400 555
1701410 555
1701420 556
1701430 556
1701440 556
1701450 556
1701460 556
1701470 556
1701480 556
1701490 556
1701500 557
1701510 557
1701520 557
1701530 558
1701540 558
1701550 559
1701560 559
1701570 559
1701580 559
1701590 559
1701600 560
1701610 560
1701620 560
1701630 560
1701640 560
1701650 560
1701660 560
1701670 560
1701680 560
1701690 560
1701700 560
1701710 560
1701720 560
1701730 560
1701740 560
1701750 560
1701760 559
1701770 559
1701780 559
1701790 559
1701800 559
1701810 559
1701820 559
1701830 559
1701840 559
1701850 558
1701860 558
1701870 558
1701880 558
1701890 558
1701900 558
1701910 558
1701920 558
1701930 558
1701940 557
1701950 557
1701960 557
1701970 557
1701980 557
1701990 557
1702000 557
1702010 557
1702020 557
1702030 557
1702040 556
1702050 556
1702060 556
1702070 556
1702080 556
1702090 556
1702100 556
1702110 556
1702120 556
1702130 556
1702140 556
1702150 556
1702160 555
1702170 555
1702180 555
1702190 555
1702200 555
1702210 555
1702220 555
1702230 555
1702240 555
1702250 555
1702260 555
1702270 555
1702280 555
1702290 555
1702300 555
1702310 555
1702320 555
1702330 555
1702340 555
1702350 554
1702360 554
1702370 554
1702380 554
1702390 554
1702400 554
1702410 554
1702420 554
1702430 554
1702440 554
1702450 553
1702460 553
1702470 553
1702480 553
1702490 553
1702500 553
1702510 552
1702520 552
1702530 552
1702540 551
1702550 551
1702560 550
1702570 550
1702580 550
1702590 550
1702600 549
1702610 549
1702620 549
1702630 549
1702640 549
1702650 548
1702660 548
1702670 548
1702680 548
1702690 548
1702700 548
1702710 548
1702720 547
1702730 547
1702740 547
1702750 547
1702760 547
1702770 547
1702780 547
1702790 546
1702800 546
1702810 546
1702820 546
1702830 546
1702840 546
1702850 546
1702860 546
1702870 546
1702880 547
1702890 547
1702900 547
1702910 547
1702920 547
1702930 547
1702940 547
1702950 546
1702960 546
1702970 546
1702980 546
1702990 546
1703000 546
1703010 546
1703020 546
1703030 546
1703040 546
1703050 546
1703060 546
1703070 546
1703080 547
1703090 547
1703100 547
1703110 547
1703120 547
1703130 547
1703140 547
1703150 547
1703160 547
1703170 547
1703180 547
1703190 547
1703200 547
1703210 547
1703220 547
1703230 547
1703240 546
1703250 546
1703260 546
1703270 546
1703280 546
1703290 546
1703300 546
1703310 546
1703320 546
1703330 546
1703340 546
1703350 546
1703360 546
1703370 546
1703380 545
1703390 545
1703400 545
1703410 544
1703420 543
1703430 541
1703440 540
1703450 539
1703460 539
1703470 538
1703480 538
1703490 539
1703500 539
1703510 540
1703520 540
1703530 540
1703540 540
1703550 541
1703560 542
1703570 543
1703580 543
1703590 544
1703600 545
1703610 545
1703620 546
1703630 547
1703640 547
1703650 548
1703660 548
1703670 548
1703680 549
1703690 549
1703700 549
1703710 549
1703720 549
1703730 549
1703740 549
1703750 550
1703760 549
1703770 549
1703780 549
1703790 550
1703800 550
1703810 549
1703820 549
1703830 549
1703840 549
1703850 549
1703860 549
1703870 549
1703880 549
1703890 549
1703900 549
1703910 549
1703920 549
1703930 549
1703940 548
1703950 548
1703960 548
1703970 548
1703980 548
1703990 548
1704000 548
1704010 548
1704020 548
1704030 548
1704040 548
1704050 549
1704060 549
1704070 549
1704080 549
1704090 549
1704100 549
1704110 550
1704120 550
1704130 552
1704140 551
1704150 550
1704160 549
1704170 549
1704180 549
1704190 549
1704200 549
1704210 549
1704220 549
1704230 549
1704240 549
1704250 549
1704260 549
1704270 549
1704280 548
1704290 548
1704300 548
1704310 546
1704320 545
1704330 544
1704340 544
1704350 544
1704360 544
1704370 544
1704380 544
1704390 544
1704400 545
1704410 546
1704420 549
1704430 552
1704440 555
1704450 559
1704460 561
1704470 563
1704480 565
1704490 566
1704500 567
1704510 568
1704520 569
1704530 570
1704540 571
1704550 571
1704560 572
1704570 573
1704580 574
1704590 575
1704600 576
1704610 577
1704620 577
1704630 578
1704640 579
1704650 580
1704660 580
1704670 581
1704680 581
1704690 582
1704700 582
1704710 582
1704720 582
1704730 582
1704740 582
1704750 583
1704760 583
1704770 583
1704780 583
1704790 583
1704800 583
1704810 583
1704820 583
1704830 584
1704840 584
1704850 584
1704860 584
1704870 584
1704880 584
1704890 584
1704900 584
1704910 584
1704920 583
1704930 583
1704940 583
1704950 583
1704960 583
1704970 583
1704980 583
1704990 583
1705000 583
1705010 583
1705020 583
1705030 584
1705040 584
1705050 585
1705060 586
1705070 586
1705080 587
1705090 588
1705100 589
1705110 590
1705120 591
1705130 592
1705140 592
1705150 593
1705160 594
1705170 595
1705180 596
1705190 597
1705200 598
1705210 598
1705220 599
1705230 599
1705240 599
1705250 599
1705260 599
1705270 599
1705280 599
1705290 599
1705300 598
1705310 598
1705320 598
1705330 598
1705340 598
1705350 598
1705360 598
1705370 598
1705380 598
1705390 598
1705400 598
1705410 597
1705420 597
1705430 597
1705440 597
1705450 597
1705460 597
1705470 597
1705480 597
1705490 597
1705500 597
1705510 597
1705520 597
1705530 597
1705540 596
1705550 596
1705560 596
1705570 596
1705580 595
1705590 595
1705600 595
1705610 595
1705620 595
1705630 595
1705640 594
1705650 594
1705660 594
1705670 594
1705680 594
1705690 594
1705700 594
1705710 593
1705720 593
1705730 593
1705740 593
1705750 593
1705760 593
1705770 593
1705780 592
1705790 592
1705800 592
1705810 592
1705820 592
1705830 592
1705840 592
1705850 591
1705860 591
1705870 591
1705880 591
1705890 590
1705900 590
1705910 590
1705920 590
1705930 590
1705940 589
1705950 589
1705960 589
1705970 589
1705980 588
1705990 588
1706000 588
1706010 587
1706020 587
1706030 587
1706040 586
1706050 586
1706060 585
1706070 585
1706080 585
1706090 585
1706100 584
1706110 584
1706120 584
1706130 584
1706140 584
1706150 583
1706160 583
1706170 582
1706180 582
1706190 582
1706200 581
1706210 581
1706220 581
1706230 581
1706240 581
1706250 580
1706260 580
1706270 579
1706280 579
1706290 579
1706300 579
1706310 578
1706320 578
1706330 578
1706340 578
1706350 577
1706360 577
1706370 577
1706380 577
1706390 576
1706400 576
1706410 576
1706420 576
1706430 576
1706440 575
1706450 575
1706460 575
1706470 575
1706480 575
1706490 575
1706500 575
1706510 574
1706520 574
1706530 573
1706540 573
1706550 573
1706560 572
1706570 572
1706580 571
1706590 571
1706600 571
1706610 570
1706620 570
1706630 570
1706640 570
1706650 570
1706660 570
1706670 570
1706680 570
1706690 570
1706700 570
1706710 569
1706720 569
1706730 569
1706740 569
1706750 569
1706760 569
1706770 569
1706780 569
1706790 569
1706800 569
1706810 569
1706820 568
1706830 568
1706840 568
1706850 568
1706860 568
1706870 568
1706880 568
1706890 567
1706900 567
1706910 567
1706920 567
1706930 567
1706940 566
1706950 566
1706960 566
1706970 566
1706980 566
1706990 566
1707000 565
1707010 565
1707020 565
1707030 564
1707040 564
1707050 564
1707060 564
1707070 563
1707080 563
1707090 562
1707100 562
1707110 562
1707120 561
1707130 561
1707140 561
1707150 561
1707160 561
1707170 560
1707180 560
1707190 561
1707200 562
1707210 563
1707220 564
1707230 565
1707240 566
1707250 567
1707260 568
1707270 568
1707280 569
1707290 569
1707300 570
1707310 570
1707320 571
1707330 571
1707340 571
1707350 571
1707360 571
1707370 571
1707380 571
1707390 571
1707400 570
1707410 570
1707420 570
1707430 570
1707440 570
1707450 569
1707460 569
1707470 568
1707480 568
1707490 568
1707500 567
1707510 567
1707520 567
1707530 567
1707540 566
1707550 566
1707560 566
1707570 566
1707580 565
1707590 566
1707600 566
1707610 566
1707620 568
1707630 570
1707640 573
1707650 575
1707660 577
1707670 578
1707680 578
1707690 578
1707700 578
1707710 578
1707720 578
1707730 578
1707740 578
1707750 578
1707760 578
1707770 578
1707780 578
1707790 578
1707800 578
1707810 578
1707820 578
1707830 577
1707840 577
1707850 577
1707860 576
1707870 576
1707880 576
1707890 576
1707900 576
1707910 575
1707920 575
1707930 575
1707940 575
1707950 574
1707960 574
1707970 574
1707980 574
1707990 574
1708000 574
1708010 574
1708020 575
1708030 575
1708040 575
1708050 575
1708060 575
1708070 575
1708080 575
1708090 575
1708100 576
1708110 576
1708120 576
1708130 576
1708140 576
1708150 576
1708160 576
1708170 576
1708180 576
1708190 576
1708200 576
1708210 576
1708220 575
1708230 575
1708240 575
1708250 575
1708260 575
1708270 575
1708280 576
1708290 576
1708300 576
1708310 576
1708320 576
1708330 576
1708340 576
1708350 575
1708360 575
1708370 575
1708380 575
1708390 575
1708400 575
1708410 575
1708420 575
1708430 575
1708440 575
1708450 574
1708460 574
1708470 573
1708480 573
1708490 574
1708500 574
1708510 574
1708520 574
1708530 574
1708540 573
1708550 572
1708560 572
1708570 572
1708580 572
1708590 573
1708600 573
1708610 572
1708620 572
1708630 572
1708640 572
1708650 572
1708660 572
1708670 572
1708680 572
1708690 573
1708700 573
1708710 573
1708720 573
1708730 573
1708740 574
1708750 574
1708760 574
1708770 574
1708780 575
1708790 576
1708800 577
1708810 577
1708820 578
1708830 579
1708840 580
1708850 580
1708860 581
1708870 581
1708880 582
1708890 583
1708900 583
1708910 584
1708920 585
1708930 585
1708940 586
1708950 586
1708960 587
1708970 588
1708980 589
1708990 589
1709000 589
1709010 590
1709020 591
1709030 591
1709040 592
1709050 592
1709060 593
1709070 594
1709080 594
1709090 595
1709100 596
1709110 596
1709120 597
1709130 598
1709140 599
1709150 600
1709160 601
1709170 602
1709180 603
1709190 604
1709200 605
1709210 605
1709220 606
1709230 607
1709240 608
1709250 609
1709260 610
1709270 610
1709280 611
1709290 611
1709300 611
1709310 612
1709320 612
1709330 612
1709340 611
1709350 611
1709360 611
1709370 611
1709380 611
1709390 610
1709400 610
1709410 610
1709420 610
1709430 610
1709440 609
1709450 609
1709460 609
1709470 609
1709480 608
1709490 608
1709500 608
1709510 608
1709520 608
1709530 608
1709540 608
1709550 608
1709560 608
1709570 608
1709580 608
1709590 609
1709600 609
1709610 609
1709620 609
1709630 609
1709640 609
1709650 610
1709660 610
1709670 610
1709680 610
1709690 611
1709700 611
1709710 612
1709720 612
1709730 611
1709740 611
1709750 611
1709760 611
1709770 611
1709780 610
1709790 610
1709800 610
1709810 610
1709820 610
1709830 610
1709840 609
1709850 609
1709860 609
1709870 609
1709880 608
1709890 608
1709900 608
1709910 608
1709920 607
1709930 607
1709940 607
1709950 607
1709960 607
1709970 606
1709980 606
1709990 606
1710000 605
1710010 605
1710020 604
1710030 604
1710040 603
1710050 603
1710060 602
1710070 602
1710080 601
1710090 600
1710100 600
1710110 599
1710120 598
1710130 598
1710140 597
1710150 596
1710160 595
1710170 595
1710180 594
1710190 593
1710200 593
1710210 592
1710220 591
1710230 591
1710240 590
1710250 590
1710260 589
1710270 588
1710280 588
1710290 587
1710300 586
1710310 586
1710320 585
1710330 584
1710340 583
1710350 583
1710360 582
1710370 581
1710380 580
1710390 580
1710400 579
1710410 578
1710420 578
1710430 577
1710440 576
1710450 575
1710460 575
1710470 574
1710480 573
1710490 572
1710500 572
1710510 571
1710520 571
1710530 570
1710540 570
1710550 569
1710560 569
1710570 569
1710580 568
1710590 568
1710600 567
1710610 567
1710620 566
1710630 566
1710640 565
1710650 565
1710660 564
1710670 564
1710680 564
1710690 563
1710700 562
1710710 562
1710720 561
1710730 561
1710740 560
1710750 560
1710760 560
1710770 559
1710780 558
1710790 558
1710800 557
1710810 557
1710820 556
1710830 556
1710840 555
1710850 555
1710860 555
1710870 554
1710880 554
1710890 553
1710900 553
1710910 553
1710920 552
1710930 552
1710940 552
1710950 551
1710960 551
1710970 551
1710980 550
1710990 550
1711000 550
1711010 550
1711020 550
1711030 549
1711040 549
1711050 549
1711060 549
1711070 548
1711080 548
1711090 548
1711100 547
1711110 547
1711120 547
1711130 547
1711140 546
1711150 546
1711160 546
1711170 546
1711180 545
1711190 545
1711200 545
1711210 545
1711220 544
1711230 544
1711240 544
1711250 543
1711260 543
1711270 543
1711280 543
1711290 542
1711300 542
1711310 542
1711320 542
1711330 542
1711340 542
1711350 541
1711360 541
1711370 541
1711380 541
1711390 541
1711400 541
1711410 541
1711420 541
1711430 541
1711440 541
1711450 541
1711460 541
1711470 541
1711480 541
1711490 542
1711500 541
1711510 541
1711520 541
1711530 541
1711540 540
1711550 540
1711560 540
1711570 540
1711580 540
1711590 540
1711600 540
1711610 540
1711620 540
1711630 540
1711640 540
1711650 540
1711660 539
1711670 539
1711680 539
1711690 539
1711700 539
1711710 539
1711720 539
1711730 538
1711740 538
1711750 538
1711760 538
1711770 538
1711780 538
1711790 538
1711800 537
1711810 537
1711820 537
1711830 537
1711840 537
1711850 537
1711860 537
1711870 536
1711880 536
1711890 536
1711900 536
1711910 536
1711920 536
1711930 536
1711940 537
1711950 537
1711960 537
1711970 537
1711980 537
1711990 537
1712000 537
1712010 538
1712020 538
1712030 538
1712040 538
1712050 538
1712060 538
1712070 539
1712080 539
1712090 539
1712100 539
1712110 539
1712120 539
1712130 540
1712140 540
1712150 540
1712160 540
1712170 540
1712180 540
1712190 540
1712200 539
1712210 539
1712220 539
1712230 539
1712240 539
1712250 539
1712260 540
1712270 540
1712280 541
1712290 541
1712300 541
1712310 542
1712320 543
1712330 544
1712340 544
1712350 545
1712360 545
1712370 546
1712380 547
1712390 547
1712400 548
1712410 548
1712420 549
1712430 549
1712440 550
1712450 550
1712460 551
1712470 551
1712480 552
1712490 552
1712500 552
1712510 553
1712520 554
1712530 554
1712540 554
1712550 555
1712560 555
1712570 556
1712580 556
1712590 556
1712600 557
1712610 557
1712620 558
1712630 558
1712640 557
1712650 558
1712660 557
1712670 557
1712680 557
1712690 558
1712700 558
1712710 559
1712720 560
1712730 560
1712740 561
1712750 561
1712760 561
1712770 561
1712780 561
1712790 561
1712800 561
1712810 562
1712820 562
1712830 562
1712840 561
1712850 561
1712860 561
1712870 561
1712880 561
1712890 561
1712900 562
1712910 562
1712920 562
1712930 562
1712940 562
1712950 562
1712960 562
1712970 562
1712980 562
1712990 562
1713000 562
1713010 562
1713020 562
1713030 562
1713040 562
1713050 562
1713060 562
1713070 562
1713080 562
1713090 562
1713100 562
1713110 562
1713120 562
1713130 562
1713140 561
1713150 561
1713160 561
1713170 561
1713180 561
1713190 561
1713200 561
1713210 560
1713220 560
1713230 560
1713240 560
1713250 560
1713260 560
1713270 560
1713280 560
1713290 560
1713300 560
1713310 560
1713320 560
1713330 560
1713340 560
1713350 560
1713360 560
1713370 560
1713380 561
1713390 561
1713400 561
1713410 561
1713420 561
1713430 561
1713440 561
1713450 562
1713460 561
1713470 561
1713480 561
1713490 561
1713500 561
1713510 561
1713520 561
1713530 561
1713540 561
1713550 561
1713560 561
1713570 561
1713580 561
1713590 561
1713600 561
1713610 561
1713620 561
1713630 561
1713640 561
1713650 561
1713660 561
1713670 561
1713680 561
1713690 561
1713700 561
1713710 562
1713720 562
1713730 562
1713740 562
1713750 562
1713760 562
1713770 562
1713780 562
1713790 562
1713800 562
1713810 562
1713820 562
1713830 563
1713840 563
1713850 563
1713860 563
1713870 563
1713880 563
1713890 563
1713900 563
1713910 563
1713920 563
1713930 563
1713940 563
1713950 562
1713960 562
1713970 562
1713980 562
1713990 563
1714000 563
1714010 562
1714020 562
1714030 562
1714040 562
1714050 562
1714060 562
1714070 562
1714080 561
1714090 561
1714100 561
1714110 561
1714120 561
1714130 561
1714140 561
1714150 560
1714160 560
1714170 560
1714180 560
1714190 560
1714200 560
1714210 559
1714220 559
1714230 559
1714240 559
1714250 559
1714260 559
1714270 558
1714280 558
1714290 558
1714300 558
1714310 558
1714320 557
1714330 557
1714340 557
1714350 556
1714360 556
1714370 556
1714380 556
1714390 556
1714400 555
1714410 555
1714420 555
1714430 555
1714440 555
1714450 554
1714460 554
1714470 554
1714480 554
1714490 553
1714500 553
1714510 553
1714520 552
1714530 552
1714540 552
1714550 552
1714560 551
1714570 551
1714580 551
1714590 550
1714600 550
1714610 550
1714620 550
1714630 549
1714640 549
1714650 549
1714660 548
1714670 548
1714680 547
1714690 547
1714700 546
1714710 546
1714720 546
1714730 545
1714740 545
1714750 545
1714760 545
1714770 544
1714780 544
1714790 544
1714800 543
1714810 543
1714820 543
1714830 542
1714840 541
1714850 540
1714860 540
1714870 540
1714880 540
1714890 539
1714900 539
1714910 538
1714920 538
1714930 537
1714940 536
1714950 534
1714960 534
1714970 534
1714980 534
1714990 535
1715000 535
1715010 536
1715020 536
1715030 535
1715040 535
1715050 534
1715060 534
1715070 534
1715080 534
1715090 534
1715100 533
1715110 533
1715120 533
1715130 532
1715140 532
1715150 532
1715160 531
1715170 531
1715180 531
1715190 530
1715200 530
1715210 530
1715220 530
1715230 530
1715240 529
1715250 529
1715260 529
1715270 528
1715280 528
1715290 528
1715300 528
1715310 528
1715320 528
1715330 527
1715340 527
1715350 526
1715360 526
1715370 525
1715380 525
1715390 525
1715400 525
1715410 525
1715420 524
1715430 524
1715440 524
1715450 523
1715460 523
1715470 523
1715480 523
1715490 523
1715500 522
1715510 522
1715520 522
1715530 522
1715540 522
1715550 521
1715560 521
1715570 520
1715580 521
1715590 521
1715600 521
1715610 521
1715620 521
1715630 520
1715640 520
1715650 520
1715660 519
1715670 519
1715680 519
1715690 518
1715700 518
1715710 518
1715720 518
1715730 517
1715740 517
1715750 517
1715760 517
1715770 517
1715780 516
1715790 516
1715800 516
1715810 515
1715820 515
1715830 515
1715840 514
1715850 514
1715860 513
1715870 513
1715880 513
1715890 512
1715900 512
1715910 512
1715920 511
1715930 511
1715940 510
1715950 510
1715960 509
1715970 509
1715980 508
1715990 508
1716000 508
1716010 507
1716020 507
1716030 507
1716040 506
1716050 506
1716060 506
1716070 505
1716080 505
1716090 505
1716100 504
1716110 503
1716120 502
1716130 502
1716140 501
1716150 501
1716160 500
1716170 500
1716180 500
1716190 499
1716200 499
1716210 499
1716220 499
1716230 499
1716240 499
1716250 499
1716260 498
1716270 498
1716280 498
1716290 499
1716300 499
1716310 499
1716320 499
1716330 500
1716340 500
1716350 500
1716360 500
1716370 501
1716380 501
1716390 501
1716400 502
1716410 502
1716420 502
1716430 503
1716440 503
1716450 504
1716460 504
1716470 505
1716480 505
1716490 505
1716500 506
1716510 506
1716520 507
1716530 507
1716540 508
1716550 508
1716560 509
1716570 509
1716580 510
1716590 510
1716600 511
1716610 511
1716620 512
1716630 512
1716640 512
1716650 513
1716660 513
1716670 513
1716680 514
1716690 514
1716700 514
1716710 515
1716720 515
1716730 515
1716740 514
1716750 514
1716760 514
1716770 514
1716780 513
1716790 513
1716800 512
1716810 512
1716820 511
1716830 510
1716840 509
1716850 508
1716860 507
1716870 507
1716880 506
1716890 505
1716900 504
1716910 504
1716920 503
1716930 502
1716940 501
1716950 500
1716960 499
1716970 498
1716980 497
1716990 496
1717000 495
1717010 494
1717020 493
1717030 492
1717040 491
1717050 490
1717060 489
1717070 488
1717080 487
1717090 486
1717100 485
1717110 484
1717120 483
1717130 482
1717140 481
1717150 480
1717160 479
1717170 478
1717180 476
1717190 475
1717200 473
1717210 471
1717220 469
1717230 467
1717240 465
1717250 464
1717260 463
1717270 461
1717280 461
1717290 460
1717300 459
1717310 458
1717320 456
1717330 456
1717340 456
1717350 456
1717360 458
1717370 460
1717380 466
1717390 470
1717400 473
1717410 475
1717420 477
1717430 479
1717440 481
1717450 482
1717460 482
1717470 482
1717480 482
1717490 482
1717500 483
1717510 482
1717520 480
1717530 478
1717540 477
1717550 477
1717560 478
1717570 479
1717580 480
1717590 482
1717600 483
1717610 485
1717620 486
1717630 487
1717640 488
1717650 489
1717660 490
1717670 490
1717680 491
1717690 492
1717700 493
1717710 495
1717720 495
1717730 496
1717740 497
1717750 497
1717760 497
1717770 498
1717780 498
1717790 498
1717800 499
1717810 499
1717820 499
1717830 499
1717840 499
1717850 500
1717860 500
1717870 500
1717880 500
1717890 500
1717900 501
1717910 501
1717920 501
1717930 502
1717940 502
1717950 502
1717960 502
1717970 502
1717980 502
1717990 502
1718000 502
1718010 502
1718020 503
1718030 503
1718040 503
1718050 503
1718060 504
1718070 504
1718080 504
1718090 505
1718100 505
1718110 506
1718120 506
1718130 506
1718140 506
1718150 506
1718160 506
1718170 506
1718180 506
1718190 506
1718200 506
1718210 506
1718220 506
1718230 506
1718240 506
1718250 505
1718260 505
1718270 505
1718280 505
1718290 505
1718300 504
1718310 504
1718320 504
1718330 504
1718340 503
1718350 503
1718360 503
1718370 502
1718380 502
1718390 502
1718400 501
1718410 501
1718420 501
1718430 501
1718440 500
1718450 500
1718460 500
1718470 499
1718480 499
1718490 499
1718500 499
1718510 498
1718520 498
1718530 498
1718540 498
1718550 497
1718560 497
1718570 497
1718580 496
1718590 496
1718600 496
1718610 495
1718620 495
1718630 495
1718640 494
1718650 494
1718660 494
1718670 494
1718680 493
1718690 493
1718700 493
1718710 492
1718720 492
1718730 492
1718740 492
1718750 491
1718760 491
1718770 491
1718780 491
1718790 491
1718800 491
1718810 491
1718820 491
1718830 490
1718840 490
1718850 490
1718860 490
1718870 490
1718880 490
1718890 490
1718900 490
1718910 490
1718920 490
1718930 490
1718940 490
1718950 490
1718960 490
1718970 490
1718980 490
1718990 491
1719000 491
1719010 491
1719020 491
1719030 491
1719040 491
1719050 491
1719060 491
1719070 491
1719080 492
1719090 492
1719100 492
1719110 492
1719120 492
1719130 492
1719140 492
1719150 492
1719160 492
1719170 492
1719180 492
1719190 492
1719200 493
1719210 493
1719220 493
1719230 493
1719240 493
1719250 493
1719260 493
1719270 493
1719280 493
1719290 493
1719300 493
1719310 493
1719320 493
1719330 493
1719340 492
1719350 492
1719360 492
1719370 492
1719380 492
1719390 492
1719400 492
1719410 492
1719420 492
1719430 492
1719440 492
1719450 492
1719460 492
1719470 492
1719480 492
1719490 492
1719500 492
1719510 492
1719520 492
1719530 492
1719540 492
1719550 492
1719560 491
1719570 491
1719580 492
1719590 492
1719600 492
1719610 492
1719620 492
1719630 492
1719640 492
1719650 492
1719660 492
1719670 492
1719680 492
1719690 492
1719700 492
1719710 493
1719720 493
1719730 493
1719740 493
1719750 493
1719760 493
1719770 493
1719780 493
1719790 493
1719800 493
1719810 493
1719820 493
1719830 493
1719840 493
1719850 493
1719860 494
1719870 494
1719880 494
1719890 494
1719900 494
1719910 494
1719920 494
1719930 494
1719940 494
1719950 494
1719960 494
1719970 494
1719980 494
1719990 494
