1700000 551
1700010 551
1700020 551
1700030 551
1700040 552
1700050 552
1700060 552
1700070 552
1700080 552
1700090 552
1700100 552
1700110 552
1700120 552
1700130 552
1700140 552
1700150 553
1700160 553
1700170 553
1700180 553
1700190 553
1700200 553
1700210 553
1700220 554
1700230 554
1700240 554
1700250 554
1700260 554
1700270 554
1700280 554
1700290 554
1700300 555
1700310 555
1700320 555
1700330 555
1700340 555
1700350 555
1700360 555
1700370 555
1700380 555
1700390 555
1700400 555
1700410 555
1700420 556
1700430 556
1700440 556
1700450 556
1700460 556
1700470 555
1700480 555
1700490 555
1700500 555
1700510 555
1700520 555
1700530 555
1700540 555
1700550 555
1700560 555
1700570 555
1700580 555
1700590 555
1700600 555
1700610 555
1700620 555
1700630 555
1700640 555
1700650 555
1700660 555
1700670 555
1700680 555
1700690 555
1700700 555
1700710 555
1700720 555
1700730 555
1700740 555
1700750 555
1700760 555
1700770 555
1700780 555
1700790 555
1700800 555
1700810 555
1700820 555
1700830 555
1700840 555
1700850 555
1700860 555
1700870 555
1700880 555
1700890 555
1700900 554
1700910 554
1700920 554
1700930 554
1700940 554
1700950 554
1700960 553
1700970 553
1700980 553
1700990 553
1701000 553
1701010 553
1701020 553
1701030 553
1701040 553
1701050 553
1701060 552
1701070 552
1701080 552
1701090 552
1701100 552
1701110 552
1701120 552
1701130 552
1701140 552
1701150 552
1701160 552
1701170 552
1701180 552
1701190 552
1701200 552
1701210 552
1701220 552
1701230 552
1701240 552
1701250 552
1701260 552
1701270 552
1701280 552
1701290 552
1701300 551
1701310 551
1701320 550
1701330 549
1701340 549
1701350 549
1701360 549
1701370 550
1701380 550
1701390 551
1701400 552
1701410 552
1701420 553
1701430 554
1701440 554
1701450 554
1701460 555
1701470 555
1701480 555
1701490 556
1701500 556
1701510 556
1701520 557
1701530 557
1701540 558
1701550 558
1701560 559
1701570 559
1701580 559
1701590 558
1701600 558
1701610 558
1701620 558
1701630 558
1701640 558
1701650 558
1701660 559
1701670 559
1701680 559
1701690 559
1701700 559
1701710 559
1701720 559
1701730 559
1701740 559
1701750 559
1701760 559
1701770 560
1701780 560
1701790 560
1701800 560
1701810 560
1701820 560
1701830 560
1701840 560
1701850 560
1701860 560
1701870 560
1701880 561
1701890 561
1701900 561
1701910 561
1701920 561
1701930 561
1701940 561
1701950 561
1701960 561
1701970 562
1701980 562
1701990 562
1702000 562
1702010 562
1702020 562
1702030 562
1702040 562
1702050 562
1702060 562
1702070 562
1702080 562
1702090 562
1702100 562
1702110 562
1702120 563
1702130 563
1702140 563
1702150 563
1702160 563
1702170 563
1702180 563
1702190 563
1702200 563
1702210 563
1702220 563
1702230 563
1702240 564
1702250 564
1702260 564
1702270 564
1702280 564
1702290 564
1702300 564
1702310 564
1702320 564
1702330 564
1702340 564
1702350 564
1702360 564
1702370 563
1702380 563
1702390 563
1702400 563
1702410 563
1702420 563
1702430 562
1702440 562
1702450 562
1702460 562
1702470 562
1702480 562
1702490 562
1702500 562
1702510 562
1702520 562
1702530 562
1702540 562
1702550 562
1702560 562
1702570 561
1702580 561
1702590 561
1702600 561
1702610 561
1702620 560
1702630 560
1702640 560
1702650 560
1702660 560
1702670 559
1702680 559
1702690 559
1702700 559
1702710 559
1702720 558
1702730 558
1702740 558
1702750 558
1702760 558
1702770 558
1702780 558
1702790 557
1702800 557
1702810 557
1702820 557
1702830 557
1702840 557
1702850 557
1702860 556
1702870 556
1702880 556
1702890 556
1702900 556
1702910 556
1702920 555
1702930 555
1702940 555
1702950 555
1702960 555
1702970 555
1702980 555
1702990 554
1703000 554
1703010 554
1703020 554
1703030 553
1703040 553
1703050 553
1703060 553
1703070 553
1703080 553
1703090 552
1703100 552
1703110 552
1703120 553
1703130 552
1703140 552
1703150 552
1703160 552
1703170 552
1703180 552
1703190 552
1703200 552
1703210 552
1703220 552
1703230 552
1703240 552
1703250 552
1703260 552
1703270 552
1703280 552
1703290 551
1703300 551
1703310 551
1703320 551
1703330 551
1703340 551
1703350 550
1703360 550
1703370 550
1703380 550
1703390 550
1703400 549
1703410 549
1703420 549
1703430 549
1703440 548
1703450 549
1703460 549
1703470 549
1703480 549
1703490 549
1703500 549
1703510 549
1703520 550
1703530 550
1703540 550
1703550 550
1703560 551
1703570 551
1703580 551
1703590 551
1703600 552
1703610 552
1703620 553
1703630 553
1703640 554
1703650 554
1703660 554
1703670 555
1703680 555
1703690 555
1703700 555
1703710 554
1703720 554
1703730 554
1703740 555
1703750 555
1703760 555
1703770 555
1703780 555
1703790 555
1703800 555
1703810 555
1703820 555
1703830 555
1703840 556
1703850 556
1703860 556
1703870 556
1703880 556
1703890 556
1703900 556
1703910 556
1703920 556
1703930 556
1703940 556
1703950 556
1703960 556
1703970 556
1703980 556
1703990 557
1704000 557
1704010 557
1704020 557
1704030 557
1704040 557
1704050 557
1704060 558
1704070 558
1704080 558
1704090 558
1704100 558
1704110 558
1704120 558
1704130 558
1704140 558
1704150 558
1704160 559
1704170 559
1704180 559
1704190 559
1704200 559
1704210 558
1704220 558
1704230 559
1704240 559
1704250 559
1704260 559
1704270 560
1704280 560
1704290 560
1704300 560
1704310 560
1704320 560
1704330 559
1704340 559
1704350 558
1704360 557
1704370 556
1704380 556
1704390 556
1704400 555
1704410 555
1704420 554
1704430 554
1704440 554
1704450 554
1704460 554
1704470 554
1704480 554
1704490 554
1704500 554
1704510 554
1704520 554
1704530 555
1704540 555
1704550 555
1704560 555
1704570 555
1704580 556
1704590 556
1704600 556
1704610 556
1704620 556
1704630 556
1704640 557
1704650 557
1704660 558
1704670 558
1704680 559
1704690 560
1704700 561
1704710 562
1704720 563
1704730 564
1704740 565
1704750 566
1704760 567
1704770 568
1704780 569
1704790 569
1704800 569
1704810 569
1704820 569
1704830 569
1704840 569
1704850 568
1704860 568
1704870 568
1704880 568
1704890 567
1704900 567
1704910 567
1704920 566
1704930 566
1704940 566
1704950 565
1704960 566
1704970 566
1704980 567
1704990 568
1705000 568
1705010 569
1705020 570
1705030 571
1705040 572
1705050 573
1705060 574
1705070 575
1705080 576
1705090 576
1705100 577
1705110 578
1705120 579
1705130 579
1705140 580
1705150 581
1705160 581
1705170 582
1705180 583
1705190 584
1705200 584
1705210 584
1705220 585
1705230 585
1705240 585
1705250 586
1705260 586
1705270 586
1705280 586
1705290 587
1705300 587
1705310 587
1705320 587
1705330 588
1705340 588
1705350 588
1705360 588
1705370 589
1705380 589
1705390 589
1705400 589
1705410 590
1705420 590
1705430 590
1705440 591
1705450 591
1705460 592
1705470 592
1705480 592
1705490 593
1705500 593
1705510 594
1705520 594
1705530 594
1705540 594
1705550 594
1705560 594
1705570 594
1705580 594
1705590 594
1705600 594
1705610 594
1705620 594
1705630 593
1705640 593
1705650 593
1705660 593
1705670 593
1705680 593
1705690 593
1705700 593
1705710 593
1705720 592
1705730 592
1705740 592
1705750 592
1705760 592
1705770 592
1705780 592
1705790 592
1705800 592
1705810 591
1705820 591
1705830 591
1705840 591
1705850 591
1705860 591
1705870 590
1705880 590
1705890 590
1705900 590
1705910 590
1705920 590
1705930 590
1705940 590
1705950 591
1705960 591
1705970 592
1705980 592
1705990 593
1706000 593
1706010 594
1706020 594
1706030 595
1706040 595
1706050 596
1706060 596
1706070 597
1706080 597
1706090 597
1706100 597
1706110 597
1706120 598
1706130 598
1706140 599
1706150 599
1706160 600
1706170 600
1706180 601
1706190 601
1706200 601
1706210 601
1706220 601
1706230 601
1706240 601
1706250 601
1706260 601
1706270 601
1706280 601
1706290 600
1706300 600
1706310 600
1706320 599
1706330 599
1706340 599
1706350 598
1706360 598
1706370 598
1706380 597
1706390 597
1706400 597
1706410 596
1706420 596
1706430 595
1706440 595
1706450 594
1706460 594
1706470 593
1706480 593
1706490 592
1706500 592
1706510 591
1706520 591
1706530 590
1706540 590
1706550 589
1706560 589
1706570 588
1706580 588
1706590 587
1706600 587
1706610 586
1706620 586
1706630 585
1706640 585
1706650 584
1706660 584
1706670 583
1706680 583
1706690 582
1706700 582
1706710 581
1706720 581
1706730 580
1706740 579
1706750 578
1706760 577
1706770 576
1706780 575
1706790 574
1706800 573
1706810 573
1706820 572
1706830 572
1706840 572
1706850 572
1706860 574
1706870 576
1706880 579
1706890 581
1706900 583
1706910 585
1706920 586
1706930 587
1706940 588
1706950 590
1706960 591
1706970 592
1706980 593
1706990 593
1707000 593
1707010 593
1707020 593
1707030 593
1707040 593
1707050 593
1707060 592
1707070 592
1707080 592
1707090 592
1707100 591
1707110 591
1707120 591
1707130 591
1707140 590
1707150 590
1707160 590
1707170 590
1707180 590
1707190 589
1707200 589
1707210 589
1707220 589
1707230 589
1707240 589
1707250 589
1707260 589
1707270 589
1707280 589
1707290 589
1707300 590
1707310 590
1707320 590
1707330 590
1707340 590
1707350 591
1707360 591
1707370 591
1707380 591
1707390 591
1707400 591
1707410 591
1707420 592
1707430 592
1707440 592
1707450 592
1707460 592
1707470 593
1707480 593
1707490 593
1707500 593
1707510 593
1707520 594
1707530 594
1707540 594
1707550 594
1707560 594
1707570 595
1707580 595
1707590 595
1707600 595
1707610 595
1707620 595
1707630 596
1707640 596
1707650 596
1707660 596
1707670 596
1707680 596
1707690 596
1707700 596
1707710 596
1707720 596
1707730 596
1707740 596
1707750 596
1707760 596
1707770 596
1707780 596
1707790 596
1707800 596
1707810 596
1707820 596
1707830 596
1707840 596
1707850 596
1707860 596
1707870 596
1707880 596
1707890 596
1707900 596
1707910 597
1707920 597
1707930 596
1707940 596
1707950 596
1707960 596
1707970 596
1707980 596
1707990 596
1708000 596
1708010 596
1708020 596
1708030 596
1708040 596
1708050 596
1708060 595
1708070 595
1708080 595
1708090 595
1708100 595
1708110 595
1708120 595
1708130 595
1708140 595
1708150 594
1708160 594
1708170 594
1708180 594
1708190 594
1708200 594
1708210 594
1708220 594
1708230 594
1708240 594
1708250 594
1708260 594
1708270 593
1708280 593
1708290 593
1708300 593
1708310 593
1708320 593
1708330 593
1708340 593
1708350 593
1708360 593
1708370 593
1708380 593
1708390 593
1708400 593
1708410 593
1708420 593
1708430 593
1708440 593
1708450 593
1708460 593
1708470 592
1708480 592
1708490 592
1708500 592
1708510 592
1708520 592
1708530 592
1708540 592
1708550 591
1708560 591
1708570 591
1708580 591
1708590 591
1708600 591
1708610 590
1708620 589
1708630 588
1708640 587
1708650 586
1708660 585
1708670 584
1708680 582
1708690 582
1708700 583
1708710 584
1708720 585
1708730 586
1708740 589
1708750 591
1708760 594
1708770 595
1708780 596
1708790 596
1708800 596
1708810 597
1708820 597
1708830 598
1708840 598
1708850 599
1708860 599
1708870 600
1708880 601
1708890 601
1708900 602
1708910 603
1708920 603
1708930 604
1708940 604
1708950 605
1708960 605
1708970 606
1708980 606
1708990 607
1709000 607
1709010 607
1709020 608
1709030 608
1709040 609
1709050 609
1709060 610
1709070 611
1709080 611
1709090 611
1709100 612
1709110 612
1709120 612
1709130 612
1709140 612
1709150 612
1709160 611
1709170 609
1709180 607
1709190 602
1709200 600
1709210 600
1709220 602
1709230 605
1709240 610
1709250 612
1709260 613
1709270 614
1709280 616
1709290 617
1709300 617
1709310 616
1709320 616
1709330 616
1709340 616
1709350 616
1709360 617
1709370 617
1709380 617
1709390 617
1709400 617
1709410 617
1709420 617
1709430 616
1709440 616
1709450 615
1709460 615
1709470 614
1709480 614
1709490 613
1709500 613
1709510 612
1709520 612
1709530 612
1709540 612
1709550 611
1709560 611
1709570 611
1709580 611
1709590 611
1709600 611
1709610 611
1709620 611
1709630 610
1709640 610
1709650 610
1709660 610
1709670 609
1709680 609
1709690 609
1709700 608
1709710 608
1709720 608
1709730 607
1709740 607
1709750 607
1709760 606
1709770 606
1709780 606
1709790 605
1709800 605
1709810 604
1709820 604
1709830 603
1709840 603
1709850 603
1709860 602
1709870 602
1709880 602
1709890 601
1709900 601
1709910 601
1709920 600
1709930 600
1709940 600
1709950 600
1709960 599
1709970 599
1709980 599
1709990 599
1710000 598
1710010 598
1710020 598
1710030 597
1710040 597
1710050 597
1710060 596
1710070 596
1710080 595
1710090 595
1710100 594
1710110 594
1710120 593
1710130 593
1710140 593
1710150 592
1710160 592
1710170 591
1710180 591
1710190 590
1710200 590
1710210 589
1710220 589
1710230 588
1710240 588
1710250 587
1710260 587
1710270 586
1710280 585
1710290 584
1710300 584
1710310 583
1710320 583
1710330 582
1710340 581
1710350 581
1710360 580
1710370 580
1710380 579
1710390 578
1710400 578
1710410 577
1710420 577
1710430 576
1710440 575
1710450 575
1710460 574
1710470 573
1710480 572
1710490 572
1710500 571
1710510 570
1710520 569
1710530 569
1710540 568
1710550 567
1710560 566
1710570 565
1710580 565
1710590 564
1710600 564
1710610 563
1710620 563
1710630 562
1710640 561
1710650 561
1710660 560
1710670 560
1710680 560
1710690 559
1710700 559
1710710 559
1710720 559
1710730 559
1710740 558
1710750 558
1710760 558
1710770 558
1710780 558
1710790 558
1710800 558
1710810 558
1710820 557
1710830 557
1710840 557
1710850 558
1710860 558
1710870 558
1710880 559
1710890 559
1710900 559
1710910 559
1710920 559
1710930 559
1710940 559
1710950 558
1710960 558
1710970 558
1710980 558
1710990 558
1711000 558
1711010 558
1711020 558
1711030 558
1711040 558
1711050 558
1711060 558
1711070 558
1711080 558
1711090 558
1711100 558
1711110 558
1711120 557
1711130 557
1711140 557
1711150 557
1711160 556
1711170 556
1711180 556
1711190 556
1711200 556
1711210 556
1711220 556
1711230 555
1711240 555
1711250 555
1711260 555
1711270 555
1711280 554
1711290 554
1711300 554
1711310 554
1711320 554
1711330 553
1711340 553
1711350 553
1711360 553
1711370 553
1711380 553
1711390 553
1711400 552
1711410 552
1711420 552
1711430 552
1711440 552
1711450 552
1711460 551
1711470 551
1711480 551
1711490 551
1711500 551
1711510 550
1711520 550
1711530 550
1711540 549
1711550 549
1711560 549
1711570 548
1711580 548
1711590 548
1711600 547
1711610 547
1711620 546
1711630 546
1711640 546
1711650 545
1711660 545
1711670 545
1711680 544
1711690 544
1711700 544
1711710 543
1711720 543
1711730 543
1711740 542
1711750 542
1711760 541
1711770 541
1711780 540
1711790 540
1711800 540
1711810 540
1711820 540
1711830 540
1711840 540
1711850 540
1711860 539
1711870 539
1711880 539
1711890 539
1711900 539
1711910 539
1711920 539
1711930 539
1711940 539
1711950 539
1711960 539
1711970 539
1711980 539
1711990 538
1712000 538
1712010 538
1712020 537
1712030 537
1712040 537
1712050 537
1712060 537
1712070 537
1712080 537
1712090 537
1712100 537
1712110 537
1712120 537
1712130 537
1712140 537
1712150 538
1712160 538
1712170 538
1712180 538
1712190 538
1712200 537
1712210 537
1712220 537
1712230 536
1712240 536
1712250 535
1712260 534
1712270 533
1712280 531
1712290 530
1712300 529
1712310 528
1712320 528
1712330 527
1712340 527
1712350 527
1712360 527
1712370 527
1712380 526
1712390 526
1712400 526
1712410 526
1712420 526
1712430 526
1712440 526
1712450 525
1712460 525
1712470 526
1712480 527
1712490 528
1712500 530
1712510 532
1712520 535
1712530 538
1712540 540
1712550 541
1712560 542
1712570 543
1712580 544
1712590 544
1712600 545
1712610 545
1712620 545
1712630 545
1712640 545
1712650 545
1712660 545
1712670 545
1712680 545
1712690 545
1712700 545
1712710 546
1712720 547
1712730 547
1712740 548
1712750 548
1712760 549
1712770 549
1712780 549
1712790 549
1712800 549
1712810 549
1712820 549
1712830 549
1712840 549
1712850 549
1712860 549
1712870 549
1712880 548
1712890 548
1712900 548
1712910 548
1712920 548
1712930 548
1712940 548
1712950 547
1712960 547
1712970 547
1712980 547
1712990 547
1713000 546
1713010 546
1713020 546
1713030 546
1713040 546
1713050 546
1713060 545
1713070 545
1713080 545
1713090 545
1713100 545
1713110 544
1713120 544
1713130 544
1713140 544
1713150 544
1713160 544
1713170 543
1713180 543
1713190 543
1713200 543
1713210 543
1713220 543
1713230 542
1713240 542
1713250 541
1713260 541
1713270 541
1713280 541
1713290 540
1713300 540
1713310 540
1713320 540
1713330 540
1713340 539
1713350 539
1713360 539
1713370 539
1713380 539
1713390 538
1713400 538
1713410 538
1713420 538
1713430 538
1713440 538
1713450 538
1713460 537
1713470 537
1713480 537
1713490 537
1713500 537
1713510 537
1713520 537
1713530 537
1713540 537
1713550 537
1713560 537
1713570 537
1713580 537
1713590 537
1713600 537
1713610 537
1713620 537
1713630 536
1713640 536
1713650 536
1713660 536
1713670 536
1713680 535
1713690 535
1713700 535
1713710 535
1713720 535
1713730 535
1713740 534
1713750 534
1713760 534
1713770 534
1713780 534
1713790 534
1713800 534
1713810 533
1713820 533
1713830 533
1713840 533
1713850 533
1713860 533
1713870 532
1713880 532
1713890 532
1713900 532
1713910 532
1713920 532
1713930 532
1713940 532
1713950 532
1713960 532
1713970 532
1713980 532
1713990 533
1714000 533
1714010 533
1714020 533
1714030 533
1714040 533
1714050 533
1714060 533
1714070 533
1714080 533
1714090 533
1714100 532
1714110 532
1714120 532
1714130 532
1714140 532
1714150 532
1714160 531
1714170 531
1714180 531
1714190 531
1714200 531
1714210 530
1714220 530
1714230 530
1714240 530
1714250 530
1714260 530
1714270 530
1714280 530
1714290 530
1714300 529
1714310 529
1714320 529
1714330 528
1714340 528
1714350 528
1714360 527
1714370 527
1714380 527
1714390 526
1714400 526
1714410 526
1714420 525
1714430 525
1714440 525
1714450 525
1714460 524
1714470 524
1714480 524
1714490 524
1714500 524
1714510 524
1714520 523
1714530 523
1714540 523
1714550 523
1714560 523
1714570 523
1714580 523
1714590 523
1714600 522
1714610 522
1714620 522
1714630 522
1714640 522
1714650 522
1714660 522
1714670 522
1714680 522
1714690 522
1714700 522
1714710 522
1714720 522
1714730 522
1714740 522
1714750 522
1714760 522
1714770 522
1714780 522
1714790 521
1714800 521
1714810 521
1714820 520
1714830 520
1714840 519
1714850 519
1714860 519
1714870 519
1714880 518
1714890 518
1714900 517
1714910 517
1714920 517
1714930 517
1714940 516
1714950 516
1714960 516
1714970 516
1714980 516
1714990 516
1715000 516
1715010 516
1715020 516
1715030 516
1715040 516
1715050 515
1715060 515
1715070 515
1715080 514
1715090 514
1715100 514
1715110 514
1715120 513
1715130 513
1715140 513
1715150 513
1715160 513
1715170 512
1715180 512
1715190 512
1715200 512
1715210 511
1715220 511
1715230 511
1715240 510
1715250 510
1715260 510
1715270 510
1715280 509
1715290 509
1715300 508
1715310 508
1715320 507
1715330 507
1715340 507
1715350 507
1715360 506
1715370 506
1715380 506
1715390 506
1715400 506
1715410 505
1715420 505
1715430 505
1715440 505
1715450 505
1715460 505
1715470 505
1715480 504
1715490 504
1715500 504
1715510 504
1715520 503
1715530 503
1715540 504
1715550 504
1715560 504
1715570 504
1715580 504
1715590 504
1715600 504
1715610 504
1715620 504
1715630 504
1715640 504
1715650 505
1715660 505
1715670 505
1715680 505
1715690 505
1715700 505
1715710 505
1715720 505
1715730 505
1715740 505
1715750 505
1715760 505
1715770 505
1715780 505
1715790 504
1715800 504
1715810 504
1715820 504
1715830 504
1715840 503
1715850 503
1715860 503
1715870 503
1715880 503
1715890 503
1715900 503
1715910 503
1715920 502
1715930 502
1715940 502
1715950 502
1715960 502
1715970 502
1715980 502
1715990 502
1716000 502
1716010 502
1716020 502
1716030 502
1716040 502
1716050 502
1716060 502
1716070 502
1716080 502
1716090 501
1716100 501
1716110 501
1716120 501
1716130 501
1716140 501
1716150 500
1716160 500
1716170 500
1716180 500
1716190 499
1716200 499
1716210 499
1716220 498
1716230 498
1716240 498
1716250 497
1716260 497
1716270 496
1716280 496
1716290 495
1716300 494
1716310 493
1716320 491
1716330 490
1716340 489
1716350 487
1716360 485
1716370 483
1716380 482
1716390 480
1716400 479
1716410 478
1716420 477
1716430 476
1716440 475
1716450 473
1716460 472
1716470 471
1716480 470
1716490 470
1716500 469
1716510 469
1716520 469
1716530 469
1716540 468
1716550 468
1716560 468
1716570 468
1716580 470
1716590 472
1716600 474
1716610 477
1716620 480
1716630 484
1716640 488
1716650 491
1716660 494
1716670 497
1716680 499
1716690 502
1716700 503
1716710 504
1716720 505
1716730 506
1716740 507
1716750 507
1716760 508
1716770 508
1716780 508
1716790 508
1716800 508
1716810 509
1716820 509
1716830 509
1716840 509
1716850 509
1716860 508
1716870 508
1716880 508
1716890 508
1716900 508
1716910 508
1716920 508
1716930 508
1716940 508
1716950 508
1716960 508
1716970 508
1716980 507
1716990 507
1717000 507
1717010 507
1717020 507
1717030 507
1717040 506
1717050 506
1717060 506
1717070 506
1717080 506
1717090 505
1717100 505
1717110 505
1717120 505
1717130 504
1717140 504
1717150 504
1717160 503
1717170 503
1717180 503
1717190 503
1717200 503
1717210 502
1717220 502
1717230 502
1717240 502
1717250 501
1717260 501
1717270 501
1717280 501
1717290 500
1717300 500
1717310 500
1717320 500
1717330 499
1717340 499
1717350 499
1717360 499
1717370 499
1717380 498
1717390 498
1717400 498
1717410 498
1717420 498
1717430 498
1717440 497
1717450 497
1717460 497
1717470 496
1717480 496
1717490 496
1717500 496
1717510 495
1717520 495
1717530 495
1717540 495
1717550 495
1717560 494
1717570 494
1717580 494
1717590 494
1717600 494
1717610 494
1717620 493
1717630 493
1717640 493
1717650 493
1717660 493
1717670 493
1717680 492
1717690 492
1717700 492
1717710 492
1717720 492
1717730 492
1717740 492
1717750 492
1717760 492
1717770 492
1717780 492
1717790 491
1717800 491
1717810 491
1717820 491
1717830 491
1717840 491
1717850 491
1717860 491
1717870 491
1717880 491
1717890 491
1717900 491
1717910 491
1717920 491
1717930 491
1717940 492
1717950 492
1717960 492
1717970 493
1717980 493
1717990 493
1718000 492
1718010 492
1718020 492
1718030 492
1718040 492
1718050 492
1718060 492
1718070 493
1718080 493
1718090 493
1718100 493
1718110 493
1718120 493
1718130 493
1718140 493
1718150 493
1718160 493
1718170 493
1718180 493
1718190 493
1718200 493
1718210 493
1718220 493
1718230 493
1718240 493
1718250 493
1718260 493
1718270 493
1718280 493
1718290 493
1718300 493
1718310 493
1718320 493
1718330 493
1718340 493
1718350 493
1718360 493
1718370 493
1718380 493
1718390 493
1718400 493
1718410 493
1718420 493
1718430 492
1718440 492
1718450 492
1718460 492
1718470 492
1718480 492
1718490 492
1718500 492
1718510 492
1718520 492
1718530 492
1718540 492
1718550 492
1718560 492
1718570 492
1718580 492
1718590 492
1718600 492
1718610 492
1718620 492
1718630 492
1718640 492
1718650 492
1718660 492
1718670 492
1718680 492
1718690 492
1718700 492
1718710 492
1718720 492
1718730 492
1718740 491
1718750 491
1718760 491
1718770 491
1718780 491
1718790 491
1718800 491
1718810 492
1718820 492
1718830 492
1718840 492
1718850 492
1718860 492
1718870 492
1718880 492
1718890 492
1718900 492
1718910 492
1718920 492
1718930 492
1718940 492
1718950 492
1718960 492
1718970 492
1718980 492
1718990 492
1719000 492
1719010 492
1719020 492
1719030 491
1719040 491
1719050 491
1719060 491
1719070 491
1719080 491
1719090 491
1719100 491
1719110 491
1719120 491
1719130 491
1719140 490
1719150 490
1719160 490
1719170 490
1719180 490
1719190 490
1719200 490
1719210 490
1719220 490
1719230 490
1719240 489
1719250 489
1719260 489
1719270 489
1719280 489
1719290 489
1719300 489
1719310 489
1719320 489
1719330 489
1719340 489
1719350 489
1719360 489
1719370 489
1719380 489
1719390 488
1719400 488
1719410 488
1719420 488
1719430 488
1719440 488
1719450 488
1719460 488
1719470 488
1719480 488
1719490 487
1719500 487
1719510 487
1719520 487
1719530 487
1719540 487
1719550 486
1719560 486
1719570 486
1719580 486
1719590 486
1719600 486
1719610 486
1719620 486
1719630 486
1719640 485
1719650 485
1719660 485
1719670 485
1719680 485
1719690 484
1719700 484
1719710 484
1719720 484
1719730 484
1719740 484
1719750 484
1719760 484
1719770 484
1719780 484
1719790 484
1719800 484
1719810 484
1719820 484
1719830 484
1719840 484
1719850 484
1719860 484
1719870 484
1719880 484
1719890 484
1719900 484
1719910 484
1719920 484
1719930 484
1719940 484
1719950 484
1719960 484
1719970 484
1719980 484
1719990 484
