1700000 539
1700010 539
1700020 539
1700030 539
1700040 539
1700050 539
1700060 539
1700070 539
1700080 539
1700090 539
1700100 540
1700110 540
1700120 540
1700130 540
1700140 540
1700150 540
1700160 540
1700170 540
1700180 540
1700190 541
1700200 541
1700210 542
1700220 543
1700230 544
1700240 545
1700250 545
1700260 546
1700270 546
1700280 546
1700290 547
1700300 547
1700310 547
1700320 547
1700330 547
1700340 547
1700350 547
1700360 547
1700370 547
1700380 547
1700390 548
1700400 548
1700410 548
1700420 548
1700430 548
1700440 548
1700450 549
1700460 549
1700470 549
1700480 549
1700490 549
1700500 550
1700510 550
1700520 550
1700530 550
1700540 550
1700550 551
1700560 551
1700570 551
1700580 551
1700590 551
1700600 551
1700610 552
1700620 552
1700630 552
1700640 552
1700650 552
1700660 551
1700670 551
1700680 550
1700690 550
1700700 550
1700710 550
1700720 551
1700730 551
1700740 552
1700750 552
1700760 553
1700770 553
1700780 554
1700790 554
1700800 554
1700810 555
1700820 555
1700830 555
1700840 555
1700850 555
1700860 555
1700870 556
1700880 556
1700890 556
1700900 557
1700910 557
1700920 557
1700930 558
1700940 558
1700950 559
1700960 559
1700970 560
1700980 560
1700990 561
1701000 561
1701010 562
1701020 562
1701030 563
1701040 563
1701050 563
1701060 564
1701070 564
1701080 565
1701090 565
1701100 565
1701110 565
1701120 565
1701130 566
1701140 566
1701150 566
1701160 566
1701170 566
1701180 566
1701190 565
1701200 565
1701210 565
1701220 565
1701230 565
1701240 565
1701250 565
1701260 565
1701270 565
1701280 565
1701290 565
1701300 565
1701310 565
1701320 564
1701330 564
1701340 564
1701350 564
1701360 564
1701370 564
1701380 564
1701390 564
1701400 563
1701410 563
1701420 563
1701430 563
1701440 563
1701450 563
1701460 563
1701470 563
1701480 563
1701490 563
1701500 563
1701510 563
1701520 563
1701530 563
1701540 563
1701550 563
1701560 563
1701570 563
1701580 563
1701590 562
1701600 562
1701610 562
1701620 561
1701630 561
1701640 561
1701650 561
1701660 561
1701670 561
1701680 561
1701690 561
1701700 561
1701710 561
1701720 563
1701730 564
1701740 565
1701750 566
1701760 567
1701770 567
1701780 568
1701790 568
1701800 569
1701810 569
1701820 570
1701830 570
1701840 571
1701850 571
1701860 572
1701870 572
1701880 573
1701890 573
1701900 574
1701910 574
1701920 575
1701930 575
1701940 575
1701950 576
1701960 576
1701970 577
1701980 577
1701990 577
1702000 578
1702010 578
1702020 578
1702030 578
1702040 578
1702050 578
1702060 578
1702070 579
1702080 579
1702090 579
1702100 579
1702110 580
1702120 580
1702130 580
1702140 580
1702150 580
1702160 580
1702170 581
1702180 581
1702190 581
1702200 581
1702210 581
1702220 581
1702230 581
1702240 581
1702250 581
1702260 581
1702270 581
1702280 581
1702290 581
1702300 581
1702310 581
1702320 581
1702330 581
1702340 582
1702350 582
1702360 582
1702370 583
1702380 583
1702390 583
1702400 583
1702410 583
1702420 583
1702430 583
1702440 583
1702450 583
1702460 583
1702470 583
1702480 583
1702490 583
1702500 583
1702510 583
1702520 584
1702530 584
1702540 583
1702550 583
1702560 583
1702570 583
1702580 583
1702590 583
1702600 583
1702610 582
1702620 582
1702630 582
1702640 582
1702650 582
1702660 582
1702670 582
1702680 582
1702690 582
1702700 582
1702710 582
1702720 582
1702730 582
1702740 582
1702750 582
1702760 582
1702770 582
1702780 582
1702790 582
1702800 582
1702810 582
1702820 582
1702830 582
1702840 582
1702850 582
1702860 582
1702870 582
1702880 582
1702890 582
1702900 582
1702910 582
1702920 582
1702930 582
1702940 582
1702950 582
1702960 582
1702970 582
1702980 583
1702990 583
1703000 583
1703010 583
1703020 583
1703030 583
1703040 583
1703050 583
1703060 583
1703070 583
1703080 583
1703090 583
1703100 583
1703110 583
1703120 583
1703130 583
1703140 583
1703150 583
1703160 583
1703170 583
1703180 583
1703190 583
1703200 583
1703210 583
1703220 583
1703230 583
1703240 583
1703250 583
1703260 583
1703270 583
1703280 583
1703290 583
1703300 583
1703310 583
1703320 583
1703330 583
1703340 583
1703350 583
1703360 583
1703370 583
1703380 584
1703390 584
1703400 584
1703410 584
1703420 584
1703430 584
1703440 584
1703450 584
1703460 584
1703470 584
1703480 584
1703490 584
1703500 584
1703510 584
1703520 584
1703530 584
1703540 584
1703550 584
1703560 584
1703570 584
1703580 584
1703590 584
1703600 584
1703610 584
1703620 584
1703630 584
1703640 585
1703650 585
1703660 585
1703670 585
1703680 585
1703690 585
1703700 585
1703710 585
1703720 585
1703730 585
1703740 585
1703750 585
1703760 585
1703770 586
1703780 586
1703790 586
1703800 586
1703810 587
1703820 587
1703830 587
1703840 587
1703850 587
1703860 587
1703870 587
1703880 587
1703890 587
1703900 587
1703910 587
1703920 587
1703930 587
1703940 588
1703950 588
1703960 588
1703970 588
1703980 588
1703990 588
1704000 588
1704010 588
1704020 588
1704030 588
1704040 588
1704050 588
1704060 589
1704070 589
1704080 589
1704090 589
1704100 589
1704110 589
1704120 589
1704130 589
1704140 589
1704150 589
1704160 589
1704170 589
1704180 589
1704190 589
1704200 589
1704210 589
1704220 589
1704230 589
1704240 589
1704250 589
1704260 589
1704270 589
1704280 589
1704290 589
1704300 588
1704310 588
1704320 588
1704330 588
1704340 588
1704350 588
1704360 588
1704370 588
1704380 588
1704390 588
1704400 588
1704410 587
1704420 587
1704430 587
1704440 588
1704450 588
1704460 589
1704470 588
1704480 588
1704490 587
1704500 587
1704510 587
1704520 587
1704530 586
1704540 586
1704550 586
1704560 586
1704570 586
1704580 586
1704590 586
1704600 585
1704610 585
1704620 585
1704630 585
1704640 585
1704650 585
1704660 585
1704670 585
1704680 585
1704690 585
1704700 585
1704710 585
1704720 585
1704730 585
1704740 585
1704750 585
1704760 585
1704770 585
1704780 585
1704790 585
1704800 585
1704810 585
1704820 585
1704830 585
1704840 585
1704850 585
1704860 585
1704870 585
1704880 585
1704890 585
1704900 584
1704910 584
1704920 584
1704930 584
1704940 583
1704950 583
1704960 583
1704970 582
1704980 582
1704990 582
1705000 581
1705010 581
1705020 580
1705030 581
1705040 581
1705050 582
1705060 583
1705070 584
1705080 585
1705090 585
1705100 586
1705110 586
1705120 586
1705130 587
1705140 587
1705150 587
1705160 587
1705170 588
1705180 588
1705190 588
1705200 588
1705210 588
1705220 588
1705230 589
1705240 588
1705250 588
1705260 588
1705270 588
1705280 588
1705290 588
1705300 588
1705310 588
1705320 587
1705330 587
1705340 587
1705350 587
1705360 586
1705370 586
1705380 586
1705390 586
1705400 586
1705410 585
1705420 584
1705430 584
1705440 583
1705450 582
1705460 582
1705470 582
1705480 582
1705490 583
1705500 584
1705510 585
1705520 586
1705530 587
1705540 588
1705550 588
1705560 589
1705570 590
1705580 591
1705590 591
1705600 592
1705610 593
1705620 593
1705630 594
1705640 594
1705650 595
1705660 595
1705670 596
1705680 596
1705690 597
1705700 597
1705710 598
1705720 598
1705730 599
1705740 599
1705750 600
1705760 600
1705770 601
1705780 601
1705790 601
1705800 602
1705810 602
1705820 602
1705830 603
1705840 603
1705850 603
1705860 604
1705870 604
1705880 604
1705890 604
1705900 604
1705910 605
1705920 605
1705930 605
1705940 606
1705950 606
1705960 606
1705970 607
1705980 607
1705990 607
1706000 607
1706010 608
1706020 608
1706030 608
1706040 608
1706050 608
1706060 608
1706070 609
1706080 609
1706090 609
1706100 609
1706110 609
1706120 609
1706130 609
1706140 609
1706150 610
1706160 610
1706170 610
1706180 610
1706190 610
1706200 610
1706210 610
1706220 610
1706230 610
1706240 610
1706250 610
1706260 610
1706270 610
1706280 610
1706290 610
1706300 611
1706310 611
1706320 611
1706330 611
1706340 611
1706350 611
1706360 611
1706370 611
1706380 612
1706390 612
1706400 612
1706410 612
1706420 612
1706430 612
1706440 612
1706450 612
1706460 612
1706470 612
1706480 612
1706490 612
1706500 612
1706510 612
1706520 612
1706530 612
1706540 612
1706550 611
1706560 611
1706570 611
1706580 611
1706590 611
1706600 611
1706610 611
1706620 611
1706630 610
1706640 610
1706650 610
1706660 610
1706670 610
1706680 610
1706690 609
1706700 609
1706710 609
1706720 609
1706730 609
1706740 608
1706750 608
1706760 608
1706770 608
1706780 607
1706790 607
1706800 607
1706810 607
1706820 607
1706830 607
1706840 606
1706850 606
1706860 606
1706870 606
1706880 606
1706890 605
1706900 605
1706910 605
1706920 605
1706930 605
1706940 605
1706950 605
1706960 604
1706970 604
1706980 604
1706990 604
1707000 604
1707010 604
1707020 604
1707030 603
1707040 603
1707050 603
1707060 603
1707070 602
1707080 602
1707090 602
1707100 601
1707110 601
1707120 601
1707130 600
1707140 599
1707150 599
1707160 598
1707170 597
1707180 597
1707190 596
1707200 596
1707210 597
1707220 598
1707230 598
1707240 599
1707250 599
1707260 600
1707270 600
1707280 601
1707290 601
1707300 602
1707310 602
1707320 603
1707330 603
1707340 603
1707350 603
1707360 604
1707370 604
1707380 604
1707390 604
1707400 604
1707410 605
1707420 605
1707430 605
1707440 605
1707450 606
1707460 606
1707470 606
1707480 607
1707490 607
1707500 607
1707510 608
1707520 608
1707530 608
1707540 608
1707550 609
1707560 609
1707570 609
1707580 610
1707590 610
1707600 610
1707610 611
1707620 611
1707630 612
1707640 612
1707650 613
1707660 613
1707670 613
1707680 614
1707690 614
1707700 614
1707710 614
1707720 615
1707730 615
1707740 615
1707750 616
1707760 616
1707770 617
1707780 617
1707790 618
1707800 618
1707810 619
1707820 619
1707830 619
1707840 619
1707850 620
1707860 620
1707870 620
1707880 620
1707890 620
1707900 620
1707910 620
1707920 620
1707930 620
1707940 620
1707950 619
1707960 619
1707970 619
1707980 619
1707990 619
1708000 618
1708010 618
1708020 618
1708030 618
1708040 617
1708050 617
1708060 617
1708070 616
1708080 616
1708090 615
1708100 615
1708110 615
1708120 614
1708130 614
1708140 613
1708150 613
1708160 612
1708170 611
1708180 611
1708190 610
1708200 610
1708210 609
1708220 609
1708230 608
1708240 608
1708250 607
1708260 607
1708270 606
1708280 605
1708290 605
1708300 604
1708310 604
1708320 603
1708330 602
1708340 602
1708350 601
1708360 601
1708370 600
1708380 600
1708390 599
1708400 599
1708410 598
1708420 597
1708430 597
1708440 596
1708450 595
1708460 595
1708470 594
1708480 594
1708490 594
1708500 593
1708510 593
1708520 592
1708530 591
1708540 590
1708550 590
1708560 589
1708570 589
1708580 588
1708590 587
1708600 587
1708610 586
1708620 585
1708630 585
1708640 584
1708650 584
1708660 583
1708670 582
1708680 581
1708690 581
1708700 581
1708710 580
1708720 579
1708730 579
1708740 578
1708750 578
1708760 578
1708770 577
1708780 577
1708790 577
1708800 577
1708810 577
1708820 577
1708830 576
1708840 576
1708850 576
1708860 576
1708870 576
1708880 576
1708890 575
1708900 575
1708910 574
1708920 575
1708930 575
1708940 576
1708950 576
1708960 576
1708970 576
1708980 575
1708990 575
1709000 575
1709010 575
1709020 575
1709030 575
1709040 575
1709050 575
1709060 575
1709070 575
1709080 575
1709090 575
1709100 575
1709110 575
1709120 575
1709130 575
1709140 575
1709150 574
1709160 574
1709170 574
1709180 574
1709190 574
1709200 574
1709210 574
1709220 573
1709230 573
1709240 573
1709250 572
1709260 572
1709270 572
1709280 572
1709290 571
1709300 571
1709310 571
1709320 570
1709330 570
1709340 570
1709350 569
1709360 569
1709370 568
1709380 568
1709390 567
1709400 566
1709410 566
1709420 565
1709430 564
1709440 564
1709450 563
1709460 562
1709470 561
1709480 560
1709490 559
1709500 559
1709510 559
1709520 559
1709530 559
1709540 559
1709550 559
1709560 559
1709570 559
1709580 559
1709590 560
1709600 560
1709610 560
1709620 561
1709630 561
1709640 561
1709650 561
1709660 561
1709670 560
1709680 560
1709690 560
1709700 560
1709710 560
1709720 559
1709730 559
1709740 559
1709750 559
1709760 558
1709770 558
1709780 557
1709790 557
1709800 557
1709810 557
1709820 557
1709830 557
1709840 556
1709850 556
1709860 556
1709870 555
1709880 555
1709890 555
1709900 554
1709910 554
1709920 554
1709930 553
1709940 553
1709950 553
1709960 552
1709970 552
1709980 551
1709990 551
1710000 550
1710010 550
1710020 550
1710030 549
1710040 549
1710050 548
1710060 548
1710070 548
1710080 547
1710090 547
1710100 546
1710110 546
1710120 545
1710130 545
1710140 544
1710150 543
1710160 543
1710170 542
1710180 541
1710190 539
1710200 538
1710210 538
1710220 537
1710230 537
1710240 537
1710250 536
1710260 536
1710270 536
1710280 537
1710290 537
1710300 537
1710310 537
1710320 536
1710330 536
1710340 535
1710350 535
1710360 536
1710370 536
1710380 536
1710390 535
1710400 536
1710410 536
1710420 536
1710430 536
1710440 535
1710450 535
1710460 535
1710470 535
1710480 534
1710490 533
1710500 533
1710510 533
1710520 533
1710530 533
1710540 534
1710550 534
1710560 534
1710570 534
1710580 534
1710590 534
1710600 535
1710610 535
1710620 535
1710630 536
1710640 536
1710650 537
1710660 538
1710670 539
1710680 539
1710690 540
1710700 540
1710710 541
1710720 541
1710730 541
1710740 542
1710750 542
1710760 543
1710770 543
1710780 544
1710790 544
1710800 544
1710810 544
1710820 545
1710830 545
1710840 546
1710850 547
1710860 548
1710870 548
1710880 549
1710890 550
1710900 550
1710910 550
1710920 550
1710930 550
1710940 550
1710950 550
1710960 550
1710970 551
1710980 551
1710990 552
1711000 552
1711010 551
1711020 552
1711030 552
1711040 552
1711050 552
1711060 552
1711070 552
1711080 551
1711090 551
1711100 551
1711110 551
1711120 551
1711130 551
1711140 551
1711150 551
1711160 551
1711170 550
1711180 550
1711190 549
1711200 549
1711210 548
1711220 548
1711230 547
1711240 546
1711250 545
1711260 544
1711270 544
1711280 543
1711290 542
1711300 541
1711310 540
1711320 540
1711330 539
1711340 538
1711350 537
1711360 536
1711370 536
1711380 536
1711390 535
1711400 535
1711410 535
1711420 535
1711430 535
1711440 534
1711450 534
1711460 534
1711470 533
1711480 533
1711490 532
1711500 531
1711510 530
1711520 529
1711530 529
1711540 528
1711550 527
1711560 526
1711570 525
1711580 524
1711590 524
1711600 523
1711610 523
1711620 523
1711630 523
1711640 523
1711650 523
1711660 523
1711670 524
1711680 524
1711690 525
1711700 527
1711710 529
1711720 531
1711730 534
1711740 536
1711750 539
1711760 540
1711770 541
1711780 542
1711790 543
1711800 545
1711810 546
1711820 547
1711830 548
1711840 549
1711850 550
1711860 551
1711870 552
1711880 553
1711890 554
1711900 555
1711910 556
1711920 556
1711930 557
1711940 558
1711950 559
1711960 559
1711970 560
1711980 561
1711990 561
1712000 562
1712010 563
1712020 563
1712030 564
1712040 564
1712050 565
1712060 565
1712070 566
1712080 566
1712090 567
1712100 567
1712110 568
1712120 568
1712130 568
1712140 568
1712150 568
1712160 568
1712170 568
1712180 568
1712190 568
1712200 568
1712210 568
1712220 567
1712230 567
1712240 567
1712250 567
1712260 567
1712270 567
1712280 567
1712290 567
1712300 567
1712310 567
1712320 567
1712330 566
1712340 566
1712350 566
1712360 565
1712370 565
1712380 565
1712390 565
1712400 565
1712410 565
1712420 565
1712430 565
1712440 565
1712450 565
1712460 565
1712470 565
1712480 565
1712490 565
1712500 564
1712510 564
1712520 564
1712530 564
1712540 563
1712550 563
1712560 563
1712570 562
1712580 562
1712590 562
1712600 561
1712610 561
1712620 561
1712630 560
1712640 560
1712650 559
1712660 559
1712670 558
1712680 557
1712690 557
1712700 556
1712710 555
1712720 554
1712730 554
1712740 553
1712750 552
1712760 552
1712770 552
1712780 551
1712790 550
1712800 550
1712810 550
1712820 550
1712830 549
1712840 550
1712850 549
1712860 549
1712870 549
1712880 549
1712890 549
1712900 548
1712910 548
1712920 548
1712930 548
1712940 548
1712950 548
1712960 548
1712970 548
1712980 548
1712990 548
1713000 548
1713010 548
1713020 548
1713030 548
1713040 547
1713050 547
1713060 547
1713070 547
1713080 546
1713090 546
1713100 546
1713110 545
1713120 545
1713130 544
1713140 544
1713150 544
1713160 543
1713170 543
1713180 543
1713190 543
1713200 543
1713210 543
1713220 542
1713230 542
1713240 542
1713250 541
1713260 541
1713270 541
1713280 540
1713290 539
1713300 538
1713310 537
1713320 536
1713330 537
1713340 537
1713350 536
1713360 537
1713370 536
1713380 535
1713390 535
1713400 535
1713410 535
1713420 535
1713430 535
1713440 535
1713450 535
1713460 535
1713470 535
1713480 535
1713490 535
1713500 535
1713510 535
1713520 535
1713530 535
1713540 536
1713550 536
1713560 536
1713570 536
1713580 536
1713590 536
1713600 536
1713610 537
1713620 537
1713630 537
1713640 537
1713650 537
1713660 537
1713670 537
1713680 538
1713690 538
1713700 538
1713710 538
1713720 538
1713730 538
1713740 538
1713750 538
1713760 538
1713770 537
1713780 537
1713790 537
1713800 537
1713810 537
1713820 537
1713830 537
1713840 536
1713850 536
1713860 536
1713870 536
1713880 536
1713890 535
1713900 535
1713910 535
1713920 535
1713930 535
1713940 535
1713950 535
1713960 534
1713970 534
1713980 534
1713990 533
1714000 533
1714010 533
1714020 532
1714030 532
1714040 532
1714050 531
1714060 531
1714070 531
1714080 530
1714090 530
1714100 529
1714110 529
1714120 529
1714130 528
1714140 528
1714150 528
1714160 528
1714170 528
1714180 528
1714190 528
1714200 527
1714210 527
1714220 527
1714230 527
1714240 526
1714250 526
1714260 526
1714270 525
1714280 525
1714290 525
1714300 525
1714310 525
1714320 524
1714330 524
1714340 524
1714350 523
1714360 523
1714370 523
1714380 522
1714390 522
1714400 521
1714410 521
1714420 519
1714430 518
1714440 517
1714450 515
1714460 514
1714470 513
1714480 512
1714490 511
1714500 510
1714510 508
1714520 507
1714530 507
1714540 507
1714550 508
1714560 509
1714570 509
1714580 509
1714590 510
1714600 511
1714610 512
1714620 513
1714630 514
1714640 515
1714650 516
1714660 517
1714670 517
1714680 518
1714690 518
1714700 519
1714710 520
1714720 521
1714730 521
1714740 522
1714750 523
1714760 524
1714770 524
1714780 525
1714790 525
1714800 525
1714810 526
1714820 526
1714830 526
1714840 526
1714850 526
1714860 526
1714870 526
1714880 525
1714890 525
1714900 525
1714910 525
1714920 525
1714930 524
1714940 523
1714950 522
1714960 520
1714970 519
1714980 516
1714990 514
1715000 512
1715010 510
1715020 508
1715030 506
1715040 504
1715050 503
1715060 502
1715070 502
1715080 501
1715090 499
1715100 496
1715110 495
1715120 494
1715130 494
1715140 494
1715150 494
1715160 495
1715170 495
1715180 496
1715190 497
1715200 498
1715210 499
1715220 500
1715230 503
1715240 506
1715250 508
1715260 511
1715270 512
1715280 514
1715290 515
1715300 516
1715310 517
1715320 518
1715330 518
1715340 519
1715350 519
1715360 519
1715370 519
1715380 519
1715390 520
1715400 520
1715410 520
1715420 520
1715430 520
1715440 520
1715450 520
1715460 520
1715470 520
1715480 520
1715490 520
1715500 521
1715510 521
1715520 522
1715530 522
1715540 522
1715550 522
1715560 521
1715570 520
1715580 519
1715590 519
1715600 518
1715610 517
1715620 516
1715630 516
1715640 515
1715650 514
1715660 514
1715670 513
1715680 513
1715690 513
1715700 512
1715710 512
1715720 512
1715730 511
1715740 511
1715750 511
1715760 510
1715770 510
1715780 510
1715790 509
1715800 509
1715810 509
1715820 508
1715830 508
1715840 508
1715850 508
1715860 508
1715870 508
1715880 508
1715890 508
1715900 507
1715910 507
1715920 507
1715930 507
1715940 507
1715950 507
1715960 507
1715970 507
1715980 507
1715990 507
1716000 507
1716010 506
1716020 506
1716030 507
1716040 507
1716050 507
1716060 507
1716070 507
1716080 508
1716090 508
1716100 508
1716110 509
1716120 509
1716130 509
1716140 509
1716150 509
1716160 509
1716170 510
1716180 510
1716190 511
1716200 512
1716210 513
1716220 513
1716230 513
1716240 514
1716250 514
1716260 514
1716270 514
1716280 514
1716290 515
1716300 515
1716310 515
1716320 515
1716330 514
1716340 514
1716350 515
1716360 515
1716370 515
1716380 515
1716390 516
1716400 516
1716410 516
1716420 516
1716430 516
1716440 516
1716450 516
1716460 517
1716470 517
1716480 517
1716490 518
1716500 518
1716510 518
1716520 518
1716530 518
1716540 519
1716550 519
1716560 519
1716570 519
1716580 520
1716590 521
1716600 521
1716610 521
1716620 521
1716630 521
1716640 521
1716650 521
1716660 520
1716670 520
1716680 520
1716690 519
1716700 519
1716710 519
1716720 519
1716730 519
1716740 519
1716750 519
1716760 519
1716770 519
1716780 519
1716790 518
1716800 518
1716810 518
1716820 518
1716830 517
1716840 517
1716850 516
1716860 516
1716870 515
1716880 515
1716890 514
1716900 513
1716910 512
1716920 511
1716930 510
1716940 509
1716950 509
1716960 510
1716970 511
1716980 513
1716990 515
1717000 517
1717010 519
1717020 520
1717030 521
1717040 522
1717050 522
1717060 522
1717070 523
1717080 523
1717090 523
1717100 523
1717110 523
1717120 523
1717130 523
1717140 522
1717150 522
1717160 521
1717170 521
1717180 520
1717190 520
1717200 519
1717210 519
1717220 519
1717230 518
1717240 518
1717250 518
1717260 517
1717270 517
1717280 517
1717290 516
1717300 516
1717310 515
1717320 515
1717330 515
1717340 514
1717350 514
1717360 514
1717370 513
1717380 513
1717390 513
1717400 513
1717410 512
1717420 512
1717430 512
1717440 512
1717450 511
1717460 510
1717470 510
1717480 509
1717490 509
1717500 508
1717510 508
1717520 508
1717530 507
1717540 507
1717550 506
1717560 506
1717570 505
1717580 504
1717590 504
1717600 504
1717610 503
1717620 503
1717630 503
1717640 504
1717650 505
1717660 506
1717670 507
1717680 507
1717690 508
1717700 508
1717710 508
1717720 508
1717730 509
1717740 509
1717750 508
1717760 508
1717770 509
1717780 509
1717790 509
1717800 509
1717810 509
1717820 509
1717830 509
1717840 509
1717850 508
1717860 508
1717870 508
1717880 507
1717890 507
1717900 506
1717910 506
1717920 505
1717930 505
1717940 504
1717950 504
1717960 504
1717970 503
1717980 502
1717990 502
1718000 501
1718010 501
1718020 500
1718030 500
1718040 500
1718050 500
1718060 500
1718070 500
1718080 499
1718090 499
1718100 499
1718110 498
1718120 498
1718130 498
1718140 498
1718150 498
1718160 498
1718170 498
1718180 498
1718190 498
1718200 498
1718210 498
1718220 498
1718230 497
1718240 497
1718250 497
1718260 497
1718270 497
1718280 497
1718290 497
1718300 496
1718310 496
1718320 496
1718330 496
1718340 496
1718350 496
1718360 496
1718370 496
1718380 496
1718390 496
1718400 496
1718410 496
1718420 495
1718430 495
1718440 495
1718450 495
1718460 495
1718470 495
1718480 494
1718490 494
1718500 494
1718510 494
1718520 494
1718530 494
1718540 494
1718550 493
1718560 493
1718570 493
1718580 493
1718590 493
1718600 492
1718610 492
1718620 492
1718630 492
1718640 491
1718650 491
1718660 491
1718670 491
1718680 491
1718690 491
1718700 491
1718710 490
1718720 490
1718730 490
1718740 489
1718750 489
1718760 489
1718770 489
1718780 489
1718790 489
1718800 489
1718810 489
1718820 489
1718830 489
1718840 489
1718850 489
1718860 489
1718870 489
1718880 489
1718890 489
1718900 488
1718910 488
1718920 488
1718930 488
1718940 488
1718950 488
1718960 488
1718970 488
1718980 488
1718990 488
1719000 488
1719010 488
1719020 488
1719030 488
1719040 488
1719050 488
1719060 488
1719070 487
1719080 487
1719090 487
1719100 487
1719110 487
1719120 487
1719130 487
1719140 486
1719150 486
1719160 486
1719170 485
1719180 485
1719190 484
1719200 483
1719210 483
1719220 483
1719230 483
1719240 483
1719250 483
1719260 482
1719270 481
1719280 481
1719290 480
1719300 480
1719310 481
1719320 481
1719330 481
1719340 481
1719350 481
1719360 481
1719370 482
1719380 484
1719390 485
1719400 485
1719410 485
1719420 486
1719430 486
1719440 486
1719450 486
1719460 486
1719470 487
1719480 487
1719490 487
1719500 487
1719510 487
1719520 488
1719530 488
1719540 488
1719550 488
1719560 488
1719570 488
1719580 488
1719590 488
1719600 488
1719610 488
1719620 488
1719630 488
1719640 488
1719650 488
1719660 488
1719670 488
1719680 489
1719690 489
1719700 489
1719710 490
1719720 490
1719730 490
1719740 491
1719750 491
1719760 491
1719770 491
1719780 491
1719790 492
1719800 492
1719810 492
1719820 492
1719830 492
1719840 492
1719850 492
1719860 492
1719870 492
1719880 492
1719890 492
1719900 492
1719910 492
1719920 492
1719930 492
1719940 492
1719950 493
1719960 493
1719970 493
1719980 493
1719990 493
