1700000 560
1700010 560
1700020 560
1700030 560
1700040 560
1700050 560
1700060 560
1700070 560
1700080 560
1700090 560
1700100 560
1700110 560
1700120 560
1700130 560
1700140 560
1700150 560
1700160 560
1700170 560
1700180 560
1700190 561
1700200 561
1700210 561
1700220 561
1700230 561
1700240 561
1700250 560
1700260 560
1700270 560
1700280 560
1700290 560
1700300 560
1700310 559
1700320 559
1700330 559
1700340 558
1700350 558
1700360 558
1700370 558
1700380 557
1700390 557
1700400 557
1700410 557
1700420 557
1700430 557
1700440 557
1700450 556
1700460 556
1700470 556
1700480 556
1700490 556
1700500 556
1700510 556
1700520 556
1700530 556
1700540 556
1700550 556
1700560 556
1700570 556
1700580 557
1700590 557
1700600 557
1700610 557
1700620 557
1700630 557
1700640 558
1700650 558
1700660 558
1700670 558
1700680 558
1700690 559
1700700 559
1700710 559
1700720 559
1700730 559
1700740 559
1700750 559
1700760 559
1700770 559
1700780 559
1700790 559
1700800 559
1700810 559
1700820 559
1700830 559
1700840 559
1700850 559
1700860 559
1700870 559
1700880 559
1700890 559
1700900 559
1700910 560
1700920 560
1700930 560
1700940 560
1700950 560
1700960 560
1700970 560
1700980 560
1700990 561
1701000 561
1701010 561
1701020 561
1701030 561
1701040 561
1701050 561
1701060 561
1701070 561
1701080 561
1701090 561
1701100 561
1701110 561
1701120 561
1701130 561
1701140 561
1701150 560
1701160 560
1701170 560
1701180 560
1701190 560
1701200 560
1701210 560
1701220 560
1701230 560
1701240 560
1701250 560
1701260 560
1701270 560
1701280 561
1701290 561
1701300 561
1701310 561
1701320 561
1701330 562
1701340 562
1701350 563
1701360 563
1701370 563
1701380 563
1701390 564
1701400 564
1701410 564
1701420 564
1701430 564
1701440 564
1701450 564
1701460 563
1701470 563
1701480 563
1701490 563
1701500 563
1701510 563
1701520 563
1701530 563
1701540 563
1701550 563
1701560 563
1701570 563
1701580 563
1701590 563
1701600 563
1701610 563
1701620 563
1701630 563
1701640 563
1701650 563
1701660 563
1701670 563
1701680 564
1701690 564
1701700 564
1701710 564
1701720 565
1701730 565
1701740 566
1701750 566
1701760 566
1701770 566
1701780 567
1701790 567
1701800 568
1701810 568
1701820 568
1701830 568
1701840 568
1701850 568
1701860 568
1701870 569
1701880 569
1701890 569
1701900 570
1701910 570
1701920 570
1701930 570
1701940 570
1701950 570
1701960 570
1701970 570
1701980 570
1701990 571
1702000 571
1702010 572
1702020 573
1702030 573
1702040 573
1702050 574
1702060 574
1702070 574
1702080 575
1702090 575
1702100 575
1702110 575
1702120 575
1702130 576
1702140 576
1702150 576
1702160 576
1702170 576
1702180 576
1702190 577
1702200 577
1702210 577
1702220 577
1702230 577
1702240 577
1702250 578
1702260 578
1702270 578
1702280 578
1702290 578
1702300 578
1702310 578
1702320 578
1702330 578
1702340 578
1702350 578
1702360 578
1702370 578
1702380 578
1702390 578
1702400 578
1702410 578
1702420 578
1702430 578
1702440 578
1702450 578
1702460 578
1702470 578
1702480 578
1702490 577
1702500 577
1702510 577
1702520 577
1702530 577
1702540 577
1702550 577
1702560 577
1702570 577
1702580 577
1702590 577
1702600 577
1702610 577
1702620 577
1702630 577
1702640 578
1702650 578
1702660 578
1702670 578
1702680 578
1702690 578
1702700 578
1702710 579
1702720 579
1702730 579
1702740 579
1702750 580
1702760 580
1702770 580
1702780 580
1702790 581
1702800 581
1702810 581
1702820 581
1702830 582
1702840 582
1702850 582
1702860 583
1702870 583
1702880 583
1702890 584
1702900 584
1702910 584
1702920 585
1702930 585
1702940 585
1702950 586
1702960 586
1702970 586
1702980 587
1702990 587
1703000 588
1703010 588
1703020 588
1703030 589
1703040 589
1703050 590
1703060 590
1703070 590
1703080 590
1703090 590
1703100 591
1703110 591
1703120 591
1703130 591
1703140 591
1703150 591
1703160 591
1703170 591
1703180 591
1703190 592
1703200 592
1703210 592
1703220 593
1703230 593
1703240 593
1703250 594
1703260 594
1703270 594
1703280 594
1703290 595
1703300 595
1703310 596
1703320 597
1703330 597
1703340 597
1703350 597
1703360 597
1703370 598
1703380 598
1703390 598
1703400 598
1703410 598
1703420 598
1703430 598
1703440 598
1703450 598
1703460 598
1703470 598
1703480 598
1703490 598
1703500 598
1703510 598
1703520 597
1703530 597
1703540 597
1703550 597
1703560 597
1703570 598
1703580 598
1703590 598
1703600 598
1703610 598
1703620 598
1703630 598
1703640 598
1703650 598
1703660 598
1703670 598
1703680 598
1703690 598
1703700 598
1703710 598
1703720 598
1703730 598
1703740 599
1703750 599
1703760 599
1703770 599
1703780 599
1703790 599
1703800 599
1703810 599
1703820 599
1703830 599
1703840 599
1703850 599
1703860 599
1703870 599
1703880 599
1703890 599
1703900 599
1703910 599
1703920 599
1703930 599
1703940 600
1703950 600
1703960 600
1703970 600
1703980 600
1703990 600
1704000 600
1704010 600
1704020 600
1704030 600
1704040 600
1704050 600
1704060 600
1704070 600
1704080 600
1704090 600
1704100 600
1704110 600
1704120 600
1704130 600
1704140 600
1704150 600
1704160 600
1704170 600
1704180 601
1704190 601
1704200 601
1704210 601
1704220 601
1704230 601
1704240 601
1704250 601
1704260 601
1704270 601
1704280 601
1704290 601
1704300 601
1704310 601
1704320 601
1704330 601
1704340 601
1704350 602
1704360 602
1704370 602
1704380 602
1704390 602
1704400 602
1704410 602
1704420 602
1704430 602
1704440 602
1704450 602
1704460 602
1704470 602
1704480 602
1704490 602
1704500 602
1704510 602
1704520 600
1704530 598
1704540 595
1704550 596
1704560 597
1704570 600
1704580 601
1704590 601
1704600 601
1704610 601
1704620 601
1704630 601
1704640 601
1704650 601
1704660 601
1704670 601
1704680 601
1704690 601
1704700 601
1704710 601
1704720 601
1704730 601
1704740 601
1704750 601
1704760 601
1704770 601
1704780 601
1704790 601
1704800 601
1704810 601
1704820 601
1704830 601
1704840 601
1704850 601
1704860 601
1704870 601
1704880 601
1704890 600
1704900 600
1704910 600
1704920 600
1704930 600
1704940 600
1704950 600
1704960 600
1704970 600
1704980 600
1704990 600
1705000 600
1705010 600
1705020 600
1705030 600
1705040 600
1705050 600
1705060 600
1705070 600
1705080 600
1705090 600
1705100 600
1705110 600
1705120 600
1705130 600
1705140 600
1705150 600
1705160 600
1705170 600
1705180 600
1705190 600
1705200 600
1705210 599
1705220 599
1705230 599
1705240 598
1705250 598
1705260 598
1705270 599
1705280 599
1705290 599
1705300 599
1705310 599
1705320 599
1705330 599
1705340 599
1705350 599
1705360 599
1705370 599
1705380 599
1705390 599
1705400 600
1705410 600
1705420 600
1705430 600
1705440 600
1705450 600
1705460 600
1705470 600
1705480 600
1705490 600
1705500 601
1705510 601
1705520 601
1705530 601
1705540 601
1705550 601
1705560 601
1705570 601
1705580 602
1705590 602
1705600 602
1705610 602
1705620 602
1705630 602
1705640 603
1705650 603
1705660 603
1705670 604
1705680 604
1705690 604
1705700 604
1705710 605
1705720 605
1705730 605
1705740 606
1705750 606
1705760 606
1705770 606
1705780 607
1705790 607
1705800 607
1705810 608
1705820 608
1705830 608
1705840 608
1705850 609
1705860 609
1705870 609
1705880 609
1705890 609
1705900 609
1705910 609
1705920 609
1705930 609
1705940 609
1705950 609
1705960 609
1705970 609
1705980 609
1705990 609
1706000 609
1706010 609
1706020 609
1706030 609
1706040 609
1706050 609
1706060 609
1706070 609
1706080 609
1706090 609
1706100 609
1706110 609
1706120 609
1706130 609
1706140 609
1706150 609
1706160 610
1706170 610
1706180 610
1706190 610
1706200 610
1706210 610
1706220 610
1706230 610
1706240 610
1706250 610
1706260 610
1706270 610
1706280 610
1706290 610
1706300 610
1706310 610
1706320 610
1706330 610
1706340 610
1706350 610
1706360 611
1706370 611
1706380 611
1706390 612
1706400 612
1706410 612
1706420 612
1706430 612
1706440 613
1706450 613
1706460 613
1706470 613
1706480 613
1706490 613
1706500 613
1706510 613
1706520 613
1706530 614
1706540 614
1706550 614
1706560 614
1706570 614
1706580 613
1706590 613
1706600 613
1706610 613
1706620 613
1706630 613
1706640 613
1706650 613
1706660 613
1706670 613
1706680 613
1706690 613
1706700 613
1706710 613
1706720 613
1706730 613
1706740 613
1706750 613
1706760 613
1706770 613
1706780 613
1706790 613
1706800 613
1706810 613
1706820 613
1706830 612
1706840 612
1706850 612
1706860 612
1706870 612
1706880 612
1706890 612
1706900 612
1706910 612
1706920 612
1706930 612
1706940 612
1706950 611
1706960 611
1706970 611
1706980 611
1706990 611
1707000 611
1707010 611
1707020 610
1707030 610
1707040 610
1707050 610
1707060 610
1707070 610
1707080 609
1707090 609
1707100 609
1707110 609
1707120 609
1707130 609
1707140 609
1707150 609
1707160 609
1707170 608
1707180 608
1707190 608
1707200 608
1707210 608
1707220 608
1707230 608
1707240 607
1707250 607
1707260 607
1707270 607
1707280 607
1707290 607
1707300 607
1707310 607
1707320 607
1707330 607
1707340 607
1707350 607
1707360 607
1707370 607
1707380 607
1707390 607
1707400 608
1707410 608
1707420 608
1707430 608
1707440 608
1707450 608
1707460 608
1707470 608
1707480 608
1707490 609
1707500 609
1707510 609
1707520 609
1707530 609
1707540 610
1707550 610
1707560 610
1707570 610
1707580 610
1707590 610
1707600 610
1707610 610
1707620 611
1707630 611
1707640 611
1707650 611
1707660 611
1707670 611
1707680 612
1707690 612
1707700 612
1707710 612
1707720 612
1707730 612
1707740 612
1707750 612
1707760 612
1707770 612
1707780 612
1707790 612
1707800 613
1707810 613
1707820 613
1707830 613
1707840 613
1707850 613
1707860 613
1707870 613
1707880 613
1707890 614
1707900 614
1707910 614
1707920 613
1707930 613
1707940 613
1707950 613
1707960 612
1707970 612
1707980 612
1707990 612
1708000 611
1708010 611
1708020 611
1708030 611
1708040 610
1708050 610
1708060 610
1708070 609
1708080 609
1708090 608
1708100 608
1708110 608
1708120 607
1708130 607
1708140 606
1708150 606
1708160 605
1708170 605
1708180 605
1708190 605
1708200 604
1708210 604
1708220 604
1708230 604
1708240 603
1708250 603
1708260 603
1708270 602
1708280 602
1708290 602
1708300 602
1708310 601
1708320 601
1708330 601
1708340 600
1708350 600
1708360 599
1708370 599
1708380 599
1708390 598
1708400 598
1708410 598
1708420 598
1708430 599
1708440 599
1708450 599
1708460 599
1708470 599
1708480 599
1708490 599
1708500 599
1708510 599
1708520 599
1708530 599
1708540 599
1708550 599
1708560 599
1708570 599
1708580 598
1708590 598
1708600 598
1708610 597
1708620 597
1708630 596
1708640 596
1708650 596
1708660 595
1708670 595
1708680 595
1708690 594
1708700 594
1708710 593
1708720 593
1708730 592
1708740 592
1708750 591
1708760 591
1708770 591
1708780 590
1708790 590
1708800 589
1708810 589
1708820 588
1708830 588
1708840 588
1708850 588
1708860 589
1708870 589
1708880 589
1708890 589
1708900 588
1708910 588
1708920 588
1708930 588
1708940 587
1708950 587
1708960 587
1708970 587
1708980 586
1708990 586
1709000 586
1709010 585
1709020 585
1709030 584
1709040 584
1709050 583
1709060 583
1709070 583
1709080 582
1709090 582
1709100 581
1709110 581
1709120 581
1709130 580
1709140 580
1709150 579
1709160 579
1709170 579
1709180 578
1709190 578
1709200 578
1709210 577
1709220 577
1709230 577
1709240 576
1709250 576
1709260 576
1709270 576
1709280 575
1709290 575
1709300 575
1709310 574
1709320 574
1709330 574
1709340 573
1709350 573
1709360 573
1709370 572
1709380 572
1709390 571
1709400 571
1709410 571
1709420 570
1709430 569
1709440 569
1709450 568
1709460 566
1709470 565
1709480 564
1709490 564
1709500 563
1709510 562
1709520 561
1709530 560
1709540 559
1709550 558
1709560 558
1709570 559
1709580 560
1709590 560
1709600 560
1709610 561
1709620 563
1709630 565
1709640 567
1709650 569
1709660 571
1709670 573
1709680 575
1709690 576
1709700 577
1709710 578
1709720 579
1709730 579
1709740 580
1709750 580
1709760 580
1709770 581
1709780 581
1709790 582
1709800 582
1709810 582
1709820 582
1709830 583
1709840 583
1709850 583
1709860 583
1709870 583
1709880 583
1709890 582
1709900 582
1709910 582
1709920 582
1709930 581
1709940 581
1709950 581
1709960 581
1709970 580
1709980 580
1709990 579
1710000 579
1710010 578
1710020 578
1710030 577
1710040 577
1710050 576
1710060 576
1710070 575
1710080 575
1710090 574
1710100 573
1710110 573
1710120 572
1710130 571
1710140 571
1710150 570
1710160 570
1710170 569
1710180 568
1710190 567
1710200 566
1710210 566
1710220 565
1710230 564
1710240 563
1710250 562
1710260 561
1710270 561
1710280 560
1710290 559
1710300 558
1710310 557
1710320 557
1710330 556
1710340 556
1710350 555
1710360 555
1710370 554
1710380 553
1710390 553
1710400 552
1710410 552
1710420 551
1710430 551
1710440 550
1710450 550
1710460 549
1710470 548
1710480 548
1710490 548
1710500 547
1710510 547
1710520 547
1710530 546
1710540 546
1710550 545
1710560 545
1710570 545
1710580 544
1710590 544
1710600 543
1710610 543
1710620 542
1710630 542
1710640 542
1710650 542
1710660 541
1710670 541
1710680 541
1710690 541
1710700 540
1710710 540
1710720 540
1710730 540
1710740 539
1710750 539
1710760 539
1710770 539
1710780 538
1710790 538
1710800 538
1710810 538
1710820 537
1710830 537
1710840 537
1710850 536
1710860 536
1710870 536
1710880 535
1710890 535
1710900 534
1710910 534
1710920 534
1710930 533
1710940 533
1710950 532
1710960 532
1710970 531
1710980 531
1710990 530
1711000 530
1711010 529
1711020 528
1711030 528
1711040 527
1711050 527
1711060 526
1711070 526
1711080 526
1711090 526
1711100 526
1711110 526
1711120 526
1711130 526
1711140 525
1711150 525
1711160 525
1711170 525
1711180 525
1711190 525
1711200 524
1711210 524
1711220 524
1711230 524
1711240 524
1711250 524
1711260 523
1711270 523
1711280 523
1711290 523
1711300 522
1711310 522
1711320 522
1711330 521
1711340 521
1711350 520
1711360 520
1711370 519
1711380 519
1711390 518
1711400 517
1711410 517
1711420 517
1711430 516
1711440 516
1711450 516
1711460 515
1711470 514
1711480 514
1711490 514
1711500 514
1711510 514
1711520 514
1711530 513
1711540 513
1711550 513
1711560 513
1711570 512
1711580 512
1711590 512
1711600 512
1711610 512
1711620 511
1711630 511
1711640 512
1711650 512
1711660 512
1711670 513
1711680 514
1711690 514
1711700 516
1711710 517
1711720 518
1711730 520
1711740 521
1711750 523
1711760 522
1711770 522
1711780 522
1711790 526
1711800 527
1711810 528
1711820 528
1711830 528
1711840 528
1711850 529
1711860 529
1711870 529
1711880 530
1711890 530
1711900 530
1711910 530
1711920 531
1711930 531
1711940 531
1711950 531
1711960 531
1711970 531
1711980 531
1711990 531
1712000 531
1712010 531
1712020 531
1712030 531
1712040 530
1712050 530
1712060 529
1712070 528
1712080 527
1712090 526
1712100 526
1712110 525
1712120 525
1712130 524
1712140 523
1712150 523
1712160 523
1712170 523
1712180 523
1712190 522
1712200 521
1712210 521
1712220 520
1712230 519
1712240 518
1712250 516
1712260 516
1712270 515
1712280 514
1712290 513
1712300 513
1712310 512
1712320 512
1712330 512
1712340 512
1712350 512
1712360 512
1712370 512
1712380 512
1712390 512
1712400 512
1712410 512
1712420 512
1712430 512
1712440 512
1712450 512
1712460 512
1712470 512
1712480 512
1712490 512
1712500 512
1712510 511
1712520 511
1712530 510
1712540 509
1712550 509
1712560 509
1712570 509
1712580 509
1712590 509
1712600 509
1712610 509
1712620 509
1712630 509
1712640 509
1712650 509
1712660 509
1712670 509
1712680 511
1712690 511
1712700 512
1712710 511
1712720 511
1712730 511
1712740 511
1712750 512
1712760 511
1712770 511
1712780 511
1712790 511
1712800 511
1712810 511
1712820 512
1712830 513
1712840 513
1712850 514
1712860 514
1712870 515
1712880 514
1712890 515
1712900 517
1712910 520
1712920 521
1712930 520
1712940 517
1712950 516
1712960 516
1712970 516
1712980 517
1712990 517
1713000 517
1713010 517
1713020 517
1713030 517
1713040 516
1713050 516
1713060 515
1713070 515
1713080 515
1713090 515
1713100 515
1713110 515
1713120 515
1713130 515
1713140 515
1713150 515
1713160 514
1713170 514
1713180 514
1713190 514
1713200 514
1713210 513
1713220 513
1713230 513
1713240 513
1713250 513
1713260 513
1713270 513
1713280 512
1713290 512
1713300 512
1713310 512
1713320 512
1713330 512
1713340 512
1713350 511
1713360 511
1713370 511
1713380 511
1713390 511
1713400 511
1713410 510
1713420 510
1713430 510
1713440 510
1713450 509
1713460 509
1713470 509
1713480 509
1713490 508
1713500 508
1713510 508
1713520 507
1713530 507
1713540 507
1713550 507
1713560 506
1713570 506
1713580 506
1713590 505
1713600 505
1713610 504
1713620 504
1713630 504
1713640 503
1713650 503
1713660 503
1713670 502
1713680 502
1713690 502
1713700 502
1713710 502
1713720 502
1713730 501
1713740 501
1713750 501
1713760 501
1713770 501
1713780 500
1713790 500
1713800 500
1713810 500
1713820 500
1713830 500
1713840 500
1713850 500
1713860 500
1713870 500
1713880 500
1713890 500
1713900 500
1713910 500
1713920 500
1713930 499
1713940 500
1713950 500
1713960 500
1713970 500
1713980 500
1713990 500
1714000 500
1714010 500
1714020 500
1714030 500
1714040 500
1714050 500
1714060 500
1714070 500
1714080 499
1714090 499
1714100 499
1714110 499
1714120 499
1714130 499
1714140 499
1714150 498
1714160 498
1714170 498
1714180 498
1714190 498
1714200 499
1714210 499
1714220 499
1714230 499
1714240 499
1714250 500
1714260 500
1714270 500
1714280 500
1714290 501
1714300 501
1714310 501
1714320 501
1714330 501
1714340 501
1714350 501
1714360 501
1714370 502
1714380 502
1714390 502
1714400 502
1714410 502
1714420 502
1714430 502
1714440 502
1714450 502
1714460 502
1714470 502
1714480 502
1714490 502
1714500 502
1714510 502
1714520 502
1714530 502
1714540 503
1714550 503
1714560 503
1714570 503
1714580 503
1714590 503
1714600 503
1714610 503
1714620 503
1714630 503
1714640 503
1714650 503
1714660 503
1714670 503
1714680 503
1714690 503
1714700 503
1714710 503
1714720 503
1714730 503
1714740 503
1714750 503
1714760 503
1714770 503
1714780 503
1714790 503
1714800 503
1714810 503
1714820 503
1714830 503
1714840 503
1714850 503
1714860 503
1714870 503
1714880 503
1714890 503
1714900 503
1714910 503
1714920 503
1714930 502
1714940 502
1714950 502
1714960 502
1714970 502
1714980 502
1714990 502
1715000 502
1715010 502
1715020 502
1715030 502
1715040 502
1715050 502
1715060 501
1715070 501
1715080 501
1715090 501
1715100 498
1715110 497
1715120 498
1715130 499
1715140 500
1715150 500
1715160 500
1715170 499
1715180 499
1715190 499
1715200 499
1715210 499
1715220 499
1715230 498
1715240 498
1715250 498
1715260 498
1715270 498
1715280 498
1715290 497
1715300 497
1715310 497
1715320 497
1715330 496
1715340 496
1715350 496
1715360 496
1715370 496
1715380 495
1715390 495
1715400 495
1715410 495
1715420 495
1715430 495
1715440 494
1715450 494
1715460 494
1715470 494
1715480 494
1715490 493
1715500 493
1715510 493
1715520 493
1715530 492
1715540 492
1715550 492
1715560 491
1715570 491
1715580 491
1715590 491
1715600 491
1715610 490
1715620 490
1715630 490
1715640 490
1715650 490
1715660 490
1715670 489
1715680 489
1715690 489
1715700 489
1715710 489
1715720 488
1715730 488
1715740 488
1715750 487
1715760 487
1715770 486
1715780 485
1715790 485
1715800 485
1715810 484
1715820 484
1715830 484
1715840 484
1715850 484
1715860 484
1715870 484
1715880 484
1715890 484
1715900 484
1715910 484
1715920 484
1715930 484
1715940 484
1715950 484
1715960 483
1715970 483
1715980 483
1715990 483
1716000 483
1716010 483
1716020 483
1716030 483
1716040 483
1716050 483
1716060 483
1716070 483
1716080 483
1716090 483
1716100 483
1716110 483
1716120 483
1716130 483
1716140 483
1716150 483
1716160 483
1716170 483
1716180 483
1716190 483
1716200 483
1716210 482
1716220 482
1716230 482
1716240 482
1716250 482
1716260 482
1716270 482
1716280 482
1716290 482
1716300 481
1716310 481
1716320 481
1716330 481
1716340 481
1716350 481
1716360 481
1716370 481
1716380 481
1716390 481
1716400 481
1716410 481
1716420 481
1716430 481
1716440 482
1716450 482
1716460 482
1716470 482
1716480 482
1716490 482
1716500 482
1716510 482
1716520 482
1716530 482
1716540 482
1716550 482
1716560 482
1716570 482
1716580 482
1716590 482
1716600 483
1716610 483
1716620 483
1716630 483
1716640 483
1716650 483
1716660 483
1716670 483
1716680 483
1716690 483
1716700 483
1716710 483
1716720 484
1716730 484
1716740 484
1716750 484
1716760 484
1716770 484
1716780 484
1716790 485
1716800 485
1716810 485
1716820 485
1716830 485
1716840 485
1716850 485
1716860 485
1716870 485
1716880 485
1716890 485
1716900 485
1716910 485
1716920 485
1716930 485
1716940 486
1716950 486
1716960 485
1716970 485
1716980 485
1716990 485
1717000 485
1717010 485
1717020 485
1717030 484
1717040 484
1717050 484
1717060 484
1717070 484
1717080 484
1717090 483
1717100 483
1717110 483
1717120 483
1717130 483
1717140 483
1717150 483
1717160 484
1717170 484
1717180 484
1717190 484
1717200 484
1717210 485
1717220 485
1717230 485
1717240 485
1717250 485
1717260 485
1717270 485
1717280 485
1717290 485
1717300 485
1717310 485
1717320 485
1717330 485
1717340 485
1717350 485
1717360 485
1717370 485
1717380 485
1717390 485
1717400 485
1717410 485
1717420 485
1717430 485
1717440 485
1717450 485
1717460 485
1717470 485
1717480 485
1717490 485
1717500 485
1717510 485
1717520 485
1717530 484
1717540 484
1717550 484
1717560 484
1717570 484
1717580 484
1717590 484
1717600 484
1717610 484
1717620 483
1717630 483
1717640 483
1717650 483
1717660 483
1717670 483
1717680 483
1717690 483
1717700 483
1717710 483
1717720 483
1717730 483
1717740 483
1717750 483
1717760 483
1717770 483
1717780 482
1717790 482
1717800 482
1717810 482
1717820 482
1717830 482
1717840 482
1717850 482
1717860 482
1717870 482
1717880 481
1717890 481
1717900 481
1717910 481
1717920 481
1717930 481
1717940 481
1717950 481
1717960 481
1717970 480
1717980 480
1717990 480
1718000 480
1718010 480
1718020 479
1718030 479
1718040 479
1718050 479
1718060 479
1718070 479
1718080 479
1718090 479
1718100 479
1718110 479
1718120 479
1718130 479
1718140 479
1718150 479
1718160 479
1718170 479
1718180 478
1718190 478
1718200 478
1718210 478
1718220 478
1718230 478
1718240 478
1718250 478
1718260 478
1718270 478
1718280 478
1718290 478
1718300 478
1718310 478
1718320 478
1718330 478
1718340 478
1718350 478
1718360 478
1718370 478
1718380 478
1718390 478
1718400 478
1718410 478
1718420 478
1718430 478
1718440 478
1718450 478
1718460 478
1718470 478
1718480 478
1718490 478
1718500 478
1718510 478
1718520 478
1718530 478
1718540 477
1718550 477
1718560 477
1718570 477
1718580 477
1718590 477
1718600 477
1718610 477
1718620 477
1718630 477
1718640 477
1718650 477
1718660 477
1718670 477
1718680 477
1718690 478
1718700 478
1718710 478
1718720 477
1718730 477
1718740 477
1718750 477
1718760 477
1718770 477
1718780 477
1718790 477
1718800 477
1718810 477
1718820 477
1718830 477
1718840 477
1718850 477
1718860 477
1718870 477
1718880 477
1718890 477
1718900 477
1718910 477
1718920 476
1718930 476
1718940 477
1718950 477
1718960 476
1718970 476
1718980 476
1718990 476
1719000 476
1719010 476
1719020 476
1719030 476
1719040 476
1719050 476
1719060 476
1719070 476
1719080 476
1719090 476
1719100 476
1719110 477
1719120 476
1719130 476
1719140 475
1719150 475
1719160 475
1719170 475
1719180 475
1719190 474
1719200 474
1719210 474
1719220 474
1719230 474
1719240 474
1719250 474
1719260 474
1719270 474
1719280 474
1719290 473
1719300 473
1719310 473
1719320 473
1719330 472
1719340 472
1719350 472
1719360 472
1719370 471
1719380 471
1719390 471
1719400 470
1719410 470
1719420 470
1719430 470
1719440 469
1719450 469
1719460 469
1719470 469
1719480 469
1719490 469
1719500 469
1719510 470
1719520 470
1719530 470
1719540 471
1719550 472
1719560 473
1719570 473
1719580 473
1719590 473
1719600 473
1719610 473
1719620 473
1719630 472
1719640 472
1719650 472
1719660 473
1719670 473
1719680 473
1719690 473
1719700 473
1719710 473
1719720 473
1719730 473
1719740 473
1719750 473
1719760 473
1719770 473
1719780 473
1719790 473
1719800 473
1719810 473
1719820 473
1719830 473
1719840 473
1719850 473
1719860 474
1719870 474
1719880 474
1719890 474
1719900 474
1719910 474
1719920 474
1719930 474
1719940 474
1719950 474
1719960 474
1719970 474
1719980 474
1719990 474
