1700000 560
1700010 559
1700020 559
1700030 558
1700040 557
1700050 557
1700060 557
1700070 557
1700080 556
1700090 556
1700100 557
1700110 557
1700120 556
1700130 557
1700140 557
1700150 557
1700160 558
1700170 558
1700180 558
1700190 559
1700200 559
1700210 559
1700220 560
1700230 560
1700240 560
1700250 560
1700260 560
1700270 561
1700280 561
1700290 562
1700300 562
1700310 563
1700320 563
1700330 563
1700340 564
1700350 564
1700360 564
1700370 565
1700380 565
1700390 565
1700400 565
1700410 565
1700420 565
1700430 566
1700440 566
1700450 566
1700460 566
1700470 566
1700480 567
1700490 567
1700500 567
1700510 567
1700520 567
1700530 568
1700540 568
1700550 568
1700560 568
1700570 569
1700580 569
1700590 569
1700600 570
1700610 571
1700620 571
1700630 571
1700640 572
1700650 572
1700660 572
1700670 572
1700680 571
1700690 571
1700700 571
1700710 571
1700720 571
1700730 571
1700740 571
1700750 571
1700760 571
1700770 572
1700780 572
1700790 572
1700800 572
1700810 572
1700820 573
1700830 573
1700840 573
1700850 573
1700860 573
1700870 573
1700880 574
1700890 574
1700900 574
1700910 574
1700920 575
1700930 575
1700940 575
1700950 575
1700960 575
1700970 576
1700980 576
1700990 576
1701000 576
1701010 576
1701020 577
1701030 577
1701040 577
1701050 577
1701060 577
1701070 578
1701080 578
1701090 578
1701100 578
1701110 578
1701120 578
1701130 578
1701140 578
1701150 579
1701160 579
1701170 579
1701180 579
1701190 579
1701200 579
1701210 579
1701220 579
1701230 579
1701240 579
1701250 579
1701260 579
1701270 580
1701280 580
1701290 580
1701300 580
1701310 580
1701320 580
1701330 580
1701340 581
1701350 581
1701360 581
1701370 581
1701380 581
1701390 581
1701400 582
1701410 582
1701420 582
1701430 582
1701440 582
1701450 582
1701460 583
1701470 583
1701480 583
1701490 583
1701500 583
1701510 584
1701520 584
1701530 584
1701540 584
1701550 584
1701560 585
1701570 585
1701580 585
1701590 585
1701600 586
1701610 586
1701620 586
1701630 587
1701640 587
1701650 587
1701660 588
1701670 588
1701680 588
1701690 588
1701700 589
1701710 589
1701720 590
1701730 590
1701740 591
1701750 591
1701760 592
1701770 592
1701780 593
1701790 593
1701800 593
1701810 594
1701820 594
1701830 594
1701840 594
1701850 594
1701860 594
1701870 594
1701880 594
1701890 594
1701900 594
1701910 594
1701920 594
1701930 594
1701940 594
1701950 594
1701960 594
1701970 594
1701980 594
1701990 594
1702000 594
1702010 594
1702020 594
1702030 594
1702040 594
1702050 594
1702060 594
1702070 594
1702080 594
1702090 594
1702100 594
1702110 594
1702120 595
1702130 595
1702140 595
1702150 595
1702160 595
1702170 595
1702180 595
1702190 595
1702200 595
1702210 596
1702220 596
1702230 596
1702240 596
1702250 596
1702260 596
1702270 596
1702280 596
1702290 596
1702300 596
1702310 596
1702320 596
1702330 596
1702340 596
1702350 596
1702360 596
1702370 596
1702380 596
1702390 596
1702400 596
1702410 596
1702420 596
1702430 596
1702440 596
1702450 596
1702460 596
1702470 596
1702480 597
1702490 597
1702500 597
1702510 597
1702520 597
1702530 597
1702540 597
1702550 598
1702560 598
1702570 598
1702580 598
1702590 598
1702600 598
1702610 598
1702620 599
1702630 599
1702640 599
1702650 599
1702660 599
1702670 599
1702680 600
1702690 600
1702700 600
1702710 600
1702720 600
1702730 600
1702740 600
1702750 600
1702760 600
1702770 600
1702780 600
1702790 600
1702800 600
1702810 600
1702820 600
1702830 600
1702840 600
1702850 600
1702860 600
1702870 599
1702880 599
1702890 599
1702900 599
1702910 599
1702920 599
1702930 599
1702940 599
1702950 599
1702960 599
1702970 599
1702980 598
1702990 598
1703000 598
1703010 598
1703020 598
1703030 598
1703040 598
1703050 598
1703060 597
1703070 597
1703080 597
1703090 597
1703100 597
1703110 597
1703120 597
1703130 597
1703140 597
1703150 597
1703160 596
1703170 596
1703180 596
1703190 596
1703200 596
1703210 596
1703220 595
1703230 595
1703240 595
1703250 595
1703260 595
1703270 594
1703280 594
1703290 594
1703300 594
1703310 594
1703320 594
1703330 594
1703340 593
1703350 593
1703360 593
1703370 593
1703380 593
1703390 593
1703400 593
1703410 593
1703420 593
1703430 592
1703440 592
1703450 592
1703460 592
1703470 592
1703480 592
1703490 592
1703500 592
1703510 592
1703520 592
1703530 591
1703540 591
1703550 591
1703560 591
1703570 591
1703580 591
1703590 590
1703600 590
1703610 590
1703620 590
1703630 590
1703640 590
1703650 590
1703660 590
1703670 590
1703680 590
1703690 590
1703700 590
1703710 589
1703720 589
1703730 589
1703740 589
1703750 589
1703760 589
1703770 589
1703780 588
1703790 588
1703800 588
1703810 588
1703820 588
1703830 587
1703840 587
1703850 587
1703860 586
1703870 586
1703880 586
1703890 586
1703900 585
1703910 585
1703920 585
1703930 585
1703940 585
1703950 585
1703960 584
1703970 584
1703980 584
1703990 584
1704000 584
1704010 584
1704020 584
1704030 583
1704040 583
1704050 583
1704060 583
1704070 583
1704080 583
1704090 582
1704100 582
1704110 582
1704120 582
1704130 582
1704140 582
1704150 582
1704160 582
1704170 582
1704180 582
1704190 582
1704200 582
1704210 582
1704220 581
1704230 581
1704240 581
1704250 582
1704260 583
1704270 584
1704280 583
1704290 580
1704300 579
1704310 578
1704320 577
1704330 577
1704340 576
1704350 576
1704360 576
1704370 576
1704380 576
1704390 576
1704400 576
1704410 576
1704420 575
1704430 575
1704440 575
1704450 575
1704460 575
1704470 575
1704480 575
1704490 575
1704500 575
1704510 575
1704520 575
1704530 575
1704540 575
1704550 575
1704560 575
1704570 575
1704580 575
1704590 575
1704600 575
1704610 575
1704620 575
1704630 575
1704640 575
1704650 575
1704660 575
1704670 575
1704680 575
1704690 574
1704700 575
1704710 574
1704720 574
1704730 574
1704740 574
1704750 574
1704760 574
1704770 574
1704780 574
1704790 573
1704800 573
1704810 573
1704820 573
1704830 572
1704840 572
1704850 573
1704860 573
1704870 573
1704880 573
1704890 573
1704900 572
1704910 572
1704920 572
1704930 572
1704940 572
1704950 572
1704960 572
1704970 572
1704980 572
1704990 572
1705000 572
1705010 572
1705020 571
1705030 571
1705040 571
1705050 571
1705060 571
1705070 571
1705080 570
1705090 570
1705100 570
1705110 569
1705120 569
1705130 569
1705140 569
1705150 568
1705160 568
1705170 568
1705180 568
1705190 567
1705200 567
1705210 567
1705220 567
1705230 567
1705240 567
1705250 567
1705260 567
1705270 566
1705280 566
1705290 565
1705300 565
1705310 564
1705320 564
1705330 564
1705340 564
1705350 563
1705360 563
1705370 563
1705380 564
1705390 564
1705400 564
1705410 564
1705420 564
1705430 565
1705440 565
1705450 565
1705460 566
1705470 567
1705480 568
1705490 569
1705500 570
1705510 571
1705520 571
1705530 572
1705540 572
1705550 572
1705560 573
1705570 573
1705580 573
1705590 573
1705600 573
1705610 573
1705620 574
1705630 574
1705640 574
1705650 574
1705660 574
1705670 574
1705680 574
1705690 574
1705700 574
1705710 575
1705720 575
1705730 575
1705740 575
1705750 575
1705760 576
1705770 576
1705780 576
1705790 576
1705800 577
1705810 577
1705820 577
1705830 577
1705840 577
1705850 577
1705860 577
1705870 578
1705880 578
1705890 579
1705900 579
1705910 579
1705920 579
1705930 580
1705940 580
1705950 580
1705960 580
1705970 580
1705980 580
1705990 580
1706000 581
1706010 581
1706020 581
1706030 581
1706040 581
1706050 581
1706060 581
1706070 582
1706080 582
1706090 582
1706100 582
1706110 582
1706120 582
1706130 582
1706140 581
1706150 581
1706160 581
1706170 580
1706180 580
1706190 581
1706200 581
1706210 581
1706220 582
1706230 582
1706240 582
1706250 582
1706260 583
1706270 583
1706280 584
1706290 584
1706300 585
1706310 585
1706320 586
1706330 586
1706340 587
1706350 587
1706360 588
1706370 588
1706380 588
1706390 589
1706400 589
1706410 589
1706420 589
1706430 589
1706440 589
1706450 589
1706460 590
1706470 590
1706480 590
1706490 590
1706500 590
1706510 590
1706520 590
1706530 590
1706540 590
1706550 590
1706560 590
1706570 590
1706580 590
1706590 590
1706600 590
1706610 590
1706620 590
1706630 590
1706640 589
1706650 589
1706660 588
1706670 587
1706680 587
1706690 586
1706700 586
1706710 585
1706720 585
1706730 585
1706740 585
1706750 585
1706760 585
1706770 584
1706780 584
1706790 584
1706800 584
1706810 584
1706820 584
1706830 584
1706840 584
1706850 584
1706860 585
1706870 585
1706880 585
1706890 585
1706900 585
1706910 584
1706920 584
1706930 584
1706940 584
1706950 584
1706960 584
1706970 584
1706980 584
1706990 584
1707000 584
1707010 584
1707020 584
1707030 583
1707040 583
1707050 583
1707060 583
1707070 583
1707080 582
1707090 582
1707100 582
1707110 582
1707120 582
1707130 582
1707140 582
1707150 582
1707160 582
1707170 582
1707180 582
1707190 582
1707200 582
1707210 582
1707220 582
1707230 582
1707240 583
1707250 583
1707260 583
1707270 583
1707280 583
1707290 583
1707300 583
1707310 583
1707320 583
1707330 583
1707340 584
1707350 584
1707360 584
1707370 584
1707380 584
1707390 584
1707400 583
1707410 583
1707420 583
1707430 583
1707440 583
1707450 583
1707460 584
1707470 584
1707480 584
1707490 584
1707500 584
1707510 584
1707520 584
1707530 584
1707540 584
1707550 584
1707560 584
1707570 584
1707580 583
1707590 583
1707600 583
1707610 583
1707620 583
1707630 582
1707640 582
1707650 582
1707660 581
1707670 580
1707680 579
1707690 579
1707700 579
1707710 579
1707720 579
1707730 579
1707740 580
1707750 580
1707760 580
1707770 581
1707780 581
1707790 582
1707800 583
1707810 583
1707820 583
1707830 584
1707840 584
1707850 584
1707860 585
1707870 585
1707880 585
1707890 585
1707900 585
1707910 585
1707920 585
1707930 585
1707940 585
1707950 585
1707960 585
1707970 585
1707980 585
1707990 585
1708000 585
1708010 585
1708020 585
1708030 585
1708040 585
1708050 585
1708060 585
1708070 585
1708080 585
1708090 585
1708100 584
1708110 584
1708120 584
1708130 584
1708140 583
1708150 583
1708160 582
1708170 582
1708180 582
1708190 582
1708200 583
1708210 584
1708220 585
1708230 585
1708240 586
1708250 586
1708260 586
1708270 587
1708280 587
1708290 587
1708300 587
1708310 587
1708320 588
1708330 588
1708340 588
1708350 588
1708360 588
1708370 588
1708380 588
1708390 589
1708400 589
1708410 589
1708420 589
1708430 589
1708440 589
1708450 589
1708460 589
1708470 589
1708480 590
1708490 590
1708500 590
1708510 590
1708520 590
1708530 590
1708540 590
1708550 590
1708560 590
1708570 590
1708580 590
1708590 590
1708600 589
1708610 589
1708620 589
1708630 589
1708640 588
1708650 588
1708660 588
1708670 588
1708680 588
1708690 588
1708700 588
1708710 588
1708720 588
1708730 588
1708740 588
1708750 588
1708760 588
1708770 588
1708780 588
1708790 588
1708800 588
1708810 589
1708820 589
1708830 589
1708840 589
1708850 589
1708860 589
1708870 589
1708880 589
1708890 590
1708900 590
1708910 590
1708920 590
1708930 590
1708940 590
1708950 590
1708960 590
1708970 590
1708980 590
1708990 590
1709000 590
1709010 590
1709020 590
1709030 590
1709040 590
1709050 590
1709060 590
1709070 590
1709080 589
1709090 589
1709100 589
1709110 589
1709120 589
1709130 589
1709140 588
1709150 588
1709160 588
1709170 588
1709180 588
1709190 588
1709200 588
1709210 587
1709220 587
1709230 587
1709240 587
1709250 587
1709260 587
1709270 587
1709280 587
1709290 587
1709300 586
1709310 586
1709320 586
1709330 586
1709340 586
1709350 586
1709360 585
1709370 585
1709380 585
1709390 585
1709400 585
1709410 584
1709420 584
1709430 584
1709440 584
1709450 583
1709460 583
1709470 583
1709480 582
1709490 582
1709500 582
1709510 582
1709520 581
1709530 581
1709540 581
1709550 581
1709560 581
1709570 580
1709580 580
1709590 580
1709600 580
1709610 580
1709620 580
1709630 580
1709640 580
1709650 579
1709660 579
1709670 579
1709680 579
1709690 579
1709700 579
1709710 579
1709720 579
1709730 579
1709740 579
1709750 579
1709760 579
1709770 579
1709780 579
1709790 578
1709800 578
1709810 578
1709820 578
1709830 578
1709840 578
1709850 578
1709860 577
1709870 577
1709880 577
1709890 577
1709900 577
1709910 577
1709920 577
1709930 577
1709940 577
1709950 577
1709960 577
1709970 576
1709980 576
1709990 576
1710000 576
1710010 576
1710020 576
1710030 576
1710040 576
1710050 576
1710060 576
1710070 576
1710080 576
1710090 576
1710100 575
1710110 575
1710120 575
1710130 575
1710140 575
1710150 575
1710160 575
1710170 575
1710180 574
1710190 574
1710200 574
1710210 574
1710220 574
1710230 574
1710240 574
1710250 573
1710260 573
1710270 573
1710280 573
1710290 573
1710300 573
1710310 573
1710320 573
1710330 572
1710340 572
1710350 572
1710360 572
1710370 572
1710380 572
1710390 571
1710400 571
1710410 571
1710420 571
1710430 571
1710440 570
1710450 570
1710460 570
1710470 570
1710480 570
1710490 570
1710500 569
1710510 569
1710520 569
1710530 569
1710540 568
1710550 568
1710560 568
1710570 567
1710580 567
1710590 566
1710600 566
1710610 566
1710620 565
1710630 564
1710640 563
1710650 562
1710660 561
1710670 560
1710680 559
1710690 559
1710700 558
1710710 557
1710720 557
1710730 556
1710740 556
1710750 555
1710760 554
1710770 554
1710780 553
1710790 553
1710800 552
1710810 552
1710820 551
1710830 551
1710840 551
1710850 550
1710860 550
1710870 549
1710880 548
1710890 548
1710900 547
1710910 547
1710920 547
1710930 546
1710940 546
1710950 546
1710960 546
1710970 546
1710980 546
1710990 546
1711000 546
1711010 546
1711020 546
1711030 546
1711040 546
1711050 546
1711060 545
1711070 545
1711080 544
1711090 544
1711100 544
1711110 543
1711120 543
1711130 542
1711140 542
1711150 542
1711160 542
1711170 543
1711180 543
1711190 544
1711200 545
1711210 546
1711220 546
1711230 547
1711240 547
1711250 548
1711260 548
1711270 548
1711280 548
1711290 548
1711300 548
1711310 548
1711320 547
1711330 547
1711340 547
1711350 547
1711360 547
1711370 547
1711380 546
1711390 546
1711400 545
1711410 544
1711420 544
1711430 543
1711440 542
1711450 542
1711460 541
1711470 540
1711480 540
1711490 540
1711500 540
1711510 540
1711520 540
1711530 540
1711540 541
1711550 541
1711560 542
1711570 542
1711580 542
1711590 542
1711600 543
1711610 543
1711620 543
1711630 543
1711640 544
1711650 544
1711660 544
1711670 545
1711680 546
1711690 546
1711700 547
1711710 548
1711720 549
1711730 550
1711740 550
1711750 551
1711760 552
1711770 553
1711780 553
1711790 554
1711800 554
1711810 555
1711820 555
1711830 556
1711840 556
1711850 557
1711860 557
1711870 558
1711880 559
1711890 560
1711900 560
1711910 561
1711920 562
1711930 562
1711940 563
1711950 563
1711960 564
1711970 564
1711980 565
1711990 565
1712000 566
1712010 566
1712020 567
1712030 567
1712040 568
1712050 568
1712060 568
1712070 569
1712080 569
1712090 570
1712100 570
1712110 570
1712120 571
1712130 571
1712140 571
1712150 572
1712160 572
1712170 572
1712180 573
1712190 573
1712200 573
1712210 573
1712220 574
1712230 574
1712240 574
1712250 574
1712260 575
1712270 575
1712280 575
1712290 575
1712300 575
1712310 575
1712320 575
1712330 575
1712340 575
1712350 575
1712360 575
1712370 575
1712380 575
1712390 575
1712400 575
1712410 575
1712420 575
1712430 575
1712440 575
1712450 575
1712460 575
1712470 575
1712480 575
1712490 574
1712500 574
1712510 574
1712520 574
1712530 574
1712540 574
1712550 574
1712560 574
1712570 574
1712580 574
1712590 573
1712600 573
1712610 573
1712620 573
1712630 573
1712640 573
1712650 573
1712660 572
1712670 572
1712680 572
1712690 572
1712700 571
1712710 571
1712720 571
1712730 571
1712740 571
1712750 571
1712760 571
1712770 571
1712780 571
1712790 571
1712800 570
1712810 570
1712820 570
1712830 570
1712840 569
1712850 569
1712860 569
1712870 568
1712880 568
1712890 567
1712900 567
1712910 567
1712920 566
1712930 566
1712940 565
1712950 565
1712960 564
1712970 564
1712980 564
1712990 563
1713000 563
1713010 563
1713020 563
1713030 563
1713040 563
1713050 563
1713060 563
1713070 563
1713080 563
1713090 563
1713100 563
1713110 563
1713120 563
1713130 563
1713140 563
1713150 562
1713160 562
1713170 562
1713180 562
1713190 561
1713200 561
1713210 560
1713220 560
1713230 559
1713240 558
1713250 558
1713260 557
1713270 556
1713280 555
1713290 554
1713300 553
1713310 553
1713320 552
1713330 551
1713340 550
1713350 549
1713360 548
1713370 548
1713380 548
1713390 548
1713400 548
1713410 548
1713420 548
1713430 548
1713440 548
1713450 548
1713460 548
1713470 548
1713480 548
1713490 548
1713500 547
1713510 547
1713520 547
1713530 547
1713540 547
1713550 546
1713560 546
1713570 546
1713580 546
1713590 545
1713600 545
1713610 545
1713620 545
1713630 545
1713640 545
1713650 545
1713660 545
1713670 544
1713680 545
1713690 544
1713700 544
1713710 544
1713720 543
1713730 543
1713740 542
1713750 542
1713760 542
1713770 542
1713780 542
1713790 542
1713800 542
1713810 542
1713820 543
1713830 544
1713840 546
1713850 548
1713860 550
1713870 552
1713880 553
1713890 554
1713900 555
1713910 556
1713920 557
1713930 558
1713940 559
1713950 559
1713960 560
1713970 561
1713980 562
1713990 562
1714000 563
1714010 563
1714020 564
1714030 565
1714040 565
1714050 565
1714060 566
1714070 566
1714080 566
1714090 567
1714100 567
1714110 567
1714120 568
1714130 568
1714140 569
1714150 569
1714160 569
1714170 570
1714180 570
1714190 570
1714200 570
1714210 571
1714220 571
1714230 571
1714240 571
1714250 571
1714260 571
1714270 571
1714280 571
1714290 571
1714300 571
1714310 571
1714320 571
1714330 571
1714340 571
1714350 571
1714360 571
1714370 571
1714380 571
1714390 570
1714400 570
1714410 570
1714420 570
1714430 570
1714440 569
1714450 569
1714460 568
1714470 568
1714480 568
1714490 567
1714500 567
1714510 566
1714520 566
1714530 565
1714540 565
1714550 565
1714560 564
1714570 564
1714580 563
1714590 563
1714600 562
1714610 562
1714620 561
1714630 561
1714640 561
1714650 560
1714660 560
1714670 559
1714680 559
1714690 558
1714700 558
1714710 557
1714720 557
1714730 556
1714740 556
1714750 555
1714760 555
1714770 554
1714780 554
1714790 553
1714800 553
1714810 552
1714820 551
1714830 551
1714840 550
1714850 550
1714860 549
1714870 548
1714880 548
1714890 547
1714900 547
1714910 546
1714920 545
1714930 545
1714940 544
1714950 543
1714960 542
1714970 541
1714980 540
1714990 539
1715000 538
1715010 537
1715020 536
1715030 535
1715040 533
1715050 532
1715060 531
1715070 531
1715080 530
1715090 529
1715100 528
1715110 527
1715120 527
1715130 526
1715140 525
1715150 524
1715160 524
1715170 523
1715180 523
1715190 522
1715200 521
1715210 520
1715220 519
1715230 518
1715240 518
1715250 517
1715260 517
1715270 517
1715280 516
1715290 516
1715300 515
1715310 514
1715320 514
1715330 515
1715340 518
1715350 522
1715360 524
1715370 525
1715380 526
1715390 527
1715400 527
1715410 527
1715420 527
1715430 527
1715440 527
1715450 527
1715460 527
1715470 527
1715480 527
1715490 527
1715500 527
1715510 528
1715520 527
1715530 527
1715540 527
1715550 526
1715560 526
1715570 525
1715580 522
1715590 522
1715600 523
1715610 525
1715620 528
1715630 529
1715640 531
1715650 533
1715660 536
1715670 537
1715680 539
1715690 540
1715700 541
1715710 542
1715720 542
1715730 543
1715740 545
1715750 546
1715760 547
1715770 548
1715780 549
1715790 551
1715800 552
1715810 553
1715820 554
1715830 555
1715840 556
1715850 557
1715860 558
1715870 559
1715880 560
1715890 560
1715900 561
1715910 561
1715920 561
1715930 562
1715940 562
1715950 562
1715960 562
1715970 562
1715980 562
1715990 562
1716000 562
1716010 562
1716020 562
1716030 562
1716040 562
1716050 562
1716060 562
1716070 562
1716080 562
1716090 562
1716100 562
1716110 562
1716120 562
1716130 562
1716140 562
1716150 562
1716160 562
1716170 562
1716180 562
1716190 562
1716200 562
1716210 562
1716220 562
1716230 562
1716240 561
1716250 561
1716260 561
1716270 561
1716280 561
1716290 561
1716300 561
1716310 561
1716320 561
1716330 561
1716340 561
1716350 561
1716360 561
1716370 561
1716380 561
1716390 561
1716400 561
1716410 561
1716420 561
1716430 561
1716440 561
1716450 561
1716460 561
1716470 561
1716480 561
1716490 561
1716500 561
1716510 561
1716520 562
1716530 562
1716540 562
1716550 562
1716560 562
1716570 562
1716580 563
1716590 563
1716600 563
1716610 562
1716620 562
1716630 562
1716640 562
1716650 562
1716660 562
1716670 562
1716680 562
1716690 561
1716700 561
1716710 561
1716720 561
1716730 561
1716740 561
1716750 561
1716760 561
1716770 561
1716780 561
1716790 561
1716800 561
1716810 561
1716820 560
1716830 560
1716840 560
1716850 560
1716860 560
1716870 560
1716880 560
1716890 560
1716900 560
1716910 559
1716920 559
1716930 559
1716940 559
1716950 559
1716960 559
1716970 559
1716980 559
1716990 559
1717000 559
1717010 559
1717020 559
1717030 559
1717040 559
1717050 559
1717060 559
1717070 559
1717080 559
1717090 559
1717100 558
1717110 558
1717120 558
1717130 557
1717140 557
1717150 557
1717160 557
1717170 557
1717180 557
1717190 556
1717200 556
1717210 556
1717220 556
1717230 556
1717240 556
1717250 555
1717260 555
1717270 555
1717280 555
1717290 555
1717300 554
1717310 554
1717320 554
1717330 554
1717340 553
1717350 553
1717360 553
1717370 553
1717380 552
1717390 552
1717400 552
1717410 552
1717420 551
1717430 551
1717440 551
1717450 550
1717460 550
1717470 549
1717480 549
1717490 548
1717500 548
1717510 548
1717520 547
1717530 547
1717540 546
1717550 546
1717560 545
1717570 545
1717580 544
1717590 544
1717600 543
1717610 543
1717620 542
1717630 542
1717640 541
1717650 540
1717660 539
1717670 538
1717680 538
1717690 537
1717700 536
1717710 535
1717720 535
1717730 534
1717740 534
1717750 533
1717760 533
1717770 532
1717780 532
1717790 531
1717800 530
1717810 529
1717820 528
1717830 527
1717840 526
1717850 526
1717860 525
1717870 524
1717880 523
1717890 522
1717900 521
1717910 520
1717920 519
1717930 518
1717940 515
1717950 514
1717960 513
1717970 515
1717980 515
1717990 516
1718000 516
1718010 517
1718020 519
1718030 521
1718040 523
1718050 525
1718060 527
1718070 528
1718080 528
1718090 529
1718100 530
1718110 530
1718120 530
1718130 530
1718140 530
1718150 530
1718160 530
1718170 530
1718180 530
1718190 530
1718200 531
1718210 531
1718220 531
1718230 531
1718240 532
1718250 532
1718260 532
1718270 533
1718280 533
1718290 533
1718300 534
1718310 534
1718320 534
1718330 535
1718340 535
1718350 535
1718360 536
1718370 536
1718380 536
1718390 536
1718400 536
1718410 537
1718420 537
1718430 537
1718440 537
1718450 537
1718460 538
1718470 538
1718480 538
1718490 538
1718500 539
1718510 539
1718520 539
1718530 539
1718540 539
1718550 539
1718560 540
1718570 539
1718580 539
1718590 539
1718600 539
1718610 539
1718620 538
1718630 538
1718640 538
1718650 538
1718660 538
1718670 538
1718680 537
1718690 537
1718700 537
1718710 537
1718720 537
1718730 537
1718740 536
1718750 536
1718760 535
1718770 535
1718780 535
1718790 534
1718800 534
1718810 534
1718820 534
1718830 533
1718840 533
1718850 533
1718860 532
1718870 532
1718880 532
1718890 531
1718900 531
1718910 530
1718920 530
1718930 529
1718940 529
1718950 528
1718960 528
1718970 527
1718980 527
1718990 526
1719000 526
1719010 525
1719020 525
1719030 524
1719040 524
1719050 523
1719060 523
1719070 522
1719080 522
1719090 521
1719100 521
1719110 521
1719120 520
1719130 520
1719140 519
1719150 519
1719160 518
1719170 517
1719180 517
1719190 516
1719200 516
1719210 515
1719220 515
1719230 515
1719240 515
1719250 514
1719260 514
1719270 514
1719280 513
1719290 513
1719300 513
1719310 513
1719320 513
1719330 513
1719340 513
1719350 513
1719360 512
1719370 512
1719380 512
1719390 512
1719400 512
1719410 512
1719420 511
1719430 511
1719440 511
1719450 511
1719460 511
1719470 511
1719480 511
1719490 511
1719500 510
1719510 510
1719520 510
1719530 510
1719540 510
1719550 510
1719560 510
1719570 510
1719580 510
1719590 510
1719600 509
1719610 509
1719620 509
1719630 509
1719640 508
1719650 508
1719660 508
1719670 508
1719680 508
1719690 508
1719700 508
1719710 508
1719720 508
1719730 508
1719740 508
1719750 508
1719760 507
1719770 507
1719780 507
1719790 507
1719800 507
1719810 507
1719820 507
1719830 507
1719840 507
1719850 506
1719860 506
1719870 506
1719880 506
1719890 506
1719900 506
1719910 505
1719920 505
1719930 505
1719940 505
1719950 505
1719960 505
1719970 504
1719980 504
1719990 504
