1700000 591
1700010 592
1700020 592
1700030 592
1700040 592
1700050 592
1700060 592
1700070 592
1700080 592
1700090 592
1700100 592
1700110 592
1700120 592
1700130 592
1700140 591
1700150 591
1700160 591
1700170 591
1700180 591
1700190 591
1700200 590
1700210 590
1700220 590
1700230 590
1700240 590
1700250 590
1700260 590
1700270 590
1700280 590
1700290 590
1700300 590
1700310 590
1700320 590
1700330 590
1700340 591
1700350 591
1700360 591
1700370 591
1700380 591
1700390 591
1700400 591
1700410 591
1700420 591
1700430 591
1700440 591
1700450 591
1700460 591
1700470 591
1700480 591
1700490 591
1700500 591
1700510 591
1700520 591
1700530 591
1700540 591
1700550 591
1700560 591
1700570 591
1700580 591
1700590 591
1700600 591
1700610 591
1700620 591
1700630 591
1700640 591
1700650 591
1700660 591
1700670 591
1700680 591
1700690 591
1700700 591
1700710 591
1700720 591
1700730 591
1700740 591
1700750 591
1700760 591
1700770 591
1700780 591
1700790 591
1700800 591
1700810 591
1700820 591
1700830 591
1700840 591
1700850 591
1700860 591
1700870 591
1700880 591
1700890 591
1700900 591
1700910 591
1700920 591
1700930 590
1700940 590
1700950 590
1700960 590
1700970 590
1700980 590
1700990 590
1701000 590
1701010 590
1701020 590
1701030 590
1701040 590
1701050 590
1701060 590
1701070 590
1701080 590
1701090 590
1701100 590
1701110 590
1701120 590
1701130 590
1701140 590
1701150 590
1701160 590
1701170 590
1701180 590
1701190 590
1701200 590
1701210 590
1701220 591
1701230 591
1701240 591
1701250 591
1701260 591
1701270 592
1701280 592
1701290 592
1701300 592
1701310 592
1701320 593
1701330 593
1701340 593
1701350 594
1701360 594
1701370 594
1701380 595
1701390 595
1701400 596
1701410 596
1701420 596
1701430 596
1701440 597
1701450 597
1701460 597
1701470 597
1701480 598
1701490 598
1701500 598
1701510 599
1701520 599
1701530 599
1701540 600
1701550 600
1701560 600
1701570 600
1701580 600
1701590 601
1701600 601
1701610 601
1701620 601
1701630 602
1701640 602
1701650 602
1701660 602
1701670 602
1701680 602
1701690 602
1701700 602
1701710 602
1701720 602
1701730 602
1701740 603
1701750 603
1701760 603
1701770 603
1701780 603
1701790 603
1701800 604
1701810 604
1701820 604
1701830 604
1701840 604
1701850 604
1701860 604
1701870 604
1701880 604
1701890 604
1701900 604
1701910 604
1701920 604
1701930 604
1701940 605
1701950 605
1701960 605
1701970 605
1701980 604
1701990 604
1702000 604
1702010 604
1702020 605
1702030 605
1702040 605
1702050 605
1702060 605
1702070 605
1702080 605
1702090 605
1702100 605
1702110 604
1702120 604
1702130 604
1702140 604
1702150 604
1702160 604
1702170 604
1702180 604
1702190 604
1702200 604
1702210 604
1702220 603
1702230 603
1702240 603
1702250 603
1702260 602
1702270 602
1702280 602
1702290 602
1702300 601
1702310 601
1702320 601
1702330 601
1702340 600
1702350 600
1702360 600
1702370 600
1702380 600
1702390 599
1702400 599
1702410 599
1702420 599
1702430 599
1702440 598
1702450 598
1702460 598
1702470 598
1702480 597
1702490 597
1702500 597
1702510 597
1702520 596
1702530 596
1702540 596
1702550 596
1702560 595
1702570 595
1702580 595
1702590 595
1702600 595
1702610 595
1702620 594
1702630 594
1702640 594
1702650 594
1702660 594
1702670 594
1702680 594
1702690 594
1702700 594
1702710 594
1702720 593
1702730 593
1702740 593
1702750 593
1702760 593
1702770 593
1702780 593
1702790 593
1702800 592
1702810 592
1702820 592
1702830 592
1702840 592
1702850 591
1702860 591
1702870 591
1702880 591
1702890 590
1702900 590
1702910 590
1702920 590
1702930 589
1702940 589
1702950 589
1702960 588
1702970 588
1702980 588
1702990 587
1703000 587
1703010 586
1703020 586
1703030 585
1703040 585
1703050 584
1703060 583
1703070 582
1703080 581
1703090 581
1703100 580
1703110 579
1703120 579
1703130 578
1703140 578
1703150 577
1703160 577
1703170 576
1703180 576
1703190 576
1703200 575
1703210 575
1703220 575
1703230 575
1703240 575
1703250 575
1703260 575
1703270 575
1703280 576
1703290 576
1703300 576
1703310 576
1703320 576
1703330 576
1703340 577
1703350 578
1703360 578
1703370 579
1703380 579
1703390 580
1703400 580
1703410 581
1703420 582
1703430 582
1703440 583
1703450 583
1703460 583
1703470 583
1703480 583
1703490 583
1703500 583
1703510 584
1703520 584
1703530 584
1703540 584
1703550 585
1703560 585
1703570 586
1703580 586
1703590 587
1703600 587
1703610 587
1703620 587
1703630 587
1703640 588
1703650 588
1703660 588
1703670 589
1703680 589
1703690 590
1703700 590
1703710 590
1703720 590
1703730 591
1703740 591
1703750 591
1703760 591
1703770 592
1703780 592
1703790 592
1703800 592
1703810 592
1703820 592
1703830 593
1703840 593
1703850 593
1703860 593
1703870 593
1703880 593
1703890 593
1703900 592
1703910 592
1703920 592
1703930 592
1703940 592
1703950 592
1703960 591
1703970 591
1703980 591
1703990 591
1704000 591
1704010 590
1704020 590
1704030 590
1704040 590
1704050 590
1704060 589
1704070 589
1704080 589
1704090 589
1704100 589
1704110 588
1704120 588
1704130 588
1704140 588
1704150 588
1704160 588
1704170 588
1704180 588
1704190 588
1704200 588
1704210 588
1704220 588
1704230 587
1704240 587
1704250 587
1704260 587
1704270 587
1704280 587
1704290 587
1704300 587
1704310 587
1704320 587
1704330 587
1704340 587
1704350 587
1704360 586
1704370 586
1704380 586
1704390 586
1704400 586
1704410 586
1704420 586
1704430 586
1704440 585
1704450 585
1704460 585
1704470 585
1704480 585
1704490 584
1704500 584
1704510 584
1704520 584
1704530 583
1704540 583
1704550 583
1704560 582
1704570 582
1704580 581
1704590 581
1704600 580
1704610 580
1704620 579
1704630 578
1704640 578
1704650 577
1704660 577
1704670 576
1704680 575
1704690 575
1704700 574
1704710 574
1704720 574
1704730 573
1704740 572
1704750 571
1704760 571
1704770 570
1704780 570
1704790 570
1704800 569
1704810 569
1704820 569
1704830 568
1704840 568
1704850 567
1704860 567
1704870 567
1704880 566
1704890 566
1704900 565
1704910 565
1704920 565
1704930 564
1704940 564
1704950 563
1704960 563
1704970 563
1704980 562
1704990 562
1705000 561
1705010 561
1705020 561
1705030 561
1705040 560
1705050 560
1705060 560
1705070 560
1705080 559
1705090 559
1705100 559
1705110 559
1705120 559
1705130 559
1705140 559
1705150 559
1705160 559
1705170 559
1705180 559
1705190 559
1705200 559
1705210 559
1705220 559
1705230 559
1705240 559
1705250 559
1705260 558
1705270 558
1705280 558
1705290 558
1705300 558
1705310 557
1705320 557
1705330 557
1705340 557
1705350 557
1705360 556
1705370 556
1705380 556
1705390 555
1705400 555
1705410 555
1705420 554
1705430 554
1705440 553
1705450 553
1705460 552
1705470 551
1705480 551
1705490 551
1705500 551
1705510 550
1705520 549
1705530 549
1705540 548
1705550 548
1705560 548
1705570 548
1705580 548
1705590 548
1705600 548
1705610 548
1705620 547
1705630 546
1705640 546
1705650 546
1705660 546
1705670 547
1705680 548
1705690 550
1705700 552
1705710 554
1705720 555
1705730 556
1705740 556
1705750 557
1705760 557
1705770 557
1705780 558
1705790 558
1705800 558
1705810 559
1705820 559
1705830 559
1705840 559
1705850 559
1705860 559
1705870 559
1705880 559
1705890 558
1705900 556
1705910 555
1705920 554
1705930 553
1705940 553
1705950 554
1705960 555
1705970 556
1705980 557
1705990 556
1706000 556
1706010 556
1706020 555
1706030 555
1706040 554
1706050 554
1706060 554
1706070 554
1706080 554
1706090 553
1706100 553
1706110 553
1706120 553
1706130 552
1706140 552
1706150 552
1706160 551
1706170 550
1706180 550
1706190 549
1706200 549
1706210 548
1706220 547
1706230 547
1706240 547
1706250 546
1706260 546
1706270 546
1706280 545
1706290 545
1706300 545
1706310 544
1706320 544
1706330 544
1706340 543
1706350 543
1706360 543
1706370 543
1706380 542
1706390 542
1706400 542
1706410 541
1706420 541
1706430 541
1706440 540
1706450 540
1706460 540
1706470 539
1706480 539
1706490 539
1706500 538
1706510 538
1706520 538
1706530 537
1706540 537
1706550 536
1706560 535
1706570 533
1706580 532
1706590 531
1706600 531
1706610 530
1706620 530
1706630 530
1706640 529
1706650 529
1706660 529
1706670 529
1706680 529
1706690 529
1706700 529
1706710 529
1706720 529
1706730 529
1706740 529
1706750 529
1706760 529
1706770 529
1706780 529
1706790 529
1706800 529
1706810 530
1706820 530
1706830 532
1706840 534
1706850 536
1706860 537
1706870 539
1706880 540
1706890 541
1706900 542
1706910 543
1706920 545
1706930 546
1706940 547
1706950 548
1706960 548
1706970 549
1706980 550
1706990 551
1707000 552
1707010 553
1707020 553
1707030 554
1707040 555
1707050 556
1707060 556
1707070 557
1707080 557
1707090 558
1707100 558
1707110 558
1707120 559
1707130 559
1707140 560
1707150 560
1707160 560
1707170 560
1707180 560
1707190 559
1707200 559
1707210 559
1707220 559
1707230 558
1707240 557
1707250 556
1707260 555
1707270 554
1707280 554
1707290 554
1707300 554
1707310 554
1707320 554
1707330 554
1707340 553
1707350 553
1707360 553
1707370 553
1707380 553
1707390 553
1707400 555
1707410 556
1707420 558
1707430 561
1707440 563
1707450 565
1707460 567
1707470 569
1707480 570
1707490 570
1707500 570
1707510 570
1707520 570
1707530 571
1707540 571
1707550 572
1707560 572
1707570 573
1707580 573
1707590 573
1707600 573
1707610 574
1707620 574
1707630 574
1707640 574
1707650 574
1707660 574
1707670 574
1707680 574
1707690 574
1707700 574
1707710 574
1707720 574
1707730 574
1707740 574
1707750 574
1707760 574
1707770 574
1707780 574
1707790 574
1707800 575
1707810 575
1707820 575
1707830 575
1707840 576
1707850 576
1707860 577
1707870 577
1707880 577
1707890 578
1707900 578
1707910 578
1707920 578
1707930 578
1707940 578
1707950 578
1707960 577
1707970 577
1707980 577
1707990 576
1708000 576
1708010 576
1708020 575
1708030 575
1708040 575
1708050 575
1708060 576
1708070 576
1708080 576
1708090 576
1708100 577
1708110 577
1708120 577
1708130 577
1708140 577
1708150 577
1708160 577
1708170 578
1708180 578
1708190 578
1708200 579
1708210 579
1708220 579
1708230 580
1708240 580
1708250 580
1708260 581
1708270 581
1708280 581
1708290 582
1708300 582
1708310 582
1708320 583
1708330 583
1708340 583
1708350 583
1708360 583
1708370 583
1708380 583
1708390 583
1708400 583
1708410 583
1708420 583
1708430 583
1708440 583
1708450 583
1708460 582
1708470 582
1708480 582
1708490 582
1708500 582
1708510 582
1708520 581
1708530 581
1708540 581
1708550 581
1708560 581
1708570 581
1708580 581
1708590 581
1708600 581
1708610 581
1708620 581
1708630 581
1708640 581
1708650 581
1708660 581
1708670 581
1708680 581
1708690 581
1708700 580
1708710 580
1708720 580
1708730 580
1708740 580
1708750 580
1708760 580
1708770 579
1708780 579
1708790 579
1708800 579
1708810 579
1708820 579
1708830 579
1708840 579
1708850 579
1708860 579
1708870 579
1708880 578
1708890 578
1708900 578
1708910 578
1708920 578
1708930 578
1708940 578
1708950 578
1708960 577
1708970 577
1708980 577
1708990 577
1709000 577
1709010 577
1709020 577
1709030 577
1709040 577
1709050 577
1709060 577
1709070 577
1709080 576
1709090 576
1709100 576
1709110 576
1709120 576
1709130 576
1709140 575
1709150 575
1709160 575
1709170 575
1709180 575
1709190 575
1709200 574
1709210 574
1709220 574
1709230 574
1709240 574
1709250 574
1709260 573
1709270 573
1709280 574
1709290 574
1709300 575
1709310 575
1709320 576
1709330 576
1709340 576
1709350 576
1709360 576
1709370 576
1709380 576
1709390 576
1709400 576
1709410 576
1709420 576
1709430 576
1709440 576
1709450 576
1709460 576
1709470 576
1709480 576
1709490 576
1709500 576
1709510 575
1709520 575
1709530 575
1709540 575
1709550 575
1709560 575
1709570 575
1709580 575
1709590 575
1709600 575
1709610 574
1709620 574
1709630 574
1709640 574
1709650 574
1709660 574
1709670 574
1709680 573
1709690 573
1709700 573
1709710 573
1709720 573
1709730 572
1709740 572
1709750 572
1709760 572
1709770 571
1709780 571
1709790 571
1709800 570
1709810 570
1709820 570
1709830 570
1709840 570
1709850 570
1709860 570
1709870 570
1709880 570
1709890 570
1709900 570
1709910 570
1709920 570
1709930 570
1709940 570
1709950 569
1709960 569
1709970 569
1709980 569
1709990 569
1710000 569
1710010 570
1710020 570
1710030 571
1710040 572
1710050 572
1710060 573
1710070 573
1710080 574
1710090 574
1710100 574
1710110 574
1710120 574
1710130 574
1710140 575
1710150 575
1710160 575
1710170 575
1710180 575
1710190 576
1710200 576
1710210 576
1710220 576
1710230 576
1710240 577
1710250 577
1710260 577
1710270 577
1710280 577
1710290 577
1710300 577
1710310 577
1710320 577
1710330 577
1710340 577
1710350 577
1710360 577
1710370 577
1710380 576
1710390 576
1710400 576
1710410 576
1710420 576
1710430 576
1710440 576
1710450 576
1710460 576
1710470 576
1710480 576
1710490 576
1710500 575
1710510 575
1710520 575
1710530 575
1710540 575
1710550 575
1710560 575
1710570 575
1710580 575
1710590 574
1710600 574
1710610 574
1710620 574
1710630 573
1710640 573
1710650 573
1710660 573
1710670 573
1710680 573
1710690 573
1710700 573
1710710 573
1710720 573
1710730 573
1710740 573
1710750 573
1710760 573
1710770 573
1710780 573
1710790 573
1710800 573
1710810 573
1710820 573
1710830 573
1710840 573
1710850 573
1710860 573
1710870 573
1710880 573
1710890 573
1710900 573
1710910 573
1710920 573
1710930 573
1710940 573
1710950 573
1710960 573
1710970 573
1710980 573
1710990 573
1711000 573
1711010 573
1711020 573
1711030 573
1711040 572
1711050 572
1711060 572
1711070 572
1711080 571
1711090 571
1711100 571
1711110 571
1711120 571
1711130 571
1711140 571
1711150 570
1711160 570
1711170 569
1711180 570
1711190 570
1711200 570
1711210 570
1711220 570
1711230 570
1711240 570
1711250 570
1711260 570
1711270 570
1711280 571
1711290 571
1711300 571
1711310 571
1711320 571
1711330 572
1711340 572
1711350 572
1711360 572
1711370 572
1711380 572
1711390 573
1711400 573
1711410 573
1711420 573
1711430 573
1711440 574
1711450 574
1711460 574
1711470 574
1711480 574
1711490 574
1711500 574
1711510 574
1711520 574
1711530 574
1711540 574
1711550 574
1711560 574
1711570 574
1711580 573
1711590 573
1711600 573
1711610 573
1711620 573
1711630 573
1711640 573
1711650 573
1711660 573
1711670 573
1711680 572
1711690 572
1711700 572
1711710 572
1711720 572
1711730 572
1711740 572
1711750 571
1711760 571
1711770 571
1711780 571
1711790 571
1711800 571
1711810 571
1711820 570
1711830 570
1711840 570
1711850 569
1711860 569
1711870 569
1711880 569
1711890 568
1711900 567
1711910 567
1711920 567
1711930 566
1711940 566
1711950 566
1711960 566
1711970 566
1711980 566
1711990 566
1712000 567
1712010 567
1712020 568
1712030 568
1712040 569
1712050 570
1712060 570
1712070 570
1712080 571
1712090 571
1712100 571
1712110 572
1712120 572
1712130 572
1712140 573
1712150 573
1712160 574
1712170 574
1712180 574
1712190 575
1712200 575
1712210 575
1712220 575
1712230 576
1712240 576
1712250 577
1712260 577
1712270 578
1712280 578
1712290 578
1712300 578
1712310 578
1712320 578
1712330 579
1712340 580
1712350 580
1712360 581
1712370 581
1712380 581
1712390 581
1712400 582
1712410 582
1712420 582
1712430 582
1712440 583
1712450 583
1712460 583
1712470 584
1712480 584
1712490 584
1712500 584
1712510 584
1712520 584
1712530 584
1712540 584
1712550 584
1712560 584
1712570 584
1712580 584
1712590 584
1712600 584
1712610 584
1712620 584
1712630 584
1712640 584
1712650 584
1712660 584
1712670 584
1712680 584
1712690 584
1712700 584
1712710 584
1712720 584
1712730 584
1712740 584
1712750 584
1712760 584
1712770 584
1712780 584
1712790 583
1712800 583
1712810 583
1712820 583
1712830 583
1712840 583
1712850 583
1712860 583
1712870 583
1712880 583
1712890 583
1712900 583
1712910 583
1712920 583
1712930 583
1712940 583
1712950 583
1712960 583
1712970 583
1712980 583
1712990 583
1713000 583
1713010 583
1713020 583
1713030 583
1713040 583
1713050 584
1713060 583
1713070 583
1713080 583
1713090 583
1713100 583
1713110 583
1713120 583
1713130 583
1713140 583
1713150 583
1713160 583
1713170 583
1713180 583
1713190 583
1713200 583
1713210 584
1713220 584
1713230 584
1713240 584
1713250 584
1713260 584
1713270 585
1713280 585
1713290 585
1713300 585
1713310 586
1713320 586
1713330 586
1713340 586
1713350 587
1713360 587
1713370 588
1713380 588
1713390 588
1713400 588
1713410 588
1713420 589
1713430 589
1713440 589
1713450 589
1713460 590
1713470 590
1713480 590
1713490 590
1713500 590
1713510 591
1713520 591
1713530 591
1713540 591
1713550 591
1713560 591
1713570 591
1713580 592
1713590 592
1713600 592
1713610 592
1713620 593
1713630 593
1713640 593
1713650 593
1713660 594
1713670 594
1713680 594
1713690 594
1713700 594
1713710 595
1713720 595
1713730 595
1713740 595
1713750 595
1713760 595
1713770 596
1713780 596
1713790 596
1713800 596
1713810 596
1713820 596
1713830 596
1713840 596
1713850 596
1713860 596
1713870 596
1713880 596
1713890 596
1713900 596
1713910 596
1713920 597
1713930 597
1713940 597
1713950 597
1713960 597
1713970 597
1713980 597
1713990 597
1714000 597
1714010 597
1714020 597
1714030 597
1714040 597
1714050 597
1714060 597
1714070 597
1714080 597
1714090 597
1714100 597
1714110 597
1714120 597
1714130 597
1714140 597
1714150 597
1714160 597
1714170 597
1714180 597
1714190 597
1714200 597
1714210 597
1714220 597
1714230 597
1714240 597
1714250 597
1714260 597
1714270 597
1714280 597
1714290 596
1714300 596
1714310 596
1714320 596
1714330 596
1714340 596
1714350 596
1714360 596
1714370 596
1714380 596
1714390 596
1714400 596
1714410 596
1714420 596
1714430 596
1714440 596
1714450 596
1714460 596
1714470 595
1714480 596
1714490 595
1714500 595
1714510 595
1714520 595
1714530 595
1714540 595
1714550 595
1714560 595
1714570 595
1714580 595
1714590 595
1714600 595
1714610 595
1714620 595
1714630 595
1714640 595
1714650 594
1714660 594
1714670 593
1714680 593
1714690 592
1714700 592
1714710 593
1714720 593
1714730 593
1714740 594
1714750 594
1714760 594
1714770 594
1714780 594
1714790 594
1714800 594
1714810 594
1714820 594
1714830 594
1714840 594
1714850 594
1714860 594
1714870 594
1714880 593
1714890 593
1714900 593
1714910 593
1714920 593
1714930 593
1714940 593
1714950 593
1714960 593
1714970 592
1714980 592
1714990 592
1715000 592
1715010 592
1715020 591
1715030 591
1715040 591
1715050 591
1715060 590
1715070 590
1715080 590
1715090 590
1715100 590
1715110 590
1715120 590
1715130 589
1715140 589
1715150 589
1715160 589
1715170 589
1715180 589
1715190 588
1715200 588
1715210 588
1715220 588
1715230 588
1715240 587
1715250 587
1715260 587
1715270 587
1715280 587
1715290 587
1715300 587
1715310 586
1715320 586
1715330 586
1715340 586
1715350 586
1715360 586
1715370 586
1715380 586
1715390 586
1715400 586
1715410 586
1715420 586
1715430 586
1715440 586
1715450 586
1715460 586
1715470 586
1715480 586
1715490 586
1715500 586
1715510 586
1715520 586
1715530 585
1715540 585
1715550 585
1715560 585
1715570 585
1715580 585
1715590 585
1715600 585
1715610 585
1715620 585
1715630 584
1715640 584
1715650 584
1715660 584
1715670 584
1715680 583
1715690 583
1715700 583
1715710 583
1715720 583
1715730 583
1715740 583
1715750 583
1715760 583
1715770 583
1715780 583
1715790 583
1715800 583
1715810 583
1715820 583
1715830 583
1715840 582
1715850 582
1715860 582
1715870 582
1715880 582
1715890 582
1715900 582
1715910 582
1715920 582
1715930 582
1715940 582
1715950 581
1715960 581
1715970 581
1715980 581
1715990 581
1716000 581
1716010 581
1716020 581
1716030 581
1716040 580
1716050 580
1716060 580
1716070 580
1716080 580
1716090 580
1716100 580
1716110 580
1716120 580
1716130 580
1716140 579
1716150 579
1716160 579
1716170 579
1716180 578
1716190 578
1716200 578
1716210 578
1716220 578
1716230 578
1716240 577
1716250 577
1716260 577
1716270 577
1716280 577
1716290 577
1716300 576
1716310 576
1716320 576
1716330 576
1716340 576
1716350 576
1716360 576
1716370 576
1716380 576
1716390 576
1716400 576
1716410 575
1716420 575
1716430 575
1716440 575
1716450 575
1716460 575
1716470 575
1716480 575
1716490 575
1716500 575
1716510 575
1716520 575
1716530 575
1716540 575
1716550 575
1716560 575
1716570 575
1716580 575
1716590 575
1716600 575
1716610 575
1716620 575
1716630 575
1716640 576
1716650 576
1716660 576
1716670 576
1716680 576
1716690 576
1716700 576
1716710 576
1716720 576
1716730 576
1716740 577
1716750 577
1716760 577
1716770 577
1716780 578
1716790 578
1716800 578
1716810 578
1716820 578
1716830 578
1716840 578
1716850 579
1716860 579
1716870 579
1716880 579
1716890 580
1716900 580
1716910 580
1716920 580
1716930 580
1716940 581
1716950 581
1716960 581
1716970 581
1716980 582
1716990 582
1717000 582
1717010 582
1717020 582
1717030 582
1717040 582
1717050 582
1717060 582
1717070 583
1717080 583
1717090 583
1717100 583
1717110 583
1717120 583
1717130 583
1717140 583
1717150 583
1717160 584
1717170 584
1717180 584
1717190 584
1717200 584
1717210 584
1717220 584
1717230 584
1717240 584
1717250 584
1717260 584
1717270 584
1717280 584
1717290 584
1717300 584
1717310 584
1717320 585
1717330 585
1717340 585
1717350 585
1717360 585
1717370 585
1717380 585
1717390 585
1717400 585
1717410 585
1717420 586
1717430 586
1717440 586
1717450 586
1717460 586
1717470 586
1717480 586
1717490 586
1717500 586
1717510 586
1717520 586
1717530 586
1717540 586
1717550 587
1717560 587
1717570 587
1717580 587
1717590 587
1717600 587
1717610 587
1717620 588
1717630 588
1717640 588
1717650 588
1717660 588
1717670 588
1717680 588
1717690 588
1717700 589
1717710 589
1717720 589
1717730 589
1717740 589
1717750 589
1717760 589
1717770 589
1717780 589
1717790 589
1717800 589
1717810 589
1717820 589
1717830 589
1717840 589
1717850 589
1717860 589
1717870 589
1717880 589
1717890 589
1717900 589
1717910 589
1717920 589
1717930 589
1717940 589
1717950 589
1717960 589
1717970 589
1717980 589
1717990 588
1718000 588
1718010 588
1718020 588
1718030 588
1718040 588
1718050 587
1718060 587
1718070 587
1718080 587
1718090 587
1718100 586
1718110 586
1718120 586
1718130 586
1718140 586
1718150 586
1718160 585
1718170 585
1718180 585
1718190 585
1718200 585
1718210 584
1718220 584
1718230 583
1718240 583
1718250 583
1718260 583
1718270 582
1718280 582
1718290 582
1718300 582
1718310 582
1718320 582
1718330 582
1718340 581
1718350 581
1718360 581
1718370 581
1718380 580
1718390 580
1718400 580
1718410 580
1718420 579
1718430 579
1718440 579
1718450 579
1718460 578
1718470 578
1718480 578
1718490 578
1718500 578
1718510 577
1718520 577
1718530 577
1718540 577
1718550 576
1718560 576
1718570 576
1718580 576
1718590 576
1718600 575
1718610 575
1718620 574
1718630 574
1718640 573
1718650 573
1718660 573
1718670 572
1718680 572
1718690 572
1718700 572
1718710 571
1718720 571
1718730 571
1718740 571
1718750 571
1718760 571
1718770 571
1718780 571
1718790 571
1718800 571
1718810 571
1718820 571
1718830 571
1718840 571
1718850 571
1718860 571
1718870 571
1718880 571
1718890 571
1718900 571
1718910 572
1718920 572
1718930 572
1718940 572
1718950 572
1718960 572
1718970 573
1718980 573
1718990 573
1719000 573
1719010 573
1719020 573
1719030 574
1719040 574
1719050 574
1719060 574
1719070 574
1719080 574
1719090 575
1719100 575
1719110 575
1719120 574
1719130 574
1719140 574
1719150 574
1719160 574
1719170 574
1719180 574
1719190 574
1719200 574
1719210 574
1719220 575
1719230 575
1719240 575
1719250 575
1719260 576
1719270 576
1719280 576
1719290 575
1719300 575
1719310 576
1719320 576
1719330 576
1719340 576
1719350 576
1719360 576
1719370 575
1719380 575
1719390 575
1719400 574
1719410 574
1719420 574
1719430 574
1719440 574
1719450 574
1719460 573
1719470 573
1719480 572
1719490 572
1719500 571
1719510 571
1719520 570
1719530 570
1719540 569
1719550 569
1719560 568
1719570 568
1719580 567
1719590 566
1719600 566
1719610 565
1719620 564
1719630 563
1719640 562
1719650 561
1719660 560
1719670 560
1719680 559
1719690 558
1719700 558
1719710 557
1719720 556
1719730 556
1719740 555
1719750 554
1719760 553
1719770 552
1719780 551
1719790 550
1719800 549
1719810 548
1719820 547
1719830 546
1719840 545
1719850 543
1719860 542
1719870 541
1719880 539
1719890 537
1719900 535
1719910 533
1719920 531
1719930 530
1719940 528
1719950 527
1719960 525
1719970 524
1719980 523
1719990 521
