1700000 590
1700010 590
1700020 590
1700030 590
1700040 590
1700050 590
1700060 590
1700070 590
1700080 590
1700090 590
1700100 590
1700110 590
1700120 590
1700130 590
1700140 590
1700150 590
1700160 590
1700170 590
1700180 590
1700190 590
1700200 590
1700210 590
1700220 590
1700230 589
1700240 589
1700250 589
1700260 589
1700270 589
1700280 589
1700290 589
1700300 589
1700310 589
1700320 589
1700330 589
1700340 589
1700350 589
1700360 589
1700370 589
1700380 589
1700390 589
1700400 589
1700410 589
1700420 589
1700430 589
1700440 589
1700450 589
1700460 589
1700470 589
1700480 589
1700490 589
1700500 589
1700510 589
1700520 589
1700530 589
1700540 589
1700550 589
1700560 589
1700570 589
1700580 589
1700590 589
1700600 589
1700610 589
1700620 589
1700630 589
1700640 589
1700650 589
1700660 589
1700670 589
1700680 590
1700690 590
1700700 590
1700710 590
1700720 590
1700730 590
1700740 590
1700750 590
1700760 590
1700770 590
1700780 590
1700790 590
1700800 590
1700810 590
1700820 590
1700830 590
1700840 589
1700850 589
1700860 589
1700870 589
1700880 589
1700890 589
1700900 589
1700910 589
1700920 589
1700930 588
1700940 588
1700950 588
1700960 588
1700970 588
1700980 588
1700990 588
1701000 588
1701010 588
1701020 588
1701030 589
1701040 589
1701050 589
1701060 589
1701070 590
1701080 590
1701090 590
1701100 590
1701110 591
1701120 591
1701130 591
1701140 592
1701150 592
1701160 592
1701170 592
1701180 593
1701190 593
1701200 593
1701210 593
1701220 594
1701230 594
1701240 594
1701250 594
1701260 594
1701270 594
1701280 594
1701290 595
1701300 595
1701310 595
1701320 595
1701330 595
1701340 596
1701350 596
1701360 596
1701370 596
1701380 596
1701390 596
1701400 597
1701410 597
1701420 598
1701430 598
1701440 598
1701450 598
1701460 598
1701470 598
1701480 599
1701490 599
1701500 599
1701510 599
1701520 600
1701530 600
1701540 600
1701550 600
1701560 601
1701570 601
1701580 601
1701590 601
1701600 601
1701610 602
1701620 602
1701630 601
1701640 601
1701650 601
1701660 602
1701670 602
1701680 602
1701690 602
1701700 602
1701710 602
1701720 602
1701730 602
1701740 602
1701750 602
1701760 602
1701770 602
1701780 602
1701790 603
1701800 603
1701810 604
1701820 604
1701830 604
1701840 604
1701850 604
1701860 604
1701870 604
1701880 605
1701890 606
1701900 607
1701910 608
1701920 608
1701930 608
1701940 606
1701950 605
1701960 605
1701970 605
1701980 605
1701990 605
1702000 605
1702010 605
1702020 604
1702030 604
1702040 604
1702050 604
1702060 604
1702070 604
1702080 604
1702090 604
1702100 604
1702110 603
1702120 603
1702130 603
1702140 603
1702150 603
1702160 603
1702170 603
1702180 603
1702190 602
1702200 602
1702210 602
1702220 602
1702230 602
1702240 602
1702250 602
1702260 601
1702270 601
1702280 601
1702290 601
1702300 601
1702310 601
1702320 600
1702330 600
1702340 600
1702350 600
1702360 600
1702370 600
1702380 600
1702390 600
1702400 599
1702410 599
1702420 599
1702430 599
1702440 599
1702450 599
1702460 598
1702470 598
1702480 598
1702490 598
1702500 598
1702510 598
1702520 598
1702530 597
1702540 597
1702550 597
1702560 597
1702570 597
1702580 597
1702590 596
1702600 596
1702610 596
1702620 596
1702630 596
1702640 596
1702650 596
1702660 596
1702670 596
1702680 596
1702690 596
1702700 596
1702710 596
1702720 595
1702730 595
1702740 595
1702750 595
1702760 595
1702770 595
1702780 594
1702790 594
1702800 594
1702810 594
1702820 594
1702830 593
1702840 593
1702850 593
1702860 593
1702870 592
1702880 592
1702890 592
1702900 592
1702910 591
1702920 591
1702930 591
1702940 590
1702950 590
1702960 590
1702970 590
1702980 589
1702990 589
1703000 589
1703010 589
1703020 588
1703030 588
1703040 588
1703050 588
1703060 587
1703070 587
1703080 587
1703090 587
1703100 587
1703110 586
1703120 584
1703130 583
1703140 583
1703150 582
1703160 581
1703170 580
1703180 579
1703190 578
1703200 578
1703210 577
1703220 576
1703230 575
1703240 575
1703250 575
1703260 574
1703270 574
1703280 574
1703290 574
1703300 574
1703310 574
1703320 575
1703330 575
1703340 575
1703350 575
1703360 575
1703370 576
1703380 576
1703390 577
1703400 579
1703410 581
1703420 582
1703430 583
1703440 583
1703450 584
1703460 585
1703470 585
1703480 585
1703490 586
1703500 586
1703510 586
1703520 586
1703530 587
1703540 587
1703550 588
1703560 588
1703570 588
1703580 589
1703590 589
1703600 589
1703610 589
1703620 590
1703630 590
1703640 590
1703650 590
1703660 591
1703670 591
1703680 591
1703690 591
1703700 591
1703710 591
1703720 591
1703730 591
1703740 591
1703750 591
1703760 591
1703770 591
1703780 591
1703790 591
1703800 590
1703810 590
1703820 590
1703830 590
1703840 590
1703850 590
1703860 589
1703870 589
1703880 589
1703890 589
1703900 589
1703910 588
1703920 588
1703930 588
1703940 588
1703950 587
1703960 587
1703970 587
1703980 587
1703990 587
1704000 587
1704010 586
1704020 586
1704030 586
1704040 586
1704050 585
1704060 585
1704070 585
1704080 585
1704090 584
1704100 584
1704110 584
1704120 584
1704130 584
1704140 584
1704150 584
1704160 584
1704170 584
1704180 584
1704190 584
1704200 584
1704210 584
1704220 584
1704230 585
1704240 585
1704250 585
1704260 585
1704270 585
1704280 585
1704290 585
1704300 585
1704310 585
1704320 585
1704330 585
1704340 585
1704350 585
1704360 585
1704370 585
1704380 585
1704390 585
1704400 585
1704410 585
1704420 585
1704430 585
1704440 585
1704450 585
1704460 585
1704470 584
1704480 584
1704490 584
1704500 584
1704510 584
1704520 584
1704530 583
1704540 583
1704550 583
1704560 583
1704570 582
1704580 582
1704590 582
1704600 581
1704610 581
1704620 581
1704630 580
1704640 580
1704650 580
1704660 579
1704670 579
1704680 579
1704690 579
1704700 578
1704710 578
1704720 577
1704730 577
1704740 577
1704750 576
1704760 575
1704770 575
1704780 574
1704790 574
1704800 573
1704810 573
1704820 572
1704830 572
1704840 571
1704850 570
1704860 570
1704870 569
1704880 569
1704890 568
1704900 568
1704910 567
1704920 567
1704930 567
1704940 567
1704950 567
1704960 566
1704970 566
1704980 566
1704990 566
1705000 566
1705010 566
1705020 565
1705030 565
1705040 565
1705050 565
1705060 565
1705070 565
1705080 565
1705090 565
1705100 564
1705110 564
1705120 564
1705130 564
1705140 564
1705150 564
1705160 564
1705170 564
1705180 564
1705190 564
1705200 564
1705210 564
1705220 564
1705230 564
1705240 564
1705250 564
1705260 564
1705270 564
1705280 564
1705290 564
1705300 564
1705310 563
1705320 563
1705330 563
1705340 563
1705350 563
1705360 563
1705370 563
1705380 563
1705390 563
1705400 562
1705410 562
1705420 562
1705430 562
1705440 562
1705450 562
1705460 561
1705470 561
1705480 561
1705490 560
1705500 560
1705510 560
1705520 559
1705530 559
1705540 558
1705550 558
1705560 557
1705570 557
1705580 556
1705590 556
1705600 555
1705610 553
1705620 550
1705630 548
1705640 547
1705650 546
1705660 546
1705670 545
1705680 545
1705690 545
1705700 544
1705710 544
1705720 545
1705730 544
1705740 544
1705750 544
1705760 545
1705770 545
1705780 547
1705790 549
1705800 551
1705810 553
1705820 553
1705830 553
1705840 553
1705850 553
1705860 553
1705870 553
1705880 553
1705890 553
1705900 553
1705910 553
1705920 553
1705930 553
1705940 553
1705950 553
1705960 552
1705970 552
1705980 552
1705990 552
1706000 552
1706010 551
1706020 549
1706030 547
1706040 546
1706050 546
1706060 546
1706070 547
1706080 547
1706090 548
1706100 547
1706110 547
1706120 546
1706130 546
1706140 545
1706150 545
1706160 545
1706170 545
1706180 544
1706190 544
1706200 544
1706210 543
1706220 543
1706230 542
1706240 542
1706250 541
1706260 541
1706270 541
1706280 541
1706290 541
1706300 540
1706310 540
1706320 540
1706330 540
1706340 540
1706350 540
1706360 540
1706370 540
1706380 539
1706390 539
1706400 539
1706410 539
1706420 538
1706430 538
1706440 538
1706450 538
1706460 538
1706470 538
1706480 538
1706490 538
1706500 538
1706510 537
1706520 537
1706530 537
1706540 536
1706550 535
1706560 535
1706570 534
1706580 533
1706590 533
1706600 532
1706610 532
1706620 531
1706630 530
1706640 530
1706650 529
1706660 529
1706670 529
1706680 529
1706690 529
1706700 529
1706710 529
1706720 529
1706730 529
1706740 529
1706750 529
1706760 530
1706770 530
1706780 533
1706790 536
1706800 540
1706810 542
1706820 544
1706830 546
1706840 548
1706850 549
1706860 550
1706870 551
1706880 552
1706890 553
1706900 554
1706910 555
1706920 555
1706930 556
1706940 557
1706950 557
1706960 558
1706970 558
1706980 558
1706990 559
1707000 559
1707010 560
1707020 560
1707030 561
1707040 561
1707050 562
1707060 562
1707070 563
1707080 563
1707090 563
1707100 564
1707110 564
1707120 564
1707130 565
1707140 565
1707150 565
1707160 565
1707170 565
1707180 566
1707190 566
1707200 566
1707210 566
1707220 566
1707230 566
1707240 566
1707250 566
1707260 566
1707270 566
1707280 566
1707290 566
1707300 566
1707310 566
1707320 565
1707330 565
1707340 565
1707350 564
1707360 562
1707370 561
1707380 560
1707390 559
1707400 559
1707410 559
1707420 558
1707430 558
1707440 558
1707450 557
1707460 557
1707470 556
1707480 556
1707490 558
1707500 560
1707510 561
1707520 562
1707530 564
1707540 566
1707550 567
1707560 568
1707570 568
1707580 568
1707590 569
1707600 569
1707610 569
1707620 569
1707630 570
1707640 570
1707650 570
1707660 571
1707670 571
1707680 571
1707690 571
1707700 572
1707710 572
1707720 572
1707730 572
1707740 572
1707750 572
1707760 572
1707770 572
1707780 573
1707790 573
1707800 573
1707810 573
1707820 574
1707830 574
1707840 574
1707850 574
1707860 574
1707870 575
1707880 575
1707890 575
1707900 575
1707910 575
1707920 575
1707930 575
1707940 575
1707950 575
1707960 575
1707970 574
1707980 574
1707990 574
1708000 574
1708010 573
1708020 573
1708030 573
1708040 573
1708050 574
1708060 574
1708070 575
1708080 575
1708090 576
1708100 576
1708110 576
1708120 576
1708130 577
1708140 577
1708150 577
1708160 578
1708170 578
1708180 578
1708190 579
1708200 579
1708210 580
1708220 580
1708230 581
1708240 581
1708250 581
1708260 582
1708270 582
1708280 582
1708290 583
1708300 583
1708310 583
1708320 583
1708330 584
1708340 584
1708350 585
1708360 585
1708370 586
1708380 586
1708390 586
1708400 585
1708410 585
1708420 585
1708430 584
1708440 584
1708450 584
1708460 584
1708470 584
1708480 584
1708490 584
1708500 584
1708510 583
1708520 583
1708530 583
1708540 583
1708550 583
1708560 583
1708570 583
1708580 583
1708590 583
1708600 582
1708610 582
1708620 582
1708630 582
1708640 582
1708650 582
1708660 582
1708670 582
1708680 582
1708690 582
1708700 582
1708710 582
1708720 581
1708730 581
1708740 581
1708750 581
1708760 581
1708770 581
1708780 581
1708790 580
1708800 580
1708810 580
1708820 580
1708830 580
1708840 580
1708850 580
1708860 580
1708870 579
1708880 579
1708890 579
1708900 579
1708910 579
1708920 579
1708930 579
1708940 578
1708950 578
1708960 578
1708970 578
1708980 578
1708990 578
1709000 578
1709010 578
1709020 578
1709030 578
1709040 577
1709050 577
1709060 577
1709070 577
1709080 577
1709090 576
1709100 576
1709110 576
1709120 576
1709130 576
1709140 576
1709150 575
1709160 575
1709170 575
1709180 575
1709190 576
1709200 576
1709210 576
1709220 576
1709230 576
1709240 576
1709250 576
1709260 576
1709270 576
1709280 577
1709290 577
1709300 577
1709310 578
1709320 578
1709330 577
1709340 577
1709350 577
1709360 577
1709370 577
1709380 578
1709390 578
1709400 578
1709410 578
1709420 578
1709430 577
1709440 577
1709450 577
1709460 577
1709470 577
1709480 577
1709490 577
1709500 577
1709510 576
1709520 576
1709530 576
1709540 576
1709550 576
1709560 576
1709570 576
1709580 576
1709590 576
1709600 576
1709610 576
1709620 576
1709630 576
1709640 575
1709650 575
1709660 575
1709670 575
1709680 575
1709690 575
1709700 575
1709710 574
1709720 574
1709730 574
1709740 574
1709750 574
1709760 573
1709770 573
1709780 572
1709790 572
1709800 572
1709810 572
1709820 572
1709830 572
1709840 572
1709850 572
1709860 572
1709870 572
1709880 572
1709890 572
1709900 573
1709910 573
1709920 572
1709930 572
1709940 571
1709950 571
1709960 571
1709970 571
1709980 571
1709990 571
1710000 571
1710010 571
1710020 572
1710030 572
1710040 573
1710050 573
1710060 573
1710070 574
1710080 574
1710090 574
1710100 574
1710110 574
1710120 575
1710130 575
1710140 575
1710150 575
1710160 575
1710170 575
1710180 576
1710190 576
1710200 576
1710210 576
1710220 577
1710230 577
1710240 577
1710250 577
1710260 578
1710270 578
1710280 578
1710290 578
1710300 578
1710310 578
1710320 578
1710330 578
1710340 578
1710350 578
1710360 578
1710370 578
1710380 578
1710390 577
1710400 577
1710410 577
1710420 577
1710430 577
1710440 577
1710450 577
1710460 577
1710470 577
1710480 577
1710490 577
1710500 576
1710510 576
1710520 576
1710530 576
1710540 576
1710550 576
1710560 576
1710570 576
1710580 576
1710590 575
1710600 575
1710610 575
1710620 576
1710630 576
1710640 576
1710650 576
1710660 576
1710670 576
1710680 576
1710690 576
1710700 576
1710710 575
1710720 575
1710730 575
1710740 575
1710750 575
1710760 575
1710770 575
1710780 575
1710790 575
1710800 575
1710810 575
1710820 575
1710830 575
1710840 575
1710850 575
1710860 575
1710870 575
1710880 575
1710890 575
1710900 574
1710910 574
1710920 573
1710930 573
1710940 573
1710950 573
1710960 573
1710970 573
1710980 573
1710990 573
1711000 573
1711010 573
1711020 573
1711030 573
1711040 573
1711050 573
1711060 573
1711070 572
1711080 572
1711090 572
1711100 572
1711110 572
1711120 572
1711130 572
1711140 572
1711150 572
1711160 572
1711170 573
1711180 573
1711190 574
1711200 574
1711210 574
1711220 574
1711230 575
1711240 575
1711250 575
1711260 575
1711270 575
1711280 575
1711290 575
1711300 575
1711310 576
1711320 576
1711330 576
1711340 576
1711350 576
1711360 576
1711370 576
1711380 576
1711390 576
1711400 576
1711410 576
1711420 576
1711430 576
1711440 576
1711450 576
1711460 576
1711470 576
1711480 575
1711490 575
1711500 575
1711510 575
1711520 575
1711530 574
1711540 574
1711550 574
1711560 574
1711570 573
1711580 573
1711590 573
1711600 573
1711610 572
1711620 572
1711630 572
1711640 572
1711650 572
1711660 572
1711670 571
1711680 571
1711690 571
1711700 571
1711710 571
1711720 571
1711730 571
1711740 571
1711750 570
1711760 570
1711770 570
1711780 570
1711790 570
1711800 569
1711810 569
1711820 569
1711830 569
1711840 569
1711850 568
1711860 568
1711870 568
1711880 568
1711890 568
1711900 568
1711910 568
1711920 568
1711930 568
1711940 568
1711950 568
1711960 568
1711970 568
1711980 568
1711990 569
1712000 569
1712010 570
1712020 570
1712030 571
1712040 571
1712050 572
1712060 572
1712070 573
1712080 574
1712090 574
1712100 575
1712110 575
1712120 575
1712130 576
1712140 576
1712150 577
1712160 577
1712170 577
1712180 578
1712190 578
1712200 579
1712210 579
1712220 580
1712230 579
1712240 580
1712250 580
1712260 581
1712270 582
1712280 582
1712290 582
1712300 583
1712310 583
1712320 584
1712330 584
1712340 584
1712350 585
1712360 585
1712370 586
1712380 586
1712390 586
1712400 586
1712410 586
1712420 586
1712430 586
1712440 587
1712450 587
1712460 587
1712470 587
1712480 587
1712490 587
1712500 587
1712510 587
1712520 587
1712530 587
1712540 587
1712550 587
1712560 587
1712570 587
1712580 586
1712590 586
1712600 586
1712610 586
1712620 586
1712630 586
1712640 586
1712650 586
1712660 586
1712670 586
1712680 586
1712690 586
1712700 586
1712710 586
1712720 586
1712730 586
1712740 585
1712750 585
1712760 585
1712770 585
1712780 585
1712790 585
1712800 585
1712810 585
1712820 585
1712830 585
1712840 585
1712850 585
1712860 585
1712870 585
1712880 585
1712890 585
1712900 585
1712910 585
1712920 584
1712930 584
1712940 584
1712950 584
1712960 584
1712970 584
1712980 584
1712990 584
1713000 584
1713010 584
1713020 584
1713030 584
1713040 584
1713050 583
1713060 583
1713070 583
1713080 583
1713090 583
1713100 583
1713110 583
1713120 583
1713130 583
1713140 583
1713150 583
1713160 583
1713170 583
1713180 583
1713190 583
1713200 583
1713210 584
1713220 584
1713230 584
1713240 584
1713250 584
1713260 584
1713270 584
1713280 584
1713290 585
1713300 585
1713310 585
1713320 586
1713330 586
1713340 586
1713350 586
1713360 586
1713370 587
1713380 587
1713390 587
1713400 587
1713410 588
1713420 588
1713430 588
1713440 588
1713450 588
1713460 589
1713470 589
1713480 589
1713490 589
1713500 589
1713510 590
1713520 590
1713530 590
1713540 590
1713550 591
1713560 591
1713570 591
1713580 591
1713590 592
1713600 592
1713610 592
1713620 592
1713630 593
1713640 593
1713650 593
1713660 593
1713670 594
1713680 594
1713690 594
1713700 594
1713710 594
1713720 594
1713730 594
1713740 594
1713750 594
1713760 595
1713770 595
1713780 595
1713790 595
1713800 595
1713810 595
1713820 595
1713830 596
1713840 596
1713850 596
1713860 596
1713870 596
1713880 597
1713890 597
1713900 597
1713910 597
1713920 597
1713930 597
1713940 597
1713950 598
1713960 598
1713970 598
1713980 598
1713990 598
1714000 598
1714010 598
1714020 598
1714030 598
1714040 598
1714050 598
1714060 598
1714070 598
1714080 598
1714090 598
1714100 598
1714110 598
1714120 598
1714130 598
1714140 598
1714150 598
1714160 598
1714170 598
1714180 598
1714190 598
1714200 597
1714210 597
1714220 597
1714230 597
1714240 597
1714250 597
1714260 597
1714270 597
1714280 597
1714290 597
1714300 597
1714310 597
1714320 597
1714330 597
1714340 597
1714350 597
1714360 597
1714370 597
1714380 597
1714390 597
1714400 597
1714410 597
1714420 597
1714430 597
1714440 597
1714450 597
1714460 597
1714470 597
1714480 596
1714490 596
1714500 596
1714510 596
1714520 596
1714530 596
1714540 596
1714550 596
1714560 596
1714570 596
1714580 595
1714590 595
1714600 595
1714610 595
1714620 595
1714630 595
1714640 595
1714650 595
1714660 595
1714670 595
1714680 595
1714690 595
1714700 595
1714710 595
1714720 595
1714730 595
1714740 595
1714750 595
1714760 595
1714770 595
1714780 595
1714790 595
1714800 595
1714810 595
1714820 595
1714830 595
1714840 595
1714850 595
1714860 595
1714870 594
1714880 594
1714890 594
1714900 594
1714910 594
1714920 594
1714930 594
1714940 594
1714950 593
1714960 593
1714970 593
1714980 593
1714990 593
1715000 593
1715010 593
1715020 593
1715030 593
1715040 593
1715050 594
1715060 594
1715070 593
1715080 592
1715090 591
1715100 591
1715110 590
1715120 590
1715130 590
1715140 589
1715150 589
1715160 589
1715170 589
1715180 588
1715190 588
1715200 588
1715210 588
1715220 587
1715230 587
1715240 587
1715250 587
1715260 586
1715270 586
1715280 586
1715290 586
1715300 586
1715310 586
1715320 586
1715330 586
1715340 585
1715350 585
1715360 585
1715370 585
1715380 585
1715390 585
1715400 585
1715410 584
1715420 584
1715430 584
1715440 584
1715450 584
1715460 584
1715470 584
1715480 584
1715490 584
1715500 584
1715510 584
1715520 583
1715530 583
1715540 583
1715550 583
1715560 583
1715570 583
1715580 582
1715590 582
1715600 582
1715610 582
1715620 583
1715630 583
1715640 583
1715650 583
1715660 582
1715670 582
1715680 582
1715690 582
1715700 582
1715710 582
1715720 582
1715730 582
1715740 582
1715750 582
1715760 582
1715770 582
1715780 582
1715790 582
1715800 582
1715810 581
1715820 581
1715830 581
1715840 581
1715850 581
1715860 581
1715870 581
1715880 581
1715890 580
1715900 580
1715910 580
1715920 580
1715930 580
1715940 580
1715950 580
1715960 580
1715970 580
1715980 580
1715990 580
1716000 579
1716010 579
1716020 579
1716030 579
1716040 579
1716050 579
1716060 579
1716070 579
1716080 579
1716090 579
1716100 579
1716110 579
1716120 579
1716130 579
1716140 579
1716150 579
1716160 579
1716170 579
1716180 578
1716190 578
1716200 578
1716210 578
1716220 578
1716230 578
1716240 578
1716250 578
1716260 578
1716270 578
1716280 578
1716290 578
1716300 578
1716310 578
1716320 578
1716330 578
1716340 578
1716350 578
1716360 578
1716370 578
1716380 578
1716390 578
1716400 578
1716410 578
1716420 578
1716430 578
1716440 578
1716450 578
1716460 578
1716470 578
1716480 578
1716490 578
1716500 578
1716510 578
1716520 578
1716530 578
1716540 578
1716550 578
1716560 578
1716570 578
1716580 578
1716590 578
1716600 578
1716610 578
1716620 578
1716630 578
1716640 579
1716650 579
1716660 579
1716670 579
1716680 579
1716690 579
1716700 579
1716710 579
1716720 579
1716730 579
1716740 579
1716750 579
1716760 579
1716770 579
1716780 580
1716790 580
1716800 580
1716810 580
1716820 580
1716830 581
1716840 581
1716850 581
1716860 581
1716870 581
1716880 581
1716890 581
1716900 581
1716910 581
1716920 581
1716930 581
1716940 581
1716950 582
1716960 582
1716970 582
1716980 582
1716990 582
1717000 582
1717010 582
1717020 582
1717030 582
1717040 582
1717050 582
1717060 582
1717070 582
1717080 582
1717090 582
1717100 582
1717110 582
1717120 582
1717130 582
1717140 583
1717150 583
1717160 583
1717170 583
1717180 583
1717190 583
1717200 583
1717210 583
1717220 583
1717230 583
1717240 583
1717250 583
1717260 583
1717270 583
1717280 583
1717290 583
1717300 583
1717310 583
1717320 583
1717330 583
1717340 583
1717350 583
1717360 583
1717370 583
1717380 583
1717390 583
1717400 584
1717410 584
1717420 584
1717430 584
1717440 584
1717450 584
1717460 584
1717470 584
1717480 584
1717490 584
1717500 585
1717510 585
1717520 585
1717530 585
1717540 585
1717550 585
1717560 586
1717570 586
1717580 586
1717590 586
1717600 586
1717610 586
1717620 586
1717630 586
1717640 586
1717650 586
1717660 586
1717670 586
1717680 586
1717690 587
1717700 587
1717710 587
1717720 587
1717730 587
1717740 587
1717750 587
1717760 587
1717770 587
1717780 587
1717790 587
1717800 586
1717810 586
1717820 586
1717830 586
1717840 586
1717850 586
1717860 586
1717870 586
1717880 586
1717890 586
1717900 586
1717910 586
1717920 586
1717930 586
1717940 585
1717950 585
1717960 585
1717970 585
1717980 585
1717990 585
1718000 585
1718010 584
1718020 584
1718030 584
1718040 584
1718050 584
1718060 584
1718070 583
1718080 583
1718090 583
1718100 583
1718110 582
1718120 582
1718130 582
1718140 582
1718150 581
1718160 581
1718170 581
1718180 581
1718190 580
1718200 580
1718210 580
1718220 579
1718230 579
1718240 579
1718250 579
1718260 579
1718270 578
1718280 578
1718290 578
1718300 578
1718310 577
1718320 577
1718330 577
1718340 577
1718350 577
1718360 577
1718370 576
1718380 576
1718390 576
1718400 575
1718410 575
1718420 574
1718430 574
1718440 574
1718450 573
1718460 573
1718470 573
1718480 572
1718490 572
1718500 572
1718510 571
1718520 571
1718530 571
1718540 570
1718550 570
1718560 570
1718570 569
1718580 569
1718590 568
1718600 568
1718610 568
1718620 568
1718630 567
1718640 567
1718650 567
1718660 567
1718670 567
1718680 566
1718690 566
1718700 566
1718710 566
1718720 566
1718730 566
1718740 566
1718750 565
1718760 565
1718770 566
1718780 566
1718790 566
1718800 567
1718810 567
1718820 567
1718830 567
1718840 567
1718850 567
1718860 566
1718870 566
1718880 566
1718890 566
1718900 566
1718910 566
1718920 565
1718930 565
1718940 565
1718950 565
1718960 565
1718970 565
1718980 565
1718990 565
1719000 565
1719010 565
1719020 565
1719030 565
1719040 565
1719050 565
1719060 565
1719070 565
1719080 565
1719090 566
1719100 566
1719110 566
1719120 565
1719130 565
1719140 565
1719150 565
1719160 565
1719170 565
1719180 565
1719190 565
1719200 566
1719210 565
1719220 565
1719230 565
1719240 565
1719250 565
1719260 565
1719270 565
1719280 565
1719290 565
1719300 564
1719310 564
1719320 564
1719330 564
1719340 564
1719350 564
1719360 563
1719370 563
1719380 563
1719390 563
1719400 563
1719410 563
1719420 562
1719430 562
1719440 562
1719450 562
1719460 561
1719470 561
1719480 560
1719490 560
1719500 560
1719510 559
1719520 559
1719530 558
1719540 558
1719550 558
1719560 557
1719570 557
1719580 556
1719590 556
1719600 555
1719610 554
1719620 554
1719630 553
1719640 553
1719650 552
1719660 552
1719670 551
1719680 550
1719690 550
1719700 549
1719710 548
1719720 548
1719730 547
1719740 546
1719750 546
1719760 545
1719770 544
1719780 543
1719790 542
1719800 541
1719810 540
1719820 539
1719830 538
1719840 536
1719850 534
1719860 533
1719870 530
1719880 528
1719890 526
1719900 523
1719910 522
1719920 520
1719930 518
1719940 517
1719950 516
1719960 515
1719970 514
1719980 512
1719990 511
