1700000 597
1700010 597
1700020 597
1700030 597
1700040 597
1700050 597
1700060 597
1700070 597
1700080 598
1700090 598
1700100 598
1700110 598
1700120 598
1700130 598
1700140 598
1700150 598
1700160 598
1700170 598
1700180 598
1700190 598
1700200 598
1700210 598
1700220 598
1700230 598
1700240 598
1700250 598
1700260 598
1700270 598
1700280 598
1700290 598
1700300 598
1700310 598
1700320 598
1700330 598
1700340 598
1700350 598
1700360 598
1700370 598
1700380 598
1700390 598
1700400 598
1700410 598
1700420 598
1700430 598
1700440 598
1700450 598
1700460 598
1700470 598
1700480 598
1700490 598
1700500 598
1700510 598
1700520 598
1700530 598
1700540 598
1700550 598
1700560 597
1700570 597
1700580 597
1700590 597
1700600 597
1700610 597
1700620 596
1700630 596
1700640 596
1700650 595
1700660 595
1700670 595
1700680 594
1700690 594
1700700 594
1700710 593
1700720 593
1700730 593
1700740 592
1700750 592
1700760 592
1700770 592
1700780 591
1700790 591
1700800 591
1700810 590
1700820 590
1700830 590
1700840 589
1700850 589
1700860 589
1700870 588
1700880 588
1700890 588
1700900 587
1700910 587
1700920 586
1700930 586
1700940 586
1700950 585
1700960 585
1700970 585
1700980 584
1700990 584
1701000 584
1701010 583
1701020 583
1701030 583
1701040 582
1701050 582
1701060 582
1701070 582
1701080 581
1701090 581
1701100 581
1701110 581
1701120 580
1701130 580
1701140 580
1701150 580
1701160 579
1701170 579
1701180 579
1701190 579
1701200 579
1701210 578
1701220 579
1701230 578
1701240 578
1701250 578
1701260 578
1701270 578
1701280 578
1701290 578
1701300 578
1701310 578
1701320 578
1701330 578
1701340 578
1701350 579
1701360 579
1701370 579
1701380 579
1701390 579
1701400 580
1701410 580
1701420 580
1701430 580
1701440 580
1701450 580
1701460 580
1701470 581
1701480 581
1701490 581
1701500 581
1701510 581
1701520 581
1701530 581
1701540 581
1701550 581
1701560 581
1701570 581
1701580 581
1701590 581
1701600 581
1701610 581
1701620 581
1701630 581
1701640 581
1701650 581
1701660 581
1701670 581
1701680 580
1701690 580
1701700 580
1701710 580
1701720 580
1701730 580
1701740 580
1701750 580
1701760 579
1701770 579
1701780 579
1701790 579
1701800 579
1701810 578
1701820 578
1701830 578
1701840 578
1701850 577
1701860 577
1701870 577
1701880 577
1701890 576
1701900 576
1701910 576
1701920 576
1701930 575
1701940 575
1701950 575
1701960 575
1701970 574
1701980 574
1701990 574
1702000 574
1702010 573
1702020 573
1702030 573
1702040 572
1702050 572
1702060 572
1702070 572
1702080 571
1702090 571
1702100 571
1702110 571
1702120 571
1702130 570
1702140 570
1702150 570
1702160 570
1702170 570
1702180 569
1702190 569
1702200 568
1702210 568
1702220 568
1702230 568
1702240 567
1702250 567
1702260 567
1702270 566
1702280 566
1702290 566
1702300 565
1702310 565
1702320 564
1702330 564
1702340 564
1702350 564
1702360 563
1702370 563
1702380 563
1702390 562
1702400 562
1702410 562
1702420 561
1702430 561
1702440 561
1702450 561
1702460 561
1702470 560
1702480 560
1702490 560
1702500 559
1702510 559
1702520 559
1702530 559
1702540 559
1702550 558
1702560 558
1702570 558
1702580 558
1702590 558
1702600 558
1702610 557
1702620 557
1702630 557
1702640 557
1702650 557
1702660 557
1702670 556
1702680 556
1702690 556
1702700 556
1702710 555
1702720 555
1702730 555
1702740 555
1702750 555
1702760 554
1702770 554
1702780 553
1702790 553
1702800 552
1702810 552
1702820 551
1702830 551
1702840 551
1702850 550
1702860 550
1702870 550
1702880 550
1702890 550
1702900 550
1702910 550
1702920 550
1702930 550
1702940 551
1702950 551
1702960 553
1702970 556
1702980 558
1702990 558
1703000 559
1703010 559
1703020 560
1703030 560
1703040 560
1703050 561
1703060 561
1703070 561
1703080 561
1703090 561
1703100 562
1703110 562
1703120 562
1703130 562
1703140 562
1703150 563
1703160 563
1703170 563
1703180 563
1703190 563
1703200 563
1703210 563
1703220 563
1703230 563
1703240 563
1703250 563
1703260 563
1703270 563
1703280 563
1703290 563
1703300 562
1703310 562
1703320 562
1703330 562
1703340 562
1703350 562
1703360 562
1703370 562
1703380 562
1703390 562
1703400 562
1703410 561
1703420 561
1703430 561
1703440 561
1703450 561
1703460 561
1703470 561
1703480 560
1703490 560
1703500 560
1703510 560
1703520 560
1703530 560
1703540 560
1703550 560
1703560 560
1703570 560
1703580 560
1703590 559
1703600 559
1703610 559
1703620 559
1703630 559
1703640 559
1703650 559
1703660 559
1703670 558
1703680 558
1703690 558
1703700 558
1703710 557
1703720 557
1703730 557
1703740 557
1703750 556
1703760 556
1703770 556
1703780 556
1703790 556
1703800 555
1703810 555
1703820 555
1703830 554
1703840 554
1703850 554
1703860 554
1703870 553
1703880 553
1703890 553
1703900 553
1703910 553
1703920 552
1703930 552
1703940 552
1703950 552
1703960 552
1703970 552
1703980 552
1703990 551
1704000 551
1704010 551
1704020 550
1704030 550
1704040 550
1704050 549
1704060 549
1704070 549
1704080 549
1704090 549
1704100 549
1704110 549
1704120 549
1704130 550
1704140 550
1704150 551
1704160 552
1704170 552
1704180 553
1704190 553
1704200 553
1704210 554
1704220 554
1704230 555
1704240 555
1704250 555
1704260 555
1704270 556
1704280 556
1704290 556
1704300 556
1704310 556
1704320 556
1704330 556
1704340 557
1704350 557
1704360 557
1704370 557
1704380 557
1704390 557
1704400 557
1704410 557
1704420 557
1704430 557
1704440 557
1704450 557
1704460 557
1704470 557
1704480 557
1704490 557
1704500 557
1704510 557
1704520 557
1704530 557
1704540 556
1704550 556
1704560 556
1704570 556
1704580 556
1704590 556
1704600 555
1704610 555
1704620 555
1704630 555
1704640 555
1704650 555
1704660 555
1704670 555
1704680 555
1704690 555
1704700 555
1704710 555
1704720 554
1704730 554
1704740 554
1704750 554
1704760 554
1704770 554
1704780 554
1704790 554
1704800 554
1704810 554
1704820 554
1704830 553
1704840 553
1704850 553
1704860 553
1704870 553
1704880 553
1704890 553
1704900 553
1704910 553
1704920 553
1704930 553
1704940 553
1704950 553
1704960 553
1704970 553
1704980 553
1704990 553
1705000 553
1705010 552
1705020 552
1705030 552
1705040 552
1705050 552
1705060 552
1705070 552
1705080 552
1705090 551
1705100 551
1705110 551
1705120 551
1705130 551
1705140 551
1705150 551
1705160 551
1705170 551
1705180 551
1705190 551
1705200 551
1705210 551
1705220 551
1705230 551
1705240 551
1705250 551
1705260 551
1705270 551
1705280 550
1705290 550
1705300 550
1705310 550
1705320 550
1705330 550
1705340 550
1705350 550
1705360 550
1705370 550
1705380 550
1705390 550
1705400 549
1705410 549
1705420 549
1705430 549
1705440 549
1705450 549
1705460 549
1705470 549
1705480 549
1705490 549
1705500 548
1705510 548
1705520 548
1705530 548
1705540 548
1705550 548
1705560 548
1705570 548
1705580 548
1705590 547
1705600 547
1705610 547
1705620 547
1705630 547
1705640 547
1705650 547
1705660 547
1705670 546
1705680 546
1705690 546
1705700 546
1705710 546
1705720 546
1705730 545
1705740 545
1705750 545
1705760 545
1705770 545
1705780 545
1705790 544
1705800 544
1705810 544
1705820 544
1705830 544
1705840 544
1705850 544
1705860 543
1705870 543
1705880 543
1705890 543
1705900 542
1705910 542
1705920 542
1705930 542
1705940 541
1705950 541
1705960 541
1705970 540
1705980 540
1705990 540
1706000 539
1706010 539
1706020 538
1706030 538
1706040 537
1706050 537
1706060 536
1706070 535
1706080 535
1706090 535
1706100 534
1706110 534
1706120 533
1706130 533
1706140 532
1706150 531
1706160 530
1706170 529
1706180 528
1706190 527
1706200 527
1706210 526
1706220 525
1706230 525
1706240 524
1706250 524
1706260 524
1706270 524
1706280 524
1706290 523
1706300 523
1706310 522
1706320 522
1706330 521
1706340 521
1706350 522
1706360 522
1706370 522
1706380 521
1706390 521
1706400 521
1706410 520
1706420 520
1706430 520
1706440 520
1706450 520
1706460 520
1706470 520
1706480 520
1706490 520
1706500 520
1706510 520
1706520 520
1706530 520
1706540 520
1706550 520
1706560 520
1706570 520
1706580 520
1706590 520
1706600 520
1706610 521
1706620 522
1706630 523
1706640 524
1706650 526
1706660 528
1706670 530
1706680 532
1706690 534
1706700 535
1706710 537
1706720 538
1706730 540
1706740 542
1706750 543
1706760 543
1706770 544
1706780 545
1706790 546
1706800 547
1706810 548
1706820 549
1706830 549
1706840 550
1706850 550
1706860 551
1706870 551
1706880 552
1706890 552
1706900 553
1706910 554
1706920 554
1706930 555
1706940 555
1706950 555
1706960 555
1706970 555
1706980 556
1706990 556
1707000 556
1707010 557
1707020 557
1707030 558
1707040 558
1707050 558
1707060 558
1707070 558
1707080 559
1707090 559
1707100 559
1707110 559
1707120 559
1707130 559
1707140 559
1707150 559
1707160 559
1707170 559
1707180 559
1707190 559
1707200 559
1707210 559
1707220 559
1707230 560
1707240 560
1707250 560
1707260 560
1707270 560
1707280 560
1707290 560
1707300 560
1707310 560
1707320 560
1707330 560
1707340 560
1707350 560
1707360 560
1707370 560
1707380 561
1707390 560
1707400 560
1707410 560
1707420 560
1707430 561
1707440 561
1707450 561
1707460 561
1707470 561
1707480 561
1707490 560
1707500 560
1707510 560
1707520 560
1707530 560
1707540 560
1707550 560
1707560 560
1707570 560
1707580 560
1707590 560
1707600 559
1707610 559
1707620 559
1707630 558
1707640 558
1707650 558
1707660 557
1707670 557
1707680 556
1707690 556
1707700 555
1707710 555
1707720 554
1707730 554
1707740 553
1707750 552
1707760 552
1707770 551
1707780 551
1707790 550
1707800 549
1707810 548
1707820 547
1707830 547
1707840 546
1707850 545
1707860 545
1707870 544
1707880 543
1707890 543
1707900 542
1707910 541
1707920 540
1707930 539
1707940 538
1707950 537
1707960 537
1707970 538
1707980 539
1707990 540
1708000 542
1708010 544
1708020 547
1708030 550
1708040 553
1708050 555
1708060 558
1708070 559
1708080 560
1708090 560
1708100 561
1708110 561
1708120 562
1708130 562
1708140 563
1708150 563
1708160 564
1708170 564
1708180 565
1708190 565
1708200 566
1708210 566
1708220 567
1708230 567
1708240 567
1708250 568
1708260 568
1708270 569
1708280 569
1708290 569
1708300 570
1708310 570
1708320 570
1708330 571
1708340 571
1708350 571
1708360 572
1708370 572
1708380 572
1708390 573
1708400 573
1708410 573
1708420 574
1708430 574
1708440 574
1708450 574
1708460 575
1708470 575
1708480 575
1708490 575
1708500 575
1708510 576
1708520 576
1708530 576
1708540 576
1708550 576
1708560 576
1708570 576
1708580 576
1708590 576
1708600 576
1708610 576
1708620 576
1708630 576
1708640 576
1708650 576
1708660 576
1708670 576
1708680 576
1708690 576
1708700 576
1708710 576
1708720 576
1708730 576
1708740 576
1708750 576
1708760 576
1708770 576
1708780 576
1708790 576
1708800 576
1708810 576
1708820 576
1708830 576
1708840 577
1708850 577
1708860 577
1708870 577
1708880 577
1708890 577
1708900 577
1708910 577
1708920 577
1708930 577
1708940 577
1708950 577
1708960 577
1708970 577
1708980 577
1708990 576
1709000 576
1709010 576
1709020 576
1709030 575
1709040 575
1709050 575
1709060 575
1709070 574
1709080 574
1709090 574
1709100 574
1709110 573
1709120 573
1709130 573
1709140 573
1709150 573
1709160 572
1709170 572
1709180 572
1709190 572
1709200 572
1709210 571
1709220 571
1709230 571
1709240 571
1709250 572
1709260 572
1709270 572
1709280 571
1709290 571
1709300 570
1709310 570
1709320 570
1709330 570
1709340 570
1709350 570
1709360 569
1709370 569
1709380 569
1709390 569
1709400 570
1709410 570
1709420 570
1709430 570
1709440 570
1709450 570
1709460 570
1709470 570
1709480 570
1709490 570
1709500 570
1709510 570
1709520 570
1709530 570
1709540 571
1709550 571
1709560 571
1709570 571
1709580 572
1709590 572
1709600 572
1709610 572
1709620 572
1709630 573
1709640 573
1709650 573
1709660 573
1709670 573
1709680 573
1709690 573
1709700 574
1709710 574
1709720 574
1709730 574
1709740 574
1709750 574
1709760 575
1709770 575
1709780 575
1709790 575
1709800 575
1709810 575
1709820 575
1709830 575
1709840 575
1709850 575
1709860 575
1709870 575
1709880 574
1709890 574
1709900 574
1709910 574
1709920 574
1709930 574
1709940 573
1709950 573
1709960 573
1709970 572
1709980 571
1709990 571
1710000 570
1710010 571
1710020 571
1710030 571
1710040 571
1710050 571
1710060 571
1710070 570
1710080 570
1710090 570
1710100 570
1710110 570
1710120 569
1710130 569
1710140 569
1710150 569
1710160 568
1710170 567
1710180 567
1710190 566
1710200 566
1710210 566
1710220 565
1710230 565
1710240 564
1710250 564
1710260 564
1710270 563
1710280 562
1710290 561
1710300 561
1710310 560
1710320 560
1710330 560
1710340 559
1710350 558
1710360 558
1710370 557
1710380 557
1710390 557
1710400 556
1710410 556
1710420 556
1710430 555
1710440 555
1710450 554
1710460 554
1710470 553
1710480 553
1710490 553
1710500 552
1710510 552
1710520 552
1710530 551
1710540 551
1710550 551
1710560 551
1710570 550
1710580 549
1710590 548
1710600 548
1710610 548
1710620 547
1710630 547
1710640 547
1710650 547
1710660 547
1710670 547
1710680 547
1710690 548
1710700 549
1710710 550
1710720 552
1710730 554
1710740 559
1710750 560
1710760 561
1710770 562
1710780 562
1710790 563
1710800 564
1710810 564
1710820 565
1710830 565
1710840 566
1710850 566
1710860 566
1710870 567
1710880 567
1710890 567
1710900 568
1710910 568
1710920 568
1710930 568
1710940 568
1710950 568
1710960 568
1710970 568
1710980 569
1710990 569
1711000 569
1711010 569
1711020 569
1711030 569
1711040 569
1711050 569
1711060 569
1711070 569
1711080 569
1711090 569
1711100 569
1711110 569
1711120 569
1711130 570
1711140 570
1711150 570
1711160 570
1711170 570
1711180 570
1711190 570
1711200 570
1711210 571
1711220 571
1711230 571
1711240 571
1711250 571
1711260 572
1711270 572
1711280 573
1711290 573
1711300 573
1711310 574
1711320 574
1711330 574
1711340 574
1711350 575
1711360 575
1711370 575
1711380 576
1711390 576
1711400 576
1711410 577
1711420 577
1711430 577
1711440 577
1711450 577
1711460 578
1711470 578
1711480 578
1711490 578
1711500 578
1711510 578
1711520 578
1711530 579
1711540 579
1711550 579
1711560 579
1711570 579
1711580 579
1711590 579
1711600 579
1711610 579
1711620 579
1711630 579
1711640 579
1711650 579
1711660 579
1711670 579
1711680 579
1711690 579
1711700 578
1711710 578
1711720 578
1711730 578
1711740 578
1711750 577
1711760 577
1711770 577
1711780 576
1711790 576
1711800 576
1711810 576
1711820 575
1711830 575
1711840 575
1711850 574
1711860 574
1711870 574
1711880 574
1711890 573
1711900 573
1711910 572
1711920 572
1711930 571
1711940 571
1711950 571
1711960 570
1711970 570
1711980 569
1711990 569
1712000 569
1712010 568
1712020 568
1712030 568
1712040 568
1712050 567
1712060 567
1712070 567
1712080 566
1712090 566
1712100 566
1712110 565
1712120 565
1712130 565
1712140 564
1712150 564
1712160 564
1712170 563
1712180 563
1712190 563
1712200 563
1712210 563
1712220 563
1712230 562
1712240 562
1712250 562
1712260 562
1712270 561
1712280 561
1712290 561
1712300 561
1712310 560
1712320 560
1712330 560
1712340 559
1712350 559
1712360 559
1712370 559
1712380 558
1712390 558
1712400 558
1712410 558
1712420 558
1712430 558
1712440 558
1712450 557
1712460 557
1712470 557
1712480 557
1712490 557
1712500 557
1712510 557
1712520 557
1712530 557
1712540 557
1712550 557
1712560 557
1712570 556
1712580 556
1712590 556
1712600 556
1712610 556
1712620 555
1712630 554
1712640 554
1712650 553
1712660 554
1712670 554
1712680 554
1712690 554
1712700 554
1712710 554
1712720 554
1712730 555
1712740 555
1712750 556
1712760 556
1712770 557
1712780 557
1712790 558
1712800 559
1712810 559
1712820 560
1712830 560
1712840 561
1712850 561
1712860 562
1712870 562
1712880 563
1712890 563
1712900 564
1712910 564
1712920 564
1712930 565
1712940 565
1712950 566
1712960 566
1712970 566
1712980 567
1712990 567
1713000 567
1713010 567
1713020 568
1713030 568
1713040 568
1713050 568
1713060 568
1713070 569
1713080 569
1713090 569
1713100 569
1713110 569
1713120 570
1713130 570
1713140 570
1713150 570
1713160 570
1713170 571
1713180 571
1713190 571
1713200 571
1713210 571
1713220 572
1713230 572
1713240 572
1713250 572
1713260 572
1713270 573
1713280 573
1713290 573
1713300 574
1713310 574
1713320 574
1713330 575
1713340 575
1713350 575
1713360 575
1713370 576
1713380 576
1713390 576
1713400 577
1713410 577
1713420 577
1713430 578
1713440 578
1713450 578
1713460 578
1713470 579
1713480 579
1713490 579
1713500 579
1713510 580
1713520 580
1713530 580
1713540 580
1713550 580
1713560 581
1713570 581
1713580 581
1713590 582
1713600 582
1713610 583
1713620 583
1713630 584
1713640 584
1713650 584
1713660 585
1713670 585
1713680 585
1713690 585
1713700 585
1713710 585
1713720 586
1713730 586
1713740 586
1713750 586
1713760 586
1713770 586
1713780 586
1713790 587
1713800 587
1713810 587
1713820 587
1713830 587
1713840 587
1713850 587
1713860 588
1713870 588
1713880 588
1713890 588
1713900 588
1713910 588
1713920 588
1713930 588
1713940 588
1713950 588
1713960 588
1713970 588
1713980 589
1713990 589
1714000 589
1714010 589
1714020 589
1714030 589
1714040 589
1714050 589
1714060 589
1714070 589
1714080 589
1714090 589
1714100 589
1714110 589
1714120 589
1714130 589
1714140 589
1714150 589
1714160 590
1714170 590
1714180 590
1714190 590
1714200 590
1714210 590
1714220 590
1714230 590
1714240 590
1714250 590
1714260 590
1714270 590
1714280 589
1714290 589
1714300 589
1714310 589
1714320 589
1714330 589
1714340 589
1714350 589
1714360 589
1714370 589
1714380 589
1714390 589
1714400 589
1714410 589
1714420 589
1714430 589
1714440 589
1714450 589
1714460 589
1714470 589
1714480 589
1714490 589
1714500 588
1714510 588
1714520 588
1714530 588
1714540 588
1714550 588
1714560 588
1714570 588
1714580 588
1714590 588
1714600 588
1714610 588
1714620 588
1714630 588
1714640 588
1714650 587
1714660 587
1714670 587
1714680 587
1714690 587
1714700 587
1714710 587
1714720 587
1714730 587
1714740 587
1714750 587
1714760 586
1714770 586
1714780 586
1714790 586
1714800 586
1714810 586
1714820 586
1714830 586
1714840 586
1714850 586
1714860 586
1714870 586
1714880 586
1714890 586
1714900 586
1714910 585
1714920 585
1714930 585
1714940 585
1714950 585
1714960 585
1714970 585
1714980 585
1714990 585
1715000 585
1715010 585
1715020 585
1715030 585
1715040 585
1715050 585
1715060 585
1715070 585
1715080 585
1715090 586
1715100 586
1715110 586
1715120 586
1715130 586
1715140 586
1715150 586
1715160 586
1715170 587
1715180 587
1715190 587
1715200 587
1715210 587
1715220 588
1715230 588
1715240 588
1715250 588
1715260 588
1715270 589
1715280 589
1715290 589
1715300 589
1715310 590
1715320 590
1715330 590
1715340 590
1715350 590
1715360 590
1715370 590
1715380 590
1715390 591
1715400 591
1715410 591
1715420 591
1715430 591
1715440 591
1715450 591
1715460 591
1715470 592
1715480 592
1715490 592
1715500 592
1715510 592
1715520 592
1715530 592
1715540 593
1715550 593
1715560 593
1715570 593
1715580 593
1715590 593
1715600 593
1715610 593
1715620 593
1715630 594
1715640 594
1715650 594
1715660 594
1715670 594
1715680 594
1715690 594
1715700 594
1715710 594
1715720 594
1715730 594
1715740 595
1715750 595
1715760 595
1715770 595
1715780 595
1715790 595
1715800 595
1715810 595
1715820 595
1715830 595
1715840 596
1715850 596
1715860 596
1715870 596
1715880 596
1715890 596
1715900 596
1715910 596
1715920 596
1715930 596
1715940 596
1715950 596
1715960 596
1715970 596
1715980 597
1715990 597
1716000 597
1716010 597
1716020 597
1716030 597
1716040 597
1716050 597
1716060 597
1716070 597
1716080 598
1716090 598
1716100 598
1716110 598
1716120 598
1716130 598
1716140 598
1716150 598
1716160 598
1716170 598
1716180 598
1716190 598
1716200 598
1716210 598
1716220 598
1716230 598
1716240 598
1716250 598
1716260 598
1716270 599
1716280 599
1716290 599
1716300 599
1716310 599
1716320 599
1716330 599
1716340 599
1716350 599
1716360 599
1716370 599
1716380 599
1716390 599
1716400 599
1716410 599
1716420 599
1716430 599
1716440 599
1716450 599
1716460 600
1716470 600
1716480 600
1716490 600
1716500 600
1716510 600
1716520 600
1716530 600
1716540 600
1716550 600
1716560 600
1716570 600
1716580 600
1716590 600
1716600 600
1716610 600
1716620 600
1716630 600
1716640 600
1716650 600
1716660 600
1716670 600
1716680 600
1716690 600
1716700 600
1716710 599
1716720 599
1716730 599
1716740 599
1716750 599
1716760 599
1716770 599
1716780 599
1716790 599
1716800 599
1716810 599
1716820 599
1716830 599
1716840 599
1716850 599
1716860 599
1716870 599
1716880 599
1716890 599
1716900 599
1716910 599
1716920 598
1716930 598
1716940 598
1716950 598
1716960 598
1716970 598
1716980 598
1716990 598
1717000 598
1717010 598
1717020 598
1717030 598
1717040 598
1717050 597
1717060 597
1717070 597
1717080 597
1717090 597
1717100 597
1717110 597
1717120 597
1717130 597
1717140 597
1717150 597
1717160 596
1717170 596
1717180 596
1717190 596
1717200 596
1717210 596
1717220 596
1717230 596
1717240 596
1717250 595
1717260 595
1717270 595
1717280 595
1717290 595
1717300 595
1717310 595
1717320 595
1717330 595
1717340 595
1717350 595
1717360 594
1717370 594
1717380 594
1717390 594
1717400 594
1717410 594
1717420 593
1717430 593
1717440 593
1717450 593
1717460 592
1717470 592
1717480 591
1717490 591
1717500 591
1717510 590
1717520 590
1717530 590
1717540 590
1717550 590
1717560 590
1717570 591
1717580 591
1717590 592
1717600 592
1717610 593
1717620 593
1717630 593
1717640 593
1717650 593
1717660 593
1717670 593
1717680 594
1717690 594
1717700 594
1717710 594
1717720 594
1717730 594
1717740 594
1717750 595
1717760 595
1717770 595
1717780 595
1717790 595
1717800 595
1717810 595
1717820 596
1717830 596
1717840 596
1717850 596
1717860 596
1717870 596
1717880 596
1717890 596
1717900 596
1717910 596
1717920 596
1717930 596
1717940 596
1717950 596
1717960 596
1717970 596
1717980 596
1717990 596
1718000 596
1718010 596
1718020 596
1718030 596
1718040 596
1718050 596
1718060 596
1718070 596
1718080 596
1718090 596
1718100 596
1718110 596
1718120 596
1718130 596
1718140 596
1718150 596
1718160 596
1718170 596
1718180 596
1718190 596
1718200 596
1718210 596
1718220 596
1718230 596
1718240 595
1718250 595
1718260 595
1718270 595
1718280 595
1718290 595
1718300 595
1718310 595
1718320 594
1718330 594
1718340 594
1718350 594
1718360 594
1718370 594
1718380 593
1718390 593
1718400 593
1718410 593
1718420 593
1718430 593
1718440 592
1718450 592
1718460 592
1718470 592
1718480 591
1718490 591
1718500 591
1718510 591
1718520 591
1718530 590
1718540 590
1718550 590
1718560 590
1718570 590
1718580 589
1718590 589
1718600 589
1718610 589
1718620 589
1718630 588
1718640 588
1718650 588
1718660 587
1718670 587
1718680 587
1718690 587
1718700 587
1718710 586
1718720 586
1718730 586
1718740 586
1718750 586
1718760 586
1718770 586
1718780 585
1718790 585
1718800 585
1718810 585
1718820 585
1718830 585
1718840 585
1718850 584
1718860 584
1718870 584
1718880 584
1718890 584
1718900 584
1718910 583
1718920 583
1718930 583
1718940 583
1718950 583
1718960 583
1718970 582
1718980 582
1718990 582
1719000 582
1719010 582
1719020 582
1719030 581
1719040 581
1719050 581
1719060 581
1719070 581
1719080 580
1719090 580
1719100 580
1719110 580
1719120 579
1719130 579
1719140 579
1719150 579
1719160 578
1719170 578
1719180 578
1719190 578
1719200 578
1719210 578
1719220 577
1719230 577
1719240 577
1719250 577
1719260 577
1719270 577
1719280 576
1719290 576
1719300 576
1719310 576
1719320 576
1719330 576
1719340 576
1719350 576
1719360 575
1719370 575
1719380 575
1719390 575
1719400 575
1719410 575
1719420 574
1719430 574
1719440 574
1719450 574
1719460 574
1719470 573
1719480 573
1719490 573
1719500 573
1719510 573
1719520 573
1719530 572
1719540 572
1719550 572
1719560 572
1719570 572
1719580 572
1719590 571
1719600 571
1719610 571
1719620 571
1719630 571
1719640 570
1719650 570
1719660 570
1719670 570
1719680 570
1719690 570
1719700 570
1719710 569
1719720 569
1719730 569
1719740 569
1719750 569
1719760 568
1719770 568
1719780 568
1719790 568
1719800 567
1719810 567
1719820 567
1719830 567
1719840 567
1719850 566
1719860 566
1719870 566
1719880 566
1719890 566
1719900 566
1719910 566
1719920 566
1719930 567
1719940 567
1719950 568
1719960 568
1719970 568
1719980 568
1719990 568
