1700000 591
1700010 591
1700020 591
1700030 591
1700040 591
1700050 592
1700060 592
1700070 592
1700080 592
1700090 593
1700100 593
1700110 593
1700120 593
1700130 593
1700140 593
1700150 593
1700160 593
1700170 594
1700180 594
1700190 594
1700200 594
1700210 594
1700220 595
1700230 595
1700240 595
1700250 595
1700260 595
1700270 595
1700280 596
1700290 596
1700300 596
1700310 596
1700320 596
1700330 596
1700340 596
1700350 596
1700360 596
1700370 596
1700380 597
1700390 597
1700400 597
1700410 597
1700420 597
1700430 597
1700440 597
1700450 597
1700460 597
1700470 597
1700480 597
1700490 598
1700500 598
1700510 598
1700520 598
1700530 598
1700540 598
1700550 598
1700560 598
1700570 598
1700580 598
1700590 598
1700600 598
1700610 598
1700620 598
1700630 598
1700640 598
1700650 598
1700660 597
1700670 597
1700680 597
1700690 597
1700700 597
1700710 597
1700720 597
1700730 597
1700740 596
1700750 596
1700760 596
1700770 596
1700780 596
1700790 596
1700800 595
1700810 595
1700820 595
1700830 595
1700840 595
1700850 594
1700860 594
1700870 594
1700880 593
1700890 593
1700900 593
1700910 593
1700920 593
1700930 592
1700940 592
1700950 592
1700960 592
1700970 591
1700980 591
1700990 591
1701000 591
1701010 590
1701020 590
1701030 590
1701040 590
1701050 589
1701060 589
1701070 589
1701080 589
1701090 589
1701100 588
1701110 588
1701120 588
1701130 588
1701140 588
1701150 588
1701160 588
1701170 588
1701180 588
1701190 588
1701200 588
1701210 588
1701220 589
1701230 589
1701240 589
1701250 589
1701260 589
1701270 589
1701280 589
1701290 590
1701300 590
1701310 590
1701320 590
1701330 590
1701340 590
1701350 590
1701360 590
1701370 590
1701380 590
1701390 590
1701400 590
1701410 590
1701420 590
1701430 590
1701440 589
1701450 589
1701460 589
1701470 589
1701480 589
1701490 589
1701500 589
1701510 589
1701520 588
1701530 588
1701540 588
1701550 588
1701560 588
1701570 588
1701580 588
1701590 588
1701600 588
1701610 587
1701620 587
1701630 587
1701640 587
1701650 587
1701660 586
1701670 586
1701680 586
1701690 586
1701700 586
1701710 585
1701720 585
1701730 585
1701740 585
1701750 585
1701760 585
1701770 585
1701780 585
1701790 585
1701800 585
1701810 584
1701820 584
1701830 584
1701840 584
1701850 584
1701860 584
1701870 584
1701880 584
1701890 584
1701900 583
1701910 583
1701920 583
1701930 583
1701940 583
1701950 583
1701960 583
1701970 582
1701980 582
1701990 582
1702000 582
1702010 582
1702020 582
1702030 582
1702040 582
1702050 582
1702060 582
1702070 582
1702080 582
1702090 582
1702100 582
1702110 582
1702120 582
1702130 582
1702140 582
1702150 582
1702160 582
1702170 582
1702180 582
1702190 582
1702200 582
1702210 582
1702220 582
1702230 582
1702240 582
1702250 582
1702260 582
1702270 582
1702280 582
1702290 582
1702300 582
1702310 582
1702320 582
1702330 582
1702340 582
1702350 582
1702360 582
1702370 582
1702380 581
1702390 581
1702400 581
1702410 581
1702420 581
1702430 581
1702440 581
1702450 581
1702460 581
1702470 580
1702480 580
1702490 580
1702500 580
1702510 580
1702520 580
1702530 580
1702540 580
1702550 580
1702560 580
1702570 580
1702580 580
1702590 579
1702600 579
1702610 579
1702620 579
1702630 579
1702640 579
1702650 578
1702660 578
1702670 578
1702680 578
1702690 578
1702700 577
1702710 577
1702720 577
1702730 577
1702740 577
1702750 576
1702760 576
1702770 576
1702780 576
1702790 576
1702800 575
1702810 575
1702820 575
1702830 575
1702840 575
1702850 574
1702860 574
1702870 574
1702880 574
1702890 574
1702900 573
1702910 573
1702920 573
1702930 573
1702940 573
1702950 573
1702960 573
1702970 573
1702980 573
1702990 572
1703000 572
1703010 572
1703020 572
1703030 572
1703040 572
1703050 572
1703060 572
1703070 572
1703080 572
1703090 572
1703100 572
1703110 571
1703120 571
1703130 572
1703140 572
1703150 572
1703160 572
1703170 572
1703180 572
1703190 572
1703200 572
1703210 572
1703220 572
1703230 572
1703240 572
1703250 572
1703260 572
1703270 572
1703280 572
1703290 572
1703300 573
1703310 573
1703320 573
1703330 574
1703340 574
1703350 574
1703360 574
1703370 574
1703380 575
1703390 575
1703400 575
1703410 575
1703420 576
1703430 576
1703440 576
1703450 576
1703460 576
1703470 576
1703480 576
1703490 576
1703500 576
1703510 576
1703520 576
1703530 576
1703540 576
1703550 576
1703560 576
1703570 576
1703580 576
1703590 576
1703600 575
1703610 575
1703620 575
1703630 575
1703640 575
1703650 575
1703660 574
1703670 574
1703680 574
1703690 574
1703700 573
1703710 573
1703720 573
1703730 573
1703740 573
1703750 572
1703760 572
1703770 572
1703780 572
1703790 571
1703800 571
1703810 571
1703820 571
1703830 570
1703840 570
1703850 570
1703860 569
1703870 569
1703880 569
1703890 568
1703900 568
1703910 568
1703920 568
1703930 567
1703940 567
1703950 567
1703960 567
1703970 566
1703980 566
1703990 565
1704000 565
1704010 565
1704020 564
1704030 564
1704040 564
1704050 563
1704060 563
1704070 562
1704080 562
1704090 562
1704100 561
1704110 561
1704120 560
1704130 560
1704140 559
1704150 559
1704160 559
1704170 558
1704180 558
1704190 558
1704200 557
1704210 557
1704220 556
1704230 556
1704240 556
1704250 556
1704260 555
1704270 555
1704280 555
1704290 554
1704300 554
1704310 554
1704320 553
1704330 553
1704340 553
1704350 553
1704360 553
1704370 553
1704380 553
1704390 553
1704400 553
1704410 553
1704420 552
1704430 552
1704440 552
1704450 552
1704460 551
1704470 551
1704480 551
1704490 550
1704500 551
1704510 551
1704520 551
1704530 552
1704540 551
1704550 551
1704560 551
1704570 551
1704580 551
1704590 551
1704600 551
1704610 551
1704620 551
1704630 551
1704640 551
1704650 551
1704660 552
1704670 552
1704680 552
1704690 552
1704700 552
1704710 552
1704720 553
1704730 553
1704740 553
1704750 554
1704760 554
1704770 553
1704780 553
1704790 553
1704800 553
1704810 553
1704820 553
1704830 552
1704840 552
1704850 552
1704860 552
1704870 552
1704880 552
1704890 552
1704900 552
1704910 552
1704920 553
1704930 553
1704940 553
1704950 553
1704960 553
1704970 553
1704980 553
1704990 553
1705000 553
1705010 553
1705020 553
1705030 553
1705040 553
1705050 553
1705060 553
1705070 553
1705080 553
1705090 552
1705100 552
1705110 552
1705120 552
1705130 552
1705140 552
1705150 552
1705160 552
1705170 552
1705180 552
1705190 552
1705200 552
1705210 552
1705220 552
1705230 552
1705240 553
1705250 553
1705260 553
1705270 553
1705280 553
1705290 553
1705300 553
1705310 553
1705320 553
1705330 553
1705340 553
1705350 553
1705360 553
1705370 553
1705380 553
1705390 553
1705400 553
1705410 553
1705420 553
1705430 553
1705440 553
1705450 553
1705460 553
1705470 553
1705480 553
1705490 553
1705500 553
1705510 553
1705520 552
1705530 552
1705540 552
1705550 552
1705560 552
1705570 552
1705580 552
1705590 552
1705600 551
1705610 551
1705620 551
1705630 550
1705640 550
1705650 550
1705660 549
1705670 549
1705680 548
1705690 548
1705700 547
1705710 547
1705720 546
1705730 546
1705740 545
1705750 545
1705760 545
1705770 544
1705780 543
1705790 542
1705800 542
1705810 541
1705820 541
1705830 540
1705840 540
1705850 540
1705860 539
1705870 539
1705880 539
1705890 538
1705900 538
1705910 538
1705920 537
1705930 537
1705940 537
1705950 536
1705960 536
1705970 536
1705980 536
1705990 535
1706000 535
1706010 535
1706020 535
1706030 534
1706040 534
1706050 534
1706060 534
1706070 534
1706080 533
1706090 533
1706100 533
1706110 533
1706120 533
1706130 533
1706140 532
1706150 532
1706160 532
1706170 532
1706180 532
1706190 532
1706200 531
1706210 531
1706220 531
1706230 531
1706240 531
1706250 531
1706260 530
1706270 530
1706280 530
1706290 530
1706300 530
1706310 529
1706320 529
1706330 529
1706340 529
1706350 528
1706360 528
1706370 528
1706380 528
1706390 528
1706400 527
1706410 527
1706420 527
1706430 527
1706440 526
1706450 526
1706460 526
1706470 525
1706480 525
1706490 525
1706500 524
1706510 524
1706520 524
1706530 524
1706540 523
1706550 523
1706560 523
1706570 522
1706580 522
1706590 522
1706600 522
1706610 521
1706620 521
1706630 520
1706640 520
1706650 520
1706660 520
1706670 520
1706680 520
1706690 519
1706700 518
1706710 518
1706720 517
1706730 517
1706740 517
1706750 517
1706760 517
1706770 517
1706780 516
1706790 516
1706800 516
1706810 516
1706820 516
1706830 516
1706840 516
1706850 516
1706860 516
1706870 515
1706880 515
1706890 515
1706900 515
1706910 515
1706920 515
1706930 515
1706940 515
1706950 515
1706960 515
1706970 515
1706980 515
1706990 515
1707000 514
1707010 514
1707020 514
1707030 514
1707040 514
1707050 514
1707060 515
1707070 515
1707080 516
1707090 518
1707100 520
1707110 522
1707120 524
1707130 525
1707140 526
1707150 526
1707160 527
1707170 527
1707180 528
1707190 528
1707200 529
1707210 530
1707220 530
1707230 531
1707240 532
1707250 532
1707260 533
1707270 534
1707280 534
1707290 535
1707300 535
1707310 536
1707320 536
1707330 536
1707340 537
1707350 537
1707360 538
1707370 538
1707380 538
1707390 539
1707400 539
1707410 539
1707420 540
1707430 540
1707440 540
1707450 541
1707460 541
1707470 541
1707480 541
1707490 541
1707500 542
1707510 542
1707520 542
1707530 543
1707540 543
1707550 543
1707560 543
1707570 543
1707580 543
1707590 544
1707600 544
1707610 544
1707620 544
1707630 544
1707640 544
1707650 544
1707660 545
1707670 545
1707680 545
1707690 545
1707700 545
1707710 545
1707720 545
1707730 545
1707740 546
1707750 546
1707760 546
1707770 546
1707780 546
1707790 546
1707800 547
1707810 547
1707820 547
1707830 548
1707840 549
1707850 549
1707860 550
1707870 550
1707880 551
1707890 551
1707900 552
1707910 552
1707920 553
1707930 553
1707940 553
1707950 554
1707960 554
1707970 555
1707980 555
1707990 556
1708000 557
1708010 557
1708020 558
1708030 558
1708040 558
1708050 559
1708060 559
1708070 559
1708080 560
1708090 560
1708100 560
1708110 561
1708120 561
1708130 561
1708140 561
1708150 561
1708160 561
1708170 561
1708180 562
1708190 562
1708200 562
1708210 562
1708220 562
1708230 562
1708240 562
1708250 562
1708260 562
1708270 562
1708280 562
1708290 562
1708300 561
1708310 561
1708320 561
1708330 560
1708340 560
1708350 560
1708360 559
1708370 559
1708380 560
1708390 560
1708400 560
1708410 560
1708420 560
1708430 560
1708440 560
1708450 561
1708460 561
1708470 561
1708480 561
1708490 562
1708500 562
1708510 563
1708520 564
1708530 564
1708540 565
1708550 565
1708560 566
1708570 566
1708580 567
1708590 567
1708600 567
1708610 568
1708620 568
1708630 569
1708640 569
1708650 570
1708660 570
1708670 570
1708680 571
1708690 571
1708700 571
1708710 571
1708720 572
1708730 572
1708740 572
1708750 572
1708760 572
1708770 572
1708780 572
1708790 572
1708800 572
1708810 572
1708820 572
1708830 572
1708840 572
1708850 572
1708860 572
1708870 572
1708880 573
1708890 572
1708900 572
1708910 572
1708920 572
1708930 572
1708940 572
1708950 572
1708960 572
1708970 572
1708980 572
1708990 571
1709000 571
1709010 571
1709020 570
1709030 570
1709040 570
1709050 569
1709060 569
1709070 569
1709080 569
1709090 568
1709100 568
1709110 568
1709120 568
1709130 568
1709140 568
1709150 567
1709160 567
1709170 567
1709180 567
1709190 567
1709200 567
1709210 567
1709220 568
1709230 568
1709240 568
1709250 569
1709260 569
1709270 569
1709280 569
1709290 569
1709300 570
1709310 570
1709320 570
1709330 570
1709340 570
1709350 570
1709360 570
1709370 570
1709380 570
1709390 570
1709400 570
1709410 570
1709420 570
1709430 570
1709440 570
1709450 570
1709460 570
1709470 570
1709480 570
1709490 570
1709500 570
1709510 570
1709520 570
1709530 570
1709540 570
1709550 570
1709560 570
1709570 569
1709580 569
1709590 569
1709600 569
1709610 569
1709620 569
1709630 569
1709640 569
1709650 569
1709660 568
1709670 568
1709680 568
1709690 568
1709700 567
1709710 567
1709720 567
1709730 567
1709740 566
1709750 566
1709760 566
1709770 566
1709780 565
1709790 565
1709800 565
1709810 565
1709820 564
1709830 564
1709840 564
1709850 564
1709860 564
1709870 563
1709880 563
1709890 563
1709900 563
1709910 562
1709920 562
1709930 562
1709940 562
1709950 562
1709960 561
1709970 561
1709980 561
1709990 561
1710000 560
1710010 560
1710020 560
1710030 560
1710040 559
1710050 559
1710060 559
1710070 559
1710080 558
1710090 558
1710100 558
1710110 557
1710120 557
1710130 556
1710140 556
1710150 556
1710160 555
1710170 555
1710180 555
1710190 554
1710200 554
1710210 554
1710220 554
1710230 554
1710240 554
1710250 554
1710260 555
1710270 555
1710280 555
1710290 555
1710300 555
1710310 556
1710320 556
1710330 556
1710340 556
1710350 556
1710360 557
1710370 557
1710380 557
1710390 557
1710400 557
1710410 557
1710420 557
1710430 558
1710440 558
1710450 558
1710460 558
1710470 558
1710480 558
1710490 558
1710500 558
1710510 558
1710520 558
1710530 558
1710540 558
1710550 558
1710560 558
1710570 558
1710580 558
1710590 558
1710600 558
1710610 558
1710620 558
1710630 558
1710640 558
1710650 558
1710660 558
1710670 558
1710680 558
1710690 558
1710700 558
1710710 557
1710720 557
1710730 557
1710740 557
1710750 557
1710760 557
1710770 557
1710780 557
1710790 557
1710800 557
1710810 557
1710820 556
1710830 556
1710840 556
1710850 556
1710860 556
1710870 555
1710880 555
1710890 555
1710900 555
1710910 554
1710920 552
1710930 551
1710940 551
1710950 552
1710960 551
1710970 550
1710980 548
1710990 546
1711000 545
1711010 543
1711020 542
1711030 541
1711040 540
1711050 540
1711060 540
1711070 540
1711080 540
1711090 540
1711100 540
1711110 540
1711120 540
1711130 540
1711140 540
1711150 541
1711160 541
1711170 543
1711180 545
1711190 548
1711200 551
1711210 553
1711220 555
1711230 555
1711240 556
1711250 556
1711260 557
1711270 557
1711280 557
1711290 558
1711300 558
1711310 558
1711320 559
1711330 559
1711340 560
1711350 560
1711360 560
1711370 561
1711380 561
1711390 561
1711400 561
1711410 562
1711420 562
1711430 562
1711440 562
1711450 563
1711460 563
1711470 563
1711480 563
1711490 564
1711500 564
1711510 564
1711520 564
1711530 565
1711540 565
1711550 565
1711560 565
1711570 565
1711580 566
1711590 566
1711600 566
1711610 566
1711620 566
1711630 567
1711640 567
1711650 567
1711660 567
1711670 568
1711680 568
1711690 568
1711700 568
1711710 568
1711720 569
1711730 569
1711740 569
1711750 569
1711760 569
1711770 570
1711780 570
1711790 571
1711800 571
1711810 571
1711820 571
1711830 571
1711840 571
1711850 571
1711860 572
1711870 572
1711880 572
1711890 572
1711900 572
1711910 572
1711920 573
1711930 573
1711940 573
1711950 573
1711960 573
1711970 574
1711980 574
1711990 574
1712000 574
1712010 574
1712020 574
1712030 575
1712040 575
1712050 575
1712060 575
1712070 575
1712080 575
1712090 576
1712100 576
1712110 576
1712120 576
1712130 576
1712140 576
1712150 576
1712160 576
1712170 576
1712180 576
1712190 576
1712200 577
1712210 577
1712220 577
1712230 577
1712240 577
1712250 577
1712260 577
1712270 577
1712280 577
1712290 578
1712300 578
1712310 578
1712320 578
1712330 579
1712340 579
1712350 579
1712360 579
1712370 580
1712380 580
1712390 580
1712400 580
1712410 580
1712420 581
1712430 581
1712440 581
1712450 581
1712460 581
1712470 582
1712480 582
1712490 582
1712500 582
1712510 582
1712520 582
1712530 583
1712540 583
1712550 583
1712560 583
1712570 583
1712580 583
1712590 583
1712600 583
1712610 583
1712620 583
1712630 583
1712640 583
1712650 583
1712660 583
1712670 583
1712680 583
1712690 583
1712700 583
1712710 583
1712720 583
1712730 583
1712740 583
1712750 583
1712760 583
1712770 583
1712780 583
1712790 583
1712800 583
1712810 583
1712820 582
1712830 582
1712840 582
1712850 582
1712860 582
1712870 581
1712880 581
1712890 581
1712900 581
1712910 581
1712920 581
1712930 581
1712940 581
1712950 581
1712960 581
1712970 581
1712980 581
1712990 581
1713000 581
1713010 581
1713020 581
1713030 581
1713040 581
1713050 580
1713060 580
1713070 580
1713080 580
1713090 580
1713100 580
1713110 580
1713120 579
1713130 579
1713140 579
1713150 579
1713160 579
1713170 579
1713180 579
1713190 579
1713200 578
1713210 578
1713220 578
1713230 578
1713240 578
1713250 578
1713260 578
1713270 578
1713280 577
1713290 577
1713300 577
1713310 577
1713320 577
1713330 577
1713340 577
1713350 577
1713360 577
1713370 576
1713380 576
1713390 576
1713400 576
1713410 576
1713420 575
1713430 575
1713440 575
1713450 575
1713460 574
1713470 574
1713480 574
1713490 573
1713500 573
1713510 573
1713520 572
1713530 572
1713540 572
1713550 572
1713560 571
1713570 571
1713580 570
1713590 570
1713600 570
1713610 569
1713620 569
1713630 568
1713640 568
1713650 568
1713660 568
1713670 567
1713680 567
1713690 567
1713700 567
1713710 567
1713720 567
1713730 566
1713740 566
1713750 566
1713760 565
1713770 565
1713780 565
1713790 565
1713800 565
1713810 565
1713820 567
1713830 568
1713840 570
1713850 570
1713860 570
1713870 571
1713880 571
1713890 571
1713900 572
1713910 572
1713920 572
1713930 573
1713940 573
1713950 573
1713960 573
1713970 573
1713980 573
1713990 574
1714000 574
1714010 574
1714020 574
1714030 574
1714040 574
1714050 574
1714060 575
1714070 575
1714080 575
1714090 575
1714100 575
1714110 575
1714120 575
1714130 576
1714140 576
1714150 576
1714160 576
1714170 576
1714180 576
1714190 576
1714200 576
1714210 576
1714220 576
1714230 577
1714240 577
1714250 577
1714260 577
1714270 577
1714280 577
1714290 577
1714300 578
1714310 578
1714320 578
1714330 578
1714340 578
1714350 578
1714360 579
1714370 579
1714380 579
1714390 579
1714400 579
1714410 579
1714420 579
1714430 579
1714440 579
1714450 579
1714460 579
1714470 580
1714480 580
1714490 580
1714500 580
1714510 580
1714520 580
1714530 581
1714540 581
1714550 581
1714560 581
1714570 581
1714580 582
1714590 582
1714600 582
1714610 582
1714620 582
1714630 583
1714640 583
1714650 583
1714660 584
1714670 584
1714680 585
1714690 585
1714700 585
1714710 586
1714720 586
1714730 586
1714740 587
1714750 587
1714760 587
1714770 587
1714780 588
1714790 588
1714800 588
1714810 589
1714820 589
1714830 589
1714840 590
1714850 590
1714860 591
1714870 591
1714880 591
1714890 591
1714900 591
1714910 592
1714920 592
1714930 592
1714940 592
1714950 593
1714960 593
1714970 593
1714980 593
1714990 594
1715000 594
1715010 594
1715020 594
1715030 594
1715040 594
1715050 594
1715060 595
1715070 595
1715080 595
1715090 595
1715100 595
1715110 595
1715120 595
1715130 596
1715140 596
1715150 596
1715160 596
1715170 596
1715180 596
1715190 596
1715200 596
1715210 596
1715220 596
1715230 596
1715240 597
1715250 597
1715260 597
1715270 597
1715280 597
1715290 597
1715300 597
1715310 597
1715320 597
1715330 597
1715340 597
1715350 597
1715360 597
1715370 597
1715380 597
1715390 597
1715400 597
1715410 597
1715420 597
1715430 597
1715440 597
1715450 597
1715460 597
1715470 597
1715480 597
1715490 597
1715500 597
1715510 597
1715520 597
1715530 597
1715540 597
1715550 597
1715560 597
1715570 597
1715580 596
1715590 596
1715600 596
1715610 596
1715620 596
1715630 596
1715640 596
1715650 596
1715660 596
1715670 596
1715680 596
1715690 596
1715700 596
1715710 596
1715720 596
1715730 596
1715740 596
1715750 596
1715760 596
1715770 596
1715780 596
1715790 596
1715800 596
1715810 596
1715820 596
1715830 596
1715840 596
1715850 596
1715860 596
1715870 596
1715880 596
1715890 596
1715900 596
1715910 596
1715920 596
1715930 596
1715940 596
1715950 596
1715960 596
1715970 597
1715980 597
1715990 597
1716000 597
1716010 598
1716020 598
1716030 598
1716040 598
1716050 598
1716060 598
1716070 598
1716080 598
1716090 598
1716100 598
1716110 598
1716120 598
1716130 599
1716140 599
1716150 599
1716160 599
1716170 599
1716180 599
1716190 599
1716200 599
1716210 599
1716220 599
1716230 599
1716240 599
1716250 599
1716260 599
1716270 599
1716280 599
1716290 599
1716300 599
1716310 599
1716320 599
1716330 599
1716340 599
1716350 599
1716360 600
1716370 600
1716380 600
1716390 600
1716400 600
1716410 600
1716420 600
1716430 600
1716440 600
1716450 600
1716460 600
1716470 599
1716480 599
1716490 599
1716500 599
1716510 599
1716520 599
1716530 599
1716540 599
1716550 599
1716560 599
1716570 599
1716580 599
1716590 599
1716600 599
1716610 599
1716620 599
1716630 599
1716640 598
1716650 598
1716660 598
1716670 598
1716680 598
1716690 598
1716700 598
1716710 598
1716720 598
1716730 597
1716740 597
1716750 597
1716760 597
1716770 597
1716780 596
1716790 596
1716800 596
1716810 596
1716820 596
1716830 595
1716840 595
1716850 595
1716860 595
1716870 594
1716880 594
1716890 594
1716900 594
1716910 593
1716920 593
1716930 593
1716940 592
1716950 592
1716960 592
1716970 592
1716980 592
1716990 592
1717000 592
1717010 591
1717020 591
1717030 591
1717040 591
1717050 591
1717060 591
1717070 591
1717080 591
1717090 592
1717100 592
1717110 593
1717120 592
1717130 591
1717140 590
1717150 589
1717160 589
1717170 588
1717180 588
1717190 588
1717200 588
1717210 588
1717220 588
1717230 588
1717240 588
1717250 588
1717260 588
1717270 588
1717280 588
1717290 588
1717300 588
1717310 588
1717320 588
1717330 588
1717340 588
1717350 587
1717360 587
1717370 587
1717380 587
1717390 587
1717400 587
1717410 587
1717420 586
1717430 586
1717440 586
1717450 586
1717460 586
1717470 586
1717480 586
1717490 586
1717500 586
1717510 586
1717520 585
1717530 585
1717540 585
1717550 585
1717560 585
1717570 585
1717580 585
1717590 584
1717600 584
1717610 584
1717620 584
1717630 584
1717640 583
1717650 583
1717660 583
1717670 583
1717680 582
1717690 582
1717700 582
1717710 581
1717720 581
1717730 581
1717740 581
1717750 581
1717760 581
1717770 581
1717780 580
1717790 580
1717800 580
1717810 580
1717820 580
1717830 580
1717840 580
1717850 579
1717860 579
1717870 579
1717880 579
1717890 579
1717900 579
1717910 579
1717920 579
1717930 579
1717940 579
1717950 579
1717960 579
1717970 578
1717980 579
1717990 578
1718000 578
1718010 578
1718020 578
1718030 578
1718040 578
1718050 578
1718060 578
1718070 578
1718080 578
1718090 578
1718100 577
1718110 577
1718120 577
1718130 577
1718140 577
1718150 577
1718160 576
1718170 576
1718180 576
1718190 576
1718200 576
1718210 576
1718220 576
1718230 575
1718240 575
1718250 575
1718260 575
1718270 575
1718280 575
1718290 575
1718300 575
1718310 575
1718320 575
1718330 575
1718340 575
1718350 575
1718360 575
1718370 575
1718380 575
1718390 575
1718400 575
1718410 575
1718420 575
1718430 575
1718440 576
1718450 576
1718460 576
1718470 576
1718480 576
1718490 576
1718500 577
1718510 577
1718520 577
1718530 577
1718540 577
1718550 577
1718560 577
1718570 578
1718580 578
1718590 578
1718600 578
1718610 578
1718620 579
1718630 579
1718640 579
1718650 579
1718660 579
1718670 579
1718680 580
1718690 580
1718700 580
1718710 581
1718720 581
1718730 581
1718740 581
1718750 581
1718760 582
1718770 582
1718780 582
1718790 583
1718800 583
1718810 583
1718820 583
1718830 584
1718840 584
1718850 584
1718860 584
1718870 585
1718880 585
1718890 585
1718900 586
1718910 586
1718920 586
1718930 586
1718940 587
1718950 587
1718960 587
1718970 587
1718980 587
1718990 588
1719000 588
1719010 588
1719020 588
1719030 588
1719040 588
1719050 588
1719060 588
1719070 588
1719080 589
1719090 589
1719100 589
1719110 589
1719120 589
1719130 589
1719140 589
1719150 589
1719160 589
1719170 589
1719180 589
1719190 589
1719200 589
1719210 589
1719220 589
1719230 589
1719240 589
1719250 589
1719260 589
1719270 589
1719280 589
1719290 589
1719300 589
1719310 589
1719320 589
1719330 589
1719340 588
1719350 588
1719360 588
1719370 588
1719380 588
1719390 588
1719400 587
1719410 587
1719420 587
1719430 587
1719440 587
1719450 587
1719460 587
1719470 586
1719480 586
1719490 586
1719500 586
1719510 586
1719520 586
1719530 586
1719540 586
1719550 586
1719560 587
1719570 587
1719580 587
1719590 587
1719600 587
1719610 588
1719620 588
1719630 588
1719640 588
1719650 588
1719660 588
1719670 589
1719680 589
1719690 589
1719700 589
1719710 589
1719720 589
1719730 589
1719740 589
1719750 589
1719760 589
1719770 589
1719780 589
1719790 589
1719800 589
1719810 589
1719820 589
1719830 589
1719840 589
1719850 589
1719860 589
1719870 589
1719880 589
1719890 589
1719900 589
1719910 589
1719920 588
1719930 588
1719940 588
1719950 588
1719960 588
1719970 588
1719980 587
1719990 587
