1700000 563
1700010 562
1700020 562
1700030 561
1700040 561
1700050 560
1700060 560
1700070 559
1700080 559
1700090 558
1700100 558
1700110 557
1700120 557
1700130 556
1700140 555
1700150 554
1700160 553
1700170 553
1700180 552
1700190 551
1700200 550
1700210 549
1700220 548
1700230 547
1700240 546
1700250 545
1700260 543
1700270 545
1700280 548
1700290 551
1700300 553
1700310 555
1700320 557
1700330 559
1700340 560
1700350 561
1700360 562
1700370 563
1700380 564
1700390 564
1700400 565
1700410 566
1700420 567
1700430 567
1700440 568
1700450 569
1700460 569
1700470 570
1700480 570
1700490 571
1700500 571
1700510 572
1700520 572
1700530 572
1700540 573
1700550 573
1700560 573
1700570 573
1700580 573
1700590 573
1700600 574
1700610 574
1700620 574
1700630 574
1700640 574
1700650 575
1700660 575
1700670 575
1700680 575
1700690 575
1700700 575
1700710 575
1700720 575
1700730 575
1700740 575
1700750 575
1700760 574
1700770 574
1700780 574
1700790 574
1700800 574
1700810 574
1700820 574
1700830 574
1700840 574
1700850 574
1700860 574
1700870 574
1700880 574
1700890 574
1700900 574
1700910 574
1700920 574
1700930 574
1700940 574
1700950 574
1700960 574
1700970 574
1700980 574
1700990 574
1701000 574
1701010 574
1701020 573
1701030 573
1701040 573
1701050 573
1701060 573
1701070 572
1701080 572
1701090 572
1701100 572
1701110 571
1701120 571
1701130 571
1701140 571
1701150 570
1701160 570
1701170 570
1701180 569
1701190 569
1701200 569
1701210 568
1701220 568
1701230 568
1701240 568
1701250 567
1701260 567
1701270 566
1701280 566
1701290 566
1701300 565
1701310 565
1701320 565
1701330 565
1701340 564
1701350 564
1701360 564
1701370 564
1701380 563
1701390 563
1701400 563
1701410 563
1701420 563
1701430 563
1701440 562
1701450 562
1701460 562
1701470 562
1701480 563
1701490 563
1701500 563
1701510 563
1701520 563
1701530 564
1701540 564
1701550 564
1701560 564
1701570 565
1701580 565
1701590 566
1701600 566
1701610 566
1701620 566
1701630 566
1701640 567
1701650 567
1701660 567
1701670 567
1701680 567
1701690 568
1701700 568
1701710 568
1701720 568
1701730 568
1701740 568
1701750 568
1701760 568
1701770 569
1701780 569
1701790 569
1701800 569
1701810 569
1701820 569
1701830 569
1701840 569
1701850 570
1701860 570
1701870 570
1701880 570
1701890 570
1701900 570
1701910 570
1701920 570
1701930 570
1701940 570
1701950 570
1701960 570
1701970 570
1701980 570
1701990 570
1702000 570
1702010 570
1702020 570
1702030 570
1702040 570
1702050 570
1702060 570
1702070 570
1702080 570
1702090 570
1702100 570
1702110 570
1702120 570
1702130 570
1702140 570
1702150 570
1702160 570
1702170 570
1702180 570
1702190 570
1702200 570
1702210 570
1702220 570
1702230 570
1702240 570
1702250 570
1702260 570
1702270 570
1702280 570
1702290 570
1702300 570
1702310 570
1702320 570
1702330 570
1702340 570
1702350 570
1702360 570
1702370 570
1702380 570
1702390 570
1702400 569
1702410 569
1702420 569
1702430 569
1702440 569
1702450 569
1702460 569
1702470 569
1702480 569
1702490 569
1702500 569
1702510 569
1702520 569
1702530 569
1702540 569
1702550 568
1702560 568
1702570 568
1702580 568
1702590 568
1702600 568
1702610 568
1702620 568
1702630 568
1702640 568
1702650 568
1702660 567
1702670 567
1702680 567
1702690 567
1702700 567
1702710 567
1702720 567
1702730 567
1702740 567
1702750 566
1702760 566
1702770 566
1702780 566
1702790 566
1702800 566
1702810 566
1702820 566
1702830 566
1702840 566
1702850 566
1702860 566
1702870 565
1702880 565
1702890 565
1702900 565
1702910 565
1702920 565
1702930 565
1702940 565
1702950 565
1702960 565
1702970 564
1702980 564
1702990 564
1703000 564
1703010 564
1703020 564
1703030 564
1703040 564
1703050 564
1703060 564
1703070 564
1703080 564
1703090 564
1703100 564
1703110 565
1703120 564
1703130 564
1703140 564
1703150 564
1703160 564
1703170 564
1703180 564
1703190 564
1703200 564
1703210 564
1703220 564
1703230 564
1703240 564
1703250 564
1703260 564
1703270 563
1703280 563
1703290 563
1703300 563
1703310 563
1703320 563
1703330 563
1703340 563
1703350 563
1703360 563
1703370 563
1703380 563
1703390 563
1703400 563
1703410 563
1703420 563
1703430 563
1703440 563
1703450 563
1703460 563
1703470 563
1703480 563
1703490 563
1703500 563
1703510 562
1703520 562
1703530 562
1703540 562
1703550 562
1703560 562
1703570 562
1703580 561
1703590 561
1703600 561
1703610 561
1703620 561
1703630 561
1703640 561
1703650 561
1703660 561
1703670 560
1703680 560
1703690 560
1703700 560
1703710 560
1703720 560
1703730 560
1703740 560
1703750 560
1703760 559
1703770 559
1703780 559
1703790 559
1703800 559
1703810 559
1703820 559
1703830 559
1703840 559
1703850 559
1703860 558
1703870 558
1703880 558
1703890 558
1703900 558
1703910 558
1703920 559
1703930 559
1703940 559
1703950 559
1703960 559
1703970 559
1703980 559
1703990 559
1704000 559
1704010 560
1704020 560
1704030 560
1704040 560
1704050 560
1704060 560
1704070 560
1704080 560
1704090 560
1704100 560
1704110 560
1704120 560
1704130 560
1704140 560
1704150 561
1704160 561
1704170 561
1704180 561
1704190 561
1704200 561
1704210 561
1704220 561
1704230 561
1704240 561
1704250 561
1704260 562
1704270 561
1704280 561
1704290 561
1704300 561
1704310 562
1704320 562
1704330 562
1704340 562
1704350 562
1704360 562
1704370 562
1704380 562
1704390 562
1704400 562
1704410 562
1704420 562
1704430 562
1704440 562
1704450 562
1704460 562
1704470 562
1704480 562
1704490 562
1704500 562
1704510 562
1704520 562
1704530 562
1704540 562
1704550 562
1704560 562
1704570 562
1704580 561
1704590 561
1704600 561
1704610 561
1704620 561
1704630 560
1704640 560
1704650 560
1704660 560
1704670 559
1704680 559
1704690 558
1704700 558
1704710 558
1704720 557
1704730 557
1704740 556
1704750 556
1704760 555
1704770 555
1704780 554
1704790 554
1704800 553
1704810 553
1704820 553
1704830 553
1704840 552
1704850 552
1704860 551
1704870 550
1704880 550
1704890 549
1704900 549
1704910 548
1704920 548
1704930 547
1704940 547
1704950 546
1704960 545
1704970 545
1704980 544
1704990 544
1705000 544
1705010 543
1705020 543
1705030 542
1705040 542
1705050 541
1705060 541
1705070 540
1705080 540
1705090 540
1705100 539
1705110 539
1705120 539
1705130 538
1705140 538
1705150 537
1705160 537
1705170 537
1705180 536
1705190 536
1705200 536
1705210 535
1705220 535
1705230 535
1705240 535
1705250 535
1705260 534
1705270 534
1705280 534
1705290 534
1705300 534
1705310 533
1705320 533
1705330 533
1705340 533
1705350 533
1705360 533
1705370 533
1705380 532
1705390 532
1705400 532
1705410 532
1705420 532
1705430 531
1705440 531
1705450 531
1705460 530
1705470 530
1705480 529
1705490 529
1705500 529
1705510 528
1705520 528
1705530 527
1705540 527
1705550 527
1705560 526
1705570 526
1705580 525
1705590 525
1705600 524
1705610 524
1705620 523
1705630 523
1705640 522
1705650 522
1705660 521
1705670 521
1705680 521
1705690 521
1705700 521
1705710 521
1705720 521
1705730 520
1705740 520
1705750 520
1705760 519
1705770 519
1705780 519
1705790 518
1705800 518
1705810 517
1705820 517
1705830 518
1705840 520
1705850 521
1705860 520
1705870 517
1705880 515
1705890 514
1705900 514
1705910 514
1705920 514
1705930 514
1705940 514
1705950 514
1705960 513
1705970 513
1705980 512
1705990 512
1706000 512
1706010 512
1706020 512
1706030 512
1706040 512
1706050 512
1706060 512
1706070 512
1706080 512
1706090 512
1706100 512
1706110 512
1706120 511
1706130 511
1706140 511
1706150 511
1706160 513
1706170 514
1706180 516
1706190 517
1706200 518
1706210 519
1706220 521
1706230 523
1706240 524
1706250 525
1706260 526
1706270 526
1706280 526
1706290 527
1706300 527
1706310 527
1706320 527
1706330 527
1706340 527
1706350 527
1706360 527
1706370 527
1706380 527
1706390 527
1706400 527
1706410 527
1706420 527
1706430 528
1706440 528
1706450 529
1706460 530
1706470 531
1706480 532
1706490 533
1706500 534
1706510 535
1706520 536
1706530 536
1706540 537
1706550 538
1706560 539
1706570 540
1706580 541
1706590 541
1706600 542
1706610 542
1706620 543
1706630 544
1706640 545
1706650 545
1706660 546
1706670 546
1706680 547
1706690 548
1706700 548
1706710 549
1706720 549
1706730 550
1706740 550
1706750 551
1706760 551
1706770 552
1706780 552
1706790 553
1706800 553
1706810 554
1706820 554
1706830 555
1706840 555
1706850 556
1706860 556
1706870 557
1706880 558
1706890 558
1706900 559
1706910 560
1706920 560
1706930 561
1706940 561
1706950 562
1706960 562
1706970 563
1706980 563
1706990 564
1707000 564
1707010 564
1707020 565
1707030 565
1707040 566
1707050 566
1707060 566
1707070 567
1707080 567
1707090 568
1707100 568
1707110 568
1707120 569
1707130 569
1707140 570
1707150 570
1707160 570
1707170 571
1707180 571
1707190 572
1707200 572
1707210 573
1707220 573
1707230 574
1707240 574
1707250 575
1707260 575
1707270 576
1707280 576
1707290 577
1707300 577
1707310 577
1707320 578
1707330 578
1707340 578
1707350 579
1707360 579
1707370 580
1707380 580
1707390 580
1707400 581
1707410 581
1707420 581
1707430 581
1707440 582
1707450 582
1707460 582
1707470 582
1707480 583
1707490 583
1707500 583
1707510 583
1707520 584
1707530 584
1707540 584
1707550 584
1707560 584
1707570 584
1707580 584
1707590 584
1707600 584
1707610 585
1707620 585
1707630 585
1707640 585
1707650 585
1707660 585
1707670 585
1707680 585
1707690 585
1707700 585
1707710 585
1707720 585
1707730 584
1707740 584
1707750 584
1707760 584
1707770 584
1707780 584
1707790 584
1707800 583
1707810 583
1707820 583
1707830 583
1707840 583
1707850 582
1707860 582
1707870 582
1707880 582
1707890 581
1707900 581
1707910 581
1707920 581
1707930 580
1707940 580
1707950 580
1707960 579
1707970 579
1707980 579
1707990 579
1708000 578
1708010 578
1708020 578
1708030 578
1708040 578
1708050 577
1708060 577
1708070 577
1708080 577
1708090 577
1708100 577
1708110 577
1708120 577
1708130 577
1708140 577
1708150 577
1708160 577
1708170 578
1708180 578
1708190 578
1708200 578
1708210 578
1708220 578
1708230 578
1708240 578
1708250 579
1708260 579
1708270 579
1708280 579
1708290 579
1708300 580
1708310 580
1708320 580
1708330 580
1708340 581
1708350 581
1708360 581
1708370 581
1708380 582
1708390 582
1708400 582
1708410 582
1708420 582
1708430 583
1708440 583
1708450 583
1708460 583
1708470 583
1708480 584
1708490 584
1708500 584
1708510 584
1708520 584
1708530 584
1708540 585
1708550 585
1708560 585
1708570 585
1708580 586
1708590 586
1708600 586
1708610 587
1708620 587
1708630 586
1708640 586
1708650 586
1708660 587
1708670 587
1708680 587
1708690 587
1708700 587
1708710 587
1708720 587
1708730 587
1708740 587
1708750 588
1708760 588
1708770 588
1708780 588
1708790 588
1708800 588
1708810 588
1708820 588
1708830 588
1708840 588
1708850 588
1708860 588
1708870 588
1708880 589
1708890 589
1708900 589
1708910 589
1708920 589
1708930 589
1708940 589
1708950 589
1708960 589
1708970 589
1708980 589
1708990 589
1709000 589
1709010 590
1709020 590
1709030 590
1709040 590
1709050 590
1709060 590
1709070 590
1709080 590
1709090 590
1709100 590
1709110 590
1709120 590
1709130 590
1709140 590
1709150 590
1709160 589
1709170 589
1709180 589
1709190 589
1709200 589
1709210 589
1709220 589
1709230 589
1709240 589
1709250 589
1709260 589
1709270 589
1709280 589
1709290 589
1709300 589
1709310 589
1709320 588
1709330 588
1709340 588
1709350 588
1709360 588
1709370 588
1709380 588
1709390 588
1709400 588
1709410 587
1709420 587
1709430 587
1709440 587
1709450 587
1709460 587
1709470 586
1709480 586
1709490 586
1709500 586
1709510 586
1709520 585
1709530 585
1709540 585
1709550 585
1709560 585
1709570 585
1709580 584
1709590 584
1709600 584
1709610 584
1709620 583
1709630 583
1709640 583
1709650 583
1709660 582
1709670 582
1709680 582
1709690 582
1709700 581
1709710 581
1709720 581
1709730 581
1709740 580
1709750 580
1709760 580
1709770 580
1709780 579
1709790 579
1709800 579
1709810 579
1709820 578
1709830 578
1709840 578
1709850 578
1709860 577
1709870 577
1709880 577
1709890 577
1709900 576
1709910 576
1709920 576
1709930 576
1709940 575
1709950 575
1709960 575
1709970 575
1709980 574
1709990 574
1710000 574
1710010 574
1710020 573
1710030 573
1710040 573
1710050 573
1710060 572
1710070 572
1710080 572
1710090 572
1710100 571
1710110 571
1710120 571
1710130 570
1710140 570
1710150 570
1710160 570
1710170 569
1710180 569
1710190 569
1710200 568
1710210 568
1710220 568
1710230 567
1710240 567
1710250 567
1710260 566
1710270 566
1710280 566
1710290 566
1710300 565
1710310 565
1710320 565
1710330 565
1710340 564
1710350 564
1710360 564
1710370 564
1710380 564
1710390 564
1710400 564
1710410 564
1710420 563
1710430 563
1710440 563
1710450 563
1710460 563
1710470 563
1710480 563
1710490 563
1710500 563
1710510 563
1710520 563
1710530 563
1710540 563
1710550 563
1710560 563
1710570 563
1710580 563
1710590 563
1710600 563
1710610 563
1710620 563
1710630 563
1710640 563
1710650 563
1710660 563
1710670 563
1710680 563
1710690 563
1710700 562
1710710 562
1710720 562
1710730 562
1710740 562
1710750 562
1710760 562
1710770 562
1710780 562
1710790 562
1710800 562
1710810 562
1710820 562
1710830 561
1710840 561
1710850 561
1710860 561
1710870 561
1710880 561
1710890 561
1710900 561
1710910 561
1710920 561
1710930 561
1710940 561
1710950 561
1710960 561
1710970 562
1710980 562
1710990 560
1711000 560
1711010 561
1711020 561
1711030 562
1711040 562
1711050 562
1711060 562
1711070 562
1711080 562
1711090 561
1711100 561
1711110 561
1711120 561
1711130 561
1711140 561
1711150 560
1711160 560
1711170 559
1711180 558
1711190 558
1711200 557
1711210 556
1711220 555
1711230 554
1711240 553
1711250 553
1711260 552
1711270 551
1711280 550
1711290 550
1711300 549
1711310 549
1711320 549
1711330 549
1711340 549
1711350 549
1711360 549
1711370 549
1711380 549
1711390 550
1711400 550
1711410 551
1711420 551
1711430 552
1711440 553
1711450 554
1711460 554
1711470 555
1711480 555
1711490 556
1711500 556
1711510 556
1711520 556
1711530 556
1711540 557
1711550 557
1711560 557
1711570 557
1711580 557
1711590 557
1711600 557
1711610 557
1711620 558
1711630 558
1711640 558
1711650 558
1711660 558
1711670 558
1711680 558
1711690 559
1711700 559
1711710 559
1711720 559
1711730 559
1711740 559
1711750 559
1711760 559
1711770 559
1711780 559
1711790 559
1711800 560
1711810 560
1711820 560
1711830 560
1711840 560
1711850 560
1711860 561
1711870 561
1711880 561
1711890 561
1711900 561
1711910 561
1711920 561
1711930 561
1711940 561
1711950 561
1711960 561
1711970 561
1711980 561
1711990 560
1712000 560
1712010 560
1712020 559
1712030 559
1712040 559
1712050 559
1712060 559
1712070 560
1712080 560
1712090 561
1712100 561
1712110 562
1712120 562
1712130 563
1712140 563
1712150 564
1712160 564
1712170 564
1712180 565
1712190 565
1712200 565
1712210 566
1712220 566
1712230 566
1712240 566
1712250 567
1712260 567
1712270 567
1712280 567
1712290 568
1712300 568
1712310 568
1712320 568
1712330 568
1712340 568
1712350 569
1712360 569
1712370 569
1712380 569
1712390 569
1712400 569
1712410 569
1712420 569
1712430 569
1712440 569
1712450 569
1712460 570
1712470 570
1712480 570
1712490 570
1712500 570
1712510 570
1712520 570
1712530 570
1712540 570
1712550 570
1712560 570
1712570 570
1712580 570
1712590 570
1712600 571
1712610 571
1712620 571
1712630 571
1712640 571
1712650 571
1712660 571
1712670 571
1712680 571
1712690 571
1712700 571
1712710 571
1712720 571
1712730 571
1712740 571
1712750 571
1712760 571
1712770 571
1712780 571
1712790 571
1712800 571
1712810 571
1712820 571
1712830 571
1712840 571
1712850 571
1712860 571
1712870 571
1712880 571
1712890 571
1712900 571
1712910 571
1712920 572
1712930 572
1712940 572
1712950 572
1712960 572
1712970 572
1712980 572
1712990 572
1713000 572
1713010 572
1713020 572
1713030 572
1713040 573
1713050 573
1713060 573
1713070 573
1713080 573
1713090 573
1713100 573
1713110 573
1713120 573
1713130 573
1713140 574
1713150 574
1713160 574
1713170 574
1713180 574
1713190 575
1713200 575
1713210 575
1713220 575
1713230 575
1713240 576
1713250 576
1713260 576
1713270 576
1713280 576
1713290 576
1713300 576
1713310 576
1713320 576
1713330 577
1713340 577
1713350 577
1713360 577
1713370 577
1713380 578
1713390 578
1713400 578
1713410 578
1713420 578
1713430 578
1713440 578
1713450 578
1713460 579
1713470 579
1713480 579
1713490 579
1713500 579
1713510 579
1713520 579
1713530 579
1713540 579
1713550 579
1713560 579
1713570 579
1713580 579
1713590 579
1713600 579
1713610 580
1713620 580
1713630 580
1713640 580
1713650 580
1713660 580
1713670 580
1713680 580
1713690 580
1713700 580
1713710 580
1713720 580
1713730 580
1713740 580
1713750 581
1713760 581
1713770 581
1713780 581
1713790 581
1713800 581
1713810 581
1713820 581
1713830 581
1713840 581
1713850 581
1713860 581
1713870 582
1713880 582
1713890 582
1713900 582
1713910 582
1713920 582
1713930 582
1713940 582
1713950 582
1713960 582
1713970 582
1713980 582
1713990 582
1714000 582
1714010 582
1714020 582
1714030 581
1714040 581
1714050 581
1714060 581
1714070 581
1714080 581
1714090 581
1714100 581
1714110 581
1714120 581
1714130 581
1714140 581
1714150 581
1714160 581
1714170 581
1714180 580
1714190 580
1714200 580
1714210 580
1714220 580
1714230 580
1714240 580
1714250 580
1714260 580
1714270 580
1714280 580
1714290 580
1714300 580
1714310 580
1714320 580
1714330 580
1714340 580
1714350 580
1714360 580
1714370 580
1714380 580
1714390 580
1714400 580
1714410 581
1714420 581
1714430 581
1714440 581
1714450 581
1714460 581
1714470 581
1714480 581
1714490 581
1714500 581
1714510 581
1714520 581
1714530 581
1714540 581
1714550 581
1714560 581
1714570 582
1714580 582
1714590 582
1714600 582
1714610 582
1714620 582
1714630 582
1714640 582
1714650 583
1714660 583
1714670 583
1714680 583
1714690 583
1714700 583
1714710 583
1714720 584
1714730 584
1714740 584
1714750 584
1714760 584
1714770 584
1714780 584
1714790 584
1714800 585
1714810 585
1714820 585
1714830 585
1714840 585
1714850 585
1714860 585
1714870 585
1714880 585
1714890 585
1714900 585
1714910 585
1714920 585
1714930 586
1714940 586
1714950 586
1714960 586
1714970 586
1714980 586
1714990 586
1715000 586
1715010 586
1715020 587
1715030 587
1715040 587
1715050 587
1715060 586
1715070 587
1715080 587
1715090 587
1715100 587
1715110 587
1715120 587
1715130 587
1715140 587
1715150 587
1715160 587
1715170 587
1715180 587
1715190 587
1715200 587
1715210 587
1715220 587
1715230 587
1715240 587
1715250 587
1715260 587
1715270 586
1715280 586
1715290 586
1715300 586
1715310 586
1715320 586
1715330 586
1715340 586
1715350 586
1715360 586
1715370 586
1715380 586
1715390 586
1715400 586
1715410 586
1715420 586
1715430 586
1715440 586
1715450 586
1715460 586
1715470 586
1715480 586
1715490 586
1715500 586
1715510 586
1715520 586
1715530 586
1715540 586
1715550 586
1715560 586
1715570 586
1715580 586
1715590 586
1715600 586
1715610 586
1715620 586
1715630 586
1715640 586
1715650 586
1715660 586
1715670 586
1715680 586
1715690 586
1715700 586
1715710 586
1715720 586
1715730 586
1715740 586
1715750 586
1715760 586
1715770 586
1715780 586
1715790 586
1715800 586
1715810 586
1715820 586
1715830 586
1715840 586
1715850 586
1715860 586
1715870 586
1715880 586
1715890 586
1715900 586
1715910 586
1715920 586
1715930 586
1715940 586
1715950 586
1715960 586
1715970 586
1715980 586
1715990 586
1716000 586
1716010 586
1716020 587
1716030 587
1716040 587
1716050 587
1716060 587
1716070 587
1716080 587
1716090 587
1716100 587
1716110 587
1716120 588
1716130 588
1716140 588
1716150 588
1716160 588
1716170 588
1716180 588
1716190 588
1716200 588
1716210 589
1716220 589
1716230 589
1716240 589
1716250 589
1716260 589
1716270 589
1716280 589
1716290 590
1716300 590
1716310 590
1716320 590
1716330 590
1716340 590
1716350 590
1716360 590
1716370 591
1716380 591
1716390 591
1716400 591
1716410 591
1716420 591
1716430 591
1716440 591
1716450 591
1716460 592
1716470 592
1716480 592
1716490 592
1716500 592
1716510 592
1716520 592
1716530 592
1716540 593
1716550 593
1716560 593
1716570 593
1716580 593
1716590 593
1716600 593
1716610 594
1716620 594
1716630 594
1716640 594
1716650 594
1716660 594
1716670 594
1716680 594
1716690 594
1716700 594
1716710 594
1716720 594
1716730 594
1716740 594
1716750 594
1716760 594
1716770 594
1716780 594
1716790 594
1716800 594
1716810 594
1716820 594
1716830 594
1716840 594
1716850 594
1716860 594
1716870 594
1716880 594
1716890 594
1716900 594
1716910 594
1716920 594
1716930 593
1716940 593
1716950 593
1716960 593
1716970 593
1716980 593
1716990 593
1717000 593
1717010 593
1717020 593
1717030 593
1717040 593
1717050 593
1717060 593
1717070 593
1717080 593
1717090 593
1717100 593
1717110 593
1717120 593
1717130 593
1717140 593
1717150 593
1717160 593
1717170 592
1717180 592
1717190 592
1717200 592
1717210 593
1717220 593
1717230 593
1717240 593
1717250 593
1717260 593
1717270 593
1717280 593
1717290 593
1717300 593
1717310 593
1717320 593
1717330 592
1717340 592
1717350 592
1717360 592
1717370 592
1717380 592
1717390 592
1717400 592
1717410 592
1717420 592
1717430 592
1717440 592
1717450 592
1717460 592
1717470 593
1717480 593
1717490 593
1717500 593
1717510 593
1717520 593
1717530 593
1717540 593
1717550 593
1717560 593
1717570 593
1717580 593
1717590 593
1717600 593
1717610 593
1717620 593
1717630 593
1717640 593
1717650 593
1717660 593
1717670 593
1717680 593
1717690 593
1717700 593
1717710 594
1717720 594
1717730 594
1717740 594
1717750 594
1717760 594
1717770 594
1717780 595
1717790 595
1717800 595
1717810 595
1717820 595
1717830 595
1717840 595
1717850 595
1717860 595
1717870 595
1717880 595
1717890 595
1717900 596
1717910 596
1717920 596
1717930 596
1717940 596
1717950 596
1717960 596
1717970 596
1717980 596
1717990 596
1718000 596
1718010 597
1718020 597
1718030 597
1718040 597
1718050 597
1718060 597
1718070 597
1718080 597
1718090 597
1718100 597
1718110 597
1718120 597
1718130 597
1718140 597
1718150 597
1718160 597
1718170 598
1718180 598
1718190 598
1718200 598
1718210 598
1718220 598
1718230 598
1718240 598
1718250 598
1718260 598
1718270 598
1718280 598
1718290 598
1718300 598
1718310 598
1718320 598
1718330 598
1718340 598
1718350 598
1718360 598
1718370 598
1718380 598
1718390 599
1718400 599
1718410 599
1718420 599
1718430 599
1718440 599
1718450 599
1718460 599
1718470 599
1718480 599
1718490 599
1718500 599
1718510 599
1718520 599
1718530 599
1718540 599
1718550 599
1718560 599
1718570 599
1718580 599
1718590 599
1718600 599
1718610 599
1718620 599
1718630 599
1718640 599
1718650 599
1718660 599
1718670 599
1718680 599
1718690 599
1718700 600
1718710 600
1718720 599
1718730 599
1718740 599
1718750 599
1718760 599
1718770 599
1718780 599
1718790 599
1718800 599
1718810 599
1718820 599
1718830 599
1718840 599
1718850 599
1718860 598
1718870 598
1718880 598
1718890 598
1718900 598
1718910 598
1718920 597
1718930 597
1718940 597
1718950 597
1718960 597
1718970 597
1718980 597
1718990 596
1719000 596
1719010 596
1719020 596
1719030 596
1719040 596
1719050 596
1719060 596
1719070 596
1719080 595
1719090 595
1719100 595
1719110 595
1719120 595
1719130 595
1719140 595
1719150 595
1719160 594
1719170 594
1719180 594
1719190 594
1719200 594
1719210 594
1719220 593
1719230 593
1719240 593
1719250 593
1719260 593
1719270 593
1719280 593
1719290 593
1719300 593
1719310 593
1719320 593
1719330 592
1719340 592
1719350 592
1719360 592
1719370 592
1719380 592
1719390 592
1719400 592
1719410 592
1719420 592
1719430 592
1719440 592
1719450 592
1719460 592
1719470 591
1719480 591
1719490 591
1719500 591
1719510 591
1719520 591
1719530 591
1719540 590
1719550 590
1719560 590
1719570 590
1719580 590
1719590 590
1719600 590
1719610 590
1719620 589
1719630 589
1719640 589
1719650 589
1719660 589
1719670 588
1719680 588
1719690 588
1719700 587
1719710 587
1719720 587
1719730 587
1719740 587
1719750 586
1719760 586
1719770 586
1719780 586
1719790 585
1719800 585
1719810 585
1719820 585
1719830 585
1719840 584
1719850 584
1719860 584
1719870 584
1719880 584
1719890 584
1719900 584
1719910 584
1719920 584
1719930 584
1719940 584
1719950 584
1719960 584
1719970 584
1719980 584
1719990 584
