1700000 522
1700010 522
1700020 523
1700030 523
1700040 524
1700050 524
1700060 525
1700070 526
1700080 527
1700090 528
1700100 529
1700110 530
1700120 531
1700130 531
1700140 532
1700150 533
1700160 533
1700170 534
1700180 534
1700190 535
1700200 535
1700210 536
1700220 536
1700230 536
1700240 536
1700250 536
1700260 537
1700270 537
1700280 537
1700290 537
1700300 538
1700310 538
1700320 538
1700330 539
1700340 539
1700350 539
1700360 539
1700370 540
1700380 540
1700390 541
1700400 541
1700410 541
1700420 542
1700430 542
1700440 543
1700450 543
1700460 543
1700470 544
1700480 544
1700490 544
1700500 545
1700510 545
1700520 545
1700530 545
1700540 545
1700550 546
1700560 546
1700570 546
1700580 546
1700590 546
1700600 547
1700610 547
1700620 547
1700630 547
1700640 547
1700650 547
1700660 548
1700670 548
1700680 548
1700690 548
1700700 548
1700710 549
1700720 549
1700730 549
1700740 550
1700750 550
1700760 550
1700770 551
1700780 551
1700790 551
1700800 552
1700810 552
1700820 552
1700830 553
1700840 553
1700850 553
1700860 553
1700870 554
1700880 554
1700890 554
1700900 554
1700910 555
1700920 555
1700930 555
1700940 555
1700950 556
1700960 556
1700970 556
1700980 556
1700990 556
1701000 556
1701010 557
1701020 557
1701030 557
1701040 557
1701050 557
1701060 557
1701070 558
1701080 558
1701090 558
1701100 558
1701110 558
1701120 558
1701130 558
1701140 559
1701150 559
1701160 559
1701170 559
1701180 559
1701190 560
1701200 560
1701210 560
1701220 560
1701230 560
1701240 561
1701250 561
1701260 561
1701270 561
1701280 561
1701290 561
1701300 562
1701310 562
1701320 562
1701330 562
1701340 562
1701350 562
1701360 563
1701370 563
1701380 563
1701390 563
1701400 563
1701410 563
1701420 563
1701430 563
1701440 564
1701450 564
1701460 564
1701470 564
1701480 564
1701490 564
1701500 564
1701510 564
1701520 564
1701530 564
1701540 564
1701550 565
1701560 565
1701570 565
1701580 565
1701590 565
1701600 565
1701610 565
1701620 565
1701630 565
1701640 565
1701650 565
1701660 565
1701670 565
1701680 565
1701690 565
1701700 565
1701710 565
1701720 565
1701730 566
1701740 566
1701750 566
1701760 566
1701770 566
1701780 566
1701790 566
1701800 566
1701810 566
1701820 566
1701830 566
1701840 566
1701850 566
1701860 566
1701870 566
1701880 567
1701890 567
1701900 567
1701910 567
1701920 567
1701930 567
1701940 567
1701950 567
1701960 567
1701970 567
1701980 567
1701990 568
1702000 568
1702010 568
1702020 568
1702030 568
1702040 568
1702050 568
1702060 568
1702070 568
1702080 569
1702090 569
1702100 569
1702110 569
1702120 569
1702130 569
1702140 569
1702150 569
1702160 569
1702170 569
1702180 569
1702190 569
1702200 569
1702210 569
1702220 569
1702230 569
1702240 569
1702250 569
1702260 568
1702270 568
1702280 568
1702290 568
1702300 568
1702310 568
1702320 568
1702330 567
1702340 567
1702350 567
1702360 567
1702370 567
1702380 566
1702390 566
1702400 566
1702410 566
1702420 565
1702430 565
1702440 565
1702450 565
1702460 565
1702470 564
1702480 564
1702490 564
1702500 564
1702510 563
1702520 563
1702530 563
1702540 563
1702550 563
1702560 563
1702570 563
1702580 563
1702590 562
1702600 562
1702610 562
1702620 562
1702630 561
1702640 561
1702650 561
1702660 560
1702670 560
1702680 560
1702690 559
1702700 559
1702710 559
1702720 559
1702730 559
1702740 559
1702750 559
1702760 558
1702770 558
1702780 558
1702790 558
1702800 558
1702810 558
1702820 557
1702830 557
1702840 557
1702850 557
1702860 557
1702870 557
1702880 557
1702890 557
1702900 557
1702910 556
1702920 556
1702930 556
1702940 556
1702950 557
1702960 557
1702970 557
1702980 557
1702990 558
1703000 558
1703010 558
1703020 558
1703030 558
1703040 558
1703050 558
1703060 558
1703070 558
1703080 558
1703090 559
1703100 559
1703110 559
1703120 559
1703130 559
1703140 559
1703150 559
1703160 559
1703170 559
1703180 559
1703190 559
1703200 559
1703210 559
1703220 559
1703230 559
1703240 559
1703250 559
1703260 559
1703270 559
1703280 559
1703290 558
1703300 558
1703310 558
1703320 558
1703330 558
1703340 558
1703350 558
1703360 558
1703370 557
1703380 557
1703390 557
1703400 557
1703410 557
1703420 557
1703430 557
1703440 556
1703450 556
1703460 556
1703470 556
1703480 556
1703490 556
1703500 556
1703510 555
1703520 555
1703530 555
1703540 555
1703550 555
1703560 554
1703570 554
1703580 554
1703590 554
1703600 554
1703610 553
1703620 553
1703630 553
1703640 553
1703650 552
1703660 552
1703670 552
1703680 552
1703690 552
1703700 552
1703710 552
1703720 551
1703730 551
1703740 551
1703750 551
1703760 551
1703770 551
1703780 551
1703790 551
1703800 551
1703810 550
1703820 550
1703830 550
1703840 550
1703850 550
1703860 549
1703870 549
1703880 549
1703890 549
1703900 549
1703910 548
1703920 548
1703930 547
1703940 547
1703950 546
1703960 544
1703970 543
1703980 543
1703990 543
1704000 543
1704010 543
1704020 543
1704030 543
1704040 543
1704050 544
1704060 545
1704070 546
1704080 547
1704090 548
1704100 549
1704110 550
1704120 550
1704130 550
1704140 550
1704150 550
1704160 550
1704170 550
1704180 550
1704190 550
1704200 550
1704210 551
1704220 551
1704230 551
1704240 551
1704250 551
1704260 551
1704270 551
1704280 551
1704290 552
1704300 552
1704310 552
1704320 552
1704330 552
1704340 553
1704350 553
1704360 553
1704370 554
1704380 554
1704390 554
1704400 554
1704410 554
1704420 555
1704430 555
1704440 555
1704450 555
1704460 555
1704470 555
1704480 555
1704490 555
1704500 556
1704510 556
1704520 556
1704530 556
1704540 556
1704550 556
1704560 556
1704570 556
1704580 555
1704590 555
1704600 555
1704610 555
1704620 555
1704630 555
1704640 555
1704650 554
1704660 554
1704670 554
1704680 554
1704690 554
1704700 554
1704710 553
1704720 553
1704730 553
1704740 553
1704750 553
1704760 552
1704770 552
1704780 552
1704790 551
1704800 551
1704810 551
1704820 550
1704830 550
1704840 550
1704850 549
1704860 549
1704870 549
1704880 548
1704890 548
1704900 548
1704910 547
1704920 547
1704930 547
1704940 547
1704950 546
1704960 546
1704970 546
1704980 545
1704990 545
1705000 545
1705010 544
1705020 544
1705030 544
1705040 543
1705050 543
1705060 543
1705070 542
1705080 542
1705090 541
1705100 541
1705110 541
1705120 541
1705130 540
1705140 540
1705150 540
1705160 539
1705170 539
1705180 539
1705190 538
1705200 538
1705210 538
1705220 538
1705230 537
1705240 537
1705250 537
1705260 536
1705270 536
1705280 536
1705290 535
1705300 535
1705310 535
1705320 535
1705330 534
1705340 534
1705350 534
1705360 533
1705370 533
1705380 533
1705390 533
1705400 532
1705410 532
1705420 532
1705430 532
1705440 532
1705450 532
1705460 531
1705470 531
1705480 531
1705490 531
1705500 531
1705510 531
1705520 531
1705530 531
1705540 531
1705550 531
1705560 531
1705570 531
1705580 531
1705590 531
1705600 531
1705610 530
1705620 530
1705630 530
1705640 530
1705650 530
1705660 529
1705670 529
1705680 529
1705690 528
1705700 528
1705710 528
1705720 527
1705730 527
1705740 527
1705750 527
1705760 526
1705770 526
1705780 526
1705790 526
1705800 525
1705810 525
1705820 525
1705830 524
1705840 524
1705850 523
1705860 523
1705870 523
1705880 523
1705890 522
1705900 522
1705910 522
1705920 522
1705930 521
1705940 521
1705950 521
1705960 520
1705970 520
1705980 520
1705990 520
1706000 519
1706010 518
1706020 518
1706030 518
1706040 518
1706050 517
1706060 517
1706070 517
1706080 517
1706090 516
1706100 516
1706110 516
1706120 515
1706130 515
1706140 515
1706150 514
1706160 514
1706170 514
1706180 514
1706190 513
1706200 513
1706210 513
1706220 513
1706230 513
1706240 512
1706250 512
1706260 512
1706270 511
1706280 511
1706290 511
1706300 511
1706310 511
1706320 511
1706330 511
1706340 511
1706350 510
1706360 510
1706370 510
1706380 510
1706390 510
1706400 510
1706410 510
1706420 510
1706430 510
1706440 510
1706450 509
1706460 509
1706470 509
1706480 510
1706490 510
1706500 510
1706510 511
1706520 511
1706530 513
1706540 515
1706550 518
1706560 522
1706570 525
1706580 527
1706590 528
1706600 528
1706610 529
1706620 530
1706630 531
1706640 531
1706650 532
1706660 533
1706670 534
1706680 534
1706690 535
1706700 536
1706710 537
1706720 537
1706730 538
1706740 539
1706750 539
1706760 540
1706770 541
1706780 541
1706790 542
1706800 543
1706810 543
1706820 544
1706830 544
1706840 544
1706850 545
1706860 545
1706870 545
1706880 545
1706890 546
1706900 546
1706910 546
1706920 546
1706930 546
1706940 546
1706950 546
1706960 546
1706970 546
1706980 546
1706990 546
1707000 546
1707010 546
1707020 546
1707030 546
1707040 546
1707050 546
1707060 546
1707070 546
1707080 547
1707090 547
1707100 547
1707110 547
1707120 547
1707130 547
1707140 547
1707150 547
1707160 547
1707170 547
1707180 547
1707190 548
1707200 548
1707210 548
1707220 548
1707230 548
1707240 548
1707250 548
1707260 548
1707270 548
1707280 549
1707290 549
1707300 549
1707310 549
1707320 549
1707330 549
1707340 549
1707350 549
1707360 549
1707370 549
1707380 549
1707390 549
1707400 549
1707410 549
1707420 549
1707430 549
1707440 549
1707450 549
1707460 549
1707470 549
1707480 549
1707490 548
1707500 548
1707510 548
1707520 548
1707530 548
1707540 548
1707550 547
1707560 547
1707570 547
1707580 547
1707590 547
1707600 547
1707610 547
1707620 547
1707630 547
1707640 546
1707650 546
1707660 546
1707670 546
1707680 546
1707690 546
1707700 546
1707710 546
1707720 545
1707730 546
1707740 545
1707750 545
1707760 545
1707770 545
1707780 546
1707790 546
1707800 546
1707810 545
1707820 545
1707830 545
1707840 545
1707850 545
1707860 545
1707870 544
1707880 544
1707890 544
1707900 544
1707910 545
1707920 545
1707930 545
1707940 545
1707950 545
1707960 545
1707970 545
1707980 546
1707990 546
1708000 546
1708010 546
1708020 547
1708030 547
1708040 547
1708050 547
1708060 547
1708070 547
1708080 547
1708090 547
1708100 548
1708110 548
1708120 548
1708130 548
1708140 548
1708150 548
1708160 548
1708170 548
1708180 548
1708190 549
1708200 549
1708210 549
1708220 549
1708230 549
1708240 550
1708250 550
1708260 550
1708270 550
1708280 551
1708290 551
1708300 551
1708310 551
1708320 551
1708330 551
1708340 552
1708350 552
1708360 552
1708370 552
1708380 552
1708390 552
1708400 553
1708410 553
1708420 553
1708430 553
1708440 553
1708450 554
1708460 555
1708470 555
1708480 556
1708490 557
1708500 557
1708510 557
1708520 557
1708530 558
1708540 558
1708550 558
1708560 558
1708570 559
1708580 559
1708590 559
1708600 559
1708610 560
1708620 560
1708630 560
1708640 560
1708650 560
1708660 561
1708670 561
1708680 561
1708690 561
1708700 561
1708710 562
1708720 563
1708730 563
1708740 563
1708750 563
1708760 563
1708770 563
1708780 563
1708790 564
1708800 564
1708810 564
1708820 564
1708830 565
1708840 565
1708850 565
1708860 565
1708870 566
1708880 566
1708890 566
1708900 566
1708910 567
1708920 567
1708930 567
1708940 567
1708950 568
1708960 568
1708970 568
1708980 569
1708990 569
1709000 569
1709010 569
1709020 570
1709030 570
1709040 570
1709050 570
1709060 570
1709070 570
1709080 570
1709090 571
1709100 571
1709110 571
1709120 571
1709130 571
1709140 571
1709150 571
1709160 572
1709170 572
1709180 572
1709190 572
1709200 572
1709210 572
1709220 573
1709230 573
1709240 573
1709250 573
1709260 573
1709270 573
1709280 573
1709290 572
1709300 572
1709310 572
1709320 572
1709330 572
1709340 572
1709350 573
1709360 573
1709370 573
1709380 574
1709390 575
1709400 575
1709410 575
1709420 575
1709430 575
1709440 575
1709450 575
1709460 575
1709470 575
1709480 575
1709490 575
1709500 575
1709510 575
1709520 575
1709530 575
1709540 575
1709550 574
1709560 574
1709570 574
1709580 574
1709590 574
1709600 574
1709610 574
1709620 574
1709630 574
1709640 574
1709650 573
1709660 573
1709670 573
1709680 573
1709690 573
1709700 573
1709710 573
1709720 572
1709730 572
1709740 572
1709750 572
1709760 572
1709770 572
1709780 572
1709790 572
1709800 572
1709810 571
1709820 571
1709830 571
1709840 571
1709850 571
1709860 571
1709870 571
1709880 571
1709890 571
1709900 571
1709910 571
1709920 571
1709930 571
1709940 570
1709950 570
1709960 570
1709970 570
1709980 570
1709990 570
1710000 570
1710010 570
1710020 570
1710030 570
1710040 570
1710050 570
1710060 570
1710070 570
1710080 570
1710090 570
1710100 570
1710110 570
1710120 570
1710130 570
1710140 570
1710150 570
1710160 570
1710170 570
1710180 570
1710190 570
1710200 569
1710210 569
1710220 569
1710230 569
1710240 569
1710250 569
1710260 569
1710270 569
1710280 569
1710290 569
1710300 569
1710310 569
1710320 569
1710330 569
1710340 569
1710350 569
1710360 569
1710370 569
1710380 569
1710390 569
1710400 569
1710410 569
1710420 569
1710430 569
1710440 569
1710450 569
1710460 569
1710470 569
1710480 569
1710490 569
1710500 569
1710510 569
1710520 569
1710530 569
1710540 569
1710550 569
1710560 569
1710570 569
1710580 569
1710590 569
1710600 569
1710610 569
1710620 569
1710630 569
1710640 569
1710650 569
1710660 569
1710670 569
1710680 569
1710690 569
1710700 569
1710710 569
1710720 569
1710730 569
1710740 568
1710750 568
1710760 568
1710770 568
1710780 568
1710790 568
1710800 568
1710810 568
1710820 568
1710830 568
1710840 567
1710850 566
1710860 566
1710870 567
1710880 568
1710890 568
1710900 567
1710910 567
1710920 567
1710930 567
1710940 566
1710950 566
1710960 566
1710970 566
1710980 566
1710990 566
1711000 566
1711010 566
1711020 566
1711030 565
1711040 565
1711050 565
1711060 565
1711070 565
1711080 565
1711090 565
1711100 565
1711110 565
1711120 565
1711130 564
1711140 564
1711150 564
1711160 564
1711170 564
1711180 563
1711190 563
1711200 562
1711210 562
1711220 563
1711230 563
1711240 563
1711250 562
1711260 562
1711270 562
1711280 562
1711290 561
1711300 561
1711310 561
1711320 560
1711330 561
1711340 561
1711350 561
1711360 561
1711370 561
1711380 561
1711390 560
1711400 560
1711410 560
1711420 559
1711430 559
1711440 558
1711450 558
1711460 557
1711470 557
1711480 557
1711490 557
1711500 557
1711510 557
1711520 557
1711530 557
1711540 558
1711550 558
1711560 559
1711570 559
1711580 560
1711590 560
1711600 561
1711610 562
1711620 562
1711630 562
1711640 562
1711650 562
1711660 563
1711670 563
1711680 563
1711690 563
1711700 563
1711710 563
1711720 563
1711730 563
1711740 563
1711750 563
1711760 563
1711770 563
1711780 563
1711790 563
1711800 563
1711810 563
1711820 563
1711830 562
1711840 562
1711850 562
1711860 562
1711870 562
1711880 562
1711890 561
1711900 561
1711910 561
1711920 561
1711930 561
1711940 561
1711950 561
1711960 561
1711970 562
1711980 562
1711990 562
1712000 562
1712010 561
1712020 561
1712030 562
1712040 562
1712050 562
1712060 562
1712070 562
1712080 562
1712090 562
1712100 562
1712110 562
1712120 562
1712130 562
1712140 562
1712150 562
1712160 562
1712170 562
1712180 562
1712190 562
1712200 562
1712210 562
1712220 562
1712230 562
1712240 562
1712250 562
1712260 562
1712270 563
1712280 563
1712290 563
1712300 563
1712310 563
1712320 563
1712330 563
1712340 563
1712350 563
1712360 563
1712370 563
1712380 563
1712390 563
1712400 563
1712410 563
1712420 563
1712430 563
1712440 563
1712450 564
1712460 564
1712470 564
1712480 564
1712490 564
1712500 564
1712510 564
1712520 564
1712530 565
1712540 565
1712550 565
1712560 565
1712570 565
1712580 565
1712590 565
1712600 565
1712610 565
1712620 565
1712630 565
1712640 565
1712650 565
1712660 566
1712670 566
1712680 566
1712690 566
1712700 566
1712710 566
1712720 566
1712730 566
1712740 566
1712750 566
1712760 566
1712770 566
1712780 566
1712790 566
1712800 566
1712810 566
1712820 566
1712830 566
1712840 566
1712850 566
1712860 566
1712870 567
1712880 567
1712890 567
1712900 567
1712910 567
1712920 567
1712930 568
1712940 568
1712950 568
1712960 568
1712970 568
1712980 568
1712990 569
1713000 569
1713010 569
1713020 569
1713030 569
1713040 569
1713050 570
1713060 571
1713070 571
1713080 571
1713090 570
1713100 570
1713110 570
1713120 570
1713130 570
1713140 571
1713150 571
1713160 571
1713170 571
1713180 571
1713190 571
1713200 571
1713210 571
1713220 571
1713230 571
1713240 572
1713250 572
1713260 572
1713270 571
1713280 572
1713290 572
1713300 572
1713310 572
1713320 572
1713330 573
1713340 573
1713350 573
1713360 573
1713370 573
1713380 573
1713390 572
1713400 572
1713410 572
1713420 572
1713430 572
1713440 572
1713450 572
1713460 572
1713470 572
1713480 572
1713490 572
1713500 572
1713510 572
1713520 572
1713530 572
1713540 572
1713550 572
1713560 572
1713570 572
1713580 572
1713590 572
1713600 572
1713610 572
1713620 572
1713630 572
1713640 572
1713650 572
1713660 572
1713670 573
1713680 573
1713690 573
1713700 573
1713710 573
1713720 573
1713730 573
1713740 573
1713750 573
1713760 572
1713770 572
1713780 572
1713790 572
1713800 572
1713810 572
1713820 572
1713830 572
1713840 572
1713850 572
1713860 572
1713870 572
1713880 572
1713890 572
1713900 572
1713910 572
1713920 572
1713930 572
1713940 573
1713950 573
1713960 573
1713970 573
1713980 573
1713990 573
1714000 573
1714010 573
1714020 573
1714030 573
1714040 573
1714050 573
1714060 573
1714070 573
1714080 573
1714090 573
1714100 574
1714110 574
1714120 574
1714130 574
1714140 574
1714150 574
1714160 575
1714170 575
1714180 575
1714190 575
1714200 576
1714210 576
1714220 576
1714230 576
1714240 576
1714250 576
1714260 576
1714270 576
1714280 577
1714290 577
1714300 578
1714310 578
1714320 578
1714330 579
1714340 579
1714350 579
1714360 580
1714370 580
1714380 580
1714390 580
1714400 581
1714410 581
1714420 581
1714430 581
1714440 582
1714450 582
1714460 582
1714470 582
1714480 583
1714490 583
1714500 583
1714510 583
1714520 584
1714530 584
1714540 584
1714550 584
1714560 584
1714570 585
1714580 585
1714590 585
1714600 585
1714610 585
1714620 586
1714630 586
1714640 586
1714650 586
1714660 586
1714670 586
1714680 586
1714690 587
1714700 587
1714710 587
1714720 587
1714730 587
1714740 587
1714750 587
1714760 587
1714770 587
1714780 587
1714790 588
1714800 588
1714810 588
1714820 588
1714830 588
1714840 588
1714850 588
1714860 588
1714870 588
1714880 588
1714890 588
1714900 588
1714910 588
1714920 588
1714930 589
1714940 589
1714950 589
1714960 589
1714970 589
1714980 589
1714990 589
1715000 589
1715010 589
1715020 589
1715030 589
1715040 589
1715050 589
1715060 589
1715070 589
1715080 589
1715090 589
1715100 589
1715110 589
1715120 589
1715130 589
1715140 589
1715150 589
1715160 589
1715170 589
1715180 589
1715190 589
1715200 589
1715210 589
1715220 589
1715230 588
1715240 588
1715250 588
1715260 588
1715270 588
1715280 588
1715290 588
1715300 588
1715310 588
1715320 588
1715330 588
1715340 588
1715350 588
1715360 588
1715370 588
1715380 588
1715390 587
1715400 587
1715410 587
1715420 587
1715430 587
1715440 587
1715450 587
1715460 587
1715470 587
1715480 587
1715490 587
1715500 587
1715510 586
1715520 586
1715530 586
1715540 586
1715550 586
1715560 586
1715570 586
1715580 586
1715590 586
1715600 586
1715610 586
1715620 586
1715630 585
1715640 585
1715650 585
1715660 585
1715670 585
1715680 585
1715690 585
1715700 585
1715710 585
1715720 585
1715730 585
1715740 585
1715750 585
1715760 585
1715770 585
1715780 585
1715790 585
1715800 585
1715810 585
1715820 585
1715830 585
1715840 585
1715850 585
1715860 585
1715870 585
1715880 585
1715890 585
1715900 585
1715910 585
1715920 585
1715930 585
1715940 585
1715950 585
1715960 585
1715970 585
1715980 585
1715990 585
1716000 585
1716010 585
1716020 585
1716030 585
1716040 585
1716050 585
1716060 585
1716070 585
1716080 585
1716090 585
1716100 585
1716110 585
1716120 585
1716130 585
1716140 584
1716150 584
1716160 584
1716170 584
1716180 584
1716190 584
1716200 584
1716210 584
1716220 584
1716230 584
1716240 584
1716250 584
1716260 584
1716270 584
1716280 584
1716290 584
1716300 584
1716310 584
1716320 584
1716330 584
1716340 584
1716350 584
1716360 584
1716370 584
1716380 584
1716390 583
1716400 583
1716410 583
1716420 583
1716430 583
1716440 583
1716450 583
1716460 583
1716470 583
1716480 583
1716490 583
1716500 583
1716510 583
1716520 583
1716530 583
1716540 583
1716550 583
1716560 583
1716570 583
1716580 583
1716590 583
1716600 583
1716610 583
1716620 583
1716630 583
1716640 583
1716650 583
1716660 583
1716670 583
1716680 583
1716690 583
1716700 583
1716710 583
1716720 583
1716730 583
1716740 583
1716750 583
1716760 583
1716770 583
1716780 583
1716790 582
1716800 583
1716810 582
1716820 582
1716830 582
1716840 582
1716850 582
1716860 582
1716870 582
1716880 582
1716890 582
1716900 582
1716910 581
1716920 581
1716930 581
1716940 581
1716950 581
1716960 581
1716970 581
1716980 581
1716990 581
1717000 581
1717010 581
1717020 581
1717030 581
1717040 581
1717050 580
1717060 580
1717070 580
1717080 580
1717090 580
1717100 580
1717110 580
1717120 580
1717130 580
1717140 580
1717150 579
1717160 579
1717170 579
1717180 579
1717190 579
1717200 579
1717210 579
1717220 580
1717230 580
1717240 580
1717250 580
1717260 580
1717270 580
1717280 580
1717290 580
1717300 580
1717310 580
1717320 580
1717330 580
1717340 580
1717350 581
1717360 581
1717370 581
1717380 581
1717390 581
1717400 581
1717410 581
1717420 581
1717430 581
1717440 582
1717450 582
1717460 582
1717470 582
1717480 582
1717490 582
1717500 582
1717510 582
1717520 582
1717530 582
1717540 582
1717550 582
1717560 582
1717570 582
1717580 582
1717590 582
1717600 582
1717610 582
1717620 582
1717630 582
1717640 582
1717650 583
1717660 583
1717670 583
1717680 583
1717690 583
1717700 583
1717710 583
1717720 583
1717730 583
1717740 583
1717750 583
1717760 583
1717770 583
1717780 583
1717790 583
1717800 583
1717810 584
1717820 584
1717830 584
1717840 584
1717850 584
1717860 584
1717870 583
1717880 583
1717890 583
1717900 583
1717910 583
1717920 583
1717930 583
1717940 583
1717950 583
1717960 583
1717970 583
1717980 583
1717990 583
1718000 583
1718010 583
1718020 583
1718030 583
1718040 583
1718050 583
1718060 583
1718070 583
1718080 583
1718090 583
1718100 584
1718110 584
1718120 584
1718130 584
1718140 584
1718150 584
1718160 584
1718170 584
1718180 584
1718190 584
1718200 584
1718210 585
1718220 585
1718230 585
1718240 585
1718250 585
1718260 585
1718270 585
1718280 585
1718290 585
1718300 585
1718310 585
1718320 586
1718330 586
1718340 586
1718350 586
1718360 586
1718370 586
1718380 586
1718390 586
1718400 587
1718410 587
1718420 587
1718430 587
1718440 587
1718450 587
1718460 587
1718470 587
1718480 587
1718490 587
1718500 587
1718510 587
1718520 587
1718530 588
1718540 588
1718550 588
1718560 588
1718570 588
1718580 588
1718590 588
1718600 588
1718610 588
1718620 588
1718630 588
1718640 588
1718650 588
1718660 588
1718670 588
1718680 588
1718690 588
1718700 588
1718710 588
1718720 588
1718730 588
1718740 588
1718750 588
1718760 589
1718770 589
1718780 589
1718790 589
1718800 589
1718810 589
1718820 589
1718830 589
1718840 589
1718850 589
1718860 589
1718870 589
1718880 589
1718890 589
1718900 589
1718910 589
1718920 589
1718930 589
1718940 589
1718950 590
1718960 590
1718970 590
1718980 590
1718990 590
1719000 590
1719010 590
1719020 590
1719030 590
1719040 590
1719050 590
1719060 590
1719070 591
1719080 591
1719090 591
1719100 591
1719110 591
1719120 591
1719130 591
1719140 591
1719150 591
1719160 592
1719170 592
1719180 592
1719190 592
1719200 592
1719210 592
1719220 592
1719230 592
1719240 592
1719250 592
1719260 592
1719270 592
1719280 592
1719290 592
1719300 592
1719310 592
1719320 592
1719330 592
1719340 592
1719350 592
1719360 592
1719370 592
1719380 592
1719390 592
1719400 592
1719410 592
1719420 592
1719430 592
1719440 592
1719450 592
1719460 592
1719470 592
1719480 592
1719490 592
1719500 593
1719510 593
1719520 593
1719530 593
1719540 593
1719550 593
1719560 593
1719570 593
1719580 593
1719590 593
1719600 593
1719610 593
1719620 593
1719630 593
1719640 593
1719650 593
1719660 593
1719670 593
1719680 593
1719690 593
1719700 593
1719710 593
1719720 593
1719730 593
1719740 593
1719750 593
1719760 593
1719770 593
1719780 593
1719790 593
1719800 593
1719810 593
1719820 593
1719830 593
1719840 593
1719850 594
1719860 594
1719870 594
1719880 594
1719890 594
1719900 594
1719910 594
1719920 594
1719930 594
1719940 594
1719950 594
1719960 594
1719970 594
1719980 594
1719990 594
