1700000 538
1700010 538
1700020 539
1700030 539
1700040 539
1700050 539
1700060 539
1700070 539
1700080 539
1700090 538
1700100 538
1700110 538
1700120 538
1700130 538
1700140 538
1700150 538
1700160 538
1700170 538
1700180 538
1700190 538
1700200 538
1700210 539
1700220 539
1700230 539
1700240 539
1700250 539
1700260 540
1700270 540
1700280 540
1700290 540
1700300 540
1700310 541
1700320 541
1700330 541
1700340 541
1700350 541
1700360 542
1700370 542
1700380 542
1700390 542
1700400 542
1700410 542
1700420 543
1700430 543
1700440 543
1700450 543
1700460 543
1700470 544
1700480 544
1700490 544
1700500 544
1700510 544
1700520 545
1700530 545
1700540 545
1700550 545
1700560 545
1700570 546
1700580 546
1700590 546
1700600 546
1700610 546
1700620 547
1700630 547
1700640 547
1700650 547
1700660 547
1700670 548
1700680 548
1700690 548
1700700 548
1700710 548
1700720 548
1700730 548
1700740 549
1700750 549
1700760 549
1700770 549
1700780 549
1700790 549
1700800 549
1700810 549
1700820 549
1700830 549
1700840 549
1700850 549
1700860 549
1700870 549
1700880 549
1700890 549
1700900 549
1700910 549
1700920 549
1700930 550
1700940 550
1700950 550
1700960 550
1700970 550
1700980 550
1700990 550
1701000 550
1701010 550
1701020 550
1701030 550
1701040 550
1701050 550
1701060 550
1701070 550
1701080 550
1701090 550
1701100 550
1701110 550
1701120 550
1701130 550
1701140 550
1701150 550
1701160 550
1701170 550
1701180 550
1701190 550
1701200 550
1701210 550
1701220 550
1701230 549
1701240 549
1701250 549
1701260 549
1701270 549
1701280 548
1701290 548
1701300 548
1701310 548
1701320 548
1701330 548
1701340 548
1701350 548
1701360 548
1701370 548
1701380 548
1701390 548
1701400 548
1701410 548
1701420 548
1701430 548
1701440 548
1701450 548
1701460 548
1701470 549
1701480 549
1701490 550
1701500 550
1701510 551
1701520 551
1701530 552
1701540 552
1701550 553
1701560 553
1701570 554
1701580 554
1701590 555
1701600 555
1701610 556
1701620 556
1701630 557
1701640 558
1701650 558
1701660 558
1701670 559
1701680 559
1701690 560
1701700 560
1701710 560
1701720 561
1701730 561
1701740 561
1701750 562
1701760 562
1701770 563
1701780 563
1701790 563
1701800 564
1701810 564
1701820 565
1701830 565
1701840 565
1701850 566
1701860 566
1701870 566
1701880 567
1701890 567
1701900 567
1701910 567
1701920 568
1701930 568
1701940 568
1701950 568
1701960 568
1701970 568
1701980 569
1701990 569
1702000 569
1702010 569
1702020 569
1702030 569
1702040 569
1702050 569
1702060 569
1702070 569
1702080 570
1702090 570
1702100 570
1702110 570
1702120 570
1702130 570
1702140 570
1702150 570
1702160 570
1702170 570
1702180 570
1702190 570
1702200 571
1702210 571
1702220 571
1702230 571
1702240 571
1702250 571
1702260 571
1702270 571
1702280 571
1702290 571
1702300 571
1702310 571
1702320 571
1702330 571
1702340 571
1702350 571
1702360 570
1702370 570
1702380 570
1702390 570
1702400 570
1702410 569
1702420 569
1702430 569
1702440 569
1702450 569
1702460 569
1702470 568
1702480 568
1702490 568
1702500 568
1702510 568
1702520 568
1702530 568
1702540 567
1702550 567
1702560 567
1702570 567
1702580 567
1702590 567
1702600 567
1702610 567
1702620 567
1702630 567
1702640 567
1702650 566
1702660 566
1702670 566
1702680 566
1702690 566
1702700 566
1702710 566
1702720 566
1702730 566
1702740 566
1702750 566
1702760 566
1702770 566
1702780 566
1702790 566
1702800 566
1702810 566
1702820 566
1702830 566
1702840 566
1702850 566
1702860 566
1702870 566
1702880 567
1702890 567
1702900 567
1702910 567
1702920 567
1702930 567
1702940 567
1702950 567
1702960 567
1702970 567
1702980 567
1702990 567
1703000 567
1703010 567
1703020 567
1703030 567
1703040 567
1703050 567
1703060 567
1703070 567
1703080 567
1703090 567
1703100 567
1703110 567
1703120 566
1703130 566
1703140 566
1703150 566
1703160 566
1703170 566
1703180 566
1703190 566
1703200 566
1703210 566
1703220 565
1703230 565
1703240 565
1703250 565
1703260 565
1703270 565
1703280 564
1703290 564
1703300 564
1703310 564
1703320 563
1703330 563
1703340 563
1703350 563
1703360 562
1703370 562
1703380 562
1703390 562
1703400 561
1703410 561
1703420 561
1703430 561
1703440 560
1703450 560
1703460 560
1703470 560
1703480 560
1703490 559
1703500 559
1703510 559
1703520 559
1703530 559
1703540 558
1703550 558
1703560 558
1703570 558
1703580 558
1703590 558
1703600 558
1703610 557
1703620 557
1703630 557
1703640 557
1703650 557
1703660 557
1703670 557
1703680 557
1703690 557
1703700 556
1703710 556
1703720 556
1703730 556
1703740 556
1703750 556
1703760 556
1703770 556
1703780 556
1703790 556
1703800 555
1703810 555
1703820 555
1703830 555
1703840 555
1703850 555
1703860 554
1703870 554
1703880 554
1703890 554
1703900 554
1703910 553
1703920 553
1703930 553
1703940 553
1703950 552
1703960 552
1703970 552
1703980 551
1703990 551
1704000 551
1704010 550
1704020 550
1704030 550
1704040 550
1704050 549
1704060 549
1704070 549
1704080 548
1704090 548
1704100 548
1704110 548
1704120 547
1704130 547
1704140 547
1704150 547
1704160 546
1704170 546
1704180 546
1704190 545
1704200 545
1704210 545
1704220 544
1704230 544
1704240 543
1704250 542
1704260 541
1704270 539
1704280 538
1704290 537
1704300 537
1704310 537
1704320 538
1704330 538
1704340 538
1704350 538
1704360 537
1704370 537
1704380 537
1704390 538
1704400 538
1704410 539
1704420 542
1704430 545
1704440 549
1704450 551
1704460 553
1704470 553
1704480 553
1704490 554
1704500 554
1704510 555
1704520 555
1704530 555
1704540 555
1704550 555
1704560 555
1704570 555
1704580 555
1704590 555
1704600 555
1704610 555
1704620 555
1704630 555
1704640 555
1704650 555
1704660 555
1704670 554
1704680 554
1704690 554
1704700 554
1704710 554
1704720 554
1704730 554
1704740 554
1704750 554
1704760 554
1704770 554
1704780 554
1704790 553
1704800 553
1704810 553
1704820 553
1704830 552
1704840 552
1704850 552
1704860 551
1704870 551
1704880 551
1704890 550
1704900 550
1704910 550
1704920 549
1704930 549
1704940 549
1704950 548
1704960 548
1704970 548
1704980 547
1704990 547
1705000 547
1705010 546
1705020 546
1705030 546
1705040 545
1705050 545
1705060 545
1705070 544
1705080 544
1705090 544
1705100 543
1705110 543
1705120 543
1705130 543
1705140 542
1705150 542
1705160 541
1705170 541
1705180 540
1705190 540
1705200 540
1705210 539
1705220 539
1705230 538
1705240 538
1705250 538
1705260 537
1705270 537
1705280 537
1705290 537
1705300 536
1705310 536
1705320 535
1705330 535
1705340 535
1705350 534
1705360 534
1705370 534
1705380 533
1705390 533
1705400 533
1705410 533
1705420 532
1705430 532
1705440 532
1705450 532
1705460 531
1705470 531
1705480 531
1705490 531
1705500 531
1705510 530
1705520 530
1705530 530
1705540 529
1705550 529
1705560 529
1705570 528
1705580 528
1705590 528
1705600 527
1705610 527
1705620 526
1705630 526
1705640 526
1705650 525
1705660 525
1705670 525
1705680 524
1705690 524
1705700 524
1705710 523
1705720 523
1705730 522
1705740 522
1705750 521
1705760 521
1705770 521
1705780 521
1705790 520
1705800 520
1705810 520
1705820 519
1705830 519
1705840 519
1705850 519
1705860 519
1705870 519
1705880 519
1705890 519
1705900 518
1705910 517
1705920 517
1705930 516
1705940 516
1705950 516
1705960 515
1705970 515
1705980 515
1705990 514
1706000 514
1706010 514
1706020 513
1706030 513
1706040 513
1706050 512
1706060 512
1706070 512
1706080 512
1706090 511
1706100 511
1706110 511
1706120 510
1706130 510
1706140 510
1706150 510
1706160 510
1706170 510
1706180 509
1706190 509
1706200 509
1706210 509
1706220 508
1706230 508
1706240 508
1706250 508
1706260 508
1706270 508
1706280 508
1706290 508
1706300 509
1706310 509
1706320 509
1706330 509
1706340 509
1706350 509
1706360 510
1706370 511
1706380 512
1706390 514
1706400 516
1706410 518
1706420 520
1706430 521
1706440 523
1706450 524
1706460 525
1706470 527
1706480 528
1706490 530
1706500 531
1706510 532
1706520 532
1706530 533
1706540 533
1706550 534
1706560 535
1706570 535
1706580 535
1706590 536
1706600 536
1706610 536
1706620 537
1706630 537
1706640 536
1706650 536
1706660 536
1706670 536
1706680 535
1706690 535
1706700 535
1706710 534
1706720 534
1706730 534
1706740 533
1706750 533
1706760 533
1706770 532
1706780 532
1706790 532
1706800 532
1706810 532
1706820 531
1706830 531
1706840 531
1706850 531
1706860 531
1706870 531
1706880 531
1706890 531
1706900 531
1706910 531
1706920 531
1706930 531
1706940 531
1706950 531
1706960 531
1706970 531
1706980 531
1706990 530
1707000 530
1707010 530
1707020 529
1707030 529
1707040 529
1707050 529
1707060 529
1707070 530
1707080 532
1707090 533
1707100 534
1707110 535
1707120 536
1707130 536
1707140 537
1707150 537
1707160 538
1707170 538
1707180 539
1707190 539
1707200 540
1707210 540
1707220 540
1707230 541
1707240 541
1707250 541
1707260 542
1707270 542
1707280 542
1707290 543
1707300 543
1707310 543
1707320 543
1707330 544
1707340 544
1707350 544
1707360 544
1707370 545
1707380 545
1707390 545
1707400 545
1707410 545
1707420 545
1707430 546
1707440 546
1707450 546
1707460 546
1707470 546
1707480 547
1707490 547
1707500 547
1707510 547
1707520 547
1707530 547
1707540 547
1707550 547
1707560 547
1707570 547
1707580 547
1707590 548
1707600 548
1707610 548
1707620 549
1707630 549
1707640 549
1707650 549
1707660 549
1707670 549
1707680 549
1707690 549
1707700 550
1707710 550
1707720 550
1707730 550
1707740 550
1707750 550
1707760 550
1707770 551
1707780 551
1707790 551
1707800 551
1707810 551
1707820 551
1707830 551
1707840 551
1707850 551
1707860 552
1707870 552
1707880 552
1707890 552
1707900 552
1707910 552
1707920 552
1707930 553
1707940 553
1707950 553
1707960 553
1707970 553
1707980 553
1707990 553
1708000 554
1708010 554
1708020 554
1708030 554
1708040 555
1708050 555
1708060 555
1708070 556
1708080 556
1708090 556
1708100 556
1708110 556
1708120 557
1708130 557
1708140 557
1708150 557
1708160 558
1708170 558
1708180 558
1708190 558
1708200 558
1708210 559
1708220 559
1708230 559
1708240 559
1708250 559
1708260 560
1708270 560
1708280 560
1708290 560
1708300 560
1708310 561
1708320 561
1708330 561
1708340 561
1708350 561
1708360 561
1708370 562
1708380 562
1708390 562
1708400 562
1708410 562
1708420 563
1708430 563
1708440 563
1708450 563
1708460 563
1708470 564
1708480 564
1708490 564
1708500 564
1708510 564
1708520 564
1708530 564
1708540 564
1708550 565
1708560 565
1708570 565
1708580 565
1708590 565
1708600 565
1708610 565
1708620 565
1708630 565
1708640 565
1708650 565
1708660 565
1708670 565
1708680 565
1708690 565
1708700 565
1708710 565
1708720 565
1708730 564
1708740 564
1708750 564
1708760 564
1708770 564
1708780 564
1708790 564
1708800 563
1708810 563
1708820 563
1708830 563
1708840 563
1708850 563
1708860 563
1708870 563
1708880 563
1708890 563
1708900 562
1708910 562
1708920 562
1708930 562
1708940 562
1708950 562
1708960 562
1708970 562
1708980 562
1708990 562
1709000 562
1709010 562
1709020 562
1709030 562
1709040 562
1709050 562
1709060 561
1709070 562
1709080 562
1709090 562
1709100 562
1709110 562
1709120 562
1709130 562
1709140 562
1709150 562
1709160 562
1709170 562
1709180 563
1709190 563
1709200 563
1709210 563
1709220 563
1709230 563
1709240 563
1709250 563
1709260 563
1709270 563
1709280 563
1709290 563
1709300 563
1709310 563
1709320 563
1709330 563
1709340 563
1709350 564
1709360 564
1709370 564
1709380 564
1709390 564
1709400 564
1709410 564
1709420 564
1709430 564
1709440 564
1709450 564
1709460 564
1709470 564
1709480 565
1709490 565
1709500 565
1709510 565
1709520 565
1709530 566
1709540 566
1709550 566
1709560 566
1709570 566
1709580 566
1709590 567
1709600 567
1709610 567
1709620 567
1709630 567
1709640 568
1709650 568
1709660 568
1709670 568
1709680 569
1709690 569
1709700 569
1709710 569
1709720 569
1709730 569
1709740 569
1709750 569
1709760 570
1709770 570
1709780 570
1709790 570
1709800 570
1709810 570
1709820 570
1709830 570
1709840 570
1709850 570
1709860 571
1709870 571
1709880 571
1709890 571
1709900 571
1709910 571
1709920 571
1709930 571
1709940 571
1709950 571
1709960 571
1709970 571
1709980 571
1709990 571
1710000 571
1710010 572
1710020 572
1710030 572
1710040 572
1710050 572
1710060 572
1710070 572
1710080 572
1710090 572
1710100 572
1710110 572
1710120 572
1710130 572
1710140 572
1710150 572
1710160 572
1710170 572
1710180 572
1710190 572
1710200 572
1710210 572
1710220 572
1710230 572
1710240 572
1710250 572
1710260 572
1710270 572
1710280 572
1710290 572
1710300 572
1710310 572
1710320 572
1710330 572
1710340 572
1710350 572
1710360 572
1710370 572
1710380 572
1710390 572
1710400 572
1710410 572
1710420 572
1710430 572
1710440 572
1710450 572
1710460 572
1710470 572
1710480 572
1710490 572
1710500 572
1710510 572
1710520 572
1710530 572
1710540 572
1710550 572
1710560 572
1710570 572
1710580 572
1710590 572
1710600 572
1710610 572
1710620 572
1710630 572
1710640 572
1710650 572
1710660 572
1710670 572
1710680 572
1710690 572
1710700 572
1710710 572
1710720 572
1710730 572
1710740 572
1710750 572
1710760 572
1710770 572
1710780 571
1710790 571
1710800 571
1710810 571
1710820 571
1710830 570
1710840 570
1710850 570
1710860 570
1710870 570
1710880 570
1710890 570
1710900 570
1710910 570
1710920 571
1710930 571
1710940 571
1710950 571
1710960 571
1710970 571
1710980 571
1710990 571
1711000 571
1711010 571
1711020 571
1711030 571
1711040 571
1711050 571
1711060 571
1711070 571
1711080 571
1711090 571
1711100 571
1711110 571
1711120 571
1711130 571
1711140 571
1711150 571
1711160 571
1711170 571
1711180 571
1711190 571
1711200 570
1711210 570
1711220 569
1711230 569
1711240 569
1711250 570
1711260 571
1711270 572
1711280 572
1711290 571
1711300 570
1711310 570
1711320 570
1711330 570
1711340 570
1711350 570
1711360 570
1711370 569
1711380 569
1711390 569
1711400 568
1711410 568
1711420 568
1711430 568
1711440 568
1711450 568
1711460 567
1711470 567
1711480 567
1711490 567
1711500 567
1711510 567
1711520 567
1711530 567
1711540 566
1711550 566
1711560 566
1711570 566
1711580 566
1711590 567
1711600 567
1711610 567
1711620 567
1711630 567
1711640 567
1711650 567
1711660 567
1711670 567
1711680 567
1711690 567
1711700 567
1711710 567
1711720 567
1711730 568
1711740 568
1711750 568
1711760 568
1711770 568
1711780 568
1711790 568
1711800 568
1711810 568
1711820 568
1711830 568
1711840 568
1711850 568
1711860 569
1711870 569
1711880 569
1711890 569
1711900 569
1711910 569
1711920 569
1711930 569
1711940 569
1711950 569
1711960 570
1711970 570
1711980 570
1711990 570
1712000 570
1712010 570
1712020 570
1712030 570
1712040 570
1712050 570
1712060 570
1712070 570
1712080 570
1712090 570
1712100 570
1712110 570
1712120 570
1712130 570
1712140 570
1712150 570
1712160 570
1712170 570
1712180 570
1712190 570
1712200 570
1712210 570
1712220 570
1712230 570
1712240 570
1712250 570
1712260 570
1712270 570
1712280 570
1712290 571
1712300 571
1712310 571
1712320 572
1712330 572
1712340 573
1712350 573
1712360 573
1712370 573
1712380 573
1712390 572
1712400 572
1712410 572
1712420 572
1712430 573
1712440 573
1712450 574
1712460 574
1712470 574
1712480 574
1712490 574
1712500 573
1712510 571
1712520 570
1712530 569
1712540 571
1712550 572
1712560 573
1712570 573
1712580 573
1712590 573
1712600 573
1712610 573
1712620 574
1712630 574
1712640 574
1712650 574
1712660 574
1712670 575
1712680 575
1712690 575
1712700 575
1712710 575
1712720 575
1712730 575
1712740 576
1712750 576
1712760 576
1712770 576
1712780 576
1712790 576
1712800 576
1712810 576
1712820 576
1712830 576
1712840 576
1712850 576
1712860 577
1712870 577
1712880 578
1712890 578
1712900 578
1712910 577
1712920 577
1712930 577
1712940 577
1712950 577
1712960 578
1712970 578
1712980 578
1712990 578
1713000 578
1713010 578
1713020 578
1713030 579
1713040 579
1713050 579
1713060 579
1713070 579
1713080 579
1713090 579
1713100 580
1713110 580
1713120 580
1713130 580
1713140 580
1713150 580
1713160 580
1713170 580
1713180 580
1713190 581
1713200 581
1713210 581
1713220 581
1713230 581
1713240 581
1713250 581
1713260 581
1713270 581
1713280 581
1713290 581
1713300 581
1713310 581
1713320 581
1713330 581
1713340 581
1713350 581
1713360 581
1713370 581
1713380 581
1713390 581
1713400 581
1713410 581
1713420 581
1713430 581
1713440 581
1713450 581
1713460 581
1713470 581
1713480 581
1713490 581
1713500 581
1713510 581
1713520 581
1713530 581
1713540 581
1713550 581
1713560 581
1713570 581
1713580 581
1713590 581
1713600 581
1713610 581
1713620 581
1713630 581
1713640 581
1713650 581
1713660 581
1713670 581
1713680 581
1713690 581
1713700 581
1713710 581
1713720 581
1713730 581
1713740 581
1713750 581
1713760 581
1713770 581
1713780 581
1713790 581
1713800 581
1713810 580
1713820 580
1713830 580
1713840 580
1713850 580
1713860 580
1713870 580
1713880 580
1713890 580
1713900 580
1713910 580
1713920 580
1713930 580
1713940 580
1713950 579
1713960 579
1713970 579
1713980 579
1713990 579
1714000 579
1714010 579
1714020 579
1714030 578
1714040 578
1714050 578
1714060 578
1714070 578
1714080 578
1714090 578
1714100 578
1714110 578
1714120 578
1714130 578
1714140 579
1714150 579
1714160 579
1714170 579
1714180 579
1714190 579
1714200 580
1714210 580
1714220 580
1714230 580
1714240 580
1714250 580
1714260 581
1714270 581
1714280 581
1714290 581
1714300 581
1714310 581
1714320 581
1714330 581
1714340 581
1714350 581
1714360 581
1714370 582
1714380 582
1714390 582
1714400 582
1714410 582
1714420 583
1714430 583
1714440 583
1714450 583
1714460 583
1714470 583
1714480 583
1714490 583
1714500 584
1714510 584
1714520 584
1714530 584
1714540 584
1714550 585
1714560 585
1714570 585
1714580 586
1714590 586
1714600 586
1714610 585
1714620 583
1714630 581
1714640 579
1714650 578
1714660 578
1714670 579
1714680 579
1714690 581
1714700 584
1714710 585
1714720 586
1714730 587
1714740 588
1714750 587
1714760 587
1714770 586
1714780 586
1714790 586
1714800 586
1714810 586
1714820 586
1714830 586
1714840 586
1714850 586
1714860 586
1714870 586
1714880 586
1714890 586
1714900 586
1714910 586
1714920 586
1714930 586
1714940 586
1714950 586
1714960 586
1714970 586
1714980 586
1714990 586
1715000 586
1715010 586
1715020 586
1715030 586
1715040 586
1715050 586
1715060 586
1715070 586
1715080 586
1715090 586
1715100 586
1715110 586
1715120 586
1715130 586
1715140 586
1715150 586
1715160 586
1715170 586
1715180 586
1715190 586
1715200 586
1715210 586
1715220 586
1715230 586
1715240 586
1715250 586
1715260 586
1715270 586
1715280 586
1715290 586
1715300 586
1715310 586
1715320 585
1715330 585
1715340 585
1715350 585
1715360 585
1715370 585
1715380 585
1715390 585
1715400 585
1715410 585
1715420 585
1715430 585
1715440 585
1715450 585
1715460 585
1715470 585
1715480 585
1715490 585
1715500 584
1715510 584
1715520 584
1715530 584
1715540 584
1715550 584
1715560 584
1715570 584
1715580 584
1715590 584
1715600 584
1715610 584
1715620 584
1715630 584
1715640 584
1715650 584
1715660 584
1715670 584
1715680 584
1715690 584
1715700 584
1715710 584
1715720 584
1715730 584
1715740 584
1715750 584
1715760 584
1715770 584
1715780 585
1715790 585
1715800 585
1715810 585
1715820 585
1715830 585
1715840 585
1715850 585
1715860 585
1715870 585
1715880 585
1715890 585
1715900 584
1715910 584
1715920 584
1715930 584
1715940 584
1715950 584
1715960 584
1715970 584
1715980 584
1715990 584
1716000 584
1716010 583
1716020 583
1716030 583
1716040 583
1716050 583
1716060 583
1716070 583
1716080 583
1716090 582
1716100 582
1716110 582
1716120 582
1716130 582
1716140 582
1716150 582
1716160 582
1716170 581
1716180 581
1716190 581
1716200 581
1716210 581
1716220 581
1716230 581
1716240 581
1716250 581
1716260 581
1716270 581
1716280 581
1716290 580
1716300 580
1716310 580
1716320 580
1716330 580
1716340 580
1716350 580
1716360 580
1716370 579
1716380 579
1716390 579
1716400 579
1716410 579
1716420 579
1716430 579
1716440 579
1716450 579
1716460 579
1716470 580
1716480 580
1716490 580
1716500 580
1716510 580
1716520 580
1716530 579
1716540 579
1716550 580
1716560 580
1716570 580
1716580 580
1716590 580
1716600 579
1716610 579
1716620 579
1716630 579
1716640 579
1716650 579
1716660 579
1716670 579
1716680 579
1716690 579
1716700 579
1716710 579
1716720 579
1716730 579
1716740 579
1716750 579
1716760 579
1716770 578
1716780 578
1716790 578
1716800 578
1716810 578
1716820 578
1716830 578
1716840 578
1716850 578
1716860 578
1716870 578
1716880 578
1716890 577
1716900 578
1716910 578
1716920 578
1716930 578
1716940 578
1716950 578
1716960 577
1716970 577
1716980 577
1716990 577
1717000 578
1717010 578
1717020 578
1717030 578
1717040 578
1717050 579
1717060 579
1717070 579
1717080 579
1717090 579
1717100 579
1717110 580
1717120 580
1717130 580
1717140 580
1717150 580
1717160 581
1717170 581
1717180 581
1717190 581
1717200 581
1717210 581
1717220 581
1717230 581
1717240 581
1717250 581
1717260 581
1717270 582
1717280 582
1717290 582
1717300 582
1717310 582
1717320 582
1717330 582
1717340 582
1717350 582
1717360 582
1717370 582
1717380 582
1717390 582
1717400 582
1717410 582
1717420 582
1717430 582
1717440 582
1717450 582
1717460 582
1717470 582
1717480 582
1717490 582
1717500 582
1717510 582
1717520 582
1717530 582
1717540 582
1717550 582
1717560 582
1717570 582
1717580 582
1717590 582
1717600 582
1717610 582
1717620 582
1717630 582
1717640 582
1717650 583
1717660 583
1717670 583
1717680 583
1717690 583
1717700 583
1717710 583
1717720 583
1717730 583
1717740 583
1717750 583
1717760 583
1717770 583
1717780 582
1717790 582
1717800 582
1717810 582
1717820 582
1717830 582
1717840 582
1717850 582
1717860 582
1717870 582
1717880 582
1717890 582
1717900 582
1717910 582
1717920 582
1717930 582
1717940 582
1717950 582
1717960 582
1717970 582
1717980 582
1717990 582
1718000 582
1718010 582
1718020 582
1718030 582
1718040 582
1718050 582
1718060 582
1718070 582
1718080 582
1718090 582
1718100 582
1718110 582
1718120 582
1718130 582
1718140 582
1718150 582
1718160 582
1718170 583
1718180 583
1718190 583
1718200 583
1718210 583
1718220 583
1718230 583
1718240 583
1718250 583
1718260 583
1718270 583
1718280 583
1718290 583
1718300 583
1718310 584
1718320 584
1718330 584
1718340 584
1718350 584
1718360 584
1718370 584
1718380 584
1718390 584
1718400 584
1718410 584
1718420 584
1718430 584
1718440 585
1718450 585
1718460 585
1718470 585
1718480 585
1718490 585
1718500 585
1718510 585
1718520 585
1718530 585
1718540 586
1718550 586
1718560 586
1718570 586
1718580 586
1718590 586
1718600 586
1718610 586
1718620 586
1718630 587
1718640 587
1718650 587
1718660 587
1718670 588
1718680 588
1718690 588
1718700 588
1718710 589
1718720 589
1718730 589
1718740 589
1718750 590
1718760 590
1718770 590
1718780 590
1718790 590
1718800 591
1718810 591
1718820 591
1718830 591
1718840 592
1718850 592
1718860 592
1718870 592
1718880 592
1718890 592
1718900 593
1718910 593
1718920 593
1718930 593
1718940 593
1718950 593
1718960 593
1718970 594
1718980 594
1718990 594
1719000 594
1719010 594
1719020 594
1719030 594
1719040 594
1719050 595
1719060 595
1719070 595
1719080 595
1719090 595
1719100 595
1719110 595
1719120 595
1719130 595
1719140 595
1719150 595
1719160 595
1719170 596
1719180 596
1719190 596
1719200 596
1719210 596
1719220 596
1719230 596
1719240 596
1719250 596
1719260 596
1719270 596
1719280 596
1719290 596
1719300 596
1719310 596
1719320 596
1719330 596
1719340 596
1719350 596
1719360 596
1719370 596
1719380 597
1719390 597
1719400 597
1719410 597
1719420 597
1719430 597
1719440 597
1719450 597
1719460 597
1719470 597
1719480 597
1719490 597
1719500 597
1719510 597
1719520 597
1719530 597
1719540 597
1719550 597
1719560 597
1719570 597
1719580 596
1719590 596
1719600 596
1719610 596
1719620 596
1719630 596
1719640 596
1719650 596
1719660 596
1719670 596
1719680 596
1719690 596
1719700 596
1719710 596
1719720 596
1719730 596
1719740 596
1719750 596
1719760 596
1719770 596
1719780 596
1719790 596
1719800 595
1719810 595
1719820 595
1719830 595
1719840 595
1719850 595
1719860 595
1719870 595
1719880 595
1719890 595
1719900 595
1719910 595
1719920 595
1719930 595
1719940 595
1719950 595
1719960 595
1719970 595
1719980 595
1719990 595
