1700000 509
1700010 510
1700020 510
1700030 510
1700040 511
1700050 511
1700060 512
1700070 512
1700080 513
1700090 513
1700100 513
1700110 514
1700120 514
1700130 515
1700140 515
1700150 516
1700160 516
1700170 516
1700180 517
1700190 517
1700200 517
1700210 518
1700220 518
1700230 518
1700240 519
1700250 519
1700260 519
1700270 520
1700280 520
1700290 520
1700300 521
1700310 521
1700320 521
1700330 521
1700340 522
1700350 523
1700360 523
1700370 523
1700380 524
1700390 524
1700400 524
1700410 525
1700420 525
1700430 526
1700440 526
1700450 527
1700460 527
1700470 528
1700480 528
1700490 529
1700500 529
1700510 530
1700520 530
1700530 531
1700540 531
1700550 532
1700560 532
1700570 533
1700580 533
1700590 534
1700600 534
1700610 534
1700620 535
1700630 535
1700640 535
1700650 536
1700660 536
1700670 536
1700680 537
1700690 537
1700700 537
1700710 537
1700720 538
1700730 538
1700740 538
1700750 539
1700760 539
1700770 539
1700780 539
1700790 540
1700800 540
1700810 540
1700820 540
1700830 541
1700840 541
1700850 541
1700860 541
1700870 542
1700880 542
1700890 542
1700900 543
1700910 543
1700920 543
1700930 543
1700940 543
1700950 544
1700960 544
1700970 544
1700980 545
1700990 545
1701000 545
1701010 545
1701020 546
1701030 546
1701040 546
1701050 546
1701060 547
1701070 547
1701080 547
1701090 547
1701100 547
1701110 548
1701120 548
1701130 548
1701140 548
1701150 548
1701160 548
1701170 549
1701180 549
1701190 549
1701200 549
1701210 549
1701220 549
1701230 549
1701240 549
1701250 549
1701260 549
1701270 550
1701280 550
1701290 550
1701300 550
1701310 550
1701320 550
1701330 550
1701340 550
1701350 550
1701360 550
1701370 550
1701380 550
1701390 549
1701400 549
1701410 549
1701420 549
1701430 549
1701440 549
1701450 548
1701460 548
1701470 548
1701480 548
1701490 547
1701500 547
1701510 547
1701520 547
1701530 547
1701540 546
1701550 546
1701560 545
1701570 545
1701580 545
1701590 544
1701600 544
1701610 543
1701620 543
1701630 542
1701640 542
1701650 541
1701660 541
1701670 541
1701680 540
1701690 540
1701700 539
1701710 539
1701720 538
1701730 537
1701740 536
1701750 535
1701760 535
1701770 534
1701780 534
1701790 534
1701800 534
1701810 534
1701820 533
1701830 533
1701840 533
1701850 532
1701860 532
1701870 531
1701880 531
1701890 530
1701900 530
1701910 529
1701920 529
1701930 529
1701940 529
1701950 530
1701960 531
1701970 532
1701980 533
1701990 534
1702000 535
1702010 535
1702020 536
1702030 537
1702040 537
1702050 538
1702060 539
1702070 539
1702080 540
1702090 540
1702100 541
1702110 541
1702120 542
1702130 542
1702140 543
1702150 544
1702160 544
1702170 545
1702180 545
1702190 546
1702200 547
1702210 547
1702220 548
1702230 548
1702240 548
1702250 549
1702260 549
1702270 550
1702280 550
1702290 551
1702300 551
1702310 552
1702320 552
1702330 552
1702340 553
1702350 553
1702360 553
1702370 554
1702380 554
1702390 555
1702400 555
1702410 555
1702420 556
1702430 556
1702440 556
1702450 557
1702460 557
1702470 557
1702480 558
1702490 558
1702500 558
1702510 558
1702520 559
1702530 559
1702540 559
1702550 559
1702560 559
1702570 559
1702580 560
1702590 560
1702600 560
1702610 560
1702620 560
1702630 560
1702640 560
1702650 560
1702660 560
1702670 559
1702680 559
1702690 559
1702700 559
1702710 559
1702720 559
1702730 559
1702740 558
1702750 558
1702760 558
1702770 558
1702780 558
1702790 558
1702800 558
1702810 557
1702820 557
1702830 557
1702840 556
1702850 556
1702860 556
1702870 556
1702880 556
1702890 556
1702900 556
1702910 555
1702920 555
1702930 555
1702940 555
1702950 555
1702960 555
1702970 555
1702980 555
1702990 555
1703000 554
1703010 554
1703020 554
1703030 554
1703040 554
1703050 554
1703060 554
1703070 554
1703080 554
1703090 554
1703100 554
1703110 553
1703120 553
1703130 553
1703140 553
1703150 553
1703160 553
1703170 553
1703180 553
1703190 553
1703200 553
1703210 553
1703220 553
1703230 553
1703240 552
1703250 552
1703260 552
1703270 552
1703280 552
1703290 552
1703300 552
1703310 552
1703320 552
1703330 552
1703340 551
1703350 551
1703360 551
1703370 551
1703380 551
1703390 551
1703400 551
1703410 550
1703420 550
1703430 550
1703440 550
1703450 550
1703460 550
1703470 550
1703480 549
1703490 549
1703500 549
1703510 549
1703520 549
1703530 549
1703540 549
1703550 549
1703560 549
1703570 549
1703580 549
1703590 549
1703600 549
1703610 550
1703620 550
1703630 550
1703640 550
1703650 550
1703660 550
1703670 550
1703680 550
1703690 550
1703700 550
1703710 550
1703720 550
1703730 551
1703740 551
1703750 551
1703760 551
1703770 551
1703780 551
1703790 551
1703800 551
1703810 551
1703820 551
1703830 551
1703840 551
1703850 551
1703860 551
1703870 551
1703880 551
1703890 551
1703900 552
1703910 552
1703920 552
1703930 552
1703940 553
1703950 553
1703960 553
1703970 554
1703980 554
1703990 554
1704000 554
1704010 554
1704020 554
1704030 555
1704040 555
1704050 555
1704060 555
1704070 555
1704080 555
1704090 556
1704100 556
1704110 556
1704120 556
1704130 556
1704140 556
1704150 556
1704160 556
1704170 556
1704180 556
1704190 556
1704200 557
1704210 557
1704220 557
1704230 557
1704240 557
1704250 557
1704260 557
1704270 557
1704280 557
1704290 557
1704300 557
1704310 557
1704320 557
1704330 557
1704340 557
1704350 557
1704360 557
1704370 557
1704380 557
1704390 557
1704400 557
1704410 557
1704420 556
1704430 556
1704440 556
1704450 556
1704460 556
1704470 556
1704480 556
1704490 556
1704500 556
1704510 556
1704520 556
1704530 556
1704540 555
1704550 555
1704560 555
1704570 555
1704580 555
1704590 555
1704600 555
1704610 555
1704620 555
1704630 555
1704640 555
1704650 555
1704660 555
1704670 555
1704680 554
1704690 554
1704700 554
1704710 554
1704720 554
1704730 554
1704740 554
1704750 553
1704760 553
1704770 553
1704780 553
1704790 552
1704800 552
1704810 552
1704820 551
1704830 551
1704840 551
1704850 550
1704860 550
1704870 550
1704880 550
1704890 549
1704900 549
1704910 549
1704920 548
1704930 548
1704940 548
1704950 547
1704960 547
1704970 547
1704980 547
1704990 546
1705000 546
1705010 546
1705020 546
1705030 545
1705040 545
1705050 545
1705060 545
1705070 544
1705080 544
1705090 544
1705100 544
1705110 544
1705120 543
1705130 543
1705140 543
1705150 543
1705160 542
1705170 542
1705180 542
1705190 541
1705200 541
1705210 541
1705220 540
1705230 540
1705240 540
1705250 539
1705260 539
1705270 539
1705280 539
1705290 538
1705300 538
1705310 538
1705320 538
1705330 538
1705340 537
1705350 537
1705360 537
1705370 537
1705380 536
1705390 536
1705400 536
1705410 536
1705420 535
1705430 535
1705440 535
1705450 535
1705460 534
1705470 534
1705480 534
1705490 534
1705500 534
1705510 533
1705520 533
1705530 533
1705540 533
1705550 533
1705560 532
1705570 532
1705580 532
1705590 532
1705600 531
1705610 531
1705620 531
1705630 531
1705640 530
1705650 530
1705660 529
1705670 529
1705680 529
1705690 528
1705700 528
1705710 528
1705720 527
1705730 524
1705740 520
1705750 517
1705760 517
1705770 519
1705780 523
1705790 525
1705800 525
1705810 522
1705820 520
1705830 519
1705840 518
1705850 517
1705860 516
1705870 515
1705880 514
1705890 513
1705900 512
1705910 512
1705920 511
1705930 510
1705940 510
1705950 509
1705960 508
1705970 508
1705980 507
1705990 507
1706000 507
1706010 506
1706020 506
1706030 506
1706040 505
1706050 505
1706060 505
1706070 504
1706080 504
1706090 504
1706100 503
1706110 502
1706120 502
1706130 501
1706140 501
1706150 501
1706160 501
1706170 501
1706180 501
1706190 501
1706200 501
1706210 501
1706220 501
1706230 501
1706240 501
1706250 501
1706260 501
1706270 502
1706280 502
1706290 501
1706300 501
1706310 502
1706320 505
1706330 508
1706340 513
1706350 516
1706360 518
1706370 520
1706380 520
1706390 521
1706400 521
1706410 522
1706420 522
1706430 522
1706440 523
1706450 523
1706460 523
1706470 523
1706480 523
1706490 523
1706500 523
1706510 523
1706520 523
1706530 523
1706540 523
1706550 523
1706560 523
1706570 523
1706580 523
1706590 523
1706600 523
1706610 523
1706620 523
1706630 523
1706640 523
1706650 523
1706660 523
1706670 523
1706680 523
1706690 523
1706700 522
1706710 522
1706720 522
1706730 522
1706740 522
1706750 522
1706760 522
1706770 522
1706780 522
1706790 522
1706800 522
1706810 522
1706820 521
1706830 521
1706840 520
1706850 520
1706860 520
1706870 520
1706880 520
1706890 521
1706900 521
1706910 522
1706920 522
1706930 523
1706940 524
1706950 524
1706960 525
1706970 526
1706980 526
1706990 527
1707000 527
1707010 528
1707020 529
1707030 529
1707040 530
1707050 530
1707060 531
1707070 532
1707080 533
1707090 534
1707100 534
1707110 534
1707120 535
1707130 535
1707140 535
1707150 536
1707160 536
1707170 537
1707180 537
1707190 537
1707200 537
1707210 538
1707220 538
1707230 538
1707240 538
1707250 539
1707260 539
1707270 539
1707280 539
1707290 540
1707300 540
1707310 540
1707320 541
1707330 541
1707340 541
1707350 542
1707360 542
1707370 542
1707380 543
1707390 543
1707400 543
1707410 544
1707420 544
1707430 544
1707440 545
1707450 545
1707460 545
1707470 546
1707480 546
1707490 546
1707500 547
1707510 547
1707520 548
1707530 548
1707540 548
1707550 548
1707560 549
1707570 549
1707580 549
1707590 550
1707600 550
1707610 550
1707620 551
1707630 551
1707640 551
1707650 551
1707660 552
1707670 552
1707680 552
1707690 552
1707700 552
1707710 553
1707720 553
1707730 553
1707740 553
1707750 553
1707760 553
1707770 553
1707780 553
1707790 553
1707800 554
1707810 554
1707820 554
1707830 554
1707840 554
1707850 554
1707860 554
1707870 554
1707880 554
1707890 554
1707900 554
1707910 554
1707920 554
1707930 554
1707940 554
1707950 554
1707960 554
1707970 554
1707980 554
1707990 554
1708000 554
1708010 555
1708020 555
1708030 555
1708040 555
1708050 555
1708060 555
1708070 555
1708080 555
1708090 555
1708100 555
1708110 555
1708120 556
1708130 556
1708140 556
1708150 556
1708160 556
1708170 556
1708180 556
1708190 556
1708200 556
1708210 556
1708220 556
1708230 556
1708240 556
1708250 556
1708260 556
1708270 556
1708280 556
1708290 556
1708300 556
1708310 556
1708320 556
1708330 556
1708340 555
1708350 555
1708360 555
1708370 555
1708380 555
1708390 555
1708400 555
1708410 555
1708420 555
1708430 555
1708440 555
1708450 555
1708460 555
1708470 555
1708480 555
1708490 555
1708500 555
1708510 555
1708520 555
1708530 555
1708540 555
1708550 555
1708560 555
1708570 555
1708580 555
1708590 554
1708600 554
1708610 554
1708620 554
1708630 554
1708640 554
1708650 554
1708660 553
1708670 553
1708680 553
1708690 553
1708700 553
1708710 553
1708720 553
1708730 553
1708740 553
1708750 553
1708760 552
1708770 552
1708780 552
1708790 552
1708800 552
1708810 552
1708820 552
1708830 552
1708840 551
1708850 551
1708860 551
1708870 551
1708880 553
1708890 554
1708900 556
1708910 556
1708920 556
1708930 554
1708940 553
1708950 552
1708960 552
1708970 552
1708980 552
1708990 552
1709000 552
1709010 552
1709020 552
1709030 552
1709040 552
1709050 552
1709060 552
1709070 552
1709080 552
1709090 551
1709100 551
1709110 551
1709120 551
1709130 551
1709140 550
1709150 550
1709160 550
1709170 551
1709180 551
1709190 551
1709200 551
1709210 552
1709220 552
1709230 552
1709240 552
1709250 553
1709260 553
1709270 554
1709280 554
1709290 554
1709300 554
1709310 555
1709320 555
1709330 555
1709340 556
1709350 556
1709360 556
1709370 557
1709380 557
1709390 556
1709400 556
1709410 555
1709420 555
1709430 556
1709440 556
1709450 556
1709460 556
1709470 556
1709480 556
1709490 556
1709500 556
1709510 556
1709520 556
1709530 556
1709540 556
1709550 557
1709560 557
1709570 557
1709580 558
1709590 559
1709600 560
1709610 561
1709620 561
1709630 562
1709640 563
1709650 564
1709660 564
1709670 565
1709680 565
1709690 566
1709700 566
1709710 566
1709720 566
1709730 566
1709740 567
1709750 567
1709760 567
1709770 567
1709780 567
1709790 567
1709800 567
1709810 567
1709820 568
1709830 568
1709840 568
1709850 568
1709860 568
1709870 568
1709880 568
1709890 568
1709900 568
1709910 568
1709920 568
1709930 568
1709940 568
1709950 568
1709960 568
1709970 569
1709980 569
1709990 569
1710000 569
1710010 569
1710020 569
1710030 568
1710040 568
1710050 568
1710060 568
1710070 568
1710080 568
1710090 569
1710100 569
1710110 569
1710120 569
1710130 569
1710140 569
1710150 569
1710160 569
1710170 569
1710180 569
1710190 569
1710200 569
1710210 570
1710220 570
1710230 570
1710240 570
1710250 571
1710260 571
1710270 571
1710280 571
1710290 571
1710300 572
1710310 572
1710320 572
1710330 572
1710340 572
1710350 572
1710360 573
1710370 573
1710380 573
1710390 573
1710400 573
1710410 574
1710420 574
1710430 574
1710440 574
1710450 574
1710460 574
1710470 575
1710480 575
1710490 575
1710500 575
1710510 576
1710520 576
1710530 576
1710540 577
1710550 577
1710560 577
1710570 577
1710580 578
1710590 578
1710600 578
1710610 578
1710620 579
1710630 579
1710640 579
1710650 580
1710660 580
1710670 580
1710680 580
1710690 580
1710700 581
1710710 581
1710720 581
1710730 581
1710740 581
1710750 582
1710760 582
1710770 582
1710780 582
1710790 582
1710800 582
1710810 582
1710820 582
1710830 582
1710840 582
1710850 582
1710860 583
1710870 583
1710880 583
1710890 583
1710900 583
1710910 583
1710920 583
1710930 583
1710940 583
1710950 583
1710960 583
1710970 583
1710980 583
1710990 583
1711000 583
1711010 583
1711020 583
1711030 583
1711040 583
1711050 583
1711060 584
1711070 584
1711080 584
1711090 584
1711100 584
1711110 584
1711120 584
1711130 584
1711140 584
1711150 584
1711160 584
1711170 584
1711180 584
1711190 584
1711200 584
1711210 584
1711220 584
1711230 584
1711240 584
1711250 584
1711260 584
1711270 584
1711280 584
1711290 584
1711300 584
1711310 584
1711320 583
1711330 583
1711340 583
1711350 583
1711360 583
1711370 583
1711380 583
1711390 583
1711400 583
1711410 583
1711420 583
1711430 583
1711440 583
1711450 583
1711460 583
1711470 583
1711480 583
1711490 583
1711500 583
1711510 583
1711520 582
1711530 582
1711540 582
1711550 582
1711560 582
1711570 582
1711580 582
1711590 582
1711600 582
1711610 582
1711620 582
1711630 581
1711640 581
1711650 581
1711660 581
1711670 581
1711680 581
1711690 581
1711700 581
1711710 581
1711720 581
1711730 580
1711740 580
1711750 580
1711760 580
1711770 580
1711780 580
1711790 580
1711800 580
1711810 579
1711820 579
1711830 579
1711840 579
1711850 579
1711860 579
1711870 579
1711880 579
1711890 578
1711900 578
1711910 578
1711920 578
1711930 578
1711940 578
1711950 578
1711960 578
1711970 578
1711980 577
1711990 577
1712000 577
1712010 577
1712020 577
1712030 577
1712040 577
1712050 577
1712060 576
1712070 576
1712080 576
1712090 576
1712100 576
1712110 576
1712120 576
1712130 575
1712140 575
1712150 575
1712160 575
1712170 575
1712180 575
1712190 574
1712200 574
1712210 574
1712220 574
1712230 574
1712240 574
1712250 574
1712260 574
1712270 573
1712280 573
1712290 573
1712300 573
1712310 573
1712320 573
1712330 573
1712340 573
1712350 572
1712360 572
1712370 572
1712380 572
1712390 571
1712400 571
1712410 571
1712420 571
1712430 571
1712440 571
1712450 571
1712460 571
1712470 571
1712480 571
1712490 571
1712500 571
1712510 571
1712520 571
1712530 571
1712540 571
1712550 571
1712560 571
1712570 571
1712580 571
1712590 571
1712600 571
1712610 571
1712620 571
1712630 571
1712640 570
1712650 570
1712660 570
1712670 570
1712680 570
1712690 570
1712700 570
1712710 570
1712720 570
1712730 569
1712740 569
1712750 569
1712760 569
1712770 569
1712780 569
1712790 569
1712800 569
1712810 569
1712820 568
1712830 568
1712840 568
1712850 568
1712860 568
1712870 567
1712880 567
1712890 567
1712900 568
1712910 568
1712920 568
1712930 568
1712940 568
1712950 568
1712960 568
1712970 568
1712980 569
1712990 569
1713000 569
1713010 569
1713020 569
1713030 569
1713040 569
1713050 568
1713060 568
1713070 569
1713080 569
1713090 568
1713100 568
1713110 568
1713120 568
1713130 568
1713140 567
1713150 567
1713160 567
1713170 567
1713180 567
1713190 567
1713200 567
1713210 567
1713220 567
1713230 567
1713240 566
1713250 566
1713260 566
1713270 566
1713280 566
1713290 566
1713300 565
1713310 565
1713320 565
1713330 565
1713340 565
1713350 565
1713360 565
1713370 564
1713380 564
1713390 564
1713400 564
1713410 564
1713420 564
1713430 564
1713440 564
1713450 564
1713460 564
1713470 564
1713480 564
1713490 565
1713500 565
1713510 565
1713520 565
1713530 565
1713540 565
1713550 565
1713560 565
1713570 565
1713580 565
1713590 565
1713600 565
1713610 565
1713620 565
1713630 565
1713640 564
1713650 564
1713660 564
1713670 564
1713680 564
1713690 564
1713700 564
1713710 564
1713720 564
1713730 564
1713740 564
1713750 564
1713760 564
1713770 564
1713780 564
1713790 564
1713800 564
1713810 564
1713820 564
1713830 564
1713840 564
1713850 564
1713860 564
1713870 564
1713880 564
1713890 564
1713900 564
1713910 564
1713920 564
1713930 564
1713940 564
1713950 564
1713960 564
1713970 564
1713980 564
1713990 564
1714000 564
1714010 563
1714020 563
1714030 563
1714040 563
1714050 563
1714060 563
1714070 563
1714080 563
1714090 563
1714100 562
1714110 562
1714120 562
1714130 562
1714140 562
1714150 562
1714160 562
1714170 562
1714180 562
1714190 561
1714200 561
1714210 561
1714220 561
1714230 561
1714240 561
1714250 560
1714260 560
1714270 560
1714280 560
1714290 560
1714300 559
1714310 559
1714320 559
1714330 559
1714340 559
1714350 558
1714360 558
1714370 558
1714380 558
1714390 558
1714400 557
1714410 557
1714420 557
1714430 557
1714440 557
1714450 557
1714460 556
1714470 556
1714480 556
1714490 556
1714500 556
1714510 556
1714520 555
1714530 555
1714540 555
1714550 555
1714560 555
1714570 555
1714580 554
1714590 554
1714600 554
1714610 554
1714620 553
1714630 553
1714640 552
1714650 552
1714660 552
1714670 552
1714680 552
1714690 552
1714700 552
1714710 552
1714720 552
1714730 552
1714740 552
1714750 552
1714760 552
1714770 553
1714780 553
1714790 553
1714800 554
1714810 555
1714820 555
1714830 556
1714840 556
1714850 557
1714860 557
1714870 558
1714880 558
1714890 558
1714900 559
1714910 559
1714920 559
1714930 560
1714940 560
1714950 560
1714960 561
1714970 561
1714980 561
1714990 562
1715000 562
1715010 562
1715020 562
1715030 562
1715040 563
1715050 563
1715060 563
1715070 563
1715080 563
1715090 564
1715100 564
1715110 564
1715120 564
1715130 564
1715140 565
1715150 565
1715160 565
1715170 565
1715180 565
1715190 565
1715200 565
1715210 566
1715220 566
1715230 566
1715240 566
1715250 566
1715260 566
1715270 566
1715280 566
1715290 566
1715300 567
1715310 567
1715320 567
1715330 567
1715340 567
1715350 566
1715360 566
1715370 566
1715380 566
1715390 566
1715400 566
1715410 566
1715420 565
1715430 565
1715440 565
1715450 565
1715460 565
1715470 564
1715480 564
1715490 564
1715500 564
1715510 564
1715520 564
1715530 564
1715540 564
1715550 564
1715560 565
1715570 565
1715580 566
1715590 566
1715600 566
1715610 566
1715620 567
1715630 567
1715640 567
1715650 567
1715660 567
1715670 567
1715680 568
1715690 568
1715700 569
1715710 569
1715720 569
1715730 569
1715740 569
1715750 569
1715760 569
1715770 570
1715780 570
1715790 570
1715800 570
1715810 570
1715820 570
1715830 571
1715840 571
1715850 571
1715860 571
1715870 571
1715880 571
1715890 572
1715900 572
1715910 572
1715920 572
1715930 572
1715940 572
1715950 573
1715960 573
1715970 573
1715980 573
1715990 573
1716000 573
1716010 573
1716020 573
1716030 573
1716040 573
1716050 574
1716060 574
1716070 574
1716080 574
1716090 574
1716100 574
1716110 574
1716120 574
1716130 574
1716140 574
1716150 574
1716160 575
1716170 575
1716180 575
1716190 575
1716200 575
1716210 575
1716220 575
1716230 575
1716240 575
1716250 575
1716260 576
1716270 576
1716280 576
1716290 576
1716300 576
1716310 576
1716320 576
1716330 576
1716340 576
1716350 577
1716360 577
1716370 577
1716380 577
1716390 577
1716400 577
1716410 577
1716420 577
1716430 577
1716440 577
1716450 577
1716460 577
1716470 577
1716480 577
1716490 577
1716500 577
1716510 578
1716520 578
1716530 578
1716540 578
1716550 577
1716560 577
1716570 576
1716580 575
1716590 574
1716600 573
1716610 572
1716620 572
1716630 571
1716640 571
1716650 571
1716660 572
1716670 573
1716680 574
1716690 575
1716700 576
1716710 576
1716720 577
1716730 577
1716740 577
1716750 577
1716760 577
1716770 577
1716780 577
1716790 577
1716800 577
1716810 577
1716820 577
1716830 576
1716840 576
1716850 576
1716860 576
1716870 576
1716880 576
1716890 576
1716900 576
1716910 576
1716920 576
1716930 576
1716940 576
1716950 576
1716960 576
1716970 576
1716980 576
1716990 576
1717000 576
1717010 576
1717020 576
1717030 576
1717040 576
1717050 576
1717060 576
1717070 576
1717080 576
1717090 576
1717100 576
1717110 576
1717120 576
1717130 576
1717140 575
1717150 575
1717160 575
1717170 575
1717180 575
1717190 575
1717200 575
1717210 575
1717220 575
1717230 575
1717240 575
1717250 575
1717260 575
1717270 575
1717280 575
1717290 575
1717300 575
1717310 575
1717320 575
1717330 575
1717340 574
1717350 574
1717360 575
1717370 575
1717380 575
1717390 574
1717400 574
1717410 574
1717420 574
1717430 574
1717440 574
1717450 574
1717460 573
1717470 573
1717480 573
1717490 573
1717500 573
1717510 573
1717520 573
1717530 573
1717540 573
1717550 573
1717560 573
1717570 573
1717580 572
1717590 572
1717600 572
1717610 572
1717620 572
1717630 572
1717640 572
1717650 572
1717660 572
1717670 572
1717680 571
1717690 571
1717700 571
1717710 571
1717720 571
1717730 571
1717740 570
1717750 570
1717760 570
1717770 570
1717780 570
1717790 570
1717800 569
1717810 569
1717820 569
1717830 569
1717840 569
1717850 569
1717860 568
1717870 568
1717880 568
1717890 568
1717900 568
1717910 568
1717920 567
1717930 567
1717940 567
1717950 567
1717960 566
1717970 566
1717980 566
1717990 566
1718000 566
1718010 566
1718020 566
1718030 565
1718040 565
1718050 565
1718060 565
1718070 565
1718080 565
1718090 564
1718100 564
1718110 564
1718120 564
1718130 564
1718140 564
1718150 565
1718160 565
1718170 565
1718180 566
1718190 567
1718200 567
1718210 568
1718220 568
1718230 569
1718240 569
1718250 569
1718260 569
1718270 569
1718280 569
1718290 570
1718300 570
1718310 570
1718320 570
1718330 570
1718340 570
1718350 570
1718360 570
1718370 571
1718380 571
1718390 571
1718400 571
1718410 571
1718420 571
1718430 571
1718440 571
1718450 571
1718460 571
1718470 571
1718480 571
1718490 571
1718500 572
1718510 572
1718520 572
1718530 572
1718540 572
1718550 572
1718560 572
1718570 572
1718580 572
1718590 572
1718600 572
1718610 572
1718620 572
1718630 573
1718640 573
1718650 573
1718660 573
1718670 573
1718680 573
1718690 573
1718700 573
1718710 573
1718720 573
1718730 573
1718740 573
1718750 573
1718760 573
1718770 573
1718780 573
1718790 573
1718800 573
1718810 573
1718820 573
1718830 573
1718840 573
1718850 573
1718860 573
1718870 573
1718880 573
1718890 573
1718900 573
1718910 573
1718920 573
1718930 573
1718940 573
1718950 572
1718960 572
1718970 572
1718980 572
1718990 572
1719000 572
1719010 572
1719020 572
1719030 572
1719040 572
1719050 572
1719060 572
1719070 572
1719080 572
1719090 572
1719100 572
1719110 572
1719120 572
1719130 572
1719140 572
1719150 571
1719160 571
1719170 571
1719180 571
1719190 571
1719200 571
1719210 571
1719220 571
1719230 571
1719240 571
1719250 571
1719260 571
1719270 571
1719280 571
1719290 571
1719300 571
1719310 571
1719320 571
1719330 571
1719340 571
1719350 571
1719360 571
1719370 571
1719380 571
1719390 571
1719400 571
1719410 571
1719420 571
1719430 571
1719440 571
1719450 571
1719460 571
1719470 571
1719480 571
1719490 571
1719500 571
1719510 571
1719520 571
1719530 571
1719540 571
1719550 570
1719560 570
1719570 570
1719580 570
1719590 570
1719600 570
1719610 570
1719620 569
1719630 569
1719640 569
1719650 569
1719660 569
1719670 568
1719680 568
1719690 568
1719700 568
1719710 568
1719720 568
1719730 568
1719740 569
1719750 569
1719760 570
1719770 570
1719780 570
1719790 571
1719800 571
1719810 571
1719820 571
1719830 572
1719840 572
1719850 572
1719860 572
1719870 572
1719880 573
1719890 573
1719900 573
1719910 573
1719920 573
1719930 573
1719940 573
1719950 574
1719960 574
1719970 574
1719980 574
1719990 574
