1700000 517
1700010 517
1700020 517
1700030 517
1700040 518
1700050 518
1700060 518
1700070 518
1700080 518
1700090 518
1700100 518
1700110 518
1700120 518
1700130 518
1700140 518
1700150 518
1700160 517
1700170 517
1700180 517
1700190 517
1700200 517
1700210 517
1700220 517
1700230 517
1700240 517
1700250 517
1700260 517
1700270 517
1700280 517
1700290 517
1700300 517
1700310 517
1700320 517
1700330 517
1700340 517
1700350 517
1700360 517
1700370 517
1700380 517
1700390 517
1700400 517
1700410 517
1700420 517
1700430 517
1700440 517
1700450 517
1700460 517
1700470 517
1700480 517
1700490 516
1700500 516
1700510 516
1700520 516
1700530 516
1700540 515
1700550 515
1700560 515
1700570 514
1700580 514
1700590 514
1700600 514
1700610 513
1700620 513
1700630 512
1700640 512
1700650 511
1700660 511
1700670 510
1700680 510
1700690 509
1700700 509
1700710 509
1700720 508
1700730 508
1700740 508
1700750 508
1700760 507
1700770 507
1700780 507
1700790 507
1700800 506
1700810 506
1700820 506
1700830 506
1700840 505
1700850 505
1700860 505
1700870 505
1700880 505
1700890 505
1700900 505
1700910 505
1700920 505
1700930 505
1700940 505
1700950 505
1700960 504
1700970 504
1700980 504
1700990 504
1701000 503
1701010 503
1701020 503
1701030 503
1701040 502
1701050 502
1701060 502
1701070 502
1701080 501
1701090 501
1701100 501
1701110 500
1701120 500
1701130 500
1701140 500
1701150 499
1701160 499
1701170 499
1701180 499
1701190 499
1701200 499
1701210 499
1701220 500
1701230 501
1701240 503
1701250 505
1701260 506
1701270 507
1701280 509
1701290 510
1701300 512
1701310 514
1701320 515
1701330 515
1701340 516
1701350 516
1701360 517
1701370 518
1701380 518
1701390 519
1701400 519
1701410 520
1701420 520
1701430 520
1701440 520
1701450 521
1701460 521
1701470 521
1701480 521
1701490 521
1701500 521
1701510 521
1701520 521
1701530 521
1701540 521
1701550 521
1701560 522
1701570 522
1701580 522
1701590 522
1701600 522
1701610 522
1701620 523
1701630 523
1701640 523
1701650 523
1701660 524
1701670 524
1701680 524
1701690 525
1701700 525
1701710 525
1701720 526
1701730 526
1701740 526
1701750 527
1701760 527
1701770 527
1701780 527
1701790 528
1701800 528
1701810 528
1701820 529
1701830 529
1701840 529
1701850 529
1701860 529
1701870 530
1701880 530
1701890 530
1701900 530
1701910 530
1701920 530
1701930 530
1701940 531
1701950 531
1701960 531
1701970 531
1701980 531
1701990 532
1702000 532
1702010 532
1702020 532
1702030 532
1702040 532
1702050 532
1702060 532
1702070 532
1702080 532
1702090 532
1702100 532
1702110 532
1702120 532
1702130 531
1702140 531
1702150 531
1702160 531
1702170 531
1702180 531
1702190 531
1702200 531
1702210 531
1702220 530
1702230 530
1702240 530
1702250 530
1702260 530
1702270 530
1702280 530
1702290 530
1702300 530
1702310 529
1702320 529
1702330 529
1702340 529
1702350 529
1702360 529
1702370 529
1702380 528
1702390 528
1702400 528
1702410 528
1702420 528
1702430 527
1702440 527
1702450 527
1702460 527
1702470 527
1702480 527
1702490 527
1702500 527
1702510 527
1702520 526
1702530 526
1702540 526
1702550 526
1702560 526
1702570 525
1702580 525
1702590 525
1702600 525
1702610 525
1702620 524
1702630 524
1702640 524
1702650 524
1702660 524
1702670 524
1702680 524
1702690 525
1702700 525
1702710 525
1702720 525
1702730 525
1702740 526
1702750 526
1702760 526
1702770 526
1702780 526
1702790 527
1702800 527
1702810 527
1702820 527
1702830 527
1702840 527
1702850 527
1702860 527
1702870 527
1702880 527
1702890 527
1702900 527
1702910 527
1702920 527
1702930 528
1702940 528
1702950 528
1702960 528
1702970 528
1702980 528
1702990 528
1703000 528
1703010 528
1703020 528
1703030 528
1703040 528
1703050 528
1703060 528
1703070 527
1703080 527
1703090 527
1703100 526
1703110 526
1703120 526
1703130 525
1703140 525
1703150 525
1703160 524
1703170 524
1703180 523
1703190 523
1703200 522
1703210 522
1703220 521
1703230 521
1703240 521
1703250 520
1703260 520
1703270 520
1703280 519
1703290 519
1703300 519
1703310 518
1703320 518
1703330 517
1703340 517
1703350 516
1703360 516
1703370 516
1703380 515
1703390 514
1703400 513
1703410 512
1703420 512
1703430 511
1703440 511
1703450 511
1703460 511
1703470 510
1703480 509
1703490 508
1703500 507
1703510 506
1703520 505
1703530 504
1703540 504
1703550 503
1703560 503
1703570 502
1703580 501
1703590 500
1703600 500
1703610 499
1703620 498
1703630 498
1703640 497
1703650 497
1703660 496
1703670 497
1703680 497
1703690 497
1703700 497
1703710 497
1703720 497
1703730 497
1703740 497
1703750 497
1703760 497
1703770 496
1703780 496
1703790 495
1703800 495
1703810 495
1703820 495
1703830 495
1703840 495
1703850 495
1703860 494
1703870 494
1703880 494
1703890 494
1703900 494
1703910 494
1703920 494
1703930 494
1703940 494
1703950 494
1703960 494
1703970 494
1703980 494
1703990 495
1704000 495
1704010 495
1704020 495
1704030 495
1704040 495
1704050 495
1704060 495
1704070 495
1704080 495
1704090 495
1704100 495
1704110 495
1704120 495
1704130 494
1704140 494
1704150 494
1704160 494
1704170 494
1704180 493
1704190 493
1704200 493
1704210 494
1704220 494
1704230 494
1704240 494
1704250 494
1704260 494
1704270 494
1704280 494
1704290 494
1704300 494
1704310 494
1704320 494
1704330 494
1704340 494
1704350 495
1704360 495
1704370 495
1704380 495
1704390 495
1704400 496
1704410 496
1704420 497
1704430 498
1704440 499
1704450 500
1704460 501
1704470 501
1704480 502
1704490 502
1704500 504
1704510 505
1704520 507
1704530 507
1704540 508
1704550 509
1704560 510
1704570 511
1704580 511
1704590 512
1704600 512
1704610 513
1704620 513
1704630 514
1704640 515
1704650 515
1704660 516
1704670 516
1704680 517
1704690 517
1704700 518
1704710 518
1704720 519
1704730 520
1704740 520
1704750 521
1704760 521
1704770 522
1704780 522
1704790 523
1704800 523
1704810 524
1704820 524
1704830 525
1704840 526
1704850 526
1704860 527
1704870 528
1704880 529
1704890 529
1704900 530
1704910 531
1704920 531
1704930 532
1704940 532
1704950 533
1704960 533
1704970 534
1704980 535
1704990 535
1705000 536
1705010 536
1705020 536
1705030 537
1705040 537
1705050 537
1705060 538
1705070 538
1705080 538
1705090 539
1705100 539
1705110 539
1705120 540
1705130 540
1705140 541
1705150 541
1705160 541
1705170 541
1705180 541
1705190 541
1705200 541
1705210 541
1705220 541
1705230 541
1705240 541
1705250 541
1705260 541
1705270 541
1705280 541
1705290 541
1705300 541
1705310 542
1705320 542
1705330 542
1705340 542
1705350 542
1705360 542
1705370 542
1705380 543
1705390 543
1705400 543
1705410 543
1705420 543
1705430 543
1705440 543
1705450 543
1705460 543
1705470 542
1705480 542
1705490 542
1705500 542
1705510 542
1705520 542
1705530 542
1705540 542
1705550 542
1705560 542
1705570 542
1705580 541
1705590 541
1705600 541
1705610 541
1705620 541
1705630 540
1705640 540
1705650 540
1705660 539
1705670 539
1705680 539
1705690 538
1705700 538
1705710 538
1705720 537
1705730 537
1705740 536
1705750 536
1705760 536
1705770 535
1705780 535
1705790 535
1705800 535
1705810 534
1705820 534
1705830 534
1705840 533
1705850 533
1705860 533
1705870 533
1705880 533
1705890 533
1705900 533
1705910 533
1705920 532
1705930 532
1705940 532
1705950 532
1705960 532
1705970 532
1705980 532
1705990 532
1706000 532
1706010 532
1706020 532
1706030 532
1706040 532
1706050 532
1706060 532
1706070 531
1706080 531
1706090 531
1706100 531
1706110 531
1706120 531
1706130 530
1706140 530
1706150 530
1706160 530
1706170 530
1706180 530
1706190 530
1706200 530
1706210 530
1706220 530
1706230 530
1706240 529
1706250 529
1706260 529
1706270 529
1706280 528
1706290 528
1706300 528
1706310 528
1706320 527
1706330 527
1706340 527
1706350 526
1706360 526
1706370 526
1706380 525
1706390 525
1706400 525
1706410 524
1706420 524
1706430 524
1706440 524
1706450 524
1706460 524
1706470 523
1706480 523
1706490 522
1706500 521
1706510 520
1706520 520
1706530 520
1706540 519
1706550 519
1706560 519
1706570 519
1706580 519
1706590 520
1706600 520
1706610 520
1706620 520
1706630 520
1706640 520
1706650 520
1706660 520
1706670 520
1706680 520
1706690 520
1706700 520
1706710 521
1706720 521
1706730 521
1706740 521
1706750 521
1706760 521
1706770 521
1706780 521
1706790 521
1706800 521
1706810 521
1706820 521
1706830 521
1706840 521
1706850 522
1706860 522
1706870 522
1706880 522
1706890 522
1706900 522
1706910 522
1706920 522
1706930 523
1706940 523
1706950 523
1706960 523
1706970 525
1706980 525
1706990 526
1707000 526
1707010 527
1707020 527
1707030 527
1707040 527
1707050 527
1707060 528
1707070 530
1707080 531
1707090 531
1707100 531
1707110 531
1707120 531
1707130 531
1707140 532
1707150 533
1707160 533
1707170 534
1707180 534
1707190 535
1707200 535
1707210 535
1707220 535
1707230 535
1707240 535
1707250 536
1707260 536
1707270 536
1707280 536
1707290 537
1707300 537
1707310 538
1707320 538
1707330 538
1707340 539
1707350 539
1707360 540
1707370 540
1707380 541
1707390 541
1707400 542
1707410 542
1707420 543
1707430 543
1707440 544
1707450 544
1707460 545
1707470 545
1707480 545
1707490 546
1707500 546
1707510 547
1707520 547
1707530 548
1707540 548
1707550 549
1707560 549
1707570 549
1707580 549
1707590 550
1707600 550
1707610 550
1707620 550
1707630 551
1707640 551
1707650 551
1707660 551
1707670 551
1707680 551
1707690 551
1707700 551
1707710 551
1707720 552
1707730 552
1707740 552
1707750 552
1707760 552
1707770 552
1707780 552
1707790 552
1707800 552
1707810 552
1707820 552
1707830 552
1707840 552
1707850 552
1707860 552
1707870 552
1707880 552
1707890 552
1707900 552
1707910 552
1707920 553
1707930 553
1707940 553
1707950 553
1707960 553
1707970 553
1707980 554
1707990 554
1708000 554
1708010 554
1708020 554
1708030 554
1708040 555
1708050 555
1708060 555
1708070 556
1708080 556
1708090 556
1708100 556
1708110 557
1708120 557
1708130 557
1708140 558
1708150 558
1708160 559
1708170 559
1708180 559
1708190 560
1708200 560
1708210 561
1708220 561
1708230 562
1708240 562
1708250 563
1708260 563
1708270 563
1708280 564
1708290 564
1708300 565
1708310 565
1708320 566
1708330 566
1708340 567
1708350 567
1708360 568
1708370 568
1708380 569
1708390 569
1708400 570
1708410 570
1708420 571
1708430 571
1708440 572
1708450 572
1708460 573
1708470 573
1708480 574
1708490 574
1708500 575
1708510 575
1708520 576
1708530 576
1708540 577
1708550 577
1708560 577
1708570 578
1708580 578
1708590 579
1708600 579
1708610 580
1708620 580
1708630 581
1708640 581
1708650 582
1708660 582
1708670 583
1708680 583
1708690 584
1708700 584
1708710 584
1708720 585
1708730 585
1708740 586
1708750 587
1708760 587
1708770 588
1708780 588
1708790 589
1708800 590
1708810 590
1708820 591
1708830 591
1708840 592
1708850 593
1708860 593
1708870 594
1708880 595
1708890 596
1708900 596
1708910 597
1708920 598
1708930 599
1708940 600
1708950 600
1708960 601
1708970 602
1708980 604
1708990 605
1709000 606
1709010 607
1709020 607
1709030 608
1709040 609
1709050 610
1709060 610
1709070 611
1709080 612
1709090 612
1709100 613
1709110 613
1709120 613
1709130 614
1709140 614
1709150 615
1709160 615
1709170 615
1709180 616
1709190 616
1709200 616
1709210 616
1709220 617
1709230 617
1709240 617
1709250 617
1709260 617
1709270 617
1709280 617
1709290 617
1709300 617
1709310 617
1709320 617
1709330 617
1709340 617
1709350 617
1709360 617
1709370 617
1709380 617
1709390 617
1709400 617
1709410 616
1709420 616
1709430 616
1709440 616
1709450 616
1709460 615
1709470 615
1709480 615
1709490 615
1709500 614
1709510 614
1709520 614
1709530 615
1709540 615
1709550 615
1709560 615
1709570 615
1709580 614
1709590 613
1709600 612
1709610 611
1709620 611
1709630 610
1709640 610
1709650 610
1709660 609
1709670 609
1709680 609
1709690 608
1709700 608
1709710 608
1709720 607
1709730 607
1709740 606
1709750 606
1709760 605
1709770 605
1709780 604
1709790 604
1709800 604
1709810 603
1709820 603
1709830 603
1709840 602
1709850 602
1709860 602
1709870 601
1709880 601
1709890 600
1709900 600
1709910 600
1709920 600
1709930 600
1709940 600
1709950 599
1709960 599
1709970 599
1709980 599
1709990 598
1710000 598
1710010 598
1710020 598
1710030 597
1710040 597
1710050 597
1710060 597
1710070 596
1710080 596
1710090 596
1710100 595
1710110 595
1710120 595
1710130 595
1710140 595
1710150 594
1710160 594
1710170 594
1710180 594
1710190 594
1710200 594
1710210 594
1710220 594
1710230 594
1710240 594
1710250 594
1710260 594
1710270 594
1710280 594
1710290 594
1710300 594
1710310 594
1710320 594
1710330 593
1710340 593
1710350 593
1710360 593
1710370 593
1710380 593
1710390 593
1710400 593
1710410 592
1710420 592
1710430 592
1710440 592
1710450 592
1710460 592
1710470 592
1710480 592
1710490 592
1710500 591
1710510 591
1710520 591
1710530 591
1710540 591
1710550 591
1710560 591
1710570 591
1710580 591
1710590 591
1710600 591
1710610 591
1710620 591
1710630 591
1710640 590
1710650 590
1710660 590
1710670 590
1710680 590
1710690 590
1710700 590
1710710 590
1710720 590
1710730 589
1710740 589
1710750 589
1710760 589
1710770 589
1710780 589
1710790 588
1710800 588
1710810 588
1710820 588
1710830 588
1710840 588
1710850 587
1710860 587
1710870 587
1710880 587
1710890 587
1710900 587
1710910 587
1710920 586
1710930 586
1710940 586
1710950 586
1710960 585
1710970 585
1710980 585
1710990 585
1711000 585
1711010 585
1711020 584
1711030 584
1711040 584
1711050 584
1711060 584
1711070 584
1711080 583
1711090 583
1711100 583
1711110 583
1711120 583
1711130 583
1711140 583
1711150 582
1711160 582
1711170 582
1711180 582
1711190 582
1711200 581
1711210 581
1711220 581
1711230 581
1711240 581
1711250 581
1711260 581
1711270 580
1711280 580
1711290 580
1711300 580
1711310 580
1711320 580
1711330 579
1711340 579
1711350 579
1711360 579
1711370 579
1711380 579
1711390 579
1711400 578
1711410 578
1711420 578
1711430 578
1711440 578
1711450 578
1711460 578
1711470 578
1711480 578
1711490 578
1711500 577
1711510 577
1711520 577
1711530 577
1711540 577
1711550 577
1711560 577
1711570 577
1711580 577
1711590 577
1711600 577
1711610 577
1711620 577
1711630 577
1711640 576
1711650 576
1711660 576
1711670 576
1711680 576
1711690 576
1711700 576
1711710 576
1711720 576
1711730 576
1711740 576
1711750 575
1711760 575
1711770 575
1711780 575
1711790 576
1711800 576
1711810 576
1711820 576
1711830 576
1711840 576
1711850 576
1711860 576
1711870 576
1711880 576
1711890 576
1711900 576
1711910 576
1711920 576
1711930 576
1711940 576
1711950 576
1711960 577
1711970 577
1711980 577
1711990 577
1712000 576
1712010 576
1712020 576
1712030 576
1712040 576
1712050 576
1712060 576
1712070 575
1712080 575
1712090 575
1712100 575
1712110 574
1712120 574
1712130 574
1712140 574
1712150 573
1712160 573
1712170 572
1712180 572
1712190 572
1712200 571
1712210 571
1712220 571
1712230 571
1712240 571
1712250 571
1712260 570
1712270 570
1712280 570
1712290 570
1712300 570
1712310 570
1712320 569
1712330 569
1712340 569
1712350 569
1712360 569
1712370 569
1712380 569
1712390 568
1712400 568
1712410 568
1712420 568
1712430 568
1712440 568
1712450 568
1712460 568
1712470 568
1712480 568
1712490 568
1712500 567
1712510 567
1712520 567
1712530 567
1712540 567
1712550 567
1712560 567
1712570 567
1712580 567
1712590 567
1712600 567
1712610 567
1712620 567
1712630 567
1712640 567
1712650 567
1712660 567
1712670 567
1712680 567
1712690 567
1712700 566
1712710 566
1712720 566
1712730 566
1712740 566
1712750 566
1712760 566
1712770 566
1712780 566
1712790 566
1712800 566
1712810 566
1712820 566
1712830 566
1712840 566
1712850 566
1712860 566
1712870 566
1712880 566
1712890 566
1712900 566
1712910 567
1712920 567
1712930 567
1712940 567
1712950 567
1712960 567
1712970 567
1712980 567
1712990 567
1713000 567
1713010 567
1713020 568
1713030 568
1713040 568
1713050 569
1713060 569
1713070 569
1713080 569
1713090 570
1713100 570
1713110 570
1713120 570
1713130 570
1713140 571
1713150 571
1713160 571
1713170 571
1713180 571
1713190 571
1713200 572
1713210 572
1713220 572
1713230 572
1713240 572
1713250 572
1713260 572
1713270 572
1713280 572
1713290 572
1713300 572
1713310 572
1713320 572
1713330 572
1713340 572
1713350 572
1713360 572
1713370 572
1713380 572
1713390 572
1713400 572
1713410 572
1713420 572
1713430 572
1713440 572
1713450 572
1713460 572
1713470 572
1713480 572
1713490 572
1713500 572
1713510 572
1713520 572
1713530 572
1713540 572
1713550 572
1713560 572
1713570 572
1713580 572
1713590 572
1713600 572
1713610 572
1713620 572
1713630 572
1713640 572
1713650 572
1713660 572
1713670 572
1713680 572
1713690 572
1713700 572
1713710 572
1713720 572
1713730 572
1713740 572
1713750 572
1713760 572
1713770 572
1713780 572
1713790 572
1713800 571
1713810 571
1713820 571
1713830 571
1713840 571
1713850 571
1713860 571
1713870 571
1713880 571
1713890 571
1713900 571
1713910 571
1713920 571
1713930 571
1713940 570
1713950 570
1713960 570
1713970 570
1713980 570
1713990 570
1714000 570
1714010 570
1714020 570
1714030 570
1714040 570
1714050 569
1714060 569
1714070 569
1714080 569
1714090 569
1714100 569
1714110 569
1714120 569
1714130 569
1714140 569
1714150 568
1714160 568
1714170 568
1714180 568
1714190 568
1714200 568
1714210 567
1714220 567
1714230 567
1714240 567
1714250 566
1714260 566
1714270 566
1714280 566
1714290 565
1714300 565
1714310 565
1714320 565
1714330 564
1714340 564
1714350 563
1714360 563
1714370 563
1714380 562
1714390 562
1714400 561
1714410 561
1714420 560
1714430 560
1714440 560
1714450 559
1714460 559
1714470 558
1714480 558
1714490 558
1714500 557
1714510 557
1714520 557
1714530 556
1714540 556
1714550 556
1714560 555
1714570 555
1714580 555
1714590 555
1714600 554
1714610 554
1714620 554
1714630 553
1714640 553
1714650 553
1714660 552
1714670 552
1714680 552
1714690 551
1714700 551
1714710 551
1714720 550
1714730 550
1714740 550
1714750 549
1714760 549
1714770 549
1714780 548
1714790 548
1714800 548
1714810 548
1714820 547
1714830 547
1714840 546
1714850 546
1714860 546
1714870 546
1714880 545
1714890 545
1714900 545
1714910 545
1714920 545
1714930 545
1714940 545
1714950 545
1714960 545
1714970 545
1714980 544
1714990 545
1715000 545
1715010 547
1715020 548
1715030 548
1715040 549
1715050 549
1715060 550
1715070 550
1715080 550
1715090 551
1715100 551
1715110 552
1715120 552
1715130 552
1715140 553
1715150 553
1715160 553
1715170 553
1715180 554
1715190 554
1715200 554
1715210 554
1715220 554
1715230 554
1715240 554
1715250 554
1715260 554
1715270 554
1715280 554
1715290 554
1715300 555
1715310 555
1715320 555
1715330 555
1715340 555
1715350 555
1715360 555
1715370 555
1715380 555
1715390 555
1715400 556
1715410 556
1715420 556
1715430 556
1715440 556
1715450 557
1715460 557
1715470 557
1715480 557
1715490 557
1715500 558
1715510 558
1715520 558
1715530 558
1715540 558
1715550 558
1715560 559
1715570 559
1715580 559
1715590 559
1715600 559
1715610 560
1715620 560
1715630 560
1715640 560
1715650 560
1715660 560
1715670 560
1715680 560
1715690 560
1715700 561
1715710 560
1715720 560
1715730 560
1715740 561
1715750 561
1715760 561
1715770 561
1715780 561
1715790 561
1715800 561
1715810 561
1715820 561
1715830 561
1715840 561
1715850 561
1715860 561
1715870 561
1715880 561
1715890 561
1715900 561
1715910 561
1715920 561
1715930 561
1715940 561
1715950 562
1715960 562
1715970 562
1715980 562
1715990 562
1716000 562
1716010 561
1716020 561
1716030 561
1716040 561
1716050 561
1716060 561
1716070 561
1716080 561
1716090 561
1716100 561
1716110 561
1716120 561
1716130 561
1716140 561
1716150 561
1716160 561
1716170 561
1716180 561
1716190 561
1716200 561
1716210 561
1716220 562
1716230 562
1716240 562
1716250 562
1716260 562
1716270 562
1716280 562
1716290 562
1716300 562
1716310 562
1716320 562
1716330 562
1716340 562
1716350 562
1716360 562
1716370 562
1716380 562
1716390 562
1716400 562
1716410 562
1716420 563
1716430 563
1716440 563
1716450 563
1716460 563
1716470 563
1716480 563
1716490 563
1716500 563
1716510 563
1716520 563
1716530 563
1716540 563
1716550 563
1716560 563
1716570 563
1716580 563
1716590 563
1716600 563
1716610 563
1716620 562
1716630 562
1716640 562
1716650 562
1716660 562
1716670 562
1716680 562
1716690 562
1716700 562
1716710 561
1716720 561
1716730 561
1716740 561
1716750 561
1716760 561
1716770 561
1716780 561
1716790 561
1716800 561
1716810 561
1716820 560
1716830 560
1716840 560
1716850 560
1716860 560
1716870 560
1716880 560
1716890 560
1716900 560
1716910 560
1716920 559
1716930 559
1716940 559
1716950 559
1716960 559
1716970 559
1716980 559
1716990 559
1717000 558
1717010 558
1717020 558
1717030 558
1717040 558
1717050 558
1717060 558
1717070 558
1717080 558
1717090 558
1717100 558
1717110 558
1717120 558
1717130 558
1717140 558
1717150 558
1717160 558
1717170 558
1717180 558
1717190 558
1717200 558
1717210 558
1717220 558
1717230 558
1717240 558
1717250 557
1717260 557
1717270 557
1717280 557
1717290 557
1717300 557
1717310 557
1717320 557
1717330 556
1717340 556
1717350 556
1717360 556
1717370 555
1717380 555
1717390 555
1717400 554
1717410 554
1717420 554
1717430 554
1717440 553
1717450 553
1717460 552
1717470 551
1717480 551
1717490 550
1717500 550
1717510 549
1717520 548
1717530 547
1717540 547
1717550 546
1717560 544
1717570 543
1717580 543
1717590 542
1717600 541
1717610 540
1717620 539
1717630 538
1717640 538
1717650 537
1717660 537
1717670 537
1717680 538
1717690 538
1717700 539
1717710 541
1717720 542
1717730 543
1717740 544
1717750 545
1717760 545
1717770 546
1717780 546
1717790 546
1717800 547
1717810 547
1717820 547
1717830 548
1717840 548
1717850 548
1717860 549
1717870 549
1717880 550
1717890 550
1717900 550
1717910 551
1717920 551
1717930 551
1717940 552
1717950 552
1717960 552
1717970 552
1717980 553
1717990 553
1718000 553
1718010 553
1718020 553
1718030 553
1718040 553
1718050 553
1718060 554
1718070 554
1718080 554
1718090 554
1718100 555
1718110 555
1718120 555
1718130 556
1718140 556
1718150 556
1718160 556
1718170 556
1718180 557
1718190 557
1718200 557
1718210 556
1718220 556
1718230 556
1718240 556
1718250 556
1718260 556
1718270 556
1718280 556
1718290 556
1718300 556
1718310 556
1718320 556
1718330 556
1718340 556
1718350 556
1718360 556
1718370 556
1718380 556
1718390 556
1718400 556
1718410 556
1718420 556
1718430 556
1718440 557
1718450 557
1718460 557
1718470 557
1718480 557
1718490 557
1718500 558
1718510 558
1718520 558
1718530 558
1718540 559
1718550 559
1718560 559
1718570 559
1718580 559
1718590 560
1718600 560
1718610 560
1718620 559
1718630 559
1718640 559
1718650 559
1718660 559
1718670 559
1718680 558
1718690 558
1718700 558
1718710 558
1718720 558
1718730 558
1718740 558
1718750 557
1718760 557
1718770 557
1718780 557
1718790 556
1718800 556
1718810 556
1718820 556
1718830 555
1718840 555
1718850 555
1718860 554
1718870 554
1718880 554
1718890 554
1718900 553
1718910 553
1718920 553
1718930 553
1718940 553
1718950 552
1718960 552
1718970 552
1718980 552
1718990 551
1719000 551
1719010 551
1719020 551
1719030 551
1719040 551
1719050 551
1719060 551
1719070 550
1719080 550
1719090 550
1719100 550
1719110 550
1719120 550
1719130 550
1719140 550
1719150 550
1719160 549
1719170 549
1719180 549
1719190 549
1719200 549
1719210 549
1719220 549
1719230 549
1719240 549
1719250 549
1719260 549
1719270 549
1719280 549
1719290 548
1719300 548
1719310 548
1719320 548
1719330 548
1719340 548
1719350 548
1719360 548
1719370 547
1719380 547
1719390 547
1719400 547
1719410 547
1719420 547
1719430 547
1719440 546
1719450 546
1719460 546
1719470 546
1719480 546
1719490 546
1719500 546
1719510 545
1719520 545
1719530 545
1719540 545
1719550 544
1719560 544
1719570 543
1719580 542
1719590 541
1719600 540
1719610 538
1719620 537
1719630 536
1719640 536
1719650 535
1719660 535
1719670 535
1719680 535
1719690 535
1719700 536
1719710 537
1719720 540
1719730 544
1719740 545
1719750 546
1719760 547
1719770 547
1719780 548
1719790 548
1719800 549
1719810 549
1719820 549
1719830 549
1719840 549
1719850 549
1719860 550
1719870 550
1719880 550
1719890 550
1719900 551
1719910 551
1719920 551
1719930 551
1719940 551
1719950 551
1719960 551
1719970 551
1719980 551
1719990 551
