1700000 509
1700010 509
1700020 509
1700030 509
1700040 509
1700050 509
1700060 509
1700070 508
1700080 508
1700090 508
1700100 508
1700110 508
1700120 508
1700130 508
1700140 508
1700150 507
1700160 507
1700170 507
1700180 507
1700190 507
1700200 506
1700210 506
1700220 506
1700230 506
1700240 506
1700250 505
1700260 505
1700270 505
1700280 505
1700290 505
1700300 504
1700310 504
1700320 504
1700330 503
1700340 503
1700350 503
1700360 502
1700370 502
1700380 502
1700390 501
1700400 501
1700410 501
1700420 500
1700430 500
1700440 500
1700450 499
1700460 499
1700470 499
1700480 498
1700490 498
1700500 498
1700510 497
1700520 497
1700530 497
1700540 496
1700550 496
1700560 495
1700570 495
1700580 495
1700590 495
1700600 495
1700610 495
1700620 495
1700630 495
1700640 495
1700650 494
1700660 494
1700670 494
1700680 493
1700690 493
1700700 492
1700710 492
1700720 492
1700730 491
1700740 491
1700750 491
1700760 490
1700770 490
1700780 490
1700790 490
1700800 489
1700810 489
1700820 489
1700830 489
1700840 488
1700850 488
1700860 488
1700870 488
1700880 488
1700890 488
1700900 487
1700910 487
1700920 487
1700930 487
1700940 487
1700950 487
1700960 486
1700970 486
1700980 486
1700990 486
1701000 486
1701010 486
1701020 486
1701030 486
1701040 486
1701050 486
1701060 485
1701070 485
1701080 485
1701090 485
1701100 485
1701110 485
1701120 485
1701130 485
1701140 485
1701150 485
1701160 485
1701170 485
1701180 485
1701190 485
1701200 485
1701210 485
1701220 485
1701230 485
1701240 485
1701250 485
1701260 485
1701270 485
1701280 485
1701290 485
1701300 485
1701310 485
1701320 485
1701330 485
1701340 486
1701350 487
1701360 487
1701370 486
1701380 486
1701390 486
1701400 486
1701410 487
1701420 487
1701430 487
1701440 487
1701450 488
1701460 488
1701470 487
1701480 487
1701490 488
1701500 488
1701510 489
1701520 490
1701530 490
1701540 491
1701550 491
1701560 492
1701570 492
1701580 492
1701590 493
1701600 493
1701610 493
1701620 494
1701630 494
1701640 494
1701650 495
1701660 495
1701670 496
1701680 497
1701690 498
1701700 499
1701710 499
1701720 500
1701730 501
1701740 501
1701750 502
1701760 502
1701770 503
1701780 504
1701790 504
1701800 504
1701810 503
1701820 504
1701830 505
1701840 506
1701850 509
1701860 510
1701870 512
1701880 512
1701890 513
1701900 513
1701910 514
1701920 514
1701930 515
1701940 515
1701950 516
1701960 516
1701970 517
1701980 517
1701990 517
1702000 518
1702010 518
1702020 518
1702030 519
1702040 519
1702050 520
1702060 520
1702070 521
1702080 521
1702090 522
1702100 522
1702110 523
1702120 524
1702130 524
1702140 525
1702150 525
1702160 526
1702170 526
1702180 527
1702190 528
1702200 528
1702210 529
1702220 529
1702230 529
1702240 530
1702250 530
1702260 530
1702270 530
1702280 531
1702290 531
1702300 531
1702310 531
1702320 531
1702330 532
1702340 532
1702350 532
1702360 532
1702370 532
1702380 532
1702390 532
1702400 533
1702410 533
1702420 533
1702430 533
1702440 533
1702450 533
1702460 533
1702470 533
1702480 533
1702490 533
1702500 533
1702510 533
1702520 533
1702530 533
1702540 533
1702550 533
1702560 533
1702570 533
1702580 532
1702590 532
1702600 531
1702610 531
1702620 530
1702630 530
1702640 530
1702650 529
1702660 529
1702670 528
1702680 528
1702690 528
1702700 527
1702710 527
1702720 527
1702730 527
1702740 526
1702750 526
1702760 526
1702770 525
1702780 525
1702790 525
1702800 525
1702810 524
1702820 524
1702830 524
1702840 524
1702850 524
1702860 523
1702870 523
1702880 523
1702890 523
1702900 524
1702910 524
1702920 524
1702930 524
1702940 524
1702950 524
1702960 524
1702970 524
1702980 524
1702990 524
1703000 524
1703010 524
1703020 525
1703030 525
1703040 525
1703050 524
1703060 523
1703070 523
1703080 523
1703090 523
1703100 523
1703110 523
1703120 523
1703130 523
1703140 523
1703150 524
1703160 524
1703170 524
1703180 525
1703190 525
1703200 525
1703210 526
1703220 526
1703230 526
1703240 526
1703250 527
1703260 527
1703270 527
1703280 527
1703290 527
1703300 527
1703310 528
1703320 528
1703330 528
1703340 529
1703350 529
1703360 530
1703370 531
1703380 531
1703390 532
1703400 533
1703410 533
1703420 534
1703430 535
1703440 536
1703450 537
1703460 537
1703470 538
1703480 538
1703490 539
1703500 539
1703510 540
1703520 540
1703530 541
1703540 541
1703550 541
1703560 542
1703570 542
1703580 542
1703590 542
1703600 542
1703610 543
1703620 543
1703630 543
1703640 543
1703650 543
1703660 544
1703670 544
1703680 544
1703690 544
1703700 544
1703710 544
1703720 545
1703730 545
1703740 545
1703750 545
1703760 545
1703770 545
1703780 545
1703790 545
1703800 545
1703810 545
1703820 544
1703830 544
1703840 544
1703850 544
1703860 544
1703870 544
1703880 545
1703890 545
1703900 545
1703910 545
1703920 544
1703930 544
1703940 544
1703950 544
1703960 544
1703970 544
1703980 545
1703990 545
1704000 545
1704010 545
1704020 545
1704030 545
1704040 545
1704050 545
1704060 545
1704070 545
1704080 545
1704090 545
1704100 544
1704110 544
1704120 544
1704130 543
1704140 543
1704150 543
1704160 542
1704170 542
1704180 542
1704190 542
1704200 542
1704210 542
1704220 541
1704230 541
1704240 541
1704250 541
1704260 541
1704270 541
1704280 541
1704290 541
1704300 540
1704310 540
1704320 540
1704330 540
1704340 540
1704350 540
1704360 540
1704370 540
1704380 540
1704390 540
1704400 540
1704410 539
1704420 539
1704430 539
1704440 539
1704450 539
1704460 539
1704470 539
1704480 539
1704490 538
1704500 538
1704510 538
1704520 538
1704530 538
1704540 537
1704550 537
1704560 537
1704570 537
1704580 537
1704590 537
1704600 537
1704610 537
1704620 537
1704630 537
1704640 537
1704650 537
1704660 537
1704670 537
1704680 537
1704690 537
1704700 536
1704710 536
1704720 536
1704730 536
1704740 536
1704750 536
1704760 536
1704770 536
1704780 536
1704790 536
1704800 536
1704810 536
1704820 536
1704830 535
1704840 535
1704850 535
1704860 535
1704870 535
1704880 535
1704890 535
1704900 535
1704910 535
1704920 535
1704930 535
1704940 535
1704950 535
1704960 535
1704970 535
1704980 534
1704990 534
1705000 534
1705010 534
1705020 534
1705030 534
1705040 534
1705050 534
1705060 534
1705070 534
1705080 534
1705090 534
1705100 534
1705110 534
1705120 534
1705130 534
1705140 534
1705150 534
1705160 534
1705170 534
1705180 534
1705190 534
1705200 534
1705210 534
1705220 534
1705230 534
1705240 534
1705250 534
1705260 534
1705270 534
1705280 534
1705290 534
1705300 534
1705310 534
1705320 534
1705330 534
1705340 534
1705350 535
1705360 535
1705370 535
1705380 536
1705390 536
1705400 536
1705410 537
1705420 537
1705430 537
1705440 538
1705450 538
1705460 539
1705470 539
1705480 539
1705490 540
1705500 540
1705510 540
1705520 541
1705530 541
1705540 541
1705550 542
1705560 542
1705570 542
1705580 542
1705590 542
1705600 543
1705610 543
1705620 543
1705630 543
1705640 542
1705650 542
1705660 542
1705670 542
1705680 542
1705690 542
1705700 542
1705710 542
1705720 542
1705730 543
1705740 543
1705750 543
1705760 543
1705770 543
1705780 543
1705790 543
1705800 544
1705810 544
1705820 544
1705830 545
1705840 545
1705850 545
1705860 546
1705870 546
1705880 546
1705890 547
1705900 547
1705910 548
1705920 548
1705930 548
1705940 549
1705950 549
1705960 549
1705970 550
1705980 550
1705990 550
1706000 551
1706010 551
1706020 551
1706030 552
1706040 552
1706050 552
1706060 553
1706070 553
1706080 554
1706090 554
1706100 555
1706110 556
1706120 555
1706130 555
1706140 556
1706150 556
1706160 556
1706170 556
1706180 557
1706190 557
1706200 557
1706210 557
1706220 557
1706230 557
1706240 557
1706250 557
1706260 557
1706270 558
1706280 558
1706290 557
1706300 557
1706310 557
1706320 557
1706330 557
1706340 557
1706350 557
1706360 557
1706370 557
1706380 557
1706390 557
1706400 556
1706410 556
1706420 556
1706430 556
1706440 556
1706450 556
1706460 556
1706470 555
1706480 555
1706490 555
1706500 555
1706510 555
1706520 555
1706530 555
1706540 555
1706550 555
1706560 555
1706570 555
1706580 555
1706590 555
1706600 555
1706610 554
1706620 554
1706630 554
1706640 554
1706650 554
1706660 554
1706670 554
1706680 554
1706690 554
1706700 553
1706710 554
1706720 554
1706730 554
1706740 554
1706750 554
1706760 554
1706770 554
1706780 554
1706790 554
1706800 554
1706810 553
1706820 553
1706830 553
1706840 553
1706850 553
1706860 553
1706870 553
1706880 553
1706890 553
1706900 553
1706910 553
1706920 553
1706930 552
1706940 552
1706950 552
1706960 552
1706970 552
1706980 552
1706990 552
1707000 552
1707010 552
1707020 552
1707030 552
1707040 552
1707050 552
1707060 552
1707070 552
1707080 552
1707090 552
1707100 553
1707110 553
1707120 553
1707130 553
1707140 553
1707150 553
1707160 553
1707170 553
1707180 553
1707190 553
1707200 553
1707210 553
1707220 552
1707230 552
1707240 552
1707250 552
1707260 552
1707270 552
1707280 552
1707290 552
1707300 552
1707310 552
1707320 552
1707330 552
1707340 552
1707350 552
1707360 552
1707370 552
1707380 552
1707390 552
1707400 552
1707410 552
1707420 552
1707430 552
1707440 553
1707450 554
1707460 554
1707470 555
1707480 556
1707490 556
1707500 557
1707510 557
1707520 558
1707530 558
1707540 559
1707550 559
1707560 560
1707570 560
1707580 561
1707590 561
1707600 562
1707610 562
1707620 562
1707630 563
1707640 563
1707650 563
1707660 564
1707670 564
1707680 564
1707690 565
1707700 565
1707710 566
1707720 566
1707730 566
1707740 567
1707750 567
1707760 567
1707770 568
1707780 568
1707790 569
1707800 569
1707810 569
1707820 569
1707830 570
1707840 570
1707850 570
1707860 570
1707870 571
1707880 571
1707890 571
1707900 571
1707910 571
1707920 571
1707930 572
1707940 572
1707950 572
1707960 573
1707970 573
1707980 574
1707990 575
1708000 575
1708010 576
1708020 576
1708030 577
1708040 577
1708050 578
1708060 578
1708070 579
1708080 579
1708090 580
1708100 580
1708110 581
1708120 581
1708130 582
1708140 582
1708150 583
1708160 583
1708170 584
1708180 584
1708190 585
1708200 585
1708210 585
1708220 586
1708230 586
1708240 587
1708250 587
1708260 587
1708270 588
1708280 588
1708290 589
1708300 589
1708310 589
1708320 590
1708330 590
1708340 591
1708350 591
1708360 592
1708370 592
1708380 593
1708390 593
1708400 594
1708410 595
1708420 595
1708430 596
1708440 596
1708450 597
1708460 597
1708470 598
1708480 598
1708490 599
1708500 599
1708510 600
1708520 601
1708530 601
1708540 602
1708550 602
1708560 603
1708570 603
1708580 604
1708590 604
1708600 605
1708610 605
1708620 606
1708630 606
1708640 607
1708650 607
1708660 608
1708670 608
1708680 609
1708690 609
1708700 610
1708710 610
1708720 611
1708730 612
1708740 612
1708750 613
1708760 613
1708770 614
1708780 615
1708790 616
1708800 617
1708810 618
1708820 619
1708830 620
1708840 621
1708850 621
1708860 622
1708870 623
1708880 624
1708890 625
1708900 626
1708910 627
1708920 627
1708930 628
1708940 629
1708950 629
1708960 629
1708970 630
1708980 630
1708990 631
1709000 631
1709010 632
1709020 632
1709030 632
1709040 633
1709050 633
1709060 633
1709070 634
1709080 634
1709090 634
1709100 634
1709110 634
1709120 634
1709130 634
1709140 634
1709150 634
1709160 634
1709170 633
1709180 633
1709190 633
1709200 633
1709210 632
1709220 632
1709230 632
1709240 632
1709250 632
1709260 632
1709270 632
1709280 633
1709290 633
1709300 633
1709310 633
1709320 633
1709330 633
1709340 633
1709350 633
1709360 633
1709370 634
1709380 634
1709390 634
1709400 634
1709410 634
1709420 634
1709430 634
1709440 634
1709450 634
1709460 634
1709470 634
1709480 633
1709490 633
1709500 633
1709510 633
1709520 633
1709530 632
1709540 632
1709550 632
1709560 632
1709570 632
1709580 632
1709590 632
1709600 632
1709610 631
1709620 631
1709630 631
1709640 631
1709650 631
1709660 631
1709670 631
1709680 631
1709690 631
1709700 631
1709710 630
1709720 630
1709730 630
1709740 630
1709750 630
1709760 630
1709770 630
1709780 630
1709790 630
1709800 630
1709810 630
1709820 630
1709830 630
1709840 629
1709850 629
1709860 629
1709870 629
1709880 629
1709890 629
1709900 629
1709910 628
1709920 628
1709930 628
1709940 628
1709950 628
1709960 628
1709970 628
1709980 627
1709990 627
1710000 627
1710010 627
1710020 627
1710030 626
1710040 626
1710050 626
1710060 625
1710070 625
1710080 625
1710090 625
1710100 624
1710110 624
1710120 624
1710130 623
1710140 623
1710150 623
1710160 622
1710170 622
1710180 622
1710190 621
1710200 621
1710210 621
1710220 621
1710230 621
1710240 620
1710250 620
1710260 620
1710270 620
1710280 620
1710290 620
1710300 620
1710310 620
1710320 620
1710330 620
1710340 620
1710350 620
1710360 620
1710370 620
1710380 620
1710390 620
1710400 620
1710410 620
1710420 620
1710430 620
1710440 619
1710450 619
1710460 619
1710470 619
1710480 619
1710490 619
1710500 619
1710510 619
1710520 619
1710530 619
1710540 619
1710550 619
1710560 619
1710570 619
1710580 619
1710590 619
1710600 618
1710610 618
1710620 618
1710630 618
1710640 617
1710650 617
1710660 617
1710670 617
1710680 617
1710690 617
1710700 617
1710710 617
1710720 617
1710730 617
1710740 617
1710750 617
1710760 617
1710770 617
1710780 617
1710790 617
1710800 617
1710810 617
1710820 617
1710830 617
1710840 617
1710850 616
1710860 616
1710870 616
1710880 616
1710890 616
1710900 615
1710910 615
1710920 615
1710930 614
1710940 614
1710950 614
1710960 613
1710970 613
1710980 613
1710990 612
1711000 612
1711010 612
1711020 611
1711030 611
1711040 610
1711050 610
1711060 610
1711070 609
1711080 609
1711090 609
1711100 608
1711110 608
1711120 607
1711130 607
1711140 607
1711150 607
1711160 607
1711170 606
1711180 606
1711190 606
1711200 606
1711210 606
1711220 606
1711230 606
1711240 605
1711250 605
1711260 605
1711270 605
1711280 605
1711290 605
1711300 605
1711310 604
1711320 604
1711330 604
1711340 604
1711350 604
1711360 604
1711370 604
1711380 604
1711390 604
1711400 604
1711410 604
1711420 604
1711430 604
1711440 604
1711450 604
1711460 604
1711470 604
1711480 604
1711490 604
1711500 604
1711510 604
1711520 604
1711530 604
1711540 604
1711550 604
1711560 604
1711570 603
1711580 604
1711590 604
1711600 604
1711610 603
1711620 603
1711630 603
1711640 603
1711650 603
1711660 603
1711670 603
1711680 603
1711690 602
1711700 602
1711710 602
1711720 602
1711730 602
1711740 602
1711750 602
1711760 602
1711770 601
1711780 601
1711790 601
1711800 601
1711810 601
1711820 601
1711830 601
1711840 601
1711850 601
1711860 600
1711870 600
1711880 600
1711890 600
1711900 600
1711910 600
1711920 600
1711930 600
1711940 600
1711950 600
1711960 600
1711970 600
1711980 600
1711990 600
1712000 599
1712010 599
1712020 599
1712030 599
1712040 599
1712050 599
1712060 599
1712070 598
1712080 598
1712090 598
1712100 598
1712110 598
1712120 598
1712130 598
1712140 598
1712150 598
1712160 598
1712170 598
1712180 598
1712190 598
1712200 597
1712210 597
1712220 597
1712230 597
1712240 597
1712250 597
1712260 596
1712270 596
1712280 596
1712290 596
1712300 596
1712310 595
1712320 595
1712330 595
1712340 595
1712350 595
1712360 594
1712370 594
1712380 594
1712390 594
1712400 594
1712410 594
1712420 593
1712430 593
1712440 593
1712450 593
1712460 593
1712470 592
1712480 592
1712490 592
1712500 592
1712510 591
1712520 591
1712530 591
1712540 591
1712550 590
1712560 590
1712570 590
1712580 590
1712590 589
1712600 589
1712610 589
1712620 589
1712630 588
1712640 588
1712650 588
1712660 588
1712670 588
1712680 588
1712690 587
1712700 587
1712710 587
1712720 587
1712730 587
1712740 587
1712750 587
1712760 587
1712770 587
1712780 587
1712790 587
1712800 586
1712810 586
1712820 586
1712830 586
1712840 586
1712850 585
1712860 585
1712870 585
1712880 585
1712890 586
1712900 586
1712910 585
1712920 585
1712930 585
1712940 585
1712950 585
1712960 585
1712970 585
1712980 585
1712990 585
1713000 585
1713010 585
1713020 585
1713030 585
1713040 585
1713050 585
1713060 585
1713070 585
1713080 584
1713090 584
1713100 584
1713110 584
1713120 584
1713130 584
1713140 584
1713150 584
1713160 584
1713170 584
1713180 584
1713190 584
1713200 584
1713210 584
1713220 584
1713230 584
1713240 584
1713250 584
1713260 584
1713270 584
1713280 584
1713290 583
1713300 583
1713310 583
1713320 583
1713330 583
1713340 583
1713350 583
1713360 583
1713370 583
1713380 583
1713390 583
1713400 583
1713410 583
1713420 583
1713430 583
1713440 583
1713450 583
1713460 583
1713470 583
1713480 583
1713490 583
1713500 582
1713510 582
1713520 582
1713530 582
1713540 582
1713550 582
1713560 582
1713570 582
1713580 582
1713590 582
1713600 582
1713610 582
1713620 582
1713630 582
1713640 582
1713650 582
1713660 581
1713670 581
1713680 581
1713690 581
1713700 581
1713710 581
1713720 581
1713730 581
1713740 581
1713750 581
1713760 581
1713770 581
1713780 581
1713790 580
1713800 580
1713810 580
1713820 580
1713830 580
1713840 580
1713850 580
1713860 580
1713870 580
1713880 579
1713890 579
1713900 579
1713910 579
1713920 579
1713930 579
1713940 579
1713950 578
1713960 578
1713970 578
1713980 578
1713990 578
1714000 578
1714010 578
1714020 578
1714030 578
1714040 578
1714050 578
1714060 578
1714070 578
1714080 578
1714090 578
1714100 578
1714110 578
1714120 578
1714130 578
1714140 578
1714150 578
1714160 578
1714170 578
1714180 578
1714190 578
1714200 578
1714210 578
1714220 578
1714230 578
1714240 578
1714250 578
1714260 578
1714270 578
1714280 578
1714290 578
1714300 578
1714310 578
1714320 578
1714330 578
1714340 578
1714350 578
1714360 578
1714370 578
1714380 578
1714390 578
1714400 578
1714410 578
1714420 578
1714430 578
1714440 578
1714450 578
1714460 578
1714470 578
1714480 577
1714490 577
1714500 577
1714510 577
1714520 577
1714530 577
1714540 577
1714550 577
1714560 577
1714570 577
1714580 577
1714590 577
1714600 576
1714610 576
1714620 576
1714630 576
1714640 576
1714650 576
1714660 576
1714670 575
1714680 575
1714690 575
1714700 575
1714710 575
1714720 575
1714730 574
1714740 574
1714750 574
1714760 574
1714770 574
1714780 573
1714790 573
1714800 573
1714810 573
1714820 573
1714830 572
1714840 572
1714850 572
1714860 572
1714870 572
1714880 572
1714890 572
1714900 571
1714910 571
1714920 571
1714930 571
1714940 571
1714950 571
1714960 571
1714970 571
1714980 570
1714990 570
1715000 570
1715010 570
1715020 570
1715030 570
1715040 569
1715050 569
1715060 569
1715070 569
1715080 569
1715090 569
1715100 568
1715110 568
1715120 568
1715130 568
1715140 568
1715150 567
1715160 567
1715170 567
1715180 567
1715190 567
1715200 566
1715210 566
1715220 566
1715230 566
1715240 565
1715250 565
1715260 565
1715270 565
1715280 564
1715290 564
1715300 564
1715310 563
1715320 563
1715330 563
1715340 563
1715350 563
1715360 562
1715370 562
1715380 562
1715390 562
1715400 562
1715410 561
1715420 561
1715430 561
1715440 561
1715450 560
1715460 560
1715470 560
1715480 560
1715490 559
1715500 559
1715510 559
1715520 558
1715530 558
1715540 558
1715550 558
1715560 558
1715570 557
1715580 557
1715590 557
1715600 557
1715610 557
1715620 556
1715630 556
1715640 556
1715650 555
1715660 555
1715670 555
1715680 555
1715690 554
1715700 554
1715710 554
1715720 554
1715730 554
1715740 553
1715750 553
1715760 553
1715770 553
1715780 553
1715790 552
1715800 552
1715810 552
1715820 552
1715830 552
1715840 552
1715850 552
1715860 552
1715870 552
1715880 552
1715890 551
1715900 551
1715910 551
1715920 551
1715930 551
1715940 551
1715950 551
1715960 551
1715970 551
1715980 550
1715990 550
1716000 550
1716010 550
1716020 550
1716030 550
1716040 550
1716050 550
1716060 550
1716070 550
1716080 549
1716090 549
1716100 549
1716110 549
1716120 549
1716130 548
1716140 548
1716150 548
1716160 548
1716170 547
1716180 547
1716190 547
1716200 547
1716210 547
1716220 546
1716230 546
1716240 546
1716250 546
1716260 546
1716270 546
1716280 545
1716290 545
1716300 545
1716310 545
1716320 545
1716330 545
1716340 544
1716350 544
1716360 544
1716370 543
1716380 543
1716390 543
1716400 543
1716410 543
1716420 543
1716430 543
1716440 543
1716450 543
1716460 543
1716470 543
1716480 543
1716490 543
1716500 543
1716510 543
1716520 543
1716530 543
1716540 544
1716550 544
1716560 544
1716570 544
1716580 544
1716590 544
1716600 544
1716610 545
1716620 545
1716630 545
1716640 545
1716650 545
1716660 545
1716670 545
1716680 545
1716690 545
1716700 545
1716710 546
1716720 546
1716730 545
1716740 545
1716750 545
1716760 545
1716770 545
1716780 545
1716790 546
1716800 546
1716810 546
1716820 546
1716830 546
1716840 546
1716850 546
1716860 546
1716870 546
1716880 546
1716890 546
1716900 546
1716910 545
1716920 545
1716930 545
1716940 545
1716950 546
1716960 546
1716970 546
1716980 546
1716990 546
1717000 546
1717010 546
1717020 547
1717030 547
1717040 547
1717050 547
1717060 547
1717070 547
1717080 548
1717090 548
1717100 548
1717110 548
1717120 548
1717130 548
1717140 548
1717150 548
1717160 548
1717170 548
1717180 548
1717190 548
1717200 548
1717210 548
1717220 548
1717230 548
1717240 549
1717250 549
1717260 549
1717270 549
1717280 549
1717290 549
1717300 550
1717310 550
1717320 550
1717330 550
1717340 550
1717350 550
1717360 550
1717370 550
1717380 550
1717390 550
1717400 550
1717410 550
1717420 550
1717430 550
1717440 550
1717450 551
1717460 551
1717470 551
1717480 551
1717490 551
1717500 551
1717510 551
1717520 551
1717530 551
1717540 551
1717550 552
1717560 552
1717570 552
1717580 552
1717590 552
1717600 552
1717610 552
1717620 552
1717630 552
1717640 552
1717650 552
1717660 552
1717670 552
1717680 552
1717690 552
1717700 552
1717710 552
1717720 552
1717730 552
1717740 552
1717750 552
1717760 552
1717770 552
1717780 552
1717790 552
1717800 552
1717810 552
1717820 552
1717830 552
1717840 552
1717850 552
1717860 552
1717870 552
1717880 552
1717890 552
1717900 552
1717910 552
1717920 552
1717930 552
1717940 552
1717950 552
1717960 552
1717970 552
1717980 552
1717990 552
1718000 553
1718010 553
1718020 553
1718030 553
1718040 553
1718050 553
1718060 553
1718070 553
1718080 553
1718090 553
1718100 553
1718110 553
1718120 553
1718130 553
1718140 553
1718150 553
1718160 553
1718170 553
1718180 553
1718190 553
1718200 552
1718210 552
1718220 552
1718230 552
1718240 552
1718250 552
1718260 552
1718270 552
1718280 552
1718290 552
1718300 552
1718310 552
1718320 552
1718330 552
1718340 552
1718350 552
1718360 552
1718370 552
1718380 551
1718390 551
1718400 551
1718410 551
1718420 551
1718430 551
1718440 551
1718450 550
1718460 550
1718470 550
1718480 550
1718490 550
1718500 550
1718510 550
1718520 549
1718530 549
1718540 549
1718550 549
1718560 549
1718570 549
1718580 549
1718590 549
1718600 549
1718610 548
1718620 548
1718630 548
1718640 548
1718650 548
1718660 548
1718670 548
1718680 547
1718690 547
1718700 547
1718710 547
1718720 547
1718730 546
1718740 546
1718750 546
1718760 546
1718770 545
1718780 545
1718790 545
1718800 544
1718810 544
1718820 544
1718830 543
1718840 543
1718850 543
1718860 542
1718870 542
1718880 542
1718890 541
1718900 541
1718910 541
1718920 540
1718930 540
1718940 540
1718950 539
1718960 539
1718970 539
1718980 539
1718990 538
1719000 538
1719010 538
1719020 537
1719030 537
1719040 537
1719050 536
1719060 536
1719070 536
1719080 536
1719090 535
1719100 535
1719110 535
1719120 535
1719130 534
1719140 534
1719150 534
1719160 534
1719170 534
1719180 535
1719190 535
1719200 535
1719210 536
1719220 536
1719230 537
1719240 537
1719250 537
1719260 537
1719270 537
1719280 537
1719290 537
1719300 537
1719310 537
1719320 537
1719330 537
1719340 537
1719350 537
1719360 537
1719370 537
1719380 537
1719390 537
1719400 537
1719410 537
1719420 537
1719430 537
1719440 538
1719450 538
1719460 538
1719470 538
1719480 538
1719490 538
1719500 538
1719510 538
1719520 538
1719530 538
1719540 538
1719550 538
1719560 538
1719570 538
1719580 539
1719590 539
1719600 539
1719610 539
1719620 539
1719630 539
1719640 540
1719650 540
1719660 540
1719670 540
1719680 540
1719690 541
1719700 541
1719710 541
1719720 541
1719730 541
1719740 542
1719750 542
1719760 542
1719770 542
1719780 542
1719790 543
1719800 543
1719810 543
1719820 543
1719830 544
1719840 544
1719850 544
1719860 544
1719870 544
1719880 545
1719890 545
1719900 545
1719910 545
1719920 545
1719930 545
1719940 545
1719950 545
1719960 546
1719970 546
1719980 546
1719990 546
