1700000 529
1700010 529
1700020 529
1700030 529
1700040 528
1700050 528
1700060 528
1700070 528
1700080 528
1700090 528
1700100 528
1700110 528
1700120 528
1700130 528
1700140 528
1700150 528
1700160 528
1700170 528
1700180 528
1700190 528
1700200 528
1700210 528
1700220 528
1700230 528
1700240 528
1700250 528
1700260 528
1700270 528
1700280 528
1700290 528
1700300 528
1700310 528
1700320 528
1700330 528
1700340 528
1700350 528
1700360 528
1700370 528
1700380 528
1700390 528
1700400 528
1700410 527
1700420 527
1700430 527
1700440 527
1700450 527
1700460 527
1700470 527
1700480 526
1700490 526
1700500 526
1700510 526
1700520 526
1700530 526
1700540 526
1700550 525
1700560 525
1700570 525
1700580 525
1700590 525
1700600 525
1700610 524
1700620 524
1700630 524
1700640 524
1700650 524
1700660 524
1700670 524
1700680 524
1700690 524
1700700 524
1700710 524
1700720 523
1700730 523
1700740 523
1700750 523
1700760 523
1700770 523
1700780 522
1700790 522
1700800 522
1700810 522
1700820 521
1700830 521
1700840 521
1700850 520
1700860 520
1700870 520
1700880 519
1700890 519
1700900 518
1700910 518
1700920 518
1700930 517
1700940 517
1700950 516
1700960 516
1700970 515
1700980 515
1700990 514
1701000 513
1701010 513
1701020 512
1701030 511
1701040 510
1701050 509
1701060 508
1701070 508
1701080 507
1701090 506
1701100 505
1701110 503
1701120 502
1701130 501
1701140 500
1701150 499
1701160 498
1701170 497
1701180 496
1701190 495
1701200 495
1701210 494
1701220 494
1701230 493
1701240 493
1701250 492
1701260 492
1701270 491
1701280 491
1701290 490
1701300 490
1701310 490
1701320 489
1701330 489
1701340 489
1701350 488
1701360 488
1701370 488
1701380 487
1701390 487
1701400 487
1701410 487
1701420 486
1701430 486
1701440 486
1701450 486
1701460 486
1701470 486
1701480 486
1701490 486
1701500 485
1701510 485
1701520 485
1701530 485
1701540 484
1701550 484
1701560 484
1701570 484
1701580 484
1701590 484
1701600 484
1701610 484
1701620 484
1701630 484
1701640 484
1701650 484
1701660 484
1701670 484
1701680 484
1701690 483
1701700 483
1701710 482
1701720 482
1701730 482
1701740 482
1701750 482
1701760 483
1701770 484
1701780 485
1701790 486
1701800 486
1701810 488
1701820 489
1701830 491
1701840 493
1701850 495
1701860 496
1701870 497
1701880 497
1701890 498
1701900 499
1701910 500
1701920 501
1701930 502
1701940 503
1701950 504
1701960 505
1701970 506
1701980 506
1701990 507
1702000 508
1702010 509
1702020 510
1702030 511
1702040 511
1702050 512
1702060 512
1702070 513
1702080 514
1702090 514
1702100 515
1702110 515
1702120 515
1702130 516
1702140 516
1702150 516
1702160 517
1702170 517
1702180 517
1702190 518
1702200 518
1702210 518
1702220 518
1702230 518
1702240 519
1702250 519
1702260 519
1702270 520
1702280 520
1702290 521
1702300 521
1702310 521
1702320 522
1702330 522
1702340 523
1702350 523
1702360 524
1702370 524
1702380 525
1702390 525
1702400 526
1702410 526
1702420 527
1702430 527
1702440 528
1702450 528
1702460 528
1702470 529
1702480 529
1702490 529
1702500 528
1702510 528
1702520 527
1702530 526
1702540 526
1702550 526
1702560 525
1702570 525
1702580 525
1702590 525
1702600 525
1702610 524
1702620 523
1702630 522
1702640 521
1702650 520
1702660 519
1702670 518
1702680 518
1702690 517
1702700 517
1702710 516
1702720 516
1702730 516
1702740 515
1702750 515
1702760 515
1702770 514
1702780 514
1702790 514
1702800 514
1702810 514
1702820 513
1702830 513
1702840 513
1702850 512
1702860 512
1702870 512
1702880 512
1702890 512
1702900 512
1702910 511
1702920 511
1702930 511
1702940 511
1702950 511
1702960 510
1702970 510
1702980 510
1702990 510
1703000 510
1703010 510
1703020 510
1703030 509
1703040 509
1703050 509
1703060 509
1703070 508
1703080 508
1703090 508
1703100 508
1703110 508
1703120 507
1703130 507
1703140 508
1703150 508
1703160 508
1703170 508
1703180 508
1703190 508
1703200 508
1703210 508
1703220 508
1703230 508
1703240 508
1703250 508
1703260 508
1703270 508
1703280 509
1703290 508
1703300 508
1703310 508
1703320 507
1703330 507
1703340 507
1703350 507
1703360 507
1703370 507
1703380 506
1703390 506
1703400 506
1703410 506
1703420 506
1703430 506
1703440 505
1703450 504
1703460 503
1703470 503
1703480 504
1703490 504
1703500 505
1703510 505
1703520 505
1703530 505
1703540 505
1703550 505
1703560 506
1703570 507
1703580 507
1703590 508
1703600 509
1703610 510
1703620 511
1703630 512
1703640 514
1703650 516
1703660 517
1703670 519
1703680 519
1703690 520
1703700 520
1703710 520
1703720 520
1703730 520
1703740 520
1703750 520
1703760 520
1703770 519
1703780 519
1703790 519
1703800 519
1703810 519
1703820 519
1703830 520
1703840 520
1703850 520
1703860 520
1703870 520
1703880 520
1703890 520
1703900 520
1703910 520
1703920 520
1703930 520
1703940 520
1703950 520
1703960 520
1703970 520
1703980 520
1703990 520
1704000 520
1704010 520
1704020 520
1704030 520
1704040 520
1704050 520
1704060 520
1704070 520
1704080 520
1704090 521
1704100 521
1704110 521
1704120 521
1704130 522
1704140 522
1704150 523
1704160 523
1704170 524
1704180 524
1704190 524
1704200 525
1704210 525
1704220 526
1704230 527
1704240 527
1704250 527
1704260 528
1704270 528
1704280 528
1704290 529
1704300 529
1704310 529
1704320 529
1704330 529
1704340 530
1704350 530
1704360 530
1704370 530
1704380 531
1704390 531
1704400 531
1704410 531
1704420 532
1704430 532
1704440 532
1704450 532
1704460 533
1704470 533
1704480 533
1704490 533
1704500 533
1704510 533
1704520 533
1704530 534
1704540 534
1704550 534
1704560 534
1704570 534
1704580 534
1704590 535
1704600 535
1704610 535
1704620 535
1704630 535
1704640 535
1704650 536
1704660 536
1704670 536
1704680 536
1704690 536
1704700 536
1704710 536
1704720 536
1704730 536
1704740 536
1704750 536
1704760 536
1704770 537
1704780 537
1704790 537
1704800 537
1704810 537
1704820 537
1704830 537
1704840 537
1704850 537
1704860 537
1704870 537
1704880 538
1704890 538
1704900 538
1704910 538
1704920 538
1704930 539
1704940 539
1704950 539
1704960 539
1704970 539
1704980 540
1704990 540
1705000 540
1705010 540
1705020 540
1705030 540
1705040 541
1705050 541
1705060 541
1705070 542
1705080 542
1705090 543
1705100 543
1705110 543
1705120 543
1705130 543
1705140 543
1705150 543
1705160 544
1705170 544
1705180 544
1705190 545
1705200 545
1705210 545
1705220 545
1705230 545
1705240 546
1705250 546
1705260 546
1705270 547
1705280 547
1705290 547
1705300 547
1705310 548
1705320 548
1705330 548
1705340 548
1705350 549
1705360 549
1705370 549
1705380 549
1705390 549
1705400 549
1705410 550
1705420 550
1705430 550
1705440 550
1705450 551
1705460 551
1705470 551
1705480 551
1705490 551
1705500 551
1705510 551
1705520 551
1705530 551
1705540 551
1705550 551
1705560 551
1705570 551
1705580 552
1705590 552
1705600 552
1705610 552
1705620 552
1705630 552
1705640 552
1705650 552
1705660 552
1705670 552
1705680 552
1705690 552
1705700 552
1705710 552
1705720 552
1705730 552
1705740 552
1705750 552
1705760 552
1705770 552
1705780 552
1705790 552
1705800 552
1705810 552
1705820 552
1705830 553
1705840 553
1705850 553
1705860 553
1705870 553
1705880 553
1705890 553
1705900 553
1705910 552
1705920 552
1705930 552
1705940 552
1705950 552
1705960 552
1705970 552
1705980 552
1705990 552
1706000 552
1706010 551
1706020 551
1706030 551
1706040 551
1706050 551
1706060 551
1706070 551
1706080 551
1706090 550
1706100 550
1706110 551
1706120 551
1706130 551
1706140 551
1706150 551
1706160 551
1706170 551
1706180 552
1706190 552
1706200 552
1706210 552
1706220 552
1706230 553
1706240 553
1706250 553
1706260 553
1706270 553
1706280 553
1706290 554
1706300 554
1706310 554
1706320 554
1706330 554
1706340 554
1706350 554
1706360 554
1706370 554
1706380 554
1706390 554
1706400 554
1706410 554
1706420 554
1706430 554
1706440 554
1706450 554
1706460 554
1706470 555
1706480 555
1706490 555
1706500 555
1706510 555
1706520 555
1706530 555
1706540 555
1706550 555
1706560 555
1706570 556
1706580 556
1706590 556
1706600 556
1706610 556
1706620 557
1706630 557
1706640 557
1706650 557
1706660 558
1706670 558
1706680 558
1706690 559
1706700 559
1706710 559
1706720 560
1706730 560
1706740 560
1706750 560
1706760 561
1706770 561
1706780 561
1706790 561
1706800 561
1706810 561
1706820 561
1706830 561
1706840 561
1706850 562
1706860 562
1706870 562
1706880 562
1706890 562
1706900 562
1706910 562
1706920 562
1706930 561
1706940 561
1706950 561
1706960 561
1706970 561
1706980 561
1706990 561
1707000 561
1707010 560
1707020 560
1707030 560
1707040 560
1707050 560
1707060 560
1707070 560
1707080 561
1707090 561
1707100 561
1707110 561
1707120 561
1707130 561
1707140 561
1707150 561
1707160 561
1707170 561
1707180 561
1707190 561
1707200 561
1707210 560
1707220 560
1707230 560
1707240 560
1707250 560
1707260 560
1707270 560
1707280 560
1707290 560
1707300 560
1707310 560
1707320 560
1707330 561
1707340 561
1707350 561
1707360 561
1707370 561
1707380 561
1707390 561
1707400 561
1707410 561
1707420 561
1707430 561
1707440 562
1707450 562
1707460 562
1707470 562
1707480 562
1707490 562
1707500 563
1707510 563
1707520 563
1707530 563
1707540 563
1707550 563
1707560 563
1707570 564
1707580 564
1707590 564
1707600 565
1707610 565
1707620 565
1707630 566
1707640 567
1707650 567
1707660 568
1707670 569
1707680 569
1707690 570
1707700 570
1707710 570
1707720 570
1707730 570
1707740 570
1707750 570
1707760 570
1707770 570
1707780 570
1707790 570
1707800 570
1707810 570
1707820 570
1707830 570
1707840 570
1707850 570
1707860 570
1707870 570
1707880 570
1707890 571
1707900 571
1707910 572
1707920 572
1707930 573
1707940 573
1707950 573
1707960 574
1707970 574
1707980 574
1707990 575
1708000 575
1708010 575
1708020 576
1708030 576
1708040 576
1708050 577
1708060 577
1708070 578
1708080 578
1708090 578
1708100 579
1708110 579
1708120 579
1708130 580
1708140 580
1708150 580
1708160 581
1708170 581
1708180 582
1708190 582
1708200 582
1708210 583
1708220 583
1708230 584
1708240 584
1708250 584
1708260 585
1708270 585
1708280 586
1708290 586
1708300 587
1708310 587
1708320 588
1708330 588
1708340 589
1708350 589
1708360 590
1708370 590
1708380 591
1708390 591
1708400 591
1708410 592
1708420 592
1708430 593
1708440 593
1708450 594
1708460 594
1708470 595
1708480 595
1708490 596
1708500 596
1708510 597
1708520 597
1708530 598
1708540 598
1708550 599
1708560 599
1708570 600
1708580 600
1708590 601
1708600 601
1708610 602
1708620 602
1708630 602
1708640 603
1708650 603
1708660 604
1708670 604
1708680 605
1708690 605
1708700 606
1708710 606
1708720 607
1708730 607
1708740 608
1708750 608
1708760 609
1708770 609
1708780 610
1708790 611
1708800 611
1708810 612
1708820 613
1708830 614
1708840 615
1708850 615
1708860 616
1708870 617
1708880 617
1708890 618
1708900 619
1708910 620
1708920 621
1708930 621
1708940 622
1708950 623
1708960 624
1708970 625
1708980 625
1708990 626
1709000 627
1709010 627
1709020 628
1709030 629
1709040 629
1709050 630
1709060 631
1709070 631
1709080 632
1709090 633
1709100 634
1709110 634
1709120 635
1709130 635
1709140 636
1709150 636
1709160 637
1709170 638
1709180 638
1709190 639
1709200 640
1709210 641
1709220 642
1709230 642
1709240 643
1709250 644
1709260 646
1709270 647
1709280 649
1709290 650
1709300 651
1709310 652
1709320 653
1709330 654
1709340 655
1709350 656
1709360 657
1709370 658
1709380 659
1709390 659
1709400 660
1709410 661
1709420 661
1709430 662
1709440 662
1709450 663
1709460 663
1709470 664
1709480 665
1709490 665
1709500 666
1709510 667
1709520 668
1709530 668
1709540 669
1709550 670
1709560 671
1709570 671
1709580 672
1709590 673
1709600 673
1709610 674
1709620 675
1709630 675
1709640 676
1709650 676
1709660 677
1709670 678
1709680 679
1709690 680
1709700 680
1709710 681
1709720 681
1709730 681
1709740 681
1709750 681
1709760 681
1709770 681
1709780 681
1709790 681
1709800 681
1709810 681
1709820 681
1709830 681
1709840 681
1709850 680
1709860 680
1709870 679
1709880 679
1709890 679
1709900 679
1709910 678
1709920 678
1709930 678
1709940 677
1709950 677
1709960 676
1709970 676
1709980 676
1709990 675
1710000 675
1710010 674
1710020 674
1710030 673
1710040 673
1710050 673
1710060 672
1710070 672
1710080 672
1710090 671
1710100 671
1710110 670
1710120 670
1710130 669
1710140 669
1710150 668
1710160 668
1710170 668
1710180 667
1710190 667
1710200 667
1710210 666
1710220 666
1710230 665
1710240 664
1710250 664
1710260 663
1710270 663
1710280 663
1710290 663
1710300 663
1710310 662
1710320 662
1710330 662
1710340 662
1710350 662
1710360 661
1710370 661
1710380 661
1710390 661
1710400 661
1710410 661
1710420 660
1710430 660
1710440 660
1710450 660
1710460 660
1710470 660
1710480 660
1710490 660
1710500 660
1710510 660
1710520 659
1710530 659
1710540 659
1710550 659
1710560 660
1710570 660
1710580 660
1710590 660
1710600 661
1710610 661
1710620 661
1710630 661
1710640 661
1710650 661
1710660 661
1710670 661
1710680 661
1710690 661
1710700 661
1710710 661
1710720 661
1710730 661
1710740 661
1710750 661
1710760 661
1710770 661
1710780 661
1710790 660
1710800 660
1710810 660
1710820 660
1710830 660
1710840 660
1710850 660
1710860 660
1710870 660
1710880 660
1710890 660
1710900 660
1710910 660
1710920 660
1710930 660
1710940 660
1710950 660
1710960 660
1710970 660
1710980 660
1710990 660
1711000 660
1711010 660
1711020 660
1711030 660
1711040 660
1711050 660
1711060 660
1711070 660
1711080 660
1711090 660
1711100 660
1711110 660
1711120 660
1711130 660
1711140 659
1711150 659
1711160 659
1711170 659
1711180 660
1711190 660
1711200 659
1711210 659
1711220 659
1711230 659
1711240 659
1711250 658
1711260 658
1711270 658
1711280 658
1711290 657
1711300 657
1711310 657
1711320 656
1711330 656
1711340 655
1711350 655
1711360 654
1711370 654
1711380 654
1711390 653
1711400 653
1711410 652
1711420 652
1711430 651
1711440 650
1711450 650
1711460 649
1711470 649
1711480 648
1711490 647
1711500 647
1711510 646
1711520 645
1711530 644
1711540 644
1711550 643
1711560 642
1711570 641
1711580 640
1711590 639
1711600 638
1711610 637
1711620 636
1711630 635
1711640 634
1711650 633
1711660 631
1711670 630
1711680 629
1711690 628
1711700 627
1711710 627
1711720 626
1711730 625
1711740 624
1711750 623
1711760 622
1711770 621
1711780 621
1711790 620
1711800 619
1711810 619
1711820 618
1711830 617
1711840 617
1711850 616
1711860 615
1711870 614
1711880 614
1711890 613
1711900 612
1711910 611
1711920 610
1711930 610
1711940 609
1711950 608
1711960 607
1711970 607
1711980 606
1711990 605
1712000 605
1712010 604
1712020 603
1712030 603
1712040 602
1712050 601
1712060 601
1712070 600
1712080 600
1712090 599
1712100 599
1712110 598
1712120 598
1712130 597
1712140 597
1712150 596
1712160 596
1712170 596
1712180 595
1712190 595
1712200 595
1712210 595
1712220 595
1712230 595
1712240 595
1712250 595
1712260 595
1712270 595
1712280 595
1712290 595
1712300 595
1712310 595
1712320 595
1712330 595
1712340 595
1712350 594
1712360 594
1712370 594
1712380 594
1712390 593
1712400 593
1712410 593
1712420 593
1712430 592
1712440 592
1712450 592
1712460 591
1712470 591
1712480 591
1712490 590
1712500 590
1712510 590
1712520 589
1712530 589
1712540 589
1712550 588
1712560 588
1712570 587
1712580 587
1712590 587
1712600 586
1712610 586
1712620 585
1712630 585
1712640 584
1712650 584
1712660 584
1712670 583
1712680 583
1712690 583
1712700 582
1712710 582
1712720 582
1712730 581
1712740 581
1712750 581
1712760 580
1712770 580
1712780 580
1712790 580
1712800 579
1712810 579
1712820 579
1712830 578
1712840 578
1712850 578
1712860 577
1712870 577
1712880 576
1712890 576
1712900 576
1712910 576
1712920 576
1712930 577
1712940 577
1712950 577
1712960 577
1712970 577
1712980 577
1712990 577
1713000 577
1713010 577
1713020 576
1713030 576
1713040 576
1713050 575
1713060 575
1713070 575
1713080 575
1713090 574
1713100 574
1713110 574
1713120 574
1713130 574
1713140 574
1713150 573
1713160 573
1713170 573
1713180 573
1713190 572
1713200 572
1713210 572
1713220 572
1713230 572
1713240 572
1713250 572
1713260 572
1713270 571
1713280 571
1713290 571
1713300 571
1713310 572
1713320 572
1713330 572
1713340 572
1713350 573
1713360 573
1713370 573
1713380 573
1713390 573
1713400 573
1713410 574
1713420 574
1713430 574
1713440 574
1713450 574
1713460 574
1713470 574
1713480 574
1713490 574
1713500 574
1713510 574
1713520 574
1713530 574
1713540 573
1713550 573
1713560 573
1713570 573
1713580 573
1713590 573
1713600 572
1713610 572
1713620 572
1713630 572
1713640 572
1713650 571
1713660 571
1713670 571
1713680 571
1713690 570
1713700 570
1713710 570
1713720 569
1713730 569
1713740 569
1713750 568
1713760 568
1713770 567
1713780 567
1713790 567
1713800 566
1713810 566
1713820 565
1713830 565
1713840 564
1713850 563
1713860 563
1713870 562
1713880 561
1713890 560
1713900 560
1713910 560
1713920 559
1713930 559
1713940 559
1713950 559
1713960 560
1713970 560
1713980 561
1713990 561
1714000 562
1714010 563
1714020 563
1714030 564
1714040 564
1714050 564
1714060 565
1714070 565
1714080 565
1714090 566
1714100 566
1714110 566
1714120 566
1714130 565
1714140 565
1714150 565
1714160 565
1714170 564
1714180 564
1714190 563
1714200 563
1714210 562
1714220 562
1714230 562
1714240 563
1714250 564
1714260 564
1714270 565
1714280 565
1714290 566
1714300 566
1714310 566
1714320 567
1714330 567
1714340 567
1714350 567
1714360 567
1714370 567
1714380 567
1714390 567
1714400 567
1714410 567
1714420 567
1714430 567
1714440 567
1714450 567
1714460 567
1714470 567
1714480 567
1714490 567
1714500 567
1714510 567
1714520 567
1714530 566
1714540 566
1714550 566
1714560 566
1714570 566
1714580 566
1714590 565
1714600 565
1714610 565
1714620 565
1714630 564
1714640 564
1714650 564
1714660 563
1714670 563
1714680 563
1714690 563
1714700 563
1714710 562
1714720 562
1714730 562
1714740 562
1714750 562
1714760 562
1714770 562
1714780 562
1714790 562
1714800 562
1714810 562
1714820 563
1714830 563
1714840 563
1714850 564
1714860 564
1714870 564
1714880 565
1714890 565
1714900 565
1714910 566
1714920 566
1714930 566
1714940 566
1714950 566
1714960 567
1714970 567
1714980 567
1714990 567
1715000 567
1715010 568
1715020 568
1715030 568
1715040 568
1715050 568
1715060 568
1715070 568
1715080 568
1715090 568
1715100 568
1715110 568
1715120 568
1715130 568
1715140 568
1715150 568
1715160 568
1715170 568
1715180 568
1715190 567
1715200 567
1715210 567
1715220 567
1715230 567
1715240 567
1715250 566
1715260 566
1715270 566
1715280 566
1715290 566
1715300 566
1715310 565
1715320 565
1715330 565
1715340 565
1715350 565
1715360 565
1715370 565
1715380 565
1715390 565
1715400 564
1715410 564
1715420 564
1715430 564
1715440 564
1715450 564
1715460 564
1715470 564
1715480 564
1715490 564
1715500 563
1715510 563
1715520 563
1715530 563
1715540 563
1715550 563
1715560 563
1715570 563
1715580 562
1715590 562
1715600 562
1715610 562
1715620 562
1715630 562
1715640 562
1715650 562
1715660 562
1715670 562
1715680 562
1715690 562
1715700 562
1715710 562
1715720 562
1715730 562
1715740 562
1715750 562
1715760 562
1715770 562
1715780 562
1715790 562
1715800 562
1715810 563
1715820 563
1715830 563
1715840 563
1715850 563
1715860 563
1715870 563
1715880 563
1715890 563
1715900 563
1715910 563
1715920 564
1715930 564
1715940 564
1715950 564
1715960 564
1715970 564
1715980 564
1715990 564
1716000 565
1716010 565
1716020 565
1716030 565
1716040 565
1716050 565
1716060 565
1716070 565
1716080 566
1716090 566
1716100 566
1716110 566
1716120 566
1716130 566
1716140 566
1716150 567
1716160 567
1716170 567
1716180 567
1716190 567
1716200 567
1716210 567
1716220 567
1716230 567
1716240 567
1716250 567
1716260 568
1716270 568
1716280 568
1716290 568
1716300 568
1716310 568
1716320 568
1716330 568
1716340 568
1716350 568
1716360 569
1716370 569
1716380 569
1716390 569
1716400 569
1716410 569
1716420 569
1716430 569
1716440 569
1716450 569
1716460 569
1716470 569
1716480 569
1716490 570
1716500 570
1716510 570
1716520 570
1716530 570
1716540 570
1716550 570
1716560 570
1716570 570
1716580 570
1716590 570
1716600 570
1716610 570
1716620 571
1716630 571
1716640 571
1716650 571
1716660 571
1716670 571
1716680 571
1716690 571
1716700 571
1716710 571
1716720 571
1716730 570
1716740 570
1716750 570
1716760 570
1716770 570
1716780 570
1716790 570
1716800 570
1716810 570
1716820 570
1716830 570
1716840 570
1716850 570
1716860 570
1716870 570
1716880 570
1716890 570
1716900 570
1716910 570
1716920 569
1716930 569
1716940 569
1716950 569
1716960 569
1716970 569
1716980 569
1716990 569
1717000 569
1717010 569
1717020 569
1717030 569
1717040 569
1717050 569
1717060 568
1717070 568
1717080 568
1717090 568
1717100 568
1717110 568
1717120 568
1717130 568
1717140 568
1717150 568
1717160 568
1717170 568
1717180 568
1717190 568
1717200 568
1717210 568
1717220 568
1717230 568
1717240 568
1717250 568
1717260 568
1717270 568
1717280 568
1717290 568
1717300 568
1717310 568
1717320 568
1717330 568
1717340 568
1717350 568
1717360 568
1717370 568
1717380 568
1717390 568
1717400 568
1717410 568
1717420 568
1717430 569
1717440 569
1717450 569
1717460 569
1717470 569
1717480 569
1717490 569
1717500 569
1717510 569
1717520 569
1717530 569
1717540 569
1717550 569
1717560 569
1717570 569
1717580 569
1717590 569
1717600 569
1717610 570
1717620 570
1717630 570
1717640 570
1717650 570
1717660 570
1717670 570
1717680 570
1717690 570
1717700 570
1717710 570
1717720 570
1717730 570
1717740 570
1717750 570
1717760 570
1717770 570
1717780 570
1717790 570
1717800 570
1717810 570
1717820 569
1717830 569
1717840 569
1717850 569
1717860 569
1717870 569
1717880 569
1717890 569
1717900 569
1717910 569
1717920 569
1717930 569
1717940 569
1717950 569
1717960 569
1717970 568
1717980 568
1717990 568
1718000 568
1718010 568
1718020 568
1718030 568
1718040 568
1718050 568
1718060 568
1718070 568
1718080 568
1718090 567
1718100 567
1718110 567
1718120 567
1718130 567
1718140 567
1718150 567
1718160 567
1718170 567
1718180 567
1718190 567
1718200 567
1718210 567
1718220 567
1718230 566
1718240 566
1718250 566
1718260 566
1718270 566
1718280 566
1718290 566
1718300 566
1718310 566
1718320 565
1718330 565
1718340 565
1718350 565
1718360 565
1718370 565
1718380 565
1718390 565
1718400 565
1718410 565
1718420 564
1718430 563
1718440 561
1718450 560
1718460 560
1718470 561
1718480 562
1718490 562
1718500 562
1718510 562
1718520 562
1718530 562
1718540 562
1718550 562
1718560 563
1718570 563
1718580 563
1718590 563
1718600 563
1718610 563
1718620 563
1718630 563
1718640 563
1718650 562
1718660 562
1718670 562
1718680 562
1718690 562
1718700 562
1718710 562
1718720 562
1718730 562
1718740 561
1718750 561
1718760 561
1718770 561
1718780 561
1718790 561
1718800 561
1718810 561
1718820 561
1718830 561
1718840 560
1718850 560
1718860 560
1718870 560
1718880 560
1718890 560
1718900 560
1718910 560
1718920 560
1718930 560
1718940 559
1718950 559
1718960 559
1718970 559
1718980 559
1718990 559
1719000 559
1719010 559
1719020 559
1719030 559
1719040 559
1719050 559
1719060 559
1719070 559
1719080 558
1719090 558
1719100 558
1719110 558
1719120 558
1719130 558
1719140 558
1719150 558
1719160 558
1719170 558
1719180 558
1719190 558
1719200 558
1719210 558
1719220 558
1719230 558
1719240 558
1719250 558
1719260 558
1719270 558
1719280 558
1719290 558
1719300 557
1719310 557
1719320 557
1719330 557
1719340 557
1719350 557
1719360 557
1719370 557
1719380 557
1719390 557
1719400 557
1719410 557
1719420 557
1719430 557
1719440 557
1719450 557
1719460 557
1719470 557
1719480 557
1719490 557
1719500 557
1719510 557
1719520 556
1719530 556
1719540 556
1719550 556
1719560 556
1719570 556
1719580 556
1719590 556
1719600 556
1719610 556
1719620 556
1719630 556
1719640 556
1719650 555
1719660 555
1719670 555
1719680 555
1719690 555
1719700 555
1719710 555
1719720 555
1719730 554
1719740 554
1719750 554
1719760 554
1719770 554
1719780 554
1719790 554
1719800 554
1719810 554
1719820 553
1719830 553
1719840 553
1719850 553
1719860 553
1719870 553
1719880 552
1719890 552
1719900 552
1719910 552
1719920 552
1719930 551
1719940 551
1719950 551
1719960 551
1719970 551
1719980 550
1719990 550
