1700000 502
1700010 502
1700020 502
1700030 502
1700040 502
1700050 502
1700060 502
1700070 502
1700080 503
1700090 503
1700100 503
1700110 504
1700120 504
1700130 504
1700140 505
1700150 505
1700160 506
1700170 506
1700180 507
1700190 508
1700200 508
1700210 509
1700220 510
1700230 510
1700240 511
1700250 511
1700260 512
1700270 513
1700280 513
1700290 513
1700300 514
1700310 514
1700320 514
1700330 514
1700340 513
1700350 513
1700360 513
1700370 513
1700380 513
1700390 512
1700400 512
1700410 512
1700420 511
1700430 511
1700440 511
1700450 510
1700460 510
1700470 509
1700480 509
1700490 508
1700500 508
1700510 508
1700520 507
1700530 507
1700540 506
1700550 506
1700560 506
1700570 505
1700580 505
1700590 504
1700600 504
1700610 503
1700620 503
1700630 502
1700640 502
1700650 502
1700660 501
1700670 501
1700680 501
1700690 501
1700700 500
1700710 500
1700720 500
1700730 500
1700740 500
1700750 500
1700760 500
1700770 500
1700780 500
1700790 500
1700800 500
1700810 500
1700820 499
1700830 499
1700840 499
1700850 499
1700860 499
1700870 499
1700880 499
1700890 498
1700900 498
1700910 498
1700920 498
1700930 498
1700940 498
1700950 498
1700960 498
1700970 498
1700980 497
1700990 497
1701000 497
1701010 497
1701020 497
1701030 497
1701040 497
1701050 497
1701060 497
1701070 496
1701080 496
1701090 496
1701100 496
1701110 496
1701120 495
1701130 495
1701140 494
1701150 494
1701160 493
1701170 493
1701180 492
1701190 492
1701200 492
1701210 491
1701220 491
1701230 490
1701240 490
1701250 490
1701260 489
1701270 489
1701280 489
1701290 489
1701300 488
1701310 488
1701320 488
1701330 488
1701340 487
1701350 487
1701360 487
1701370 486
1701380 486
1701390 486
1701400 486
1701410 485
1701420 485
1701430 485
1701440 485
1701450 485
1701460 485
1701470 485
1701480 484
1701490 484
1701500 484
1701510 483
1701520 483
1701530 483
1701540 483
1701550 483
1701560 483
1701570 483
1701580 483
1701590 483
1701600 483
1701610 482
1701620 481
1701630 482
1701640 482
1701650 483
1701660 483
1701670 483
1701680 484
1701690 483
1701700 483
1701710 483
1701720 484
1701730 484
1701740 485
1701750 486
1701760 486
1701770 486
1701780 486
1701790 487
1701800 487
1701810 487
1701820 488
1701830 488
1701840 488
1701850 488
1701860 489
1701870 489
1701880 489
1701890 489
1701900 490
1701910 490
1701920 490
1701930 490
1701940 491
1701950 491
1701960 491
1701970 491
1701980 492
1701990 492
1702000 492
1702010 492
1702020 493
1702030 494
1702040 494
1702050 494
1702060 495
1702070 495
1702080 494
1702090 495
1702100 495
1702110 495
1702120 495
1702130 495
1702140 496
1702150 496
1702160 496
1702170 497
1702180 497
1702190 497
1702200 497
1702210 497
1702220 497
1702230 497
1702240 497
1702250 497
1702260 497
1702270 497
1702280 497
1702290 496
1702300 496
1702310 496
1702320 495
1702330 495
1702340 495
1702350 494
1702360 494
1702370 494
1702380 494
1702390 494
1702400 494
1702410 494
1702420 494
1702430 494
1702440 494
1702450 494
1702460 494
1702470 494
1702480 494
1702490 494
1702500 494
1702510 494
1702520 494
1702530 494
1702540 494
1702550 494
1702560 494
1702570 494
1702580 493
1702590 493
1702600 494
1702610 494
1702620 494
1702630 494
1702640 494
1702650 494
1702660 494
1702670 494
1702680 494
1702690 495
1702700 495
1702710 495
1702720 495
1702730 495
1702740 496
1702750 496
1702760 496
1702770 497
1702780 497
1702790 497
1702800 497
1702810 498
1702820 498
1702830 499
1702840 499
1702850 500
1702860 501
1702870 501
1702880 502
1702890 502
1702900 503
1702910 503
1702920 504
1702930 504
1702940 505
1702950 506
1702960 506
1702970 507
1702980 507
1702990 508
1703000 508
1703010 509
1703020 509
1703030 510
1703040 510
1703050 511
1703060 511
1703070 512
1703080 513
1703090 513
1703100 514
1703110 514
1703120 514
1703130 515
1703140 515
1703150 516
1703160 516
1703170 516
1703180 517
1703190 517
1703200 517
1703210 518
1703220 518
1703230 518
1703240 518
1703250 519
1703260 519
1703270 519
1703280 519
1703290 519
1703300 519
1703310 520
1703320 520
1703330 520
1703340 520
1703350 521
1703360 521
1703370 522
1703380 522
1703390 522
1703400 523
1703410 523
1703420 523
1703430 523
1703440 524
1703450 524
1703460 524
1703470 524
1703480 524
1703490 524
1703500 524
1703510 524
1703520 525
1703530 525
1703540 526
1703550 526
1703560 526
1703570 527
1703580 527
1703590 527
1703600 528
1703610 528
1703620 529
1703630 529
1703640 529
1703650 529
1703660 530
1703670 530
1703680 531
1703690 531
1703700 531
1703710 531
1703720 532
1703730 532
1703740 532
1703750 533
1703760 533
1703770 533
1703780 533
1703790 533
1703800 533
1703810 533
1703820 533
1703830 533
1703840 533
1703850 533
1703860 533
1703870 532
1703880 532
1703890 532
1703900 532
1703910 532
1703920 532
1703930 532
1703940 533
1703950 533
1703960 533
1703970 533
1703980 533
1703990 533
1704000 533
1704010 534
1704020 535
1704030 535
1704040 536
1704050 537
1704060 538
1704070 538
1704080 538
1704090 539
1704100 539
1704110 539
1704120 539
1704130 539
1704140 540
1704150 540
1704160 540
1704170 540
1704180 540
1704190 541
1704200 541
1704210 541
1704220 541
1704230 541
1704240 541
1704250 541
1704260 541
1704270 542
1704280 542
1704290 542
1704300 542
1704310 542
1704320 542
1704330 542
1704340 542
1704350 542
1704360 542
1704370 542
1704380 542
1704390 542
1704400 542
1704410 542
1704420 542
1704430 542
1704440 542
1704450 542
1704460 542
1704470 542
1704480 542
1704490 542
1704500 542
1704510 542
1704520 542
1704530 542
1704540 542
1704550 542
1704560 542
1704570 542
1704580 543
1704590 543
1704600 543
1704610 543
1704620 543
1704630 543
1704640 544
1704650 544
1704660 544
1704670 544
1704680 544
1704690 544
1704700 544
1704710 544
1704720 545
1704730 545
1704740 545
1704750 545
1704760 545
1704770 545
1704780 545
1704790 545
1704800 546
1704810 546
1704820 546
1704830 546
1704840 546
1704850 546
1704860 546
1704870 546
1704880 547
1704890 547
1704900 547
1704910 547
1704920 547
1704930 547
1704940 547
1704950 547
1704960 547
1704970 547
1704980 547
1704990 547
1705000 547
1705010 547
1705020 547
1705030 548
1705040 548
1705050 548
1705060 548
1705070 548
1705080 548
1705090 548
1705100 548
1705110 548
1705120 548
1705130 548
1705140 548
1705150 548
1705160 548
1705170 548
1705180 548
1705190 548
1705200 548
1705210 549
1705220 549
1705230 549
1705240 549
1705250 549
1705260 549
1705270 549
1705280 549
1705290 549
1705300 549
1705310 549
1705320 549
1705330 549
1705340 549
1705350 549
1705360 549
1705370 549
1705380 549
1705390 549
1705400 548
1705410 548
1705420 548
1705430 548
1705440 548
1705450 548
1705460 548
1705470 548
1705480 548
1705490 548
1705500 548
1705510 548
1705520 547
1705530 547
1705540 547
1705550 547
1705560 547
1705570 547
1705580 547
1705590 547
1705600 547
1705610 547
1705620 547
1705630 547
1705640 547
1705650 547
1705660 547
1705670 547
1705680 547
1705690 547
1705700 547
1705710 546
1705720 546
1705730 546
1705740 546
1705750 547
1705760 547
1705770 547
1705780 547
1705790 547
1705800 547
1705810 547
1705820 548
1705830 548
1705840 548
1705850 548
1705860 548
1705870 549
1705880 549
1705890 549
1705900 549
1705910 549
1705920 550
1705930 550
1705940 551
1705950 551
1705960 551
1705970 551
1705980 551
1705990 552
1706000 552
1706010 552
1706020 552
1706030 553
1706040 553
1706050 553
1706060 553
1706070 553
1706080 554
1706090 554
1706100 554
1706110 554
1706120 554
1706130 555
1706140 555
1706150 555
1706160 555
1706170 555
1706180 556
1706190 556
1706200 556
1706210 556
1706220 556
1706230 556
1706240 557
1706250 557
1706260 557
1706270 557
1706280 557
1706290 557
1706300 557
1706310 558
1706320 558
1706330 558
1706340 558
1706350 558
1706360 558
1706370 558
1706380 558
1706390 559
1706400 559
1706410 559
1706420 559
1706430 559
1706440 560
1706450 560
1706460 560
1706470 560
1706480 560
1706490 560
1706500 560
1706510 561
1706520 561
1706530 561
1706540 561
1706550 561
1706560 561
1706570 561
1706580 561
1706590 561
1706600 561
1706610 561
1706620 561
1706630 561
1706640 561
1706650 561
1706660 561
1706670 561
1706680 561
1706690 561
1706700 560
1706710 560
1706720 560
1706730 560
1706740 560
1706750 559
1706760 559
1706770 559
1706780 559
1706790 559
1706800 558
1706810 558
1706820 558
1706830 557
1706840 557
1706850 557
1706860 556
1706870 556
1706880 556
1706890 555
1706900 555
1706910 555
1706920 554
1706930 554
1706940 554
1706950 553
1706960 553
1706970 553
1706980 553
1706990 553
1707000 552
1707010 552
1707020 552
1707030 552
1707040 551
1707050 551
1707060 550
1707070 550
1707080 550
1707090 550
1707100 550
1707110 550
1707120 550
1707130 550
1707140 550
1707150 551
1707160 552
1707170 552
1707180 553
1707190 553
1707200 553
1707210 554
1707220 554
1707230 554
1707240 555
1707250 555
1707260 555
1707270 555
1707280 556
1707290 556
1707300 556
1707310 556
1707320 557
1707330 557
1707340 558
1707350 558
1707360 558
1707370 559
1707380 559
1707390 559
1707400 560
1707410 560
1707420 560
1707430 560
1707440 560
1707450 560
1707460 561
1707470 561
1707480 561
1707490 562
1707500 562
1707510 562
1707520 563
1707530 563
1707540 564
1707550 565
1707560 565
1707570 566
1707580 566
1707590 567
1707600 567
1707610 568
1707620 568
1707630 568
1707640 568
1707650 568
1707660 568
1707670 567
1707680 567
1707690 567
1707700 567
1707710 567
1707720 567
1707730 567
1707740 567
1707750 567
1707760 567
1707770 567
1707780 567
1707790 567
1707800 567
1707810 567
1707820 567
1707830 567
1707840 567
1707850 566
1707860 566
1707870 566
1707880 566
1707890 566
1707900 566
1707910 566
1707920 566
1707930 567
1707940 567
1707950 567
1707960 567
1707970 567
1707980 568
1707990 568
1708000 568
1708010 568
1708020 569
1708030 569
1708040 569
1708050 569
1708060 570
1708070 570
1708080 570
1708090 571
1708100 571
1708110 571
1708120 572
1708130 572
1708140 572
1708150 572
1708160 573
1708170 573
1708180 573
1708190 574
1708200 574
1708210 575
1708220 575
1708230 575
1708240 576
1708250 576
1708260 576
1708270 577
1708280 577
1708290 578
1708300 578
1708310 578
1708320 579
1708330 579
1708340 580
1708350 580
1708360 581
1708370 581
1708380 582
1708390 582
1708400 583
1708410 583
1708420 584
1708430 584
1708440 585
1708450 585
1708460 586
1708470 586
1708480 587
1708490 587
1708500 588
1708510 588
1708520 589
1708530 589
1708540 590
1708550 590
1708560 591
1708570 592
1708580 592
1708590 593
1708600 593
1708610 594
1708620 595
1708630 595
1708640 596
1708650 597
1708660 598
1708670 598
1708680 599
1708690 600
1708700 601
1708710 602
1708720 602
1708730 603
1708740 603
1708750 604
1708760 604
1708770 605
1708780 605
1708790 606
1708800 607
1708810 608
1708820 608
1708830 609
1708840 610
1708850 611
1708860 612
1708870 613
1708880 614
1708890 615
1708900 616
1708910 617
1708920 617
1708930 618
1708940 618
1708950 619
1708960 619
1708970 620
1708980 621
1708990 621
1709000 622
1709010 622
1709020 623
1709030 623
1709040 624
1709050 624
1709060 625
1709070 625
1709080 626
1709090 627
1709100 627
1709110 628
1709120 628
1709130 629
1709140 630
1709150 631
1709160 632
1709170 632
1709180 633
1709190 634
1709200 635
1709210 635
1709220 636
1709230 637
1709240 638
1709250 638
1709260 639
1709270 640
1709280 641
1709290 641
1709300 642
1709310 643
1709320 643
1709330 644
1709340 645
1709350 645
1709360 646
1709370 646
1709380 647
1709390 648
1709400 648
1709410 649
1709420 650
1709430 651
1709440 651
1709450 652
1709460 653
1709470 653
1709480 654
1709490 655
1709500 655
1709510 656
1709520 657
1709530 657
1709540 658
1709550 659
1709560 660
1709570 660
1709580 661
1709590 662
1709600 662
1709610 663
1709620 663
1709630 664
1709640 664
1709650 665
1709660 665
1709670 665
1709680 666
1709690 666
1709700 666
1709710 667
1709720 667
1709730 667
1709740 667
1709750 667
1709760 667
1709770 668
1709780 668
1709790 668
1709800 668
1709810 668
1709820 668
1709830 668
1709840 668
1709850 668
1709860 668
1709870 668
1709880 667
1709890 667
1709900 667
1709910 667
1709920 667
1709930 667
1709940 667
1709950 667
1709960 667
1709970 667
1709980 667
1709990 667
1710000 667
1710010 667
1710020 667
1710030 667
1710040 667
1710050 667
1710060 667
1710070 667
1710080 667
1710090 668
1710100 668
1710110 668
1710120 669
1710130 669
1710140 670
1710150 670
1710160 670
1710170 671
1710180 671
1710190 671
1710200 671
1710210 672
1710220 672
1710230 672
1710240 672
1710250 672
1710260 672
1710270 672
1710280 672
1710290 672
1710300 672
1710310 672
1710320 672
1710330 672
1710340 672
1710350 672
1710360 672
1710370 672
1710380 672
1710390 672
1710400 672
1710410 672
1710420 672
1710430 672
1710440 672
1710450 672
1710460 672
1710470 672
1710480 672
1710490 672
1710500 672
1710510 671
1710520 671
1710530 671
1710540 671
1710550 671
1710560 671
1710570 670
1710580 670
1710590 670
1710600 669
1710610 669
1710620 669
1710630 669
1710640 669
1710650 668
1710660 668
1710670 668
1710680 668
1710690 668
1710700 669
1710710 669
1710720 669
1710730 670
1710740 670
1710750 670
1710760 671
1710770 671
1710780 671
1710790 671
1710800 671
1710810 671
1710820 671
1710830 671
1710840 671
1710850 671
1710860 671
1710870 671
1710880 671
1710890 671
1710900 671
1710910 672
1710920 672
1710930 672
1710940 673
1710950 674
1710960 674
1710970 675
1710980 675
1710990 676
1711000 676
1711010 677
1711020 677
1711030 678
1711040 678
1711050 678
1711060 679
1711070 679
1711080 680
1711090 680
1711100 680
1711110 680
1711120 680
1711130 680
1711140 680
1711150 680
1711160 680
1711170 680
1711180 680
1711190 680
1711200 680
1711210 679
1711220 679
1711230 678
1711240 678
1711250 677
1711260 676
1711270 676
1711280 675
1711290 675
1711300 674
1711310 674
1711320 673
1711330 673
1711340 672
1711350 672
1711360 671
1711370 670
1711380 669
1711390 668
1711400 667
1711410 666
1711420 665
1711430 664
1711440 662
1711450 661
1711460 660
1711470 659
1711480 658
1711490 658
1711500 657
1711510 656
1711520 656
1711530 655
1711540 655
1711550 654
1711560 653
1711570 652
1711580 652
1711590 651
1711600 650
1711610 649
1711620 648
1711630 647
1711640 647
1711650 646
1711660 645
1711670 644
1711680 643
1711690 642
1711700 642
1711710 641
1711720 640
1711730 639
1711740 638
1711750 638
1711760 637
1711770 636
1711780 635
1711790 634
1711800 633
1711810 632
1711820 632
1711830 631
1711840 630
1711850 629
1711860 628
1711870 627
1711880 626
1711890 625
1711900 624
1711910 623
1711920 622
1711930 621
1711940 620
1711950 619
1711960 618
1711970 617
1711980 616
1711990 615
1712000 614
1712010 613
1712020 612
1712030 611
1712040 610
1712050 610
1712060 609
1712070 608
1712080 607
1712090 606
1712100 604
1712110 603
1712120 602
1712130 601
1712140 600
1712150 600
1712160 599
1712170 599
1712180 598
1712190 597
1712200 597
1712210 596
1712220 596
1712230 595
1712240 595
1712250 594
1712260 594
1712270 594
1712280 593
1712290 593
1712300 593
1712310 593
1712320 593
1712330 593
1712340 593
1712350 593
1712360 592
1712370 592
1712380 592
1712390 592
1712400 592
1712410 591
1712420 591
1712430 591
1712440 591
1712450 590
1712460 590
1712470 590
1712480 589
1712490 589
1712500 589
1712510 589
1712520 588
1712530 588
1712540 588
1712550 587
1712560 587
1712570 587
1712580 586
1712590 586
1712600 585
1712610 585
1712620 584
1712630 584
1712640 584
1712650 583
1712660 583
1712670 583
1712680 582
1712690 582
1712700 581
1712710 581
1712720 580
1712730 580
1712740 580
1712750 580
1712760 580
1712770 580
1712780 580
1712790 580
1712800 579
1712810 579
1712820 579
1712830 579
1712840 579
1712850 579
1712860 578
1712870 578
1712880 578
1712890 578
1712900 578
1712910 578
1712920 578
1712930 578
1712940 578
1712950 578
1712960 578
1712970 578
1712980 578
1712990 578
1713000 578
1713010 577
1713020 577
1713030 577
1713040 577
1713050 577
1713060 577
1713070 577
1713080 577
1713090 577
1713100 577
1713110 576
1713120 576
1713130 576
1713140 576
1713150 576
1713160 575
1713170 575
1713180 575
1713190 575
1713200 574
1713210 574
1713220 574
1713230 574
1713240 573
1713250 573
1713260 572
1713270 572
1713280 572
1713290 571
1713300 571
1713310 571
1713320 571
1713330 570
1713340 570
1713350 570
1713360 569
1713370 569
1713380 569
1713390 568
1713400 568
1713410 568
1713420 567
1713430 567
1713440 567
1713450 566
1713460 566
1713470 566
1713480 565
1713490 565
1713500 565
1713510 564
1713520 564
1713530 564
1713540 563
1713550 563
1713560 563
1713570 562
1713580 562
1713590 561
1713600 561
1713610 560
1713620 560
1713630 559
1713640 559
1713650 558
1713660 558
1713670 557
1713680 557
1713690 556
1713700 555
1713710 554
1713720 554
1713730 553
1713740 552
1713750 552
1713760 551
1713770 551
1713780 551
1713790 550
1713800 550
1713810 550
1713820 550
1713830 551
1713840 552
1713850 553
1713860 550
1713870 549
1713880 548
1713890 548
1713900 548
1713910 548
1713920 547
1713930 547
1713940 547
1713950 546
1713960 546
1713970 546
1713980 546
1713990 546
1714000 546
1714010 546
1714020 546
1714030 546
1714040 546
1714050 546
1714060 546
1714070 547
1714080 547
1714090 547
1714100 547
1714110 547
1714120 547
1714130 546
1714140 545
1714150 545
1714160 544
1714170 544
1714180 544
1714190 544
1714200 545
1714210 546
1714220 547
1714230 547
1714240 547
1714250 547
1714260 548
1714270 548
1714280 548
1714290 549
1714300 549
1714310 549
1714320 549
1714330 549
1714340 549
1714350 549
1714360 549
1714370 549
1714380 549
1714390 549
1714400 549
1714410 549
1714420 549
1714430 549
1714440 549
1714450 549
1714460 549
1714470 549
1714480 549
1714490 549
1714500 548
1714510 548
1714520 548
1714530 548
1714540 548
1714550 548
1714560 548
1714570 548
1714580 547
1714590 547
1714600 547
1714610 546
1714620 546
1714630 546
1714640 545
1714650 545
1714660 545
1714670 545
1714680 545
1714690 544
1714700 544
1714710 544
1714720 544
1714730 543
1714740 543
1714750 543
1714760 542
1714770 542
1714780 543
1714790 544
1714800 544
1714810 544
1714820 544
1714830 543
1714840 543
1714850 544
1714860 544
1714870 544
1714880 544
1714890 544
1714900 544
1714910 544
1714920 544
1714930 544
1714940 544
1714950 544
1714960 544
1714970 544
1714980 544
1714990 544
1715000 543
1715010 544
1715020 544
1715030 545
1715040 546
1715050 547
1715060 548
1715070 548
1715080 549
1715090 550
1715100 550
1715110 550
1715120 550
1715130 551
1715140 551
1715150 551
1715160 551
1715170 551
1715180 551
1715190 551
1715200 551
1715210 551
1715220 551
1715230 551
1715240 551
1715250 551
1715260 550
1715270 550
1715280 550
1715290 550
1715300 549
1715310 548
1715320 547
1715330 545
1715340 543
1715350 542
1715360 540
1715370 540
1715380 541
1715390 542
1715400 543
1715410 544
1715420 546
1715430 547
1715440 548
1715450 549
1715460 550
1715470 550
1715480 550
1715490 551
1715500 551
1715510 551
1715520 552
1715530 552
1715540 552
1715550 553
1715560 553
1715570 554
1715580 554
1715590 554
1715600 555
1715610 555
1715620 555
1715630 556
1715640 556
1715650 556
1715660 556
1715670 557
1715680 557
1715690 557
1715700 557
1715710 557
1715720 558
1715730 558
1715740 558
1715750 558
1715760 558
1715770 559
1715780 559
1715790 559
1715800 559
1715810 559
1715820 560
1715830 560
1715840 560
1715850 560
1715860 560
1715870 560
1715880 560
1715890 560
1715900 560
1715910 560
1715920 560
1715930 560
1715940 560
1715950 560
1715960 560
1715970 560
1715980 560
1715990 560
1716000 560
1716010 560
1716020 560
1716030 560
1716040 560
1716050 560
1716060 560
1716070 560
1716080 560
1716090 560
1716100 560
1716110 560
1716120 560
1716130 560
1716140 560
1716150 561
1716160 561
1716170 561
1716180 561
1716190 561
1716200 561
1716210 561
1716220 561
1716230 561
1716240 561
1716250 561
1716260 561
1716270 561
1716280 562
1716290 562
1716300 562
1716310 562
1716320 562
1716330 562
1716340 563
1716350 563
1716360 563
1716370 563
1716380 563
1716390 563
1716400 563
1716410 563
1716420 563
1716430 563
1716440 563
1716450 563
1716460 563
1716470 563
1716480 563
1716490 563
1716500 563
1716510 563
1716520 563
1716530 563
1716540 562
1716550 562
1716560 562
1716570 562
1716580 562
1716590 562
1716600 562
1716610 561
1716620 561
1716630 561
1716640 561
1716650 561
1716660 560
1716670 560
1716680 560
1716690 560
1716700 559
1716710 559
1716720 559
1716730 559
1716740 559
1716750 559
1716760 559
1716770 558
1716780 558
1716790 558
1716800 558
1716810 558
1716820 558
1716830 558
1716840 558
1716850 558
1716860 558
1716870 558
1716880 558
1716890 558
1716900 558
1716910 558
1716920 558
1716930 558
1716940 558
1716950 558
1716960 558
1716970 558
1716980 558
1716990 558
1717000 558
1717010 558
1717020 559
1717030 559
1717040 559
1717050 559
1717060 559
1717070 559
1717080 559
1717090 559
1717100 560
1717110 560
1717120 560
1717130 561
1717140 561
1717150 561
1717160 561
1717170 562
1717180 562
1717190 562
1717200 562
1717210 562
1717220 563
1717230 563
1717240 563
1717250 563
1717260 564
1717270 564
1717280 564
1717290 564
1717300 564
1717310 564
1717320 564
1717330 564
1717340 564
1717350 564
1717360 565
1717370 565
1717380 565
1717390 565
1717400 565
1717410 565
1717420 565
1717430 565
1717440 565
1717450 566
1717460 566
1717470 566
1717480 566
1717490 566
1717500 567
1717510 567
1717520 567
1717530 567
1717540 567
1717550 567
1717560 567
1717570 567
1717580 567
1717590 567
1717600 567
1717610 567
1717620 567
1717630 567
1717640 567
1717650 567
1717660 567
1717670 567
1717680 567
1717690 567
1717700 567
1717710 567
1717720 567
1717730 566
1717740 566
1717750 566
1717760 566
1717770 566
1717780 566
1717790 565
1717800 566
1717810 566
1717820 566
1717830 565
1717840 565
1717850 565
1717860 565
1717870 565
1717880 565
1717890 565
1717900 565
1717910 565
1717920 565
1717930 565
1717940 565
1717950 565
1717960 564
1717970 564
1717980 564
1717990 564
1718000 564
1718010 564
1718020 564
1718030 564
1718040 564
1718050 564
1718060 563
1718070 563
1718080 563
1718090 563
1718100 563
1718110 563
1718120 563
1718130 562
1718140 562
1718150 562
1718160 562
1718170 562
1718180 562
1718190 562
1718200 561
1718210 561
1718220 561
1718230 561
1718240 561
1718250 561
1718260 560
1718270 560
1718280 560
1718290 560
1718300 560
1718310 560
1718320 560
1718330 559
1718340 559
1718350 559
1718360 559
1718370 559
1718380 559
1718390 559
1718400 559
1718410 559
1718420 558
1718430 558
1718440 558
1718450 558
1718460 558
1718470 557
1718480 557
1718490 557
1718500 557
1718510 556
1718520 556
1718530 556
1718540 556
1718550 556
1718560 555
1718570 555
1718580 555
1718590 555
1718600 554
1718610 554
1718620 554
1718630 554
1718640 554
1718650 554
1718660 554
1718670 554
1718680 554
1718690 554
1718700 554
1718710 554
1718720 554
1718730 554
1718740 554
1718750 554
1718760 554
1718770 553
1718780 554
1718790 554
1718800 554
1718810 555
1718820 555
1718830 555
1718840 555
1718850 555
1718860 555
1718870 555
1718880 555
1718890 555
1718900 555
1718910 555
1718920 555
1718930 555
1718940 555
1718950 555
1718960 555
1718970 555
1718980 555
1718990 555
1719000 555
1719010 555
1719020 555
1719030 555
1719040 555
1719050 555
1719060 555
1719070 555
1719080 555
1719090 555
1719100 555
1719110 555
1719120 555
1719130 555
1719140 555
1719150 555
1719160 555
1719170 555
1719180 555
1719190 555
1719200 555
1719210 555
1719220 555
1719230 555
1719240 555
1719250 555
1719260 555
1719270 555
1719280 555
1719290 555
1719300 555
1719310 555
1719320 555
1719330 555
1719340 555
1719350 555
1719360 555
1719370 555
1719380 555
1719390 555
1719400 555
1719410 555
1719420 555
1719430 555
1719440 555
1719450 555
1719460 555
1719470 555
1719480 555
1719490 555
1719500 555
1719510 555
1719520 555
1719530 555
1719540 555
1719550 555
1719560 555
1719570 555
1719580 555
1719590 555
1719600 555
1719610 555
1719620 555
1719630 555
1719640 555
1719650 555
1719660 554
1719670 554
1719680 554
1719690 554
1719700 554
1719710 554
1719720 554
1719730 554
1719740 554
1719750 553
1719760 553
1719770 553
1719780 553
1719790 553
1719800 553
1719810 553
1719820 553
1719830 552
1719840 552
1719850 552
1719860 552
1719870 552
1719880 552
1719890 551
1719900 551
1719910 551
1719920 551
1719930 551
1719940 551
1719950 550
1719960 550
1719970 550
1719980 550
1719990 550
