1700000 512
1700010 511
1700020 511
1700030 510
1700040 510
1700050 510
1700060 510
1700070 509
1700080 508
1700090 507
1700100 506
1700110 506
1700120 505
1700130 504
1700140 503
1700150 502
1700160 501
1700170 500
1700180 499
1700190 498
1700200 498
1700210 497
1700220 497
1700230 496
1700240 496
1700250 496
1700260 497
1700270 497
1700280 498
1700290 498
1700300 499
1700310 500
1700320 500
1700330 501
1700340 501
1700350 502
1700360 502
1700370 503
1700380 503
1700390 503
1700400 503
1700410 504
1700420 504
1700430 504
1700440 504
1700450 504
1700460 504
1700470 504
1700480 504
1700490 504
1700500 504
1700510 504
1700520 504
1700530 504
1700540 503
1700550 503
1700560 503
1700570 503
1700580 503
1700590 503
1700600 503
1700610 503
1700620 503
1700630 503
1700640 502
1700650 502
1700660 502
1700670 502
1700680 502
1700690 502
1700700 502
1700710 502
1700720 501
1700730 501
1700740 501
1700750 501
1700760 501
1700770 501
1700780 501
1700790 501
1700800 501
1700810 500
1700820 500
1700830 500
1700840 500
1700850 500
1700860 500
1700870 499
1700880 499
1700890 498
1700900 497
1700910 495
1700920 493
1700930 491
1700940 491
1700950 490
1700960 490
1700970 490
1700980 491
1700990 491
1701000 491
1701010 491
1701020 492
1701030 492
1701040 492
1701050 491
1701060 490
1701070 490
1701080 489
1701090 489
1701100 488
1701110 488
1701120 487
1701130 487
1701140 486
1701150 486
1701160 485
1701170 485
1701180 485
1701190 485
1701200 484
1701210 484
1701220 484
1701230 484
1701240 484
1701250 484
1701260 484
1701270 484
1701280 484
1701290 484
1701300 484
1701310 484
1701320 484
1701330 484
1701340 484
1701350 484
1701360 484
1701370 483
1701380 482
1701390 482
1701400 482
1701410 482
1701420 482
1701430 482
1701440 482
1701450 482
1701460 482
1701470 481
1701480 481
1701490 482
1701500 482
1701510 482
1701520 481
1701530 480
1701540 480
1701550 481
1701560 482
1701570 482
1701580 482
1701590 482
1701600 482
1701610 482
1701620 482
1701630 482
1701640 482
1701650 482
1701660 482
1701670 482
1701680 482
1701690 482
1701700 482
1701710 482
1701720 482
1701730 482
1701740 482
1701750 482
1701760 482
1701770 482
1701780 482
1701790 482
1701800 482
1701810 482
1701820 482
1701830 482
1701840 482
1701850 482
1701860 482
1701870 482
1701880 484
1701890 485
1701900 486
1701910 487
1701920 488
1701930 488
1701940 488
1701950 488
1701960 488
1701970 488
1701980 488
1701990 488
1702000 488
1702010 489
1702020 489
1702030 489
1702040 490
1702050 490
1702060 490
1702070 491
1702080 491
1702090 491
1702100 492
1702110 492
1702120 493
1702130 493
1702140 494
1702150 494
1702160 494
1702170 494
1702180 495
1702190 495
1702200 495
1702210 496
1702220 496
1702230 496
1702240 497
1702250 497
1702260 497
1702270 498
1702280 498
1702290 499
1702300 499
1702310 499
1702320 500
1702330 500
1702340 500
1702350 501
1702360 501
1702370 501
1702380 501
1702390 501
1702400 501
1702410 501
1702420 501
1702430 501
1702440 501
1702450 501
1702460 502
1702470 502
1702480 502
1702490 502
1702500 502
1702510 502
1702520 503
1702530 503
1702540 503
1702550 503
1702560 504
1702570 504
1702580 504
1702590 504
1702600 505
1702610 505
1702620 505
1702630 505
1702640 506
1702650 506
1702660 506
1702670 507
1702680 507
1702690 507
1702700 507
1702710 507
1702720 508
1702730 508
1702740 508
1702750 508
1702760 508
1702770 508
1702780 509
1702790 509
1702800 509
1702810 509
1702820 510
1702830 510
1702840 511
1702850 511
1702860 511
1702870 512
1702880 512
1702890 513
1702900 513
1702910 514
1702920 514
1702930 515
1702940 515
1702950 515
1702960 516
1702970 516
1702980 517
1702990 517
1703000 518
1703010 519
1703020 519
1703030 520
1703040 520
1703050 520
1703060 521
1703070 521
1703080 521
1703090 521
1703100 521
1703110 522
1703120 522
1703130 522
1703140 522
1703150 522
1703160 522
1703170 522
1703180 522
1703190 522
1703200 522
1703210 522
1703220 522
1703230 522
1703240 522
1703250 522
1703260 522
1703270 522
1703280 523
1703290 523
1703300 523
1703310 522
1703320 522
1703330 522
1703340 523
1703350 523
1703360 522
1703370 522
1703380 522
1703390 522
1703400 522
1703410 522
1703420 522
1703430 523
1703440 523
1703450 523
1703460 523
1703470 523
1703480 523
1703490 523
1703500 523
1703510 523
1703520 523
1703530 524
1703540 524
1703550 524
1703560 524
1703570 524
1703580 524
1703590 525
1703600 525
1703610 525
1703620 525
1703630 525
1703640 525
1703650 525
1703660 525
1703670 525
1703680 525
1703690 526
1703700 526
1703710 526
1703720 526
1703730 526
1703740 527
1703750 527
1703760 527
1703770 527
1703780 527
1703790 528
1703800 528
1703810 528
1703820 528
1703830 529
1703840 529
1703850 529
1703860 529
1703870 529
1703880 530
1703890 530
1703900 530
1703910 530
1703920 530
1703930 531
1703940 531
1703950 531
1703960 532
1703970 532
1703980 532
1703990 532
1704000 533
1704010 533
1704020 533
1704030 533
1704040 534
1704050 534
1704060 534
1704070 535
1704080 535
1704090 536
1704100 536
1704110 536
1704120 537
1704130 537
1704140 537
1704150 537
1704160 538
1704170 538
1704180 538
1704190 539
1704200 539
1704210 539
1704220 540
1704230 540
1704240 541
1704250 541
1704260 541
1704270 542
1704280 542
1704290 542
1704300 543
1704310 543
1704320 544
1704330 544
1704340 544
1704350 545
1704360 545
1704370 545
1704380 545
1704390 545
1704400 546
1704410 546
1704420 546
1704430 546
1704440 547
1704450 547
1704460 548
1704470 548
1704480 548
1704490 548
1704500 548
1704510 549
1704520 549
1704530 549
1704540 550
1704550 550
1704560 550
1704570 550
1704580 550
1704590 550
1704600 550
1704610 550
1704620 549
1704630 549
1704640 549
1704650 549
1704660 549
1704670 548
1704680 548
1704690 548
1704700 548
1704710 547
1704720 547
1704730 547
1704740 546
1704750 546
1704760 546
1704770 546
1704780 546
1704790 545
1704800 545
1704810 545
1704820 545
1704830 545
1704840 544
1704850 544
1704860 544
1704870 543
1704880 543
1704890 543
1704900 543
1704910 542
1704920 542
1704930 542
1704940 541
1704950 541
1704960 540
1704970 540
1704980 539
1704990 538
1705000 537
1705010 536
1705020 535
1705030 534
1705040 534
1705050 534
1705060 535
1705070 535
1705080 535
1705090 536
1705100 537
1705110 538
1705120 539
1705130 540
1705140 541
1705150 542
1705160 542
1705170 543
1705180 543
1705190 544
1705200 544
1705210 544
1705220 544
1705230 545
1705240 545
1705250 545
1705260 545
1705270 545
1705280 545
1705290 545
1705300 546
1705310 546
1705320 546
1705330 546
1705340 546
1705350 546
1705360 546
1705370 546
1705380 546
1705390 546
1705400 546
1705410 546
1705420 546
1705430 546
1705440 546
1705450 546
1705460 545
1705470 545
1705480 545
1705490 545
1705500 545
1705510 544
1705520 544
1705530 544
1705540 544
1705550 544
1705560 544
1705570 543
1705580 543
1705590 543
1705600 542
1705610 542
1705620 542
1705630 542
1705640 541
1705650 541
1705660 541
1705670 541
1705680 540
1705690 540
1705700 540
1705710 540
1705720 539
1705730 539
1705740 539
1705750 539
1705760 538
1705770 538
1705780 538
1705790 538
1705800 537
1705810 537
1705820 537
1705830 537
1705840 537
1705850 536
1705860 536
1705870 536
1705880 536
1705890 536
1705900 535
1705910 535
1705920 535
1705930 535
1705940 535
1705950 534
1705960 534
1705970 534
1705980 534
1705990 534
1706000 534
1706010 534
1706020 533
1706030 533
1706040 533
1706050 533
1706060 532
1706070 532
1706080 532
1706090 532
1706100 532
1706110 531
1706120 531
1706130 531
1706140 531
1706150 531
1706160 531
1706170 532
1706180 532
1706190 532
1706200 533
1706210 533
1706220 533
1706230 534
1706240 534
1706250 535
1706260 535
1706270 536
1706280 536
1706290 537
1706300 538
1706310 538
1706320 539
1706330 540
1706340 541
1706350 541
1706360 542
1706370 543
1706380 544
1706390 545
1706400 546
1706410 546
1706420 547
1706430 548
1706440 549
1706450 549
1706460 550
1706470 550
1706480 551
1706490 551
1706500 552
1706510 552
1706520 552
1706530 553
1706540 553
1706550 553
1706560 554
1706570 554
1706580 554
1706590 555
1706600 555
1706610 555
1706620 556
1706630 556
1706640 557
1706650 557
1706660 557
1706670 557
1706680 557
1706690 557
1706700 557
1706710 557
1706720 557
1706730 557
1706740 558
1706750 558
1706760 558
1706770 558
1706780 558
1706790 558
1706800 558
1706810 559
1706820 559
1706830 559
1706840 559
1706850 559
1706860 559
1706870 559
1706880 560
1706890 560
1706900 560
1706910 560
1706920 560
1706930 560
1706940 560
1706950 561
1706960 561
1706970 561
1706980 561
1706990 561
1707000 561
1707010 561
1707020 561
1707030 561
1707040 561
1707050 561
1707060 561
1707070 561
1707080 561
1707090 561
1707100 561
1707110 561
1707120 561
1707130 561
1707140 561
1707150 561
1707160 561
1707170 561
1707180 562
1707190 562
1707200 562
1707210 562
1707220 563
1707230 563
1707240 563
1707250 563
1707260 563
1707270 563
1707280 563
1707290 563
1707300 563
1707310 563
1707320 563
1707330 563
1707340 563
1707350 563
1707360 563
1707370 563
1707380 563
1707390 563
1707400 563
1707410 563
1707420 563
1707430 563
1707440 563
1707450 564
1707460 564
1707470 564
1707480 564
1707490 564
1707500 564
1707510 565
1707520 565
1707530 565
1707540 565
1707550 565
1707560 565
1707570 565
1707580 566
1707590 566
1707600 566
1707610 566
1707620 566
1707630 566
1707640 566
1707650 566
1707660 566
1707670 566
1707680 566
1707690 566
1707700 566
1707710 566
1707720 566
1707730 566
1707740 566
1707750 566
1707760 566
1707770 566
1707780 566
1707790 566
1707800 566
1707810 567
1707820 567
1707830 567
1707840 567
1707850 567
1707860 567
1707870 567
1707880 567
1707890 567
1707900 568
1707910 568
1707920 568
1707930 568
1707940 568
1707950 568
1707960 568
1707970 569
1707980 569
1707990 569
1708000 569
1708010 569
1708020 569
1708030 569
1708040 570
1708050 570
1708060 570
1708070 570
1708080 571
1708090 571
1708100 571
1708110 571
1708120 571
1708130 572
1708140 572
1708150 572
1708160 572
1708170 572
1708180 572
1708190 573
1708200 573
1708210 573
1708220 573
1708230 573
1708240 574
1708250 574
1708260 574
1708270 574
1708280 574
1708290 575
1708300 575
1708310 575
1708320 576
1708330 576
1708340 577
1708350 577
1708360 577
1708370 578
1708380 578
1708390 578
1708400 579
1708410 579
1708420 580
1708430 580
1708440 580
1708450 581
1708460 582
1708470 582
1708480 583
1708490 583
1708500 584
1708510 585
1708520 585
1708530 586
1708540 586
1708550 587
1708560 588
1708570 588
1708580 589
1708590 590
1708600 590
1708610 591
1708620 591
1708630 592
1708640 593
1708650 593
1708660 594
1708670 594
1708680 595
1708690 596
1708700 596
1708710 597
1708720 598
1708730 598
1708740 599
1708750 600
1708760 601
1708770 601
1708780 602
1708790 603
1708800 603
1708810 604
1708820 605
1708830 606
1708840 607
1708850 607
1708860 608
1708870 609
1708880 610
1708890 610
1708900 611
1708910 612
1708920 614
1708930 615
1708940 616
1708950 617
1708960 618
1708970 619
1708980 620
1708990 621
1709000 622
1709010 624
1709020 625
1709030 626
1709040 627
1709050 628
1709060 629
1709070 630
1709080 632
1709090 633
1709100 635
1709110 636
1709120 638
1709130 639
1709140 640
1709150 641
1709160 642
1709170 643
1709180 644
1709190 645
1709200 646
1709210 647
1709220 648
1709230 649
1709240 650
1709250 651
1709260 652
1709270 652
1709280 653
1709290 654
1709300 655
1709310 655
1709320 656
1709330 657
1709340 657
1709350 658
1709360 658
1709370 659
1709380 659
1709390 660
1709400 660
1709410 661
1709420 662
1709430 662
1709440 663
1709450 663
1709460 664
1709470 664
1709480 664
1709490 665
1709500 665
1709510 665
1709520 665
1709530 665
1709540 665
1709550 665
1709560 666
1709570 666
1709580 666
1709590 666
1709600 666
1709610 666
1709620 666
1709630 666
1709640 666
1709650 666
1709660 666
1709670 666
1709680 666
1709690 666
1709700 666
1709710 666
1709720 666
1709730 665
1709740 665
1709750 665
1709760 665
1709770 665
1709780 665
1709790 665
1709800 664
1709810 664
1709820 664
1709830 664
1709840 664
1709850 664
1709860 664
1709870 664
1709880 664
1709890 664
1709900 664
1709910 664
1709920 664
1709930 663
1709940 663
1709950 663
1709960 663
1709970 663
1709980 663
1709990 663
1710000 662
1710010 662
1710020 662
1710030 662
1710040 661
1710050 661
1710060 661
1710070 661
1710080 660
1710090 660
1710100 660
1710110 659
1710120 659
1710130 659
1710140 658
1710150 658
1710160 658
1710170 657
1710180 657
1710190 657
1710200 656
1710210 656
1710220 656
1710230 655
1710240 655
1710250 655
1710260 654
1710270 654
1710280 654
1710290 653
1710300 653
1710310 653
1710320 652
1710330 652
1710340 652
1710350 652
1710360 651
1710370 651
1710380 651
1710390 651
1710400 651
1710410 650
1710420 650
1710430 650
1710440 650
1710450 649
1710460 649
1710470 649
1710480 648
1710490 648
1710500 648
1710510 648
1710520 647
1710530 647
1710540 646
1710550 646
1710560 645
1710570 645
1710580 644
1710590 644
1710600 643
1710610 642
1710620 642
1710630 641
1710640 640
1710650 640
1710660 639
1710670 638
1710680 638
1710690 637
1710700 637
1710710 636
1710720 636
1710730 635
1710740 635
1710750 634
1710760 634
1710770 633
1710780 633
1710790 632
1710800 631
1710810 631
1710820 630
1710830 630
1710840 629
1710850 629
1710860 628
1710870 628
1710880 627
1710890 626
1710900 626
1710910 625
1710920 625
1710930 624
1710940 624
1710950 623
1710960 623
1710970 622
1710980 622
1710990 622
1711000 621
1711010 621
1711020 621
1711030 620
1711040 620
1711050 619
1711060 619
1711070 619
1711080 618
1711090 618
1711100 617
1711110 617
1711120 616
1711130 616
1711140 615
1711150 615
1711160 614
1711170 614
1711180 613
1711190 613
1711200 612
1711210 612
1711220 611
1711230 611
1711240 610
1711250 610
1711260 609
1711270 608
1711280 608
1711290 608
1711300 607
1711310 607
1711320 606
1711330 606
1711340 606
1711350 605
1711360 605
1711370 605
1711380 604
1711390 604
1711400 604
1711410 604
1711420 603
1711430 603
1711440 603
1711450 603
1711460 602
1711470 602
1711480 602
1711490 601
1711500 601
1711510 600
1711520 600
1711530 600
1711540 599
1711550 598
1711560 598
1711570 597
1711580 597
1711590 597
1711600 597
1711610 597
1711620 597
1711630 597
1711640 596
1711650 596
1711660 596
1711670 596
1711680 596
1711690 595
1711700 595
1711710 595
1711720 595
1711730 594
1711740 594
1711750 594
1711760 594
1711770 594
1711780 594
1711790 594
1711800 594
1711810 594
1711820 594
1711830 593
1711840 593
1711850 593
1711860 593
1711870 593
1711880 593
1711890 592
1711900 592
1711910 592
1711920 592
1711930 591
1711940 591
1711950 591
1711960 591
1711970 591
1711980 590
1711990 590
1712000 590
1712010 590
1712020 590
1712030 590
1712040 589
1712050 589
1712060 589
1712070 589
1712080 589
1712090 589
1712100 589
1712110 589
1712120 589
1712130 588
1712140 588
1712150 588
1712160 588
1712170 588
1712180 588
1712190 588
1712200 589
1712210 589
1712220 590
1712230 591
1712240 591
1712250 592
1712260 592
1712270 592
1712280 593
1712290 593
1712300 593
1712310 594
1712320 594
1712330 594
1712340 595
1712350 595
1712360 595
1712370 594
1712380 594
1712390 594
1712400 594
1712410 593
1712420 593
1712430 593
1712440 592
1712450 592
1712460 591
1712470 591
1712480 591
1712490 590
1712500 589
1712510 589
1712520 588
1712530 589
1712540 589
1712550 590
1712560 590
1712570 590
1712580 591
1712590 591
1712600 591
1712610 592
1712620 592
1712630 592
1712640 592
1712650 592
1712660 592
1712670 592
1712680 591
1712690 591
1712700 591
1712710 591
1712720 590
1712730 590
1712740 590
1712750 590
1712760 589
1712770 589
1712780 589
1712790 589
1712800 588
1712810 588
1712820 588
1712830 588
1712840 587
1712850 587
1712860 587
1712870 587
1712880 587
1712890 587
1712900 587
1712910 586
1712920 586
1712930 586
1712940 585
1712950 585
1712960 584
1712970 584
1712980 584
1712990 584
1713000 584
1713010 583
1713020 583
1713030 583
1713040 583
1713050 582
1713060 582
1713070 582
1713080 582
1713090 581
1713100 581
1713110 581
1713120 580
1713130 580
1713140 580
1713150 580
1713160 579
1713170 579
1713180 579
1713190 579
1713200 578
1713210 578
1713220 578
1713230 578
1713240 577
1713250 577
1713260 577
1713270 577
1713280 576
1713290 576
1713300 576
1713310 576
1713320 575
1713330 575
1713340 575
1713350 575
1713360 574
1713370 574
1713380 574
1713390 573
1713400 573
1713410 573
1713420 572
1713430 572
1713440 572
1713450 571
1713460 571
1713470 571
1713480 571
1713490 570
1713500 570
1713510 570
1713520 569
1713530 569
1713540 569
1713550 568
1713560 568
1713570 568
1713580 567
1713590 567
1713600 567
1713610 566
1713620 566
1713630 566
1713640 566
1713650 565
1713660 565
1713670 565
1713680 565
1713690 565
1713700 564
1713710 564
1713720 564
1713730 564
1713740 563
1713750 563
1713760 563
1713770 563
1713780 563
1713790 562
1713800 562
1713810 562
1713820 562
1713830 562
1713840 561
1713850 561
1713860 561
1713870 561
1713880 561
1713890 560
1713900 560
1713910 560
1713920 560
1713930 560
1713940 559
1713950 559
1713960 559
1713970 559
1713980 559
1713990 559
1714000 558
1714010 558
1714020 558
1714030 558
1714040 558
1714050 557
1714060 557
1714070 557
1714080 557
1714090 557
1714100 557
1714110 557
1714120 557
1714130 557
1714140 557
1714150 557
1714160 556
1714170 556
1714180 556
1714190 556
1714200 556
1714210 556
1714220 556
1714230 556
1714240 556
1714250 556
1714260 556
1714270 556
1714280 556
1714290 556
1714300 555
1714310 555
1714320 555
1714330 556
1714340 555
1714350 555
1714360 555
1714370 555
1714380 555
1714390 555
1714400 555
1714410 555
1714420 555
1714430 555
1714440 555
1714450 555
1714460 555
1714470 555
1714480 554
1714490 554
1714500 554
1714510 554
1714520 554
1714530 554
1714540 553
1714550 553
1714560 553
1714570 553
1714580 553
1714590 553
1714600 552
1714610 552
1714620 552
1714630 552
1714640 552
1714650 552
1714660 552
1714670 552
1714680 551
1714690 551
1714700 551
1714710 551
1714720 551
1714730 551
1714740 550
1714750 550
1714760 550
1714770 550
1714780 550
1714790 549
1714800 549
1714810 548
1714820 548
1714830 548
1714840 548
1714850 549
1714860 548
1714870 548
1714880 548
1714890 548
1714900 548
1714910 548
1714920 548
1714930 548
1714940 548
1714950 548
1714960 548
1714970 547
1714980 547
1714990 547
1715000 547
1715010 547
1715020 546
1715030 546
1715040 546
1715050 545
1715060 545
1715070 544
1715080 544
1715090 544
1715100 544
1715110 544
1715120 544
1715130 544
1715140 543
1715150 543
1715160 543
1715170 543
1715180 542
1715190 542
1715200 542
1715210 541
1715220 541
1715230 541
1715240 540
1715250 540
1715260 540
1715270 539
1715280 539
1715290 539
1715300 538
1715310 538
1715320 538
1715330 537
1715340 537
1715350 536
1715360 536
1715370 535
1715380 535
1715390 534
1715400 534
1715410 534
1715420 533
1715430 533
1715440 532
1715450 532
1715460 532
1715470 531
1715480 531
1715490 531
1715500 531
1715510 531
1715520 530
1715530 530
1715540 530
1715550 530
1715560 529
1715570 529
1715580 529
1715590 529
1715600 529
1715610 529
1715620 528
1715630 528
1715640 528
1715650 528
1715660 528
1715670 528
1715680 528
1715690 528
1715700 528
1715710 528
1715720 528
1715730 528
1715740 528
1715750 527
1715760 527
1715770 527
1715780 527
1715790 527
1715800 527
1715810 527
1715820 527
1715830 527
1715840 527
1715850 526
1715860 526
1715870 526
1715880 526
1715890 526
1715900 526
1715910 526
1715920 525
1715930 525
1715940 525
1715950 525
1715960 525
1715970 524
1715980 524
1715990 524
1716000 524
1716010 524
1716020 523
1716030 523
1716040 522
1716050 522
1716060 522
1716070 521
1716080 521
1716090 521
1716100 520
1716110 520
1716120 519
1716130 519
1716140 518
1716150 517
1716160 517
1716170 517
1716180 517
1716190 516
1716200 516
1716210 516
1716220 516
1716230 516
1716240 516
1716250 516
1716260 516
1716270 516
1716280 515
1716290 515
1716300 515
1716310 515
1716320 515
1716330 515
1716340 515
1716350 515
1716360 515
1716370 515
1716380 515
1716390 515
1716400 515
1716410 516
1716420 516
1716430 515
1716440 515
1716450 515
1716460 515
1716470 516
1716480 518
1716490 520
1716500 520
1716510 520
1716520 521
1716530 521
1716540 522
1716550 522
1716560 523
1716570 523
1716580 523
1716590 523
1716600 524
1716610 524
1716620 524
1716630 524
1716640 524
1716650 524
1716660 524
1716670 524
1716680 524
1716690 524
1716700 524
1716710 524
1716720 523
1716730 523
1716740 522
1716750 521
1716760 521
1716770 520
1716780 520
1716790 520
1716800 522
1716810 523
1716820 524
1716830 525
1716840 526
1716850 526
1716860 527
1716870 528
1716880 528
1716890 529
1716900 529
1716910 530
1716920 530
1716930 531
1716940 531
1716950 531
1716960 531
1716970 532
1716980 532
1716990 532
1717000 532
1717010 532
1717020 532
1717030 532
1717040 532
1717050 531
1717060 530
1717070 529
1717080 528
1717090 528
1717100 530
1717110 531
1717120 532
1717130 533
1717140 534
1717150 535
1717160 536
1717170 536
1717180 537
1717190 538
1717200 538
1717210 538
1717220 539
1717230 539
1717240 540
1717250 540
1717260 540
1717270 540
1717280 541
1717290 541
1717300 541
1717310 541
1717320 541
1717330 541
1717340 541
1717350 540
1717360 540
1717370 539
1717380 539
1717390 538
1717400 538
1717410 538
1717420 537
1717430 537
1717440 537
1717450 537
1717460 537
1717470 537
1717480 536
1717490 536
1717500 536
1717510 536
1717520 536
1717530 535
1717540 535
1717550 535
1717560 535
1717570 535
1717580 535
1717590 535
1717600 535
1717610 534
1717620 534
1717630 534
1717640 534
1717650 534
1717660 534
1717670 534
1717680 534
1717690 534
1717700 534
1717710 534
1717720 534
1717730 534
1717740 534
1717750 534
1717760 534
1717770 534
1717780 534
1717790 534
1717800 534
1717810 534
1717820 534
1717830 534
1717840 535
1717850 535
1717860 535
1717870 535
1717880 535
1717890 535
1717900 535
1717910 535
1717920 534
1717930 535
1717940 535
1717950 535
1717960 535
1717970 535
1717980 535
1717990 536
1718000 536
1718010 536
1718020 536
1718030 536
1718040 536
1718050 536
1718060 536
1718070 536
1718080 536
1718090 536
1718100 536
1718110 536
1718120 536
1718130 537
1718140 537
1718150 537
1718160 537
1718170 537
1718180 537
1718190 537
1718200 537
1718210 537
1718220 537
1718230 537
1718240 537
1718250 537
1718260 538
1718270 538
1718280 538
1718290 538
1718300 538
1718310 538
1718320 538
1718330 537
1718340 537
1718350 537
1718360 537
1718370 537
1718380 537
1718390 537
1718400 537
1718410 537
1718420 538
1718430 538
1718440 538
1718450 538
1718460 538
1718470 539
1718480 539
1718490 539
1718500 539
1718510 540
1718520 540
1718530 540
1718540 540
1718550 540
1718560 540
1718570 540
1718580 540
1718590 540
1718600 540
1718610 540
1718620 540
1718630 539
1718640 539
1718650 539
1718660 539
1718670 539
1718680 539
1718690 539
1718700 539
1718710 538
1718720 538
1718730 538
1718740 538
1718750 538
1718760 538
1718770 538
1718780 538
1718790 538
1718800 537
1718810 537
1718820 537
1718830 537
1718840 537
1718850 537
1718860 537
1718870 537
1718880 537
1718890 537
1718900 536
1718910 536
1718920 536
1718930 536
1718940 536
1718950 536
1718960 536
1718970 535
1718980 535
1718990 535
1719000 535
1719010 535
1719020 535
1719030 535
1719040 535
1719050 535
1719060 534
1719070 534
1719080 534
1719090 534
1719100 534
1719110 534
1719120 533
1719130 533
1719140 533
1719150 533
1719160 533
1719170 532
1719180 532
1719190 532
1719200 532
1719210 531
1719220 531
1719230 531
1719240 531
1719250 531
1719260 530
1719270 530
1719280 530
1719290 530
1719300 530
1719310 530
1719320 529
1719330 529
1719340 529
1719350 529
1719360 529
1719370 528
1719380 528
1719390 528
1719400 528
1719410 527
1719420 527
1719430 527
1719440 527
1719450 526
1719460 526
1719470 526
1719480 526
1719490 525
1719500 525
1719510 525
1719520 525
1719530 524
1719540 524
1719550 524
1719560 523
1719570 523
1719580 523
1719590 523
1719600 522
1719610 522
1719620 522
1719630 522
1719640 522
1719650 522
1719660 522
1719670 522
1719680 522
1719690 522
1719700 522
1719710 522
1719720 521
1719730 521
1719740 521
1719750 521
1719760 521
1719770 521
1719780 521
1719790 521
1719800 521
1719810 521
1719820 521
1719830 521
1719840 521
1719850 521
1719860 521
1719870 522
1719880 522
1719890 522
1719900 522
1719910 522
1719920 522
1719930 521
1719940 521
1719950 521
1719960 521
1719970 521
1719980 521
1719990 521
