1700000 515
1700010 515
1700020 515
1700030 515
1700040 514
1700050 514
1700060 514
1700070 514
1700080 514
1700090 514
1700100 514
1700110 514
1700120 513
1700130 513
1700140 513
1700150 513
1700160 513
1700170 513
1700180 513
1700190 513
1700200 513
1700210 512
1700220 512
1700230 512
1700240 512
1700250 512
1700260 512
1700270 512
1700280 512
1700290 511
1700300 511
1700310 511
1700320 511
1700330 511
1700340 511
1700350 511
1700360 510
1700370 510
1700380 510
1700390 510
1700400 510
1700410 510
1700420 510
1700430 510
1700440 510
1700450 510
1700460 510
1700470 509
1700480 509
1700490 509
1700500 508
1700510 508
1700520 508
1700530 508
1700540 507
1700550 507
1700560 506
1700570 506
1700580 505
1700590 505
1700600 505
1700610 504
1700620 504
1700630 504
1700640 504
1700650 504
1700660 504
1700670 503
1700680 503
1700690 503
1700700 503
1700710 503
1700720 503
1700730 503
1700740 503
1700750 503
1700760 503
1700770 503
1700780 503
1700790 503
1700800 503
1700810 503
1700820 503
1700830 503
1700840 503
1700850 503
1700860 503
1700870 503
1700880 503
1700890 503
1700900 503
1700910 502
1700920 502
1700930 502
1700940 502
1700950 501
1700960 501
1700970 501
1700980 500
1700990 500
1701000 499
1701010 499
1701020 499
1701030 498
1701040 498
1701050 498
1701060 497
1701070 496
1701080 495
1701090 494
1701100 494
1701110 494
1701120 494
1701130 494
1701140 494
1701150 495
1701160 496
1701170 496
1701180 496
1701190 496
1701200 496
1701210 496
1701220 496
1701230 496
1701240 496
1701250 496
1701260 496
1701270 496
1701280 496
1701290 497
1701300 498
1701310 499
1701320 499
1701330 499
1701340 500
1701350 500
1701360 500
1701370 501
1701380 501
1701390 501
1701400 501
1701410 501
1701420 500
1701430 500
1701440 499
1701450 498
1701460 498
1701470 497
1701480 497
1701490 496
1701500 496
1701510 495
1701520 495
1701530 495
1701540 494
1701550 494
1701560 493
1701570 491
1701580 490
1701590 488
1701600 486
1701610 485
1701620 484
1701630 482
1701640 481
1701650 481
1701660 480
1701670 480
1701680 480
1701690 480
1701700 480
1701710 480
1701720 480
1701730 480
1701740 480
1701750 480
1701760 480
1701770 480
1701780 480
1701790 480
1701800 479
1701810 479
1701820 479
1701830 480
1701840 480
1701850 480
1701860 480
1701870 480
1701880 480
1701890 480
1701900 480
1701910 480
1701920 480
1701930 481
1701940 482
1701950 483
1701960 483
1701970 484
1701980 484
1701990 484
1702000 484
1702010 484
1702020 485
1702030 485
1702040 485
1702050 485
1702060 485
1702070 486
1702080 486
1702090 486
1702100 486
1702110 486
1702120 487
1702130 487
1702140 487
1702150 487
1702160 487
1702170 487
1702180 487
1702190 488
1702200 488
1702210 488
1702220 489
1702230 489
1702240 489
1702250 490
1702260 490
1702270 490
1702280 491
1702290 491
1702300 492
1702310 492
1702320 492
1702330 493
1702340 493
1702350 493
1702360 494
1702370 494
1702380 494
1702390 494
1702400 495
1702410 495
1702420 495
1702430 495
1702440 496
1702450 496
1702460 496
1702470 496
1702480 497
1702490 497
1702500 497
1702510 498
1702520 498
1702530 498
1702540 499
1702550 499
1702560 500
1702570 501
1702580 502
1702590 503
1702600 504
1702610 504
1702620 505
1702630 506
1702640 506
1702650 507
1702660 507
1702670 508
1702680 508
1702690 509
1702700 509
1702710 509
1702720 509
1702730 510
1702740 510
1702750 510
1702760 510
1702770 510
1702780 510
1702790 509
1702800 509
1702810 509
1702820 509
1702830 509
1702840 508
1702850 508
1702860 508
1702870 508
1702880 508
1702890 508
1702900 507
1702910 507
1702920 507
1702930 507
1702940 507
1702950 507
1702960 507
1702970 507
1702980 507
1702990 507
1703000 507
1703010 507
1703020 507
1703030 506
1703040 506
1703050 506
1703060 506
1703070 506
1703080 506
1703090 506
1703100 506
1703110 506
1703120 506
1703130 506
1703140 507
1703150 507
1703160 507
1703170 507
1703180 507
1703190 508
1703200 508
1703210 509
1703220 509
1703230 510
1703240 510
1703250 511
1703260 511
1703270 511
1703280 512
1703290 512
1703300 512
1703310 512
1703320 513
1703330 513
1703340 513
1703350 513
1703360 512
1703370 512
1703380 512
1703390 512
1703400 512
1703410 512
1703420 512
1703430 511
1703440 511
1703450 511
1703460 511
1703470 510
1703480 510
1703490 510
1703500 510
1703510 509
1703520 509
1703530 509
1703540 508
1703550 508
1703560 508
1703570 508
1703580 508
1703590 508
1703600 508
1703610 508
1703620 507
1703630 507
1703640 507
1703650 507
1703660 506
1703670 506
1703680 506
1703690 506
1703700 507
1703710 507
1703720 507
1703730 507
1703740 508
1703750 508
1703760 508
1703770 509
1703780 509
1703790 509
1703800 510
1703810 510
1703820 510
1703830 510
1703840 511
1703850 511
1703860 511
1703870 511
1703880 512
1703890 512
1703900 512
1703910 512
1703920 513
1703930 513
1703940 514
1703950 514
1703960 514
1703970 515
1703980 515
1703990 515
1704000 516
1704010 516
1704020 516
1704030 517
1704040 517
1704050 517
1704060 517
1704070 518
1704080 518
1704090 518
1704100 518
1704110 518
1704120 519
1704130 519
1704140 519
1704150 519
1704160 519
1704170 520
1704180 520
1704190 520
1704200 520
1704210 520
1704220 521
1704230 521
1704240 521
1704250 521
1704260 521
1704270 521
1704280 521
1704290 521
1704300 521
1704310 521
1704320 522
1704330 522
1704340 522
1704350 522
1704360 522
1704370 522
1704380 521
1704390 521
1704400 521
1704410 521
1704420 521
1704430 521
1704440 521
1704450 521
1704460 521
1704470 520
1704480 519
1704490 519
1704500 519
1704510 518
1704520 518
1704530 518
1704540 517
1704550 517
1704560 516
1704570 516
1704580 516
1704590 516
1704600 516
1704610 516
1704620 517
1704630 518
1704640 520
1704650 522
1704660 523
1704670 524
1704680 525
1704690 526
1704700 526
1704710 527
1704720 527
1704730 528
1704740 528
1704750 529
1704760 529
1704770 530
1704780 530
1704790 530
1704800 530
1704810 530
1704820 530
1704830 530
1704840 530
1704850 530
1704860 530
1704870 530
1704880 530
1704890 530
1704900 530
1704910 530
1704920 530
1704930 530
1704940 530
1704950 530
1704960 530
1704970 530
1704980 530
1704990 529
1705000 529
1705010 529
1705020 529
1705030 528
1705040 528
1705050 528
1705060 527
1705070 527
1705080 527
1705090 526
1705100 526
1705110 525
1705120 525
1705130 524
1705140 523
1705150 522
1705160 521
1705170 520
1705180 520
1705190 519
1705200 517
1705210 515
1705220 513
1705230 513
1705240 513
1705250 513
1705260 513
1705270 513
1705280 513
1705290 513
1705300 514
1705310 515
1705320 517
1705330 518
1705340 520
1705350 521
1705360 522
1705370 523
1705380 524
1705390 525
1705400 526
1705410 526
1705420 527
1705430 527
1705440 528
1705450 529
1705460 529
1705470 529
1705480 530
1705490 530
1705500 530
1705510 531
1705520 531
1705530 531
1705540 532
1705550 532
1705560 532
1705570 532
1705580 532
1705590 532
1705600 532
1705610 533
1705620 533
1705630 533
1705640 533
1705650 533
1705660 533
1705670 534
1705680 534
1705690 534
1705700 534
1705710 534
1705720 534
1705730 534
1705740 534
1705750 534
1705760 534
1705770 534
1705780 534
1705790 534
1705800 534
1705810 534
1705820 534
1705830 534
1705840 534
1705850 534
1705860 534
1705870 534
1705880 534
1705890 534
1705900 534
1705910 534
1705920 534
1705930 534
1705940 534
1705950 534
1705960 534
1705970 534
1705980 534
1705990 534
1706000 534
1706010 534
1706020 534
1706030 534
1706040 534
1706050 534
1706060 533
1706070 533
1706080 533
1706090 533
1706100 533
1706110 533
1706120 534
1706130 534
1706140 534
1706150 534
1706160 534
1706170 534
1706180 535
1706190 535
1706200 535
1706210 535
1706220 536
1706230 536
1706240 536
1706250 536
1706260 537
1706270 537
1706280 537
1706290 538
1706300 538
1706310 538
1706320 539
1706330 539
1706340 539
1706350 539
1706360 540
1706370 540
1706380 540
1706390 540
1706400 541
1706410 541
1706420 541
1706430 541
1706440 541
1706450 541
1706460 542
1706470 542
1706480 542
1706490 542
1706500 543
1706510 543
1706520 543
1706530 543
1706540 543
1706550 543
1706560 543
1706570 544
1706580 544
1706590 544
1706600 544
1706610 544
1706620 544
1706630 544
1706640 545
1706650 545
1706660 545
1706670 545
1706680 545
1706690 545
1706700 545
1706710 546
1706720 546
1706730 546
1706740 546
1706750 547
1706760 547
1706770 547
1706780 547
1706790 547
1706800 548
1706810 548
1706820 548
1706830 549
1706840 549
1706850 549
1706860 549
1706870 550
1706880 550
1706890 550
1706900 550
1706910 551
1706920 551
1706930 551
1706940 551
1706950 552
1706960 552
1706970 552
1706980 552
1706990 552
1707000 553
1707010 553
1707020 553
1707030 553
1707040 553
1707050 554
1707060 554
1707070 554
1707080 554
1707090 554
1707100 554
1707110 554
1707120 554
1707130 555
1707140 555
1707150 555
1707160 555
1707170 555
1707180 555
1707190 555
1707200 555
1707210 555
1707220 555
1707230 555
1707240 556
1707250 556
1707260 556
1707270 556
1707280 556
1707290 556
1707300 557
1707310 557
1707320 557
1707330 557
1707340 558
1707350 558
1707360 558
1707370 558
1707380 558
1707390 558
1707400 559
1707410 559
1707420 559
1707430 559
1707440 559
1707450 559
1707460 559
1707470 559
1707480 560
1707490 560
1707500 560
1707510 561
1707520 561
1707530 561
1707540 561
1707550 562
1707560 562
1707570 562
1707580 563
1707590 563
1707600 563
1707610 564
1707620 564
1707630 564
1707640 565
1707650 565
1707660 566
1707670 566
1707680 566
1707690 567
1707700 567
1707710 567
1707720 568
1707730 568
1707740 569
1707750 569
1707760 569
1707770 570
1707780 570
1707790 571
1707800 571
1707810 571
1707820 572
1707830 572
1707840 573
1707850 573
1707860 574
1707870 574
1707880 575
1707890 575
1707900 576
1707910 576
1707920 577
1707930 577
1707940 578
1707950 578
1707960 579
1707970 579
1707980 580
1707990 581
1708000 582
1708010 582
1708020 583
1708030 583
1708040 584
1708050 585
1708060 586
1708070 587
1708080 588
1708090 589
1708100 590
1708110 591
1708120 592
1708130 593
1708140 594
1708150 595
1708160 596
1708170 597
1708180 598
1708190 599
1708200 601
1708210 602
1708220 603
1708230 604
1708240 605
1708250 606
1708260 607
1708270 609
1708280 609
1708290 610
1708300 611
1708310 613
1708320 614
1708330 614
1708340 615
1708350 615
1708360 616
1708370 619
1708380 621
1708390 622
1708400 623
1708410 623
1708420 624
1708430 624
1708440 625
1708450 626
1708460 627
1708470 628
1708480 628
1708490 628
1708500 628
1708510 628
1708520 628
1708530 628
1708540 629
1708550 629
1708560 630
1708570 631
1708580 635
1708590 637
1708600 638
1708610 639
1708620 639
1708630 640
1708640 640
1708650 641
1708660 641
1708670 641
1708680 642
1708690 643
1708700 643
1708710 644
1708720 645
1708730 645
1708740 646
1708750 647
1708760 647
1708770 648
1708780 648
1708790 649
1708800 649
1708810 650
1708820 651
1708830 651
1708840 652
1708850 653
1708860 653
1708870 654
1708880 655
1708890 657
1708900 659
1708910 660
1708920 661
1708930 662
1708940 663
1708950 664
1708960 665
1708970 665
1708980 666
1708990 666
1709000 667
1709010 667
1709020 668
1709030 668
1709040 668
1709050 668
1709060 668
1709070 668
1709080 669
1709090 669
1709100 669
1709110 668
1709120 668
1709130 668
1709140 668
1709150 668
1709160 668
1709170 668
1709180 668
1709190 668
1709200 668
1709210 668
1709220 668
1709230 667
1709240 667
1709250 667
1709260 667
1709270 667
1709280 666
1709290 666
1709300 666
1709310 666
1709320 665
1709330 665
1709340 664
1709350 664
1709360 664
1709370 663
1709380 663
1709390 662
1709400 662
1709410 661
1709420 661
1709430 660
1709440 659
1709450 658
1709460 656
1709470 655
1709480 654
1709490 653
1709500 652
1709510 651
1709520 650
1709530 649
1709540 649
1709550 649
1709560 648
1709570 648
1709580 648
1709590 648
1709600 647
1709610 648
1709620 648
1709630 649
1709640 649
1709650 650
1709660 650
1709670 650
1709680 651
1709690 651
1709700 651
1709710 652
1709720 652
1709730 652
1709740 653
1709750 653
1709760 653
1709770 654
1709780 654
1709790 655
1709800 655
1709810 656
1709820 657
1709830 657
1709840 658
1709850 659
1709860 659
1709870 660
1709880 661
1709890 662
1709900 663
1709910 664
1709920 665
1709930 665
1709940 666
1709950 666
1709960 665
1709970 664
1709980 664
1709990 663
1710000 663
1710010 663
1710020 662
1710030 662
1710040 662
1710050 661
1710060 661
1710070 661
1710080 661
1710090 661
1710100 662
1710110 662
1710120 662
1710130 662
1710140 662
1710150 662
1710160 663
1710170 664
1710180 664
1710190 665
1710200 665
1710210 666
1710220 667
1710230 668
1710240 669
1710250 670
1710260 670
1710270 671
1710280 671
1710290 671
1710300 671
1710310 671
1710320 670
1710330 670
1710340 669
1710350 669
1710360 668
1710370 667
1710380 667
1710390 666
1710400 665
1710410 665
1710420 664
1710430 664
1710440 663
1710450 662
1710460 662
1710470 661
1710480 661
1710490 660
1710500 660
1710510 659
1710520 659
1710530 658
1710540 658
1710550 657
1710560 657
1710570 656
1710580 656
1710590 655
1710600 654
1710610 654
1710620 653
1710630 653
1710640 652
1710650 652
1710660 651
1710670 651
1710680 650
1710690 649
1710700 649
1710710 648
1710720 647
1710730 647
1710740 646
1710750 646
1710760 645
1710770 645
1710780 644
1710790 644
1710800 643
1710810 642
1710820 642
1710830 641
1710840 641
1710850 640
1710860 639
1710870 639
1710880 638
1710890 638
1710900 637
1710910 637
1710920 637
1710930 637
1710940 636
1710950 636
1710960 636
1710970 636
1710980 635
1710990 635
1711000 635
1711010 634
1711020 634
1711030 633
1711040 633
1711050 632
1711060 632
1711070 631
1711080 631
1711090 631
1711100 630
1711110 630
1711120 630
1711130 629
1711140 629
1711150 628
1711160 628
1711170 627
1711180 627
1711190 627
1711200 626
1711210 626
1711220 625
1711230 625
1711240 625
1711250 624
1711260 624
1711270 623
1711280 623
1711290 623
1711300 622
1711310 622
1711320 622
1711330 621
1711340 621
1711350 621
1711360 620
1711370 620
1711380 619
1711390 619
1711400 619
1711410 619
1711420 618
1711430 618
1711440 618
1711450 618
1711460 617
1711470 617
1711480 617
1711490 616
1711500 616
1711510 616
1711520 615
1711530 615
1711540 615
1711550 614
1711560 613
1711570 613
1711580 613
1711590 612
1711600 612
1711610 611
1711620 611
1711630 610
1711640 610
1711650 610
1711660 609
1711670 609
1711680 608
1711690 608
1711700 607
1711710 606
1711720 606
1711730 605
1711740 605
1711750 604
1711760 604
1711770 603
1711780 602
1711790 602
1711800 601
1711810 600
1711820 600
1711830 599
1711840 598
1711850 597
1711860 596
1711870 595
1711880 595
1711890 594
1711900 593
1711910 592
1711920 591
1711930 591
1711940 590
1711950 589
1711960 588
1711970 587
1711980 586
1711990 584
1712000 583
1712010 581
1712020 579
1712030 578
1712040 576
1712050 575
1712060 574
1712070 574
1712080 574
1712090 574
1712100 574
1712110 574
1712120 574
1712130 574
1712140 575
1712150 575
1712160 576
1712170 577
1712180 578
1712190 579
1712200 580
1712210 580
1712220 580
1712230 581
1712240 581
1712250 582
1712260 582
1712270 582
1712280 582
1712290 583
1712300 583
1712310 583
1712320 583
1712330 583
1712340 583
1712350 583
1712360 584
1712370 584
1712380 584
1712390 584
1712400 584
1712410 583
1712420 583
1712430 583
1712440 583
1712450 583
1712460 583
1712470 583
1712480 583
1712490 583
1712500 583
1712510 583
1712520 583
1712530 584
1712540 584
1712550 584
1712560 585
1712570 585
1712580 585
1712590 586
1712600 586
1712610 586
1712620 586
1712630 587
1712640 587
1712650 587
1712660 587
1712670 587
1712680 587
1712690 588
1712700 588
1712710 588
1712720 588
1712730 588
1712740 588
1712750 588
1712760 588
1712770 587
1712780 587
1712790 587
1712800 587
1712810 587
1712820 587
1712830 587
1712840 587
1712850 587
1712860 586
1712870 586
1712880 586
1712890 586
1712900 586
1712910 586
1712920 586
1712930 585
1712940 585
1712950 585
1712960 585
1712970 584
1712980 584
1712990 584
1713000 584
1713010 583
1713020 583
1713030 583
1713040 583
1713050 582
1713060 582
1713070 582
1713080 581
1713090 581
1713100 581
1713110 580
1713120 580
1713130 580
1713140 579
1713150 579
1713160 579
1713170 578
1713180 578
1713190 578
1713200 578
1713210 577
1713220 577
1713230 576
1713240 575
1713250 575
1713260 575
1713270 574
1713280 574
1713290 573
1713300 573
1713310 572
1713320 572
1713330 572
1713340 571
1713350 571
1713360 570
1713370 570
1713380 569
1713390 569
1713400 569
1713410 568
1713420 568
1713430 567
1713440 567
1713450 567
1713460 566
1713470 566
1713480 565
1713490 565
1713500 564
1713510 564
1713520 564
1713530 563
1713540 563
1713550 562
1713560 562
1713570 561
1713580 561
1713590 560
1713600 560
1713610 560
1713620 559
1713630 559
1713640 559
1713650 558
1713660 558
1713670 557
1713680 557
1713690 556
1713700 556
1713710 555
1713720 555
1713730 555
1713740 555
1713750 555
1713760 554
1713770 554
1713780 554
1713790 554
1713800 554
1713810 554
1713820 553
1713830 553
1713840 553
1713850 553
1713860 553
1713870 552
1713880 552
1713890 552
1713900 551
1713910 551
1713920 551
1713930 551
1713940 550
1713950 550
1713960 550
1713970 549
1713980 549
1713990 548
1714000 548
1714010 548
1714020 547
1714030 547
1714040 546
1714050 546
1714060 546
1714070 545
1714080 544
1714090 543
1714100 542
1714110 541
1714120 541
1714130 540
1714140 540
1714150 539
1714160 539
1714170 538
1714180 537
1714190 537
1714200 536
1714210 535
1714220 535
1714230 534
1714240 534
1714250 534
1714260 533
1714270 533
1714280 533
1714290 533
1714300 532
1714310 532
1714320 532
1714330 532
1714340 532
1714350 532
1714360 532
1714370 531
1714380 531
1714390 531
1714400 531
1714410 531
1714420 531
1714430 531
1714440 530
1714450 530
1714460 530
1714470 530
1714480 530
1714490 530
1714500 530
1714510 530
1714520 530
1714530 529
1714540 529
1714550 529
1714560 529
1714570 529
1714580 529
1714590 529
1714600 529
1714610 529
1714620 529
1714630 528
1714640 528
1714650 528
1714660 528
1714670 528
1714680 529
1714690 529
1714700 529
1714710 529
1714720 529
1714730 530
1714740 531
1714750 532
1714760 532
1714770 532
1714780 532
1714790 533
1714800 533
1714810 533
1714820 533
1714830 533
1714840 533
1714850 533
1714860 534
1714870 535
1714880 535
1714890 536
1714900 536
1714910 536
1714920 537
1714930 537
1714940 537
1714950 537
1714960 537
1714970 537
1714980 537
1714990 537
1715000 537
1715010 537
1715020 537
1715030 537
1715040 538
1715050 538
1715060 538
1715070 538
1715080 538
1715090 538
1715100 538
1715110 538
1715120 538
1715130 538
1715140 538
1715150 538
1715160 538
1715170 537
1715180 537
1715190 537
1715200 537
1715210 537
1715220 537
1715230 538
1715240 538
1715250 539
1715260 540
1715270 540
1715280 540
1715290 540
1715300 540
1715310 540
1715320 540
1715330 540
1715340 540
1715350 540
1715360 540
1715370 540
1715380 540
1715390 539
1715400 538
1715410 538
1715420 538
1715430 538
1715440 538
1715450 538
1715460 538
1715470 538
1715480 538
1715490 538
1715500 538
1715510 538
1715520 538
1715530 538
1715540 538
1715550 538
1715560 538
1715570 538
1715580 539
1715590 539
1715600 539
1715610 539
1715620 539
1715630 539
1715640 539
1715650 539
1715660 539
1715670 539
1715680 540
1715690 540
1715700 540
1715710 540
1715720 540
1715730 540
1715740 540
1715750 540
1715760 540
1715770 540
1715780 540
1715790 540
1715800 540
1715810 540
1715820 540
1715830 540
1715840 540
1715850 540
1715860 540
1715870 540
1715880 540
1715890 540
1715900 540
1715910 540
1715920 540
1715930 540
1715940 540
1715950 540
1715960 540
1715970 540
1715980 540
1715990 540
1716000 539
1716010 539
1716020 539
1716030 539
1716040 539
1716050 539
1716060 538
1716070 538
1716080 538
1716090 538
1716100 538
1716110 537
1716120 537
1716130 537
1716140 537
1716150 537
1716160 536
1716170 536
1716180 536
1716190 536
1716200 535
1716210 535
1716220 535
1716230 535
1716240 535
1716250 534
1716260 534
1716270 534
1716280 534
1716290 533
1716300 533
1716310 533
1716320 533
1716330 533
1716340 532
1716350 532
1716360 532
1716370 532
1716380 532
1716390 531
1716400 531
1716410 531
1716420 531
1716430 531
1716440 531
1716450 531
1716460 531
1716470 530
1716480 530
1716490 530
1716500 530
1716510 530
1716520 530
1716530 530
1716540 530
1716550 530
1716560 530
1716570 530
1716580 530
1716590 530
1716600 530
1716610 529
1716620 529
1716630 529
1716640 529
1716650 529
1716660 528
1716670 528
1716680 528
1716690 528
1716700 528
1716710 528
1716720 528
1716730 527
1716740 527
1716750 527
1716760 527
1716770 527
1716780 527
1716790 526
1716800 526
1716810 526
1716820 526
1716830 526
1716840 526
1716850 526
1716860 525
1716870 525
1716880 525
1716890 525
1716900 524
1716910 524
1716920 524
1716930 524
1716940 523
1716950 523
1716960 523
1716970 522
1716980 522
1716990 522
1717000 521
1717010 521
1717020 521
1717030 520
1717040 520
1717050 519
1717060 519
1717070 519
1717080 518
1717090 518
1717100 517
1717110 517
1717120 517
1717130 516
1717140 516
1717150 516
1717160 516
1717170 515
1717180 515
1717190 515
1717200 515
1717210 515
1717220 515
1717230 514
1717240 514
1717250 514
1717260 514
1717270 514
1717280 514
1717290 514
1717300 514
1717310 513
1717320 513
1717330 513
1717340 513
1717350 513
1717360 512
1717370 512
1717380 512
1717390 512
1717400 511
1717410 511
1717420 511
1717430 511
1717440 511
1717450 511
1717460 510
1717470 510
1717480 510
1717490 510
1717500 509
1717510 509
1717520 509
1717530 509
1717540 509
1717550 509
1717560 508
1717570 508
1717580 508
1717590 507
1717600 507
1717610 507
1717620 506
1717630 506
1717640 506
1717650 505
1717660 505
1717670 505
1717680 505
1717690 505
1717700 504
1717710 504
1717720 503
1717730 503
1717740 503
1717750 502
1717760 502
1717770 501
1717780 501
1717790 500
1717800 500
1717810 500
1717820 499
1717830 499
1717840 499
1717850 499
1717860 499
1717870 498
1717880 497
1717890 497
1717900 496
1717910 496
1717920 497
1717930 497
1717940 497
1717950 497
1717960 498
1717970 500
1717980 502
1717990 504
1718000 505
1718010 506
1718020 506
1718030 506
1718040 507
1718050 507
1718060 507
1718070 507
1718080 507
1718090 507
1718100 507
1718110 507
1718120 507
1718130 507
1718140 507
1718150 508
1718160 508
1718170 508
1718180 508
1718190 508
1718200 508
1718210 508
1718220 509
1718230 509
1718240 509
1718250 509
1718260 509
1718270 510
1718280 510
1718290 510
1718300 510
1718310 511
1718320 511
1718330 511
1718340 512
1718350 512
1718360 512
1718370 512
1718380 513
1718390 513
1718400 513
1718410 513
1718420 514
1718430 514
1718440 514
1718450 514
1718460 515
1718470 515
1718480 515
1718490 515
1718500 516
1718510 516
1718520 517
1718530 517
1718540 518
1718550 518
1718560 518
1718570 519
1718580 519
1718590 520
1718600 520
1718610 521
1718620 521
1718630 522
1718640 522
1718650 523
1718660 523
1718670 524
1718680 524
1718690 524
1718700 525
1718710 526
1718720 526
1718730 526
1718740 527
1718750 527
1718760 527
1718770 527
1718780 527
1718790 528
1718800 528
1718810 528
1718820 528
1718830 529
1718840 529
1718850 529
1718860 529
1718870 529
1718880 529
1718890 529
1718900 529
1718910 529
1718920 528
1718930 528
1718940 528
1718950 528
1718960 528
1718970 527
1718980 527
1718990 527
1719000 527
1719010 527
1719020 527
1719030 526
1719040 526
1719050 526
1719060 526
1719070 526
1719080 526
1719090 526
1719100 526
1719110 526
1719120 526
1719130 526
1719140 526
1719150 526
1719160 526
1719170 526
1719180 526
1719190 527
1719200 527
1719210 527
1719220 527
1719230 527
1719240 527
1719250 527
1719260 527
1719270 528
1719280 528
1719290 528
1719300 528
1719310 528
1719320 528
1719330 528
1719340 528
1719350 528
1719360 528
1719370 528
1719380 528
1719390 528
1719400 528
1719410 527
1719420 527
1719430 527
1719440 527
1719450 526
1719460 526
1719470 526
1719480 525
1719490 525
1719500 525
1719510 525
1719520 524
1719530 524
1719540 524
1719550 524
1719560 524
1719570 524
1719580 524
1719590 524
1719600 524
1719610 524
1719620 524
1719630 524
1719640 523
1719650 523
1719660 523
1719670 523
1719680 523
1719690 523
1719700 522
1719710 522
1719720 522
1719730 522
1719740 522
1719750 521
1719760 521
1719770 521
1719780 521
1719790 520
1719800 520
1719810 520
1719820 520
1719830 519
1719840 519
1719850 519
1719860 519
1719870 519
1719880 520
1719890 520
1719900 521
1719910 521
1719920 521
1719930 522
1719940 522
1719950 523
1719960 523
1719970 524
1719980 524
1719990 524
