1700000 506
1700010 506
1700020 506
1700030 506
1700040 506
1700050 506
1700060 506
1700070 506
1700080 506
1700090 506
1700100 506
1700110 506
1700120 506
1700130 506
1700140 506
1700150 506
1700160 506
1700170 506
1700180 506
1700190 506
1700200 506
1700210 506
1700220 506
1700230 505
1700240 505
1700250 505
1700260 505
1700270 505
1700280 505
1700290 505
1700300 505
1700310 505
1700320 505
1700330 504
1700340 504
1700350 504
1700360 504
1700370 504
1700380 504
1700390 504
1700400 504
1700410 503
1700420 503
1700430 503
1700440 503
1700450 503
1700460 503
1700470 503
1700480 503
1700490 502
1700500 502
1700510 502
1700520 502
1700530 502
1700540 502
1700550 502
1700560 502
1700570 502
1700580 502
1700590 502
1700600 502
1700610 502
1700620 502
1700630 502
1700640 502
1700650 502
1700660 502
1700670 502
1700680 502
1700690 502
1700700 502
1700710 502
1700720 502
1700730 502
1700740 502
1700750 502
1700760 503
1700770 503
1700780 503
1700790 503
1700800 503
1700810 504
1700820 504
1700830 504
1700840 504
1700850 504
1700860 504
1700870 505
1700880 505
1700890 505
1700900 505
1700910 505
1700920 506
1700930 506
1700940 506
1700950 506
1700960 506
1700970 507
1700980 507
1700990 507
1701000 507
1701010 507
1701020 507
1701030 507
1701040 507
1701050 508
1701060 508
1701070 508
1701080 508
1701090 508
1701100 508
1701110 508
1701120 509
1701130 509
1701140 509
1701150 509
1701160 509
1701170 508
1701180 508
1701190 508
1701200 508
1701210 508
1701220 508
1701230 508
1701240 507
1701250 507
1701260 507
1701270 506
1701280 506
1701290 506
1701300 505
1701310 505
1701320 505
1701330 504
1701340 504
1701350 504
1701360 504
1701370 504
1701380 503
1701390 503
1701400 503
1701410 503
1701420 503
1701430 502
1701440 502
1701450 502
1701460 502
1701470 502
1701480 501
1701490 501
1701500 501
1701510 501
1701520 500
1701530 500
1701540 500
1701550 500
1701560 500
1701570 499
1701580 499
1701590 499
1701600 499
1701610 499
1701620 498
1701630 498
1701640 498
1701650 498
1701660 497
1701670 497
1701680 497
1701690 497
1701700 496
1701710 496
1701720 496
1701730 496
1701740 496
1701750 495
1701760 495
1701770 495
1701780 495
1701790 495
1701800 495
1701810 495
1701820 495
1701830 495
1701840 495
1701850 495
1701860 495
1701870 495
1701880 495
1701890 495
1701900 494
1701910 494
1701920 494
1701930 494
1701940 494
1701950 493
1701960 493
1701970 493
1701980 493
1701990 492
1702000 492
1702010 492
1702020 492
1702030 492
1702040 492
1702050 492
1702060 492
1702070 491
1702080 491
1702090 491
1702100 491
1702110 491
1702120 491
1702130 490
1702140 490
1702150 490
1702160 490
1702170 490
1702180 490
1702190 490
1702200 489
1702210 489
1702220 488
1702230 488
1702240 487
1702250 487
1702260 487
1702270 486
1702280 486
1702290 486
1702300 485
1702310 485
1702320 485
1702330 485
1702340 485
1702350 485
1702360 484
1702370 484
1702380 484
1702390 483
1702400 483
1702410 483
1702420 482
1702430 482
1702440 482
1702450 482
1702460 481
1702470 481
1702480 481
1702490 481
1702500 481
1702510 481
1702520 480
1702530 480
1702540 480
1702550 480
1702560 480
1702570 480
1702580 479
1702590 479
1702600 478
1702610 478
1702620 479
1702630 479
1702640 478
1702650 478
1702660 479
1702670 479
1702680 479
1702690 479
1702700 480
1702710 480
1702720 480
1702730 479
1702740 479
1702750 479
1702760 479
1702770 479
1702780 480
1702790 480
1702800 480
1702810 482
1702820 483
1702830 486
1702840 487
1702850 487
1702860 487
1702870 487
1702880 486
1702890 486
1702900 486
1702910 485
1702920 485
1702930 486
1702940 486
1702950 486
1702960 487
1702970 488
1702980 489
1702990 491
1703000 493
1703010 497
1703020 499
1703030 500
1703040 501
1703050 502
1703060 503
1703070 503
1703080 504
1703090 504
1703100 505
1703110 505
1703120 505
1703130 505
1703140 505
1703150 506
1703160 506
1703170 506
1703180 507
1703190 507
1703200 508
1703210 508
1703220 508
1703230 508
1703240 508
1703250 508
1703260 508
1703270 507
1703280 507
1703290 507
1703300 506
1703310 506
1703320 506
1703330 506
1703340 507
1703350 507
1703360 507
1703370 507
1703380 507
1703390 507
1703400 508
1703410 508
1703420 508
1703430 508
1703440 508
1703450 508
1703460 508
1703470 508
1703480 508
1703490 508
1703500 509
1703510 509
1703520 509
1703530 509
1703540 510
1703550 510
1703560 511
1703570 511
1703580 511
1703590 512
1703600 512
1703610 513
1703620 513
1703630 514
1703640 514
1703650 515
1703660 515
1703670 515
1703680 516
1703690 516
1703700 517
1703710 517
1703720 517
1703730 517
1703740 517
1703750 517
1703760 517
1703770 516
1703780 516
1703790 516
1703800 516
1703810 516
1703820 516
1703830 516
1703840 516
1703850 516
1703860 516
1703870 516
1703880 516
1703890 516
1703900 516
1703910 516
1703920 516
1703930 516
1703940 516
1703950 516
1703960 516
1703970 516
1703980 516
1703990 516
1704000 516
1704010 516
1704020 515
1704030 515
1704040 515
1704050 515
1704060 515
1704070 514
1704080 514
1704090 514
1704100 514
1704110 513
1704120 513
1704130 513
1704140 512
1704150 511
1704160 510
1704170 511
1704180 512
1704190 512
1704200 511
1704210 511
1704220 511
1704230 511
1704240 510
1704250 510
1704260 510
1704270 510
1704280 510
1704290 510
1704300 510
1704310 510
1704320 509
1704330 509
1704340 509
1704350 509
1704360 509
1704370 509
1704380 509
1704390 509
1704400 508
1704410 508
1704420 508
1704430 508
1704440 507
1704450 507
1704460 507
1704470 507
1704480 507
1704490 507
1704500 507
1704510 507
1704520 507
1704530 508
1704540 508
1704550 509
1704560 509
1704570 509
1704580 509
1704590 509
1704600 509
1704610 508
1704620 508
1704630 507
1704640 507
1704650 506
1704660 505
1704670 505
1704680 504
1704690 504
1704700 503
1704710 502
1704720 502
1704730 502
1704740 502
1704750 501
1704760 501
1704770 501
1704780 501
1704790 501
1704800 501
1704810 501
1704820 501
1704830 501
1704840 501
1704850 501
1704860 501
1704870 502
1704880 503
1704890 505
1704900 506
1704910 507
1704920 508
1704930 508
1704940 509
1704950 509
1704960 510
1704970 510
1704980 510
1704990 511
1705000 511
1705010 512
1705020 512
1705030 512
1705040 513
1705050 513
1705060 513
1705070 514
1705080 514
1705090 514
1705100 514
1705110 515
1705120 515
1705130 515
1705140 516
1705150 516
1705160 516
1705170 516
1705180 517
1705190 517
1705200 518
1705210 518
1705220 518
1705230 519
1705240 519
1705250 520
1705260 520
1705270 521
1705280 521
1705290 522
1705300 522
1705310 522
1705320 523
1705330 523
1705340 524
1705350 524
1705360 524
1705370 525
1705380 525
1705390 525
1705400 526
1705410 526
1705420 527
1705430 527
1705440 527
1705450 528
1705460 528
1705470 528
1705480 529
1705490 529
1705500 529
1705510 529
1705520 529
1705530 530
1705540 530
1705550 530
1705560 531
1705570 531
1705580 531
1705590 532
1705600 532
1705610 532
1705620 532
1705630 532
1705640 533
1705650 533
1705660 533
1705670 533
1705680 533
1705690 533
1705700 533
1705710 533
1705720 533
1705730 533
1705740 533
1705750 533
1705760 533
1705770 533
1705780 533
1705790 533
1705800 533
1705810 533
1705820 533
1705830 533
1705840 533
1705850 532
1705860 532
1705870 532
1705880 532
1705890 531
1705900 531
1705910 531
1705920 531
1705930 531
1705940 531
1705950 531
1705960 531
1705970 531
1705980 531
1705990 531
1706000 531
1706010 531
1706020 531
1706030 531
1706040 531
1706050 531
1706060 531
1706070 531
1706080 531
1706090 531
1706100 531
1706110 531
1706120 531
1706130 531
1706140 530
1706150 530
1706160 530
1706170 530
1706180 530
1706190 530
1706200 529
1706210 529
1706220 529
1706230 528
1706240 528
1706250 528
1706260 528
1706270 527
1706280 527
1706290 527
1706300 527
1706310 527
1706320 527
1706330 527
1706340 528
1706350 528
1706360 528
1706370 528
1706380 529
1706390 530
1706400 530
1706410 531
1706420 531
1706430 531
1706440 531
1706450 531
1706460 531
1706470 531
1706480 531
1706490 531
1706500 531
1706510 531
1706520 531
1706530 531
1706540 531
1706550 532
1706560 532
1706570 532
1706580 532
1706590 532
1706600 532
1706610 533
1706620 533
1706630 533
1706640 533
1706650 533
1706660 533
1706670 533
1706680 533
1706690 534
1706700 534
1706710 534
1706720 534
1706730 534
1706740 534
1706750 535
1706760 535
1706770 535
1706780 535
1706790 535
1706800 535
1706810 535
1706820 535
1706830 535
1706840 536
1706850 538
1706860 538
1706870 539
1706880 539
1706890 539
1706900 539
1706910 540
1706920 540
1706930 540
1706940 541
1706950 541
1706960 541
1706970 542
1706980 542
1706990 542
1707000 543
1707010 543
1707020 543
1707030 544
1707040 544
1707050 544
1707060 545
1707070 545
1707080 545
1707090 546
1707100 546
1707110 546
1707120 547
1707130 547
1707140 548
1707150 548
1707160 548
1707170 548
1707180 549
1707190 549
1707200 549
1707210 550
1707220 550
1707230 550
1707240 550
1707250 551
1707260 551
1707270 551
1707280 552
1707290 552
1707300 552
1707310 552
1707320 552
1707330 553
1707340 553
1707350 553
1707360 553
1707370 554
1707380 554
1707390 555
1707400 555
1707410 555
1707420 556
1707430 556
1707440 556
1707450 557
1707460 557
1707470 557
1707480 558
1707490 558
1707500 559
1707510 559
1707520 560
1707530 560
1707540 560
1707550 561
1707560 561
1707570 562
1707580 563
1707590 563
1707600 564
1707610 564
1707620 565
1707630 565
1707640 566
1707650 566
1707660 567
1707670 567
1707680 568
1707690 569
1707700 570
1707710 570
1707720 571
1707730 571
1707740 572
1707750 573
1707760 574
1707770 574
1707780 575
1707790 576
1707800 577
1707810 578
1707820 579
1707830 580
1707840 580
1707850 581
1707860 582
1707870 583
1707880 584
1707890 585
1707900 586
1707910 587
1707920 588
1707930 589
1707940 590
1707950 590
1707960 591
1707970 592
1707980 593
1707990 594
1708000 595
1708010 596
1708020 597
1708030 598
1708040 599
1708050 600
1708060 601
1708070 602
1708080 603
1708090 604
1708100 605
1708110 606
1708120 607
1708130 609
1708140 610
1708150 611
1708160 612
1708170 613
1708180 614
1708190 615
1708200 617
1708210 618
1708220 619
1708230 620
1708240 622
1708250 623
1708260 624
1708270 626
1708280 627
1708290 628
1708300 630
1708310 631
1708320 633
1708330 634
1708340 636
1708350 637
1708360 638
1708370 640
1708380 641
1708390 642
1708400 643
1708410 645
1708420 646
1708430 647
1708440 648
1708450 650
1708460 651
1708470 652
1708480 653
1708490 655
1708500 656
1708510 658
1708520 660
1708530 661
1708540 662
1708550 663
1708560 664
1708570 664
1708580 665
1708590 666
1708600 667
1708610 668
1708620 669
1708630 670
1708640 670
1708650 670
1708660 671
1708670 671
1708680 670
1708690 670
1708700 670
1708710 670
1708720 670
1708730 670
1708740 670
1708750 670
1708760 670
1708770 670
1708780 670
1708790 670
1708800 670
1708810 670
1708820 670
1708830 670
1708840 670
1708850 669
1708860 669
1708870 669
1708880 669
1708890 668
1708900 668
1708910 668
1708920 667
1708930 667
1708940 666
1708950 666
1708960 666
1708970 666
1708980 665
1708990 665
1709000 665
1709010 664
1709020 664
1709030 664
1709040 664
1709050 664
1709060 663
1709070 663
1709080 663
1709090 663
1709100 663
1709110 663
1709120 662
1709130 662
1709140 662
1709150 661
1709160 660
1709170 660
1709180 659
1709190 659
1709200 658
1709210 658
1709220 657
1709230 657
1709240 656
1709250 655
1709260 655
1709270 654
1709280 654
1709290 653
1709300 652
1709310 652
1709320 651
1709330 650
1709340 650
1709350 649
1709360 649
1709370 648
1709380 647
1709390 647
1709400 646
1709410 646
1709420 645
1709430 644
1709440 644
1709450 643
1709460 643
1709470 642
1709480 642
1709490 641
1709500 640
1709510 640
1709520 639
1709530 639
1709540 638
1709550 638
1709560 637
1709570 637
1709580 636
1709590 636
1709600 635
1709610 635
1709620 634
1709630 634
1709640 634
1709650 633
1709660 633
1709670 632
1709680 632
1709690 632
1709700 631
1709710 631
1709720 631
1709730 630
1709740 630
1709750 630
1709760 630
1709770 630
1709780 629
1709790 629
1709800 629
1709810 628
1709820 628
1709830 628
1709840 627
1709850 627
1709860 627
1709870 626
1709880 626
1709890 626
1709900 625
1709910 625
1709920 625
1709930 624
1709940 624
1709950 624
1709960 624
1709970 623
1709980 623
1709990 623
1710000 622
1710010 622
1710020 622
1710030 621
1710040 621
1710050 621
1710060 620
1710070 620
1710080 619
1710090 619
1710100 619
1710110 618
1710120 618
1710130 618
1710140 617
1710150 617
1710160 617
1710170 616
1710180 616
1710190 616
1710200 615
1710210 615
1710220 615
1710230 614
1710240 614
1710250 614
1710260 613
1710270 613
1710280 613
1710290 612
1710300 612
1710310 612
1710320 611
1710330 611
1710340 611
1710350 610
1710360 610
1710370 610
1710380 609
1710390 609
1710400 609
1710410 608
1710420 608
1710430 608
1710440 608
1710450 607
1710460 607
1710470 607
1710480 606
1710490 606
1710500 606
1710510 606
1710520 606
1710530 606
1710540 606
1710550 606
1710560 606
1710570 606
1710580 606
1710590 606
1710600 605
1710610 605
1710620 605
1710630 605
1710640 605
1710650 605
1710660 605
1710670 605
1710680 605
1710690 605
1710700 605
1710710 605
1710720 605
1710730 605
1710740 605
1710750 605
1710760 605
1710770 605
1710780 605
1710790 605
1710800 604
1710810 604
1710820 604
1710830 604
1710840 604
1710850 603
1710860 603
1710870 603
1710880 603
1710890 603
1710900 603
1710910 603
1710920 602
1710930 602
1710940 602
1710950 602
1710960 602
1710970 602
1710980 601
1710990 601
1711000 601
1711010 601
1711020 600
1711030 600
1711040 600
1711050 600
1711060 600
1711070 600
1711080 600
1711090 600
1711100 599
1711110 599
1711120 599
1711130 599
1711140 598
1711150 598
1711160 598
1711170 598
1711180 597
1711190 597
1711200 597
1711210 596
1711220 596
1711230 596
1711240 596
1711250 595
1711260 595
1711270 595
1711280 594
1711290 594
1711300 594
1711310 593
1711320 593
1711330 593
1711340 592
1711350 592
1711360 592
1711370 592
1711380 592
1711390 593
1711400 593
1711410 593
1711420 595
1711430 596
1711440 596
1711450 597
1711460 597
1711470 598
1711480 598
1711490 599
1711500 600
1711510 601
1711520 602
1711530 602
1711540 603
1711550 603
1711560 604
1711570 604
1711580 605
1711590 605
1711600 606
1711610 607
1711620 608
1711630 609
1711640 609
1711650 610
1711660 611
1711670 612
1711680 612
1711690 613
1711700 613
1711710 614
1711720 614
1711730 615
1711740 616
1711750 616
1711760 617
1711770 617
1711780 617
1711790 618
1711800 618
1711810 619
1711820 619
1711830 619
1711840 619
1711850 620
1711860 620
1711870 620
1711880 621
1711890 621
1711900 621
1711910 622
1711920 622
1711930 622
1711940 622
1711950 623
1711960 623
1711970 623
1711980 624
1711990 624
1712000 624
1712010 624
1712020 625
1712030 625
1712040 625
1712050 625
1712060 625
1712070 625
1712080 625
1712090 625
1712100 625
1712110 626
1712120 626
1712130 626
1712140 626
1712150 625
1712160 625
1712170 625
1712180 625
1712190 625
1712200 625
1712210 625
1712220 624
1712230 624
1712240 623
1712250 623
1712260 623
1712270 622
1712280 622
1712290 622
1712300 621
1712310 620
1712320 620
1712330 619
1712340 618
1712350 617
1712360 616
1712370 615
1712380 615
1712390 614
1712400 614
1712410 613
1712420 612
1712430 611
1712440 611
1712450 610
1712460 609
1712470 608
1712480 607
1712490 606
1712500 605
1712510 604
1712520 603
1712530 603
1712540 602
1712550 602
1712560 602
1712570 601
1712580 600
1712590 600
1712600 599
1712610 598
1712620 598
1712630 597
1712640 596
1712650 596
1712660 596
1712670 596
1712680 596
1712690 596
1712700 595
1712710 595
1712720 594
1712730 594
1712740 594
1712750 594
1712760 593
1712770 593
1712780 592
1712790 591
1712800 591
1712810 591
1712820 591
1712830 590
1712840 590
1712850 590
1712860 590
1712870 590
1712880 590
1712890 590
1712900 589
1712910 589
1712920 589
1712930 589
1712940 589
1712950 588
1712960 588
1712970 588
1712980 588
1712990 588
1713000 588
1713010 587
1713020 587
1713030 587
1713040 587
1713050 586
1713060 586
1713070 586
1713080 585
1713090 585
1713100 585
1713110 584
1713120 584
1713130 584
1713140 583
1713150 583
1713160 583
1713170 582
1713180 582
1713190 581
1713200 581
1713210 581
1713220 580
1713230 580
1713240 580
1713250 579
1713260 579
1713270 579
1713280 578
1713290 578
1713300 578
1713310 577
1713320 577
1713330 576
1713340 576
1713350 576
1713360 575
1713370 575
1713380 575
1713390 574
1713400 574
1713410 573
1713420 573
1713430 572
1713440 572
1713450 571
1713460 571
1713470 570
1713480 570
1713490 570
1713500 570
1713510 569
1713520 569
1713530 569
1713540 569
1713550 569
1713560 568
1713570 568
1713580 568
1713590 567
1713600 567
1713610 567
1713620 567
1713630 566
1713640 566
1713650 566
1713660 566
1713670 565
1713680 566
1713690 565
1713700 565
1713710 564
1713720 564
1713730 564
1713740 564
1713750 563
1713760 563
1713770 562
1713780 562
1713790 561
1713800 561
1713810 561
1713820 560
1713830 560
1713840 560
1713850 559
1713860 559
1713870 558
1713880 558
1713890 558
1713900 558
1713910 558
1713920 558
1713930 557
1713940 557
1713950 557
1713960 556
1713970 556
1713980 556
1713990 556
1714000 556
1714010 557
1714020 557
1714030 557
1714040 558
1714050 558
1714060 558
1714070 558
1714080 558
1714090 558
1714100 558
1714110 558
1714120 558
1714130 558
1714140 558
1714150 558
1714160 558
1714170 558
1714180 558
1714190 558
1714200 557
1714210 557
1714220 556
1714230 556
1714240 555
1714250 555
1714260 555
1714270 554
1714280 554
1714290 553
1714300 553
1714310 552
1714320 551
1714330 551
1714340 550
1714350 549
1714360 549
1714370 549
1714380 548
1714390 548
1714400 547
1714410 547
1714420 546
1714430 546
1714440 546
1714450 545
1714460 544
1714470 544
1714480 543
1714490 543
1714500 542
1714510 541
1714520 541
1714530 541
1714540 540
1714550 540
1714560 539
1714570 539
1714580 539
1714590 538
1714600 538
1714610 538
1714620 537
1714630 537
1714640 536
1714650 536
1714660 536
1714670 536
1714680 535
1714690 535
1714700 535
1714710 534
1714720 534
1714730 533
1714740 533
1714750 532
1714760 532
1714770 532
1714780 532
1714790 531
1714800 531
1714810 531
1714820 531
1714830 530
1714840 530
1714850 530
1714860 530
1714870 529
1714880 529
1714890 529
1714900 529
1714910 528
1714920 527
1714930 526
1714940 525
1714950 525
1714960 525
1714970 525
1714980 525
1714990 524
1715000 525
1715010 525
1715020 524
1715030 524
1715040 524
1715050 523
1715060 522
1715070 521
1715080 520
1715090 521
1715100 521
1715110 522
1715120 522
1715130 521
1715140 521
1715150 521
1715160 521
1715170 520
1715180 520
1715190 520
1715200 520
1715210 520
1715220 520
1715230 520
1715240 520
1715250 521
1715260 521
1715270 520
1715280 519
1715290 519
1715300 518
1715310 518
1715320 518
1715330 518
1715340 518
1715350 517
1715360 517
1715370 517
1715380 517
1715390 517
1715400 517
1715410 516
1715420 516
1715430 516
1715440 516
1715450 516
1715460 516
1715470 516
1715480 516
1715490 516
1715500 516
1715510 516
1715520 516
1715530 515
1715540 515
1715550 515
1715560 515
1715570 515
1715580 515
1715590 515
1715600 516
1715610 516
1715620 517
1715630 518
1715640 519
1715650 519
1715660 520
1715670 520
1715680 520
1715690 520
1715700 520
1715710 520
1715720 520
1715730 520
1715740 521
1715750 521
1715760 521
1715770 521
1715780 521
1715790 522
1715800 522
1715810 522
1715820 522
1715830 522
1715840 523
1715850 523
1715860 523
1715870 523
1715880 523
1715890 523
1715900 523
1715910 524
1715920 524
1715930 524
1715940 524
1715950 524
1715960 524
1715970 524
1715980 525
1715990 525
1716000 525
1716010 525
1716020 525
1716030 525
1716040 525
1716050 525
1716060 526
1716070 526
1716080 526
1716090 527
1716100 527
1716110 527
1716120 527
1716130 527
1716140 527
1716150 528
1716160 528
1716170 528
1716180 528
1716190 528
1716200 528
1716210 529
1716220 529
1716230 529
1716240 529
1716250 529
1716260 529
1716270 529
1716280 529
1716290 529
1716300 529
1716310 529
1716320 529
1716330 529
1716340 529
1716350 529
1716360 529
1716370 529
1716380 529
1716390 529
1716400 529
1716410 529
1716420 528
1716430 528
1716440 528
1716450 528
1716460 528
1716470 528
1716480 528
1716490 528
1716500 528
1716510 528
1716520 528
1716530 528
1716540 529
1716550 529
1716560 529
1716570 529
1716580 529
1716590 529
1716600 529
1716610 528
1716620 528
1716630 528
1716640 528
1716650 528
1716660 528
1716670 528
1716680 528
1716690 528
1716700 528
1716710 528
1716720 527
1716730 527
1716740 527
1716750 527
1716760 527
1716770 527
1716780 527
1716790 527
1716800 527
1716810 527
1716820 527
1716830 527
1716840 526
1716850 526
1716860 526
1716870 526
1716880 526
1716890 526
1716900 526
1716910 526
1716920 526
1716930 526
1716940 526
1716950 526
1716960 525
1716970 525
1716980 525
1716990 525
1717000 525
1717010 525
1717020 525
1717030 525
1717040 524
1717050 524
1717060 524
1717070 524
1717080 524
1717090 524
1717100 524
1717110 523
1717120 523
1717130 523
1717140 523
1717150 523
1717160 523
1717170 523
1717180 522
1717190 522
1717200 522
1717210 522
1717220 522
1717230 522
1717240 522
1717250 522
1717260 522
1717270 521
1717280 521
1717290 521
1717300 521
1717310 521
1717320 521
1717330 521
1717340 521
1717350 521
1717360 521
1717370 521
1717380 521
1717390 521
1717400 520
1717410 520
1717420 520
1717430 520
1717440 520
1717450 520
1717460 520
1717470 520
1717480 519
1717490 519
1717500 519
1717510 519
1717520 519
1717530 519
1717540 518
1717550 518
1717560 518
1717570 518
1717580 517
1717590 517
1717600 517
1717610 517
1717620 516
1717630 516
1717640 516
1717650 516
1717660 515
1717670 515
1717680 515
1717690 515
1717700 514
1717710 514
1717720 514
1717730 514
1717740 513
1717750 513
1717760 513
1717770 513
1717780 512
1717790 512
1717800 512
1717810 512
1717820 511
1717830 511
1717840 511
1717850 511
1717860 510
1717870 510
1717880 510
1717890 510
1717900 510
1717910 510
1717920 509
1717930 509
1717940 509
1717950 508
1717960 508
1717970 508
1717980 508
1717990 508
1718000 507
1718010 507
1718020 507
1718030 506
1718040 506
1718050 506
1718060 506
1718070 506
1718080 505
1718090 505
1718100 505
1718110 505
1718120 504
1718130 504
1718140 504
1718150 504
1718160 503
1718170 503
1718180 503
1718190 503
1718200 503
1718210 502
1718220 502
1718230 502
1718240 502
1718250 501
1718260 501
1718270 501
1718280 500
1718290 500
1718300 500
1718310 500
1718320 499
1718330 499
1718340 499
1718350 499
1718360 498
1718370 498
1718380 497
1718390 496
1718400 496
1718410 496
1718420 496
1718430 496
1718440 496
1718450 496
1718460 496
1718470 496
1718480 496
1718490 496
1718500 496
1718510 495
1718520 495
1718530 495
1718540 495
1718550 495
1718560 495
1718570 494
1718580 494
1718590 494
1718600 493
1718610 494
1718620 494
1718630 494
1718640 493
1718650 493
1718660 493
1718670 493
1718680 493
1718690 493
1718700 493
1718710 493
1718720 493
1718730 493
1718740 493
1718750 492
1718760 493
1718770 493
1718780 493
1718790 493
1718800 493
1718810 493
1718820 493
1718830 493
1718840 493
1718850 492
1718860 492
1718870 492
1718880 492
1718890 492
1718900 491
1718910 491
1718920 491
1718930 491
1718940 491
1718950 491
1718960 491
1718970 491
1718980 491
1718990 491
1719000 491
1719010 490
1719020 490
1719030 490
1719040 490
1719050 490
1719060 490
1719070 490
1719080 490
1719090 490
1719100 490
1719110 490
1719120 490
1719130 490
1719140 490
1719150 490
1719160 490
1719170 490
1719180 490
1719190 490
1719200 490
1719210 490
1719220 490
1719230 490
1719240 490
1719250 490
1719260 490
1719270 490
1719280 489
1719290 489
1719300 489
1719310 489
1719320 489
1719330 488
1719340 488
1719350 488
1719360 488
1719370 487
1719380 487
1719390 487
1719400 487
1719410 486
1719420 486
1719430 487
1719440 487
1719450 487
1719460 487
1719470 487
1719480 487
1719490 487
1719500 489
1719510 491
1719520 493
1719530 495
1719540 496
1719550 498
1719560 499
1719570 500
1719580 501
1719590 501
1719600 502
1719610 502
1719620 503
1719630 503
1719640 504
1719650 504
1719660 505
1719670 506
1719680 506
1719690 507
1719700 507
1719710 507
1719720 507
1719730 507
1719740 507
1719750 507
1719760 506
1719770 506
1719780 506
1719790 506
1719800 505
1719810 505
1719820 505
1719830 504
1719840 504
1719850 504
1719860 503
1719870 503
1719880 502
1719890 502
1719900 501
1719910 501
1719920 501
1719930 500
1719940 500
1719950 499
1719960 499
1719970 499
1719980 499
1719990 500
