1700000 497
1700010 496
1700020 496
1700030 496
1700040 496
1700050 496
1700060 496
1700070 496
1700080 497
1700090 497
1700100 498
1700110 498
1700120 498
1700130 498
1700140 498
1700150 498
1700160 498
1700170 498
1700180 498
1700190 498
1700200 498
1700210 498
1700220 498
1700230 499
1700240 499
1700250 499
1700260 499
1700270 499
1700280 500
1700290 500
1700300 501
1700310 501
1700320 501
1700330 501
1700340 502
1700350 502
1700360 502
1700370 502
1700380 503
1700390 503
1700400 503
1700410 503
1700420 504
1700430 504
1700440 504
1700450 504
1700460 504
1700470 504
1700480 505
1700490 505
1700500 505
1700510 505
1700520 505
1700530 505
1700540 505
1700550 505
1700560 506
1700570 506
1700580 506
1700590 506
1700600 506
1700610 506
1700620 506
1700630 506
1700640 507
1700650 507
1700660 506
1700670 506
1700680 506
1700690 506
1700700 506
1700710 505
1700720 505
1700730 505
1700740 505
1700750 505
1700760 505
1700770 505
1700780 505
1700790 505
1700800 505
1700810 505
1700820 504
1700830 504
1700840 504
1700850 504
1700860 504
1700870 504
1700880 503
1700890 503
1700900 503
1700910 503
1700920 503
1700930 502
1700940 502
1700950 502
1700960 502
1700970 501
1700980 501
1700990 501
1701000 501
1701010 500
1701020 500
1701030 500
1701040 500
1701050 499
1701060 499
1701070 499
1701080 499
1701090 498
1701100 498
1701110 498
1701120 497
1701130 497
1701140 497
1701150 496
1701160 496
1701170 496
1701180 495
1701190 495
1701200 495
1701210 495
1701220 495
1701230 495
1701240 495
1701250 495
1701260 495
1701270 495
1701280 494
1701290 494
1701300 494
1701310 493
1701320 493
1701330 492
1701340 492
1701350 492
1701360 491
1701370 491
1701380 491
1701390 490
1701400 490
1701410 489
1701420 489
1701430 488
1701440 488
1701450 487
1701460 487
1701470 486
1701480 485
1701490 484
1701500 484
1701510 483
1701520 483
1701530 483
1701540 482
1701550 482
1701560 481
1701570 481
1701580 481
1701590 481
1701600 481
1701610 480
1701620 480
1701630 479
1701640 478
1701650 476
1701660 476
1701670 476
1701680 475
1701690 475
1701700 475
1701710 475
1701720 475
1701730 476
1701740 475
1701750 475
1701760 475
1701770 475
1701780 475
1701790 475
1701800 475
1701810 475
1701820 475
1701830 475
1701840 475
1701850 475
1701860 475
1701870 475
1701880 475
1701890 476
1701900 476
1701910 476
1701920 476
1701930 476
1701940 476
1701950 476
1701960 476
1701970 476
1701980 476
1701990 476
1702000 476
1702010 476
1702020 476
1702030 476
1702040 476
1702050 476
1702060 476
1702070 476
1702080 476
1702090 476
1702100 476
1702110 476
1702120 476
1702130 476
1702140 476
1702150 476
1702160 476
1702170 476
1702180 476
1702190 476
1702200 476
1702210 476
1702220 476
1702230 476
1702240 475
1702250 475
1702260 475
1702270 475
1702280 475
1702290 475
1702300 475
1702310 475
1702320 476
1702330 476
1702340 476
1702350 476
1702360 476
1702370 476
1702380 476
1702390 476
1702400 476
1702410 476
1702420 476
1702430 476
1702440 476
1702450 476
1702460 476
1702470 476
1702480 476
1702490 476
1702500 476
1702510 476
1702520 477
1702530 478
1702540 479
1702550 480
1702560 481
1702570 483
1702580 485
1702590 487
1702600 488
1702610 489
1702620 490
1702630 491
1702640 493
1702650 496
1702660 497
1702670 498
1702680 499
1702690 500
1702700 501
1702710 501
1702720 500
1702730 499
1702740 498
1702750 497
1702760 496
1702770 496
1702780 498
1702790 499
1702800 500
1702810 501
1702820 501
1702830 502
1702840 502
1702850 503
1702860 503
1702870 504
1702880 504
1702890 504
1702900 505
1702910 505
1702920 506
1702930 506
1702940 506
1702950 507
1702960 507
1702970 508
1702980 508
1702990 508
1703000 509
1703010 509
1703020 509
1703030 509
1703040 510
1703050 510
1703060 510
1703070 510
1703080 511
1703090 511
1703100 511
1703110 511
1703120 511
1703130 512
1703140 512
1703150 512
1703160 513
1703170 513
1703180 513
1703190 513
1703200 513
1703210 514
1703220 514
1703230 514
1703240 514
1703250 514
1703260 514
1703270 514
1703280 514
1703290 514
1703300 514
1703310 514
1703320 514
1703330 514
1703340 514
1703350 514
1703360 514
1703370 514
1703380 515
1703390 515
1703400 515
1703410 515
1703420 515
1703430 516
1703440 516
1703450 516
1703460 516
1703470 517
1703480 517
1703490 517
1703500 517
1703510 518
1703520 518
1703530 518
1703540 518
1703550 518
1703560 518
1703570 519
1703580 519
1703590 519
1703600 519
1703610 519
1703620 519
1703630 519
1703640 519
1703650 519
1703660 519
1703670 519
1703680 519
1703690 519
1703700 519
1703710 519
1703720 519
1703730 519
1703740 519
1703750 519
1703760 519
1703770 519
1703780 519
1703790 519
1703800 520
1703810 520
1703820 520
1703830 520
1703840 520
1703850 520
1703860 520
1703870 519
1703880 517
1703890 513
1703900 511
1703910 511
1703920 514
1703930 517
1703940 519
1703950 519
1703960 519
1703970 519
1703980 519
1703990 519
1704000 519
1704010 519
1704020 519
1704030 519
1704040 519
1704050 519
1704060 518
1704070 518
1704080 518
1704090 518
1704100 518
1704110 518
1704120 518
1704130 518
1704140 518
1704150 518
1704160 518
1704170 518
1704180 518
1704190 518
1704200 518
1704210 518
1704220 518
1704230 518
1704240 518
1704250 518
1704260 518
1704270 518
1704280 518
1704290 518
1704300 518
1704310 518
1704320 518
1704330 518
1704340 518
1704350 518
1704360 518
1704370 518
1704380 518
1704390 518
1704400 518
1704410 518
1704420 518
1704430 518
1704440 518
1704450 518
1704460 518
1704470 518
1704480 518
1704490 518
1704500 518
1704510 518
1704520 518
1704530 518
1704540 518
1704550 518
1704560 518
1704570 518
1704580 518
1704590 519
1704600 519
1704610 519
1704620 519
1704630 519
1704640 519
1704650 519
1704660 519
1704670 519
1704680 519
1704690 519
1704700 519
1704710 519
1704720 519
1704730 519
1704740 519
1704750 519
1704760 519
1704770 519
1704780 519
1704790 519
1704800 519
1704810 519
1704820 519
1704830 519
1704840 519
1704850 519
1704860 519
1704870 519
1704880 519
1704890 520
1704900 520
1704910 520
1704920 520
1704930 520
1704940 520
1704950 520
1704960 521
1704970 521
1704980 521
1704990 521
1705000 521
1705010 521
1705020 522
1705030 522
1705040 522
1705050 522
1705060 522
1705070 522
1705080 522
1705090 522
1705100 522
1705110 523
1705120 523
1705130 523
1705140 523
1705150 523
1705160 524
1705170 524
1705180 524
1705190 524
1705200 524
1705210 525
1705220 525
1705230 525
1705240 525
1705250 525
1705260 525
1705270 525
1705280 525
1705290 525
1705300 525
1705310 525
1705320 525
1705330 525
1705340 525
1705350 525
1705360 525
1705370 525
1705380 525
1705390 525
1705400 526
1705410 526
1705420 526
1705430 526
1705440 526
1705450 526
1705460 526
1705470 526
1705480 526
1705490 527
1705500 527
1705510 527
1705520 527
1705530 527
1705540 527
1705550 528
1705560 528
1705570 528
1705580 528
1705590 529
1705600 529
1705610 529
1705620 529
1705630 530
1705640 530
1705650 530
1705660 530
1705670 531
1705680 531
1705690 531
1705700 532
1705710 532
1705720 532
1705730 532
1705740 533
1705750 533
1705760 533
1705770 533
1705780 533
1705790 533
1705800 533
1705810 534
1705820 534
1705830 534
1705840 534
1705850 534
1705860 534
1705870 534
1705880 534
1705890 535
1705900 535
1705910 535
1705920 535
1705930 535
1705940 536
1705950 536
1705960 536
1705970 536
1705980 536
1705990 536
1706000 536
1706010 536
1706020 536
1706030 536
1706040 537
1706050 537
1706060 537
1706070 537
1706080 537
1706090 537
1706100 537
1706110 537
1706120 538
1706130 538
1706140 538
1706150 538
1706160 538
1706170 539
1706180 539
1706190 539
1706200 539
1706210 539
1706220 540
1706230 540
1706240 540
1706250 540
1706260 540
1706270 540
1706280 541
1706290 541
1706300 541
1706310 541
1706320 542
1706330 542
1706340 542
1706350 543
1706360 543
1706370 543
1706380 544
1706390 544
1706400 545
1706410 545
1706420 546
1706430 546
1706440 547
1706450 547
1706460 548
1706470 549
1706480 550
1706490 551
1706500 552
1706510 552
1706520 553
1706530 553
1706540 554
1706550 555
1706560 556
1706570 557
1706580 558
1706590 558
1706600 559
1706610 560
1706620 560
1706630 561
1706640 561
1706650 562
1706660 562
1706670 562
1706680 562
1706690 563
1706700 563
1706710 563
1706720 563
1706730 563
1706740 563
1706750 563
1706760 563
1706770 564
1706780 564
1706790 564
1706800 564
1706810 564
1706820 564
1706830 565
1706840 565
1706850 565
1706860 566
1706870 566
1706880 566
1706890 567
1706900 567
1706910 567
1706920 568
1706930 568
1706940 568
1706950 568
1706960 568
1706970 568
1706980 568
1706990 568
1707000 568
1707010 568
1707020 568
1707030 568
1707040 568
1707050 568
1707060 568
1707070 568
1707080 568
1707090 568
1707100 568
1707110 568
1707120 568
1707130 568
1707140 568
1707150 568
1707160 568
1707170 568
1707180 568
1707190 567
1707200 567
1707210 567
1707220 567
1707230 567
1707240 567
1707250 567
1707260 567
1707270 567
1707280 567
1707290 567
1707300 567
1707310 567
1707320 567
1707330 567
1707340 567
1707350 567
1707360 567
1707370 567
1707380 568
1707390 568
1707400 568
1707410 568
1707420 568
1707430 568
1707440 569
1707450 569
1707460 569
1707470 569
1707480 569
1707490 570
1707500 570
1707510 570
1707520 570
1707530 570
1707540 570
1707550 570
1707560 570
1707570 571
1707580 571
1707590 571
1707600 571
1707610 571
1707620 571
1707630 572
1707640 572
1707650 572
1707660 572
1707670 573
1707680 573
1707690 573
1707700 573
1707710 573
1707720 574
1707730 574
1707740 574
1707750 574
1707760 574
1707770 575
1707780 575
1707790 575
1707800 575
1707810 576
1707820 576
1707830 576
1707840 577
1707850 577
1707860 578
1707870 578
1707880 579
1707890 580
1707900 581
1707910 581
1707920 582
1707930 583
1707940 584
1707950 585
1707960 585
1707970 586
1707980 587
1707990 588
1708000 588
1708010 589
1708020 590
1708030 591
1708040 592
1708050 592
1708060 594
1708070 595
1708080 596
1708090 597
1708100 598
1708110 600
1708120 600
1708130 601
1708140 602
1708150 604
1708160 605
1708170 606
1708180 607
1708190 608
1708200 609
1708210 610
1708220 611
1708230 612
1708240 613
1708250 614
1708260 615
1708270 616
1708280 617
1708290 617
1708300 618
1708310 619
1708320 619
1708330 619
1708340 619
1708350 620
1708360 619
1708370 619
1708380 618
1708390 617
1708400 617
1708410 616
1708420 616
1708430 615
1708440 615
1708450 614
1708460 614
1708470 613
1708480 613
1708490 613
1708500 612
1708510 611
1708520 610
1708530 609
1708540 608
1708550 607
1708560 607
1708570 605
1708580 604
1708590 603
1708600 602
1708610 600
1708620 599
1708630 597
1708640 596
1708650 595
1708660 595
1708670 595
1708680 595
1708690 594
1708700 593
1708710 596
1708720 598
1708730 600
1708740 602
1708750 603
1708760 603
1708770 604
1708780 604
1708790 604
1708800 604
1708810 604
1708820 604
1708830 605
1708840 605
1708850 605
1708860 605
1708870 606
1708880 606
1708890 606
1708900 606
1708910 607
1708920 607
1708930 607
1708940 608
1708950 608
1708960 608
1708970 608
1708980 609
1708990 609
1709000 609
1709010 610
1709020 610
1709030 610
1709040 611
1709050 611
1709060 611
1709070 612
1709080 612
1709090 612
1709100 613
1709110 613
1709120 614
1709130 614
1709140 615
1709150 615
1709160 615
1709170 616
1709180 616
1709190 617
1709200 617
1709210 617
1709220 618
1709230 618
1709240 619
1709250 619
1709260 620
1709270 620
1709280 621
1709290 621
1709300 622
1709310 622
1709320 623
1709330 623
1709340 624
1709350 624
1709360 625
1709370 626
1709380 627
1709390 628
1709400 628
1709410 629
1709420 630
1709430 631
1709440 632
1709450 633
1709460 634
1709470 635
1709480 636
1709490 636
1709500 637
1709510 638
1709520 639
1709530 639
1709540 640
1709550 640
1709560 640
1709570 641
1709580 641
1709590 641
1709600 642
1709610 642
1709620 642
1709630 642
1709640 642
1709650 642
1709660 642
1709670 642
1709680 642
1709690 642
1709700 642
1709710 642
1709720 642
1709730 642
1709740 642
1709750 641
1709760 641
1709770 641
1709780 641
1709790 641
1709800 641
1709810 640
1709820 640
1709830 640
1709840 640
1709850 640
1709860 640
1709870 640
1709880 640
1709890 640
1709900 641
1709910 641
1709920 641
1709930 641
1709940 641
1709950 641
1709960 641
1709970 641
1709980 641
1709990 641
1710000 641
1710010 641
1710020 640
1710030 640
1710040 640
1710050 640
1710060 640
1710070 640
1710080 640
1710090 640
1710100 640
1710110 640
1710120 640
1710130 640
1710140 640
1710150 641
1710160 641
1710170 641
1710180 641
1710190 641
1710200 641
1710210 641
1710220 641
1710230 641
1710240 641
1710250 641
1710260 641
1710270 641
1710280 641
1710290 641
1710300 641
1710310 641
1710320 641
1710330 641
1710340 640
1710350 640
1710360 640
1710370 640
1710380 640
1710390 639
1710400 639
1710410 638
1710420 637
1710430 636
1710440 635
1710450 634
1710460 633
1710470 632
1710480 631
1710490 631
1710500 630
1710510 629
1710520 628
1710530 628
1710540 628
1710550 629
1710560 629
1710570 629
1710580 629
1710590 630
1710600 630
1710610 631
1710620 631
1710630 631
1710640 632
1710650 632
1710660 633
1710670 633
1710680 633
1710690 634
1710700 634
1710710 634
1710720 635
1710730 635
1710740 636
1710750 636
1710760 637
1710770 637
1710780 637
1710790 638
1710800 638
1710810 639
1710820 639
1710830 640
1710840 640
1710850 641
1710860 641
1710870 642
1710880 642
1710890 643
1710900 643
1710910 643
1710920 643
1710930 643
1710940 643
1710950 643
1710960 643
1710970 643
1710980 643
1710990 643
1711000 643
1711010 643
1711020 643
1711030 642
1711040 642
1711050 641
1711060 641
1711070 640
1711080 640
1711090 639
1711100 639
1711110 639
1711120 638
1711130 638
1711140 637
1711150 637
1711160 637
1711170 636
1711180 636
1711190 636
1711200 636
1711210 635
1711220 635
1711230 635
1711240 634
1711250 634
1711260 634
1711270 634
1711280 634
1711290 634
1711300 634
1711310 634
1711320 634
1711330 634
1711340 634
1711350 634
1711360 634
1711370 634
1711380 634
1711390 634
1711400 634
1711410 633
1711420 633
1711430 633
1711440 633
1711450 633
1711460 633
1711470 633
1711480 633
1711490 632
1711500 632
1711510 632
1711520 632
1711530 632
1711540 631
1711550 631
1711560 631
1711570 630
1711580 630
1711590 630
1711600 629
1711610 629
1711620 629
1711630 628
1711640 628
1711650 628
1711660 627
1711670 627
1711680 626
1711690 626
1711700 625
1711710 625
1711720 624
1711730 624
1711740 623
1711750 623
1711760 622
1711770 621
1711780 621
1711790 620
1711800 619
1711810 618
1711820 618
1711830 617
1711840 616
1711850 616
1711860 615
1711870 615
1711880 615
1711890 615
1711900 615
1711910 614
1711920 614
1711930 614
1711940 613
1711950 613
1711960 612
1711970 612
1711980 612
1711990 612
1712000 611
1712010 611
1712020 611
1712030 611
1712040 611
1712050 610
1712060 610
1712070 610
1712080 609
1712090 609
1712100 609
1712110 608
1712120 608
1712130 608
1712140 607
1712150 607
1712160 606
1712170 606
1712180 605
1712190 605
1712200 604
1712210 603
1712220 603
1712230 603
1712240 603
1712250 603
1712260 603
1712270 603
1712280 603
1712290 603
1712300 603
1712310 603
1712320 603
1712330 603
1712340 603
1712350 603
1712360 603
1712370 603
1712380 603
1712390 603
1712400 603
1712410 603
1712420 603
1712430 603
1712440 603
1712450 603
1712460 603
1712470 603
1712480 602
1712490 602
1712500 602
1712510 602
1712520 602
1712530 602
1712540 602
1712550 602
1712560 601
1712570 601
1712580 601
1712590 601
1712600 600
1712610 600
1712620 599
1712630 599
1712640 598
1712650 598
1712660 598
1712670 598
1712680 597
1712690 597
1712700 597
1712710 596
1712720 596
1712730 596
1712740 596
1712750 596
1712760 596
1712770 596
1712780 596
1712790 596
1712800 596
1712810 595
1712820 595
1712830 595
1712840 595
1712850 595
1712860 595
1712870 595
1712880 595
1712890 594
1712900 594
1712910 594
1712920 594
1712930 593
1712940 593
1712950 593
1712960 592
1712970 592
1712980 591
1712990 591
1713000 591
1713010 591
1713020 591
1713030 591
1713040 591
1713050 591
1713060 591
1713070 591
1713080 591
1713090 591
1713100 591
1713110 590
1713120 590
1713130 590
1713140 590
1713150 590
1713160 590
1713170 589
1713180 589
1713190 589
1713200 589
1713210 589
1713220 589
1713230 589
1713240 589
1713250 590
1713260 590
1713270 590
1713280 591
1713290 591
1713300 591
1713310 591
1713320 592
1713330 592
1713340 592
1713350 593
1713360 593
1713370 593
1713380 594
1713390 594
1713400 594
1713410 594
1713420 594
1713430 594
1713440 594
1713450 594
1713460 594
1713470 594
1713480 594
1713490 594
1713500 594
1713510 593
1713520 593
1713530 593
1713540 593
1713550 592
1713560 592
1713570 592
1713580 591
1713590 591
1713600 591
1713610 590
1713620 590
1713630 589
1713640 589
1713650 589
1713660 588
1713670 588
1713680 587
1713690 587
1713700 586
1713710 586
1713720 585
1713730 585
1713740 585
1713750 584
1713760 584
1713770 583
1713780 583
1713790 582
1713800 582
1713810 582
1713820 581
1713830 581
1713840 581
1713850 580
1713860 580
1713870 579
1713880 579
1713890 578
1713900 578
1713910 577
1713920 577
1713930 576
1713940 576
1713950 575
1713960 575
1713970 574
1713980 574
1713990 573
1714000 573
1714010 572
1714020 572
1714030 571
1714040 571
1714050 570
1714060 570
1714070 569
1714080 568
1714090 568
1714100 567
1714110 567
1714120 566
1714130 565
1714140 565
1714150 564
1714160 564
1714170 563
1714180 563
1714190 562
1714200 562
1714210 562
1714220 561
1714230 560
1714240 560
1714250 559
1714260 559
1714270 558
1714280 558
1714290 558
1714300 557
1714310 557
1714320 557
1714330 556
1714340 556
1714350 556
1714360 555
1714370 555
1714380 555
1714390 554
1714400 554
1714410 554
1714420 554
1714430 553
1714440 553
1714450 553
1714460 553
1714470 553
1714480 553
1714490 552
1714500 553
1714510 553
1714520 553
1714530 553
1714540 553
1714550 553
1714560 553
1714570 553
1714580 553
1714590 553
1714600 553
1714610 553
1714620 553
1714630 553
1714640 553
1714650 553
1714660 553
1714670 552
1714680 552
1714690 552
1714700 552
1714710 552
1714720 552
1714730 552
1714740 551
1714750 551
1714760 551
1714770 551
1714780 551
1714790 550
1714800 550
1714810 550
1714820 549
1714830 549
1714840 549
1714850 548
1714860 548
1714870 548
1714880 547
1714890 547
1714900 547
1714910 546
1714920 546
1714930 546
1714940 545
1714950 545
1714960 545
1714970 544
1714980 544
1714990 544
1715000 544
1715010 543
1715020 543
1715030 543
1715040 542
1715050 542
1715060 542
1715070 542
1715080 542
1715090 541
1715100 541
1715110 541
1715120 540
1715130 540
1715140 540
1715150 539
1715160 539
1715170 539
1715180 539
1715190 538
1715200 538
1715210 538
1715220 538
1715230 538
1715240 537
1715250 537
1715260 537
1715270 537
1715280 536
1715290 536
1715300 536
1715310 536
1715320 535
1715330 535
1715340 535
1715350 534
1715360 534
1715370 534
1715380 534
1715390 533
1715400 533
1715410 533
1715420 532
1715430 532
1715440 532
1715450 531
1715460 531
1715470 530
1715480 530
1715490 530
1715500 529
1715510 529
1715520 529
1715530 529
1715540 529
1715550 529
1715560 528
1715570 528
1715580 528
1715590 528
1715600 527
1715610 527
1715620 527
1715630 527
1715640 526
1715650 526
1715660 526
1715670 526
1715680 525
1715690 525
1715700 525
1715710 524
1715720 524
1715730 524
1715740 523
1715750 523
1715760 523
1715770 523
1715780 522
1715790 522
1715800 522
1715810 522
1715820 521
1715830 521
1715840 521
1715850 520
1715860 520
1715870 520
1715880 520
1715890 519
1715900 519
1715910 519
1715920 519
1715930 518
1715940 518
1715950 518
1715960 518
1715970 518
1715980 518
1715990 517
1716000 517
1716010 517
1716020 517
1716030 516
1716040 516
1716050 516
1716060 516
1716070 515
1716080 515
1716090 515
1716100 515
1716110 514
1716120 514
1716130 514
1716140 514
1716150 514
1716160 513
1716170 513
1716180 513
1716190 513
1716200 513
1716210 512
1716220 512
1716230 512
1716240 512
1716250 511
1716260 511
1716270 511
1716280 511
1716290 511
1716300 511
1716310 510
1716320 510
1716330 510
1716340 510
1716350 510
1716360 509
1716370 509
1716380 509
1716390 509
1716400 509
1716410 508
1716420 508
1716430 508
1716440 508
1716450 507
1716460 506
1716470 506
1716480 506
1716490 506
1716500 506
1716510 506
1716520 506
1716530 506
1716540 506
1716550 506
1716560 506
1716570 506
1716580 506
1716590 505
1716600 505
1716610 505
1716620 505
1716630 504
1716640 504
1716650 504
1716660 504
1716670 503
1716680 503
1716690 503
1716700 503
1716710 503
1716720 504
1716730 503
1716740 503
1716750 503
1716760 503
1716770 503
1716780 504
1716790 504
1716800 504
1716810 504
1716820 504
1716830 504
1716840 504
1716850 504
1716860 504
1716870 504
1716880 504
1716890 504
1716900 504
1716910 504
1716920 504
1716930 503
1716940 502
1716950 502
1716960 501
1716970 500
1716980 498
1716990 497
1717000 496
1717010 494
1717020 493
1717030 492
1717040 492
1717050 492
1717060 492
1717070 492
1717080 492
1717090 492
1717100 492
1717110 491
1717120 491
1717130 491
1717140 491
1717150 491
1717160 492
1717170 493
1717180 493
1717190 493
1717200 493
1717210 493
1717220 493
1717230 493
1717240 494
1717250 494
1717260 495
1717270 496
1717280 497
1717290 499
1717300 501
1717310 504
1717320 506
1717330 508
1717340 510
1717350 511
1717360 512
1717370 513
1717380 514
1717390 515
1717400 516
1717410 516
1717420 517
1717430 518
1717440 518
1717450 519
1717460 520
1717470 520
1717480 520
1717490 521
1717500 521
1717510 521
1717520 521
1717530 521
1717540 522
1717550 522
1717560 522
1717570 522
1717580 522
1717590 522
1717600 522
1717610 522
1717620 522
1717630 522
1717640 522
1717650 522
1717660 522
1717670 523
1717680 523
1717690 523
1717700 523
1717710 523
1717720 523
1717730 523
1717740 523
1717750 523
1717760 524
1717770 524
1717780 524
1717790 524
1717800 524
1717810 524
1717820 524
1717830 524
1717840 524
1717850 524
1717860 524
1717870 524
1717880 524
1717890 525
1717900 525
1717910 525
1717920 525
1717930 525
1717940 525
1717950 525
1717960 525
1717970 525
1717980 525
1717990 525
1718000 525
1718010 526
1718020 526
1718030 526
1718040 526
1718050 526
1718060 527
1718070 527
1718080 527
1718090 527
1718100 527
1718110 527
1718120 528
1718130 528
1718140 528
1718150 528
1718160 529
1718170 529
1718180 529
1718190 529
1718200 530
1718210 530
1718220 530
1718230 530
1718240 530
1718250 529
1718260 529
1718270 529
1718280 529
1718290 529
1718300 529
1718310 528
1718320 528
1718330 528
1718340 527
1718350 527
1718360 527
1718370 526
1718380 526
1718390 526
1718400 525
1718410 524
1718420 524
1718430 523
1718440 523
1718450 522
1718460 522
1718470 522
1718480 521
1718490 521
1718500 520
1718510 519
1718520 518
1718530 517
1718540 516
1718550 515
1718560 514
1718570 513
1718580 513
1718590 512
1718600 512
1718610 511
1718620 511
1718630 511
1718640 510
1718650 510
1718660 510
1718670 509
1718680 509
1718690 509
1718700 508
1718710 508
1718720 507
1718730 507
1718740 507
1718750 506
1718760 506
1718770 506
1718780 505
1718790 505
1718800 504
1718810 504
1718820 504
1718830 504
1718840 503
1718850 503
1718860 503
1718870 502
1718880 502
1718890 502
1718900 501
1718910 501
1718920 500
1718930 500
1718940 499
1718950 499
1718960 498
1718970 498
1718980 498
1718990 498
1719000 497
1719010 497
1719020 497
1719030 496
1719040 496
1719050 496
1719060 495
1719070 495
1719080 495
1719090 494
1719100 494
1719110 493
1719120 493
1719130 492
1719140 492
1719150 491
1719160 491
1719170 491
1719180 490
1719190 490
1719200 490
1719210 489
1719220 489
1719230 488
1719240 488
1719250 487
1719260 487
1719270 487
1719280 486
1719290 485
1719300 485
1719310 484
1719320 484
1719330 483
1719340 483
1719350 483
1719360 482
1719370 482
1719380 481
1719390 481
1719400 481
1719410 480
1719420 480
1719430 480
1719440 479
1719450 479
1719460 479
1719470 478
1719480 477
1719490 477
1719500 476
1719510 475
1719520 474
1719530 474
1719540 473
1719550 472
1719560 472
1719570 472
1719580 472
1719590 472
1719600 472
1719610 473
1719620 473
1719630 473
1719640 473
1719650 473
1719660 473
1719670 473
1719680 474
1719690 475
1719700 476
1719710 477
1719720 478
1719730 480
1719740 481
1719750 483
1719760 484
1719770 484
1719780 485
1719790 486
1719800 486
1719810 487
1719820 487
1719830 488
1719840 488
1719850 488
1719860 488
1719870 488
1719880 488
1719890 488
1719900 488
1719910 488
1719920 487
1719930 487
1719940 487
1719950 487
1719960 487
1719970 487
1719980 486
1719990 486
