1700000 504
1700010 504
1700020 505
1700030 505
1700040 505
1700050 506
1700060 506
1700070 506
1700080 507
1700090 507
1700100 507
1700110 508
1700120 508
1700130 508
1700140 509
1700150 509
1700160 510
1700170 510
1700180 510
1700190 511
1700200 511
1700210 511
1700220 512
1700230 512
1700240 512
1700250 513
1700260 513
1700270 513
1700280 513
1700290 513
1700300 513
1700310 513
1700320 513
1700330 513
1700340 513
1700350 513
1700360 513
1700370 513
1700380 512
1700390 512
1700400 512
1700410 512
1700420 512
1700430 511
1700440 511
1700450 511
1700460 511
1700470 511
1700480 510
1700490 510
1700500 510
1700510 510
1700520 509
1700530 509
1700540 509
1700550 509
1700560 509
1700570 508
1700580 508
1700590 508
1700600 508
1700610 507
1700620 506
1700630 506
1700640 506
1700650 506
1700660 506
1700670 506
1700680 506
1700690 505
1700700 505
1700710 505
1700720 505
1700730 505
1700740 504
1700750 504
1700760 504
1700770 504
1700780 503
1700790 503
1700800 503
1700810 503
1700820 503
1700830 503
1700840 502
1700850 502
1700860 502
1700870 502
1700880 502
1700890 502
1700900 502
1700910 502
1700920 502
1700930 501
1700940 501
1700950 501
1700960 501
1700970 501
1700980 500
1700990 500
1701000 500
1701010 500
1701020 500
1701030 500
1701040 499
1701050 499
1701060 498
1701070 497
1701080 497
1701090 497
1701100 497
1701110 496
1701120 496
1701130 496
1701140 496
1701150 496
1701160 496
1701170 495
1701180 495
1701190 495
1701200 494
1701210 495
1701220 495
1701230 495
1701240 496
1701250 495
1701260 495
1701270 496
1701280 496
1701290 497
1701300 497
1701310 497
1701320 497
1701330 497
1701340 497
1701350 497
1701360 496
1701370 496
1701380 495
1701390 495
1701400 495
1701410 495
1701420 494
1701430 494
1701440 494
1701450 493
1701460 493
1701470 492
1701480 492
1701490 492
1701500 491
1701510 490
1701520 490
1701530 489
1701540 489
1701550 488
1701560 488
1701570 487
1701580 486
1701590 486
1701600 485
1701610 484
1701620 483
1701630 483
1701640 482
1701650 482
1701660 482
1701670 482
1701680 482
1701690 482
1701700 482
1701710 482
1701720 482
1701730 482
1701740 481
1701750 481
1701760 481
1701770 481
1701780 480
1701790 480
1701800 480
1701810 480
1701820 480
1701830 480
1701840 480
1701850 480
1701860 480
1701870 480
1701880 480
1701890 480
1701900 480
1701910 479
1701920 479
1701930 479
1701940 479
1701950 479
1701960 479
1701970 479
1701980 479
1701990 479
1702000 479
1702010 479
1702020 478
1702030 478
1702040 478
1702050 478
1702060 478
1702070 477
1702080 477
1702090 477
1702100 477
1702110 477
1702120 477
1702130 477
1702140 477
1702150 477
1702160 477
1702170 478
1702180 478
1702190 478
1702200 477
1702210 477
1702220 477
1702230 477
1702240 477
1702250 477
1702260 477
1702270 477
1702280 477
1702290 477
1702300 476
1702310 476
1702320 476
1702330 476
1702340 476
1702350 476
1702360 477
1702370 477
1702380 477
1702390 477
1702400 477
1702410 477
1702420 476
1702430 476
1702440 476
1702450 476
1702460 476
1702470 475
1702480 475
1702490 475
1702500 474
1702510 474
1702520 474
1702530 473
1702540 474
1702550 474
1702560 474
1702570 474
1702580 474
1702590 474
1702600 473
1702610 473
1702620 473
1702630 473
1702640 473
1702650 473
1702660 473
1702670 473
1702680 473
1702690 473
1702700 473
1702710 473
1702720 473
1702730 473
1702740 473
1702750 473
1702760 473
1702770 472
1702780 472
1702790 472
1702800 472
1702810 472
1702820 472
1702830 472
1702840 472
1702850 472
1702860 472
1702870 472
1702880 472
1702890 472
1702900 472
1702910 472
1702920 472
1702930 471
1702940 471
1702950 471
1702960 471
1702970 471
1702980 471
1702990 471
1703000 471
1703010 471
1703020 470
1703030 470
1703040 470
1703050 470
1703060 471
1703070 471
1703080 471
1703090 471
1703100 471
1703110 471
1703120 471
1703130 471
1703140 471
1703150 471
1703160 471
1703170 471
1703180 471
1703190 471
1703200 471
1703210 471
1703220 472
1703230 473
1703240 473
1703250 473
1703260 474
1703270 475
1703280 477
1703290 481
1703300 483
1703310 485
1703320 485
1703330 485
1703340 485
1703350 485
1703360 485
1703370 484
1703380 484
1703390 484
1703400 484
1703410 484
1703420 484
1703430 484
1703440 484
1703450 484
1703460 484
1703470 485
1703480 485
1703490 486
1703500 486
1703510 487
1703520 487
1703530 488
1703540 488
1703550 488
1703560 489
1703570 490
1703580 491
1703590 491
1703600 492
1703610 492
1703620 493
1703630 493
1703640 493
1703650 493
1703660 494
1703670 495
1703680 495
1703690 495
1703700 496
1703710 496
1703720 496
1703730 497
1703740 497
1703750 497
1703760 498
1703770 498
1703780 498
1703790 498
1703800 498
1703810 498
1703820 498
1703830 498
1703840 498
1703850 498
1703860 498
1703870 497
1703880 497
1703890 497
1703900 497
1703910 497
1703920 497
1703930 497
1703940 497
1703950 497
1703960 497
1703970 497
1703980 497
1703990 497
1704000 497
1704010 497
1704020 497
1704030 497
1704040 497
1704050 497
1704060 497
1704070 497
1704080 498
1704090 498
1704100 498
1704110 498
1704120 499
1704130 499
1704140 499
1704150 499
1704160 499
1704170 500
1704180 500
1704190 500
1704200 500
1704210 500
1704220 500
1704230 501
1704240 501
1704250 501
1704260 501
1704270 502
1704280 502
1704290 502
1704300 503
1704310 503
1704320 503
1704330 503
1704340 504
1704350 504
1704360 505
1704370 505
1704380 505
1704390 506
1704400 506
1704410 506
1704420 507
1704430 507
1704440 508
1704450 509
1704460 509
1704470 510
1704480 510
1704490 510
1704500 511
1704510 511
1704520 512
1704530 512
1704540 513
1704550 513
1704560 514
1704570 514
1704580 514
1704590 515
1704600 515
1704610 516
1704620 516
1704630 517
1704640 518
1704650 518
1704660 519
1704670 520
1704680 521
1704690 521
1704700 522
1704710 523
1704720 523
1704730 524
1704740 524
1704750 524
1704760 524
1704770 525
1704780 525
1704790 525
1704800 525
1704810 525
1704820 525
1704830 525
1704840 525
1704850 524
1704860 524
1704870 524
1704880 524
1704890 524
1704900 523
1704910 523
1704920 523
1704930 523
1704940 522
1704950 522
1704960 522
1704970 522
1704980 522
1704990 521
1705000 521
1705010 521
1705020 521
1705030 521
1705040 521
1705050 521
1705060 521
1705070 521
1705080 521
1705090 521
1705100 521
1705110 520
1705120 520
1705130 520
1705140 520
1705150 519
1705160 519
1705170 519
1705180 519
1705190 518
1705200 518
1705210 518
1705220 517
1705230 517
1705240 517
1705250 517
1705260 517
1705270 517
1705280 517
1705290 517
1705300 517
1705310 516
1705320 516
1705330 515
1705340 515
1705350 513
1705360 512
1705370 510
1705380 510
1705390 509
1705400 509
1705410 508
1705420 508
1705430 507
1705440 507
1705450 507
1705460 506
1705470 506
1705480 505
1705490 504
1705500 504
1705510 503
1705520 503
1705530 502
1705540 502
1705550 502
1705560 503
1705570 503
1705580 503
1705590 505
1705600 507
1705610 510
1705620 512
1705630 513
1705640 513
1705650 514
1705660 514
1705670 515
1705680 515
1705690 516
1705700 516
1705710 517
1705720 517
1705730 517
1705740 518
1705750 518
1705760 518
1705770 519
1705780 519
1705790 520
1705800 520
1705810 520
1705820 521
1705830 521
1705840 522
1705850 522
1705860 522
1705870 523
1705880 523
1705890 523
1705900 524
1705910 524
1705920 524
1705930 524
1705940 524
1705950 524
1705960 525
1705970 524
1705980 524
1705990 525
1706000 525
1706010 525
1706020 525
1706030 525
1706040 525
1706050 525
1706060 525
1706070 524
1706080 524
1706090 524
1706100 524
1706110 524
1706120 524
1706130 524
1706140 524
1706150 524
1706160 524
1706170 524
1706180 523
1706190 523
1706200 523
1706210 523
1706220 523
1706230 523
1706240 522
1706250 522
1706260 522
1706270 522
1706280 522
1706290 522
1706300 522
1706310 522
1706320 522
1706330 522
1706340 523
1706350 523
1706360 523
1706370 523
1706380 523
1706390 523
1706400 523
1706410 523
1706420 523
1706430 523
1706440 523
1706450 523
1706460 524
1706470 524
1706480 524
1706490 524
1706500 524
1706510 524
1706520 524
1706530 524
1706540 524
1706550 524
1706560 524
1706570 524
1706580 524
1706590 525
1706600 525
1706610 525
1706620 525
1706630 525
1706640 525
1706650 525
1706660 525
1706670 524
1706680 524
1706690 524
1706700 524
1706710 524
1706720 524
1706730 525
1706740 525
1706750 525
1706760 525
1706770 525
1706780 525
1706790 525
1706800 525
1706810 525
1706820 525
1706830 525
1706840 525
1706850 525
1706860 525
1706870 525
1706880 525
1706890 524
1706900 524
1706910 524
1706920 524
1706930 524
1706940 523
1706950 523
1706960 523
1706970 523
1706980 523
1706990 524
1707000 524
1707010 524
1707020 524
1707030 524
1707040 524
1707050 525
1707060 525
1707070 525
1707080 525
1707090 525
1707100 525
1707110 525
1707120 525
1707130 525
1707140 525
1707150 525
1707160 525
1707170 525
1707180 525
1707190 526
1707200 526
1707210 526
1707220 526
1707230 526
1707240 526
1707250 527
1707260 528
1707270 528
1707280 529
1707290 530
1707300 530
1707310 531
1707320 532
1707330 532
1707340 533
1707350 533
1707360 534
1707370 534
1707380 535
1707390 535
1707400 535
1707410 536
1707420 536
1707430 536
1707440 536
1707450 537
1707460 537
1707470 537
1707480 538
1707490 538
1707500 538
1707510 539
1707520 539
1707530 539
1707540 540
1707550 540
1707560 541
1707570 541
1707580 541
1707590 542
1707600 542
1707610 542
1707620 543
1707630 543
1707640 544
1707650 544
1707660 544
1707670 545
1707680 545
1707690 545
1707700 546
1707710 546
1707720 546
1707730 547
1707740 547
1707750 548
1707760 548
1707770 549
1707780 549
1707790 550
1707800 550
1707810 550
1707820 551
1707830 551
1707840 552
1707850 552
1707860 552
1707870 552
1707880 553
1707890 553
1707900 553
1707910 553
1707920 553
1707930 553
1707940 554
1707950 554
1707960 554
1707970 554
1707980 554
1707990 554
1708000 554
1708010 554
1708020 553
1708030 553
1708040 553
1708050 553
1708060 553
1708070 552
1708080 552
1708090 552
1708100 551
1708110 551
1708120 551
1708130 551
1708140 552
1708150 553
1708160 554
1708170 555
1708180 556
1708190 556
1708200 557
1708210 557
1708220 557
1708230 558
1708240 558
1708250 559
1708260 559
1708270 559
1708280 560
1708290 560
1708300 560
1708310 561
1708320 561
1708330 562
1708340 562
1708350 562
1708360 562
1708370 563
1708380 563
1708390 563
1708400 563
1708410 564
1708420 564
1708430 564
1708440 564
1708450 565
1708460 565
1708470 565
1708480 566
1708490 566
1708500 567
1708510 567
1708520 567
1708530 568
1708540 568
1708550 568
1708560 568
1708570 568
1708580 568
1708590 569
1708600 569
1708610 569
1708620 569
1708630 569
1708640 569
1708650 570
1708660 570
1708670 570
1708680 570
1708690 571
1708700 571
1708710 571
1708720 571
1708730 572
1708740 572
1708750 572
1708760 572
1708770 572
1708780 573
1708790 573
1708800 573
1708810 573
1708820 573
1708830 573
1708840 574
1708850 574
1708860 574
1708870 574
1708880 575
1708890 575
1708900 575
1708910 575
1708920 575
1708930 575
1708940 576
1708950 576
1708960 576
1708970 576
1708980 576
1708990 577
1709000 577
1709010 577
1709020 577
1709030 577
1709040 577
1709050 577
1709060 577
1709070 577
1709080 577
1709090 577
1709100 577
1709110 577
1709120 577
1709130 577
1709140 577
1709150 577
1709160 577
1709170 577
1709180 577
1709190 577
1709200 577
1709210 577
1709220 577
1709230 577
1709240 577
1709250 577
1709260 577
1709270 577
1709280 577
1709290 577
1709300 577
1709310 577
1709320 577
1709330 577
1709340 577
1709350 578
1709360 579
1709370 579
1709380 580
1709390 580
1709400 581
1709410 581
1709420 582
1709430 582
1709440 582
1709450 583
1709460 584
1709470 585
1709480 585
1709490 586
1709500 586
1709510 587
1709520 587
1709530 588
1709540 588
1709550 589
1709560 589
1709570 590
1709580 591
1709590 592
1709600 593
1709610 594
1709620 594
1709630 595
1709640 596
1709650 596
1709660 597
1709670 597
1709680 598
1709690 599
1709700 599
1709710 600
1709720 601
1709730 601
1709740 602
1709750 603
1709760 603
1709770 604
1709780 604
1709790 605
1709800 606
1709810 606
1709820 607
1709830 608
1709840 608
1709850 609
1709860 610
1709870 610
1709880 611
1709890 612
1709900 612
1709910 613
1709920 614
1709930 614
1709940 615
1709950 616
1709960 616
1709970 617
1709980 618
1709990 618
1710000 619
1710010 620
1710020 620
1710030 621
1710040 622
1710050 622
1710060 623
1710070 624
1710080 624
1710090 625
1710100 626
1710110 627
1710120 627
1710130 628
1710140 629
1710150 630
1710160 630
1710170 631
1710180 632
1710190 633
1710200 634
1710210 635
1710220 635
1710230 636
1710240 637
1710250 638
1710260 639
1710270 639
1710280 640
1710290 641
1710300 642
1710310 643
1710320 643
1710330 644
1710340 645
1710350 646
1710360 647
1710370 647
1710380 648
1710390 649
1710400 650
1710410 650
1710420 651
1710430 652
1710440 653
1710450 654
1710460 654
1710470 655
1710480 656
1710490 657
1710500 658
1710510 658
1710520 659
1710530 660
1710540 661
1710550 661
1710560 662
1710570 663
1710580 664
1710590 665
1710600 665
1710610 667
1710620 668
1710630 669
1710640 669
1710650 670
1710660 671
1710670 672
1710680 673
1710690 674
1710700 674
1710710 675
1710720 676
1710730 677
1710740 678
1710750 679
1710760 679
1710770 680
1710780 681
1710790 682
1710800 683
1710810 683
1710820 684
1710830 685
1710840 686
1710850 686
1710860 687
1710870 688
1710880 688
1710890 689
1710900 690
1710910 690
1710920 691
1710930 691
1710940 692
1710950 693
1710960 694
1710970 695
1710980 696
1710990 697
1711000 699
1711010 700
1711020 701
1711030 702
1711040 703
1711050 704
1711060 705
1711070 706
1711080 706
1711090 706
1711100 706
1711110 706
1711120 705
1711130 705
1711140 704
1711150 704
1711160 703
1711170 703
1711180 702
1711190 702
1711200 701
1711210 700
1711220 699
1711230 698
1711240 697
1711250 697
1711260 696
1711270 695
1711280 694
1711290 694
1711300 693
1711310 692
1711320 692
1711330 691
1711340 690
1711350 690
1711360 689
1711370 688
1711380 688
1711390 687
1711400 687
1711410 686
1711420 686
1711430 685
1711440 685
1711450 684
1711460 684
1711470 683
1711480 683
1711490 682
1711500 681
1711510 681
1711520 680
1711530 679
1711540 679
1711550 678
1711560 678
1711570 677
1711580 677
1711590 676
1711600 676
1711610 675
1711620 674
1711630 674
1711640 673
1711650 673
1711660 672
1711670 672
1711680 671
1711690 671
1711700 670
1711710 670
1711720 669
1711730 669
1711740 668
1711750 668
1711760 667
1711770 667
1711780 666
1711790 666
1711800 665
1711810 665
1711820 664
1711830 664
1711840 664
1711850 663
1711860 663
1711870 662
1711880 661
1711890 661
1711900 660
1711910 660
1711920 659
1711930 658
1711940 658
1711950 657
1711960 657
1711970 656
1711980 655
1711990 655
1712000 654
1712010 653
1712020 653
1712030 652
1712040 652
1712050 651
1712060 650
1712070 650
1712080 649
1712090 649
1712100 648
1712110 647
1712120 646
1712130 646
1712140 645
1712150 644
1712160 643
1712170 643
1712180 642
1712190 642
1712200 641
1712210 640
1712220 639
1712230 639
1712240 638
1712250 638
1712260 637
1712270 636
1712280 635
1712290 635
1712300 634
1712310 633
1712320 633
1712330 632
1712340 632
1712350 631
1712360 630
1712370 629
1712380 629
1712390 628
1712400 627
1712410 626
1712420 626
1712430 625
1712440 624
1712450 624
1712460 623
1712470 622
1712480 621
1712490 621
1712500 620
1712510 619
1712520 619
1712530 618
1712540 617
1712550 616
1712560 616
1712570 615
1712580 614
1712590 614
1712600 613
1712610 612
1712620 612
1712630 611
1712640 610
1712650 610
1712660 609
1712670 608
1712680 608
1712690 607
1712700 607
1712710 606
1712720 605
1712730 605
1712740 604
1712750 603
1712760 603
1712770 602
1712780 601
1712790 601
1712800 600
1712810 599
1712820 598
1712830 598
1712840 597
1712850 596
1712860 596
1712870 595
1712880 594
1712890 594
1712900 593
1712910 592
1712920 591
1712930 591
1712940 590
1712950 589
1712960 589
1712970 588
1712980 587
1712990 587
1713000 586
1713010 586
1713020 585
1713030 584
1713040 584
1713050 583
1713060 582
1713070 582
1713080 581
1713090 581
1713100 580
1713110 579
1713120 579
1713130 578
1713140 578
1713150 577
1713160 577
1713170 577
1713180 576
1713190 576
1713200 575
1713210 575
1713220 575
1713230 575
1713240 574
1713250 574
1713260 574
1713270 574
1713280 574
1713290 574
1713300 573
1713310 573
1713320 573
1713330 572
1713340 572
1713350 572
1713360 572
1713370 572
1713380 572
1713390 572
1713400 572
1713410 572
1713420 572
1713430 572
1713440 572
1713450 572
1713460 571
1713470 571
1713480 571
1713490 571
1713500 571
1713510 571
1713520 571
1713530 571
1713540 571
1713550 571
1713560 571
1713570 571
1713580 571
1713590 571
1713600 571
1713610 571
1713620 571
1713630 570
1713640 570
1713650 570
1713660 570
1713670 570
1713680 570
1713690 569
1713700 569
1713710 569
1713720 569
1713730 569
1713740 568
1713750 568
1713760 568
1713770 568
1713780 568
1713790 567
1713800 567
1713810 567
1713820 567
1713830 566
1713840 566
1713850 566
1713860 566
1713870 565
1713880 565
1713890 565
1713900 564
1713910 564
1713920 564
1713930 564
1713940 563
1713950 563
1713960 563
1713970 562
1713980 562
1713990 562
1714000 561
1714010 561
1714020 561
1714030 560
1714040 560
1714050 559
1714060 559
1714070 559
1714080 558
1714090 558
1714100 558
1714110 557
1714120 557
1714130 556
1714140 556
1714150 556
1714160 555
1714170 555
1714180 555
1714190 554
1714200 554
1714210 554
1714220 553
1714230 553
1714240 553
1714250 552
1714260 552
1714270 552
1714280 552
1714290 552
1714300 551
1714310 551
1714320 551
1714330 551
1714340 551
1714350 551
1714360 550
1714370 550
1714380 550
1714390 550
1714400 550
1714410 550
1714420 550
1714430 550
1714440 549
1714450 549
1714460 549
1714470 549
1714480 548
1714490 548
1714500 548
1714510 548
1714520 548
1714530 548
1714540 548
1714550 548
1714560 548
1714570 548
1714580 548
1714590 548
1714600 548
1714610 548
1714620 548
1714630 548
1714640 548
1714650 548
1714660 548
1714670 548
1714680 549
1714690 549
1714700 549
1714710 549
1714720 549
1714730 549
1714740 549
1714750 549
1714760 549
1714770 549
1714780 549
1714790 549
1714800 549
1714810 549
1714820 549
1714830 549
1714840 549
1714850 549
1714860 549
1714870 549
1714880 549
1714890 549
1714900 549
1714910 549
1714920 549
1714930 549
1714940 549
1714950 549
1714960 549
1714970 549
1714980 550
1714990 550
1715000 550
1715010 551
1715020 551
1715030 551
1715040 551
1715050 552
1715060 552
1715070 552
1715080 553
1715090 553
1715100 554
1715110 554
1715120 554
1715130 555
1715140 555
1715150 555
1715160 556
1715170 556
1715180 556
1715190 556
1715200 557
1715210 557
1715220 557
1715230 558
1715240 558
1715250 558
1715260 558
1715270 559
1715280 559
1715290 559
1715300 559
1715310 560
1715320 560
1715330 560
1715340 561
1715350 561
1715360 562
1715370 562
1715380 563
1715390 563
1715400 564
1715410 564
1715420 564
1715430 564
1715440 564
1715450 564
1715460 564
1715470 564
1715480 564
1715490 565
1715500 565
1715510 565
1715520 565
1715530 565
1715540 566
1715550 566
1715560 566
1715570 566
1715580 566
1715590 566
1715600 566
1715610 566
1715620 566
1715630 566
1715640 566
1715650 566
1715660 566
1715670 566
1715680 565
1715690 565
1715700 565
1715710 565
1715720 565
1715730 565
1715740 565
1715750 565
1715760 565
1715770 565
1715780 565
1715790 565
1715800 565
1715810 565
1715820 566
1715830 566
1715840 566
1715850 566
1715860 566
1715870 566
1715880 566
1715890 566
1715900 566
1715910 566
1715920 566
1715930 566
1715940 566
1715950 565
1715960 565
1715970 565
1715980 565
1715990 565
1716000 565
1716010 565
1716020 565
1716030 565
1716040 565
1716050 565
1716060 565
1716070 565
1716080 565
1716090 565
1716100 564
1716110 563
1716120 563
1716130 562
1716140 562
1716150 562
1716160 563
1716170 563
1716180 564
1716190 564
1716200 564
1716210 564
1716220 564
1716230 565
1716240 565
1716250 565
1716260 566
1716270 567
1716280 567
1716290 567
1716300 568
1716310 568
1716320 568
1716330 569
1716340 569
1716350 569
1716360 570
1716370 570
1716380 571
1716390 571
1716400 571
1716410 572
1716420 572
1716430 573
1716440 573
1716450 574
1716460 575
1716470 575
1716480 576
1716490 576
1716500 577
1716510 577
1716520 578
1716530 578
1716540 578
1716550 578
1716560 579
1716570 579
1716580 578
1716590 578
1716600 578
1716610 578
1716620 578
1716630 578
1716640 578
1716650 577
1716660 577
1716670 576
1716680 576
1716690 576
1716700 575
1716710 575
1716720 574
1716730 574
1716740 573
1716750 572
1716760 572
1716770 571
1716780 571
1716790 570
1716800 570
1716810 570
1716820 569
1716830 569
1716840 569
1716850 568
1716860 568
1716870 567
1716880 567
1716890 567
1716900 566
1716910 566
1716920 565
1716930 565
1716940 564
1716950 564
1716960 564
1716970 563
1716980 563
1716990 562
1717000 562
1717010 562
1717020 561
1717030 561
1717040 561
1717050 560
1717060 560
1717070 560
1717080 559
1717090 559
1717100 559
1717110 558
1717120 557
1717130 557
1717140 556
1717150 556
1717160 556
1717170 555
1717180 555
1717190 555
1717200 554
1717210 554
1717220 554
1717230 554
1717240 553
1717250 553
1717260 553
1717270 553
1717280 552
1717290 552
1717300 552
1717310 551
1717320 551
1717330 551
1717340 550
1717350 550
1717360 550
1717370 549
1717380 549
1717390 549
1717400 548
1717410 548
1717420 548
1717430 548
1717440 547
1717450 547
1717460 547
1717470 547
1717480 547
1717490 546
1717500 546
1717510 546
1717520 546
1717530 546
1717540 545
1717550 545
1717560 545
1717570 544
1717580 544
1717590 543
1717600 543
1717610 543
1717620 542
1717630 542
1717640 542
1717650 541
1717660 541
1717670 541
1717680 540
1717690 539
1717700 539
1717710 538
1717720 538
1717730 537
1717740 537
1717750 536
1717760 536
1717770 535
1717780 535
1717790 534
1717800 534
1717810 533
1717820 532
1717830 532
1717840 531
1717850 531
1717860 530
1717870 529
1717880 528
1717890 527
1717900 526
1717910 525
1717920 525
1717930 524
1717940 523
1717950 523
1717960 522
1717970 522
1717980 521
1717990 520
1718000 520
1718010 519
1718020 519
1718030 518
1718040 518
1718050 517
1718060 517
1718070 516
1718080 516
1718090 516
1718100 515
1718110 515
1718120 514
1718130 514
1718140 514
1718150 513
1718160 512
1718170 511
1718180 510
1718190 510
1718200 510
1718210 509
1718220 509
1718230 509
1718240 509
1718250 508
1718260 508
1718270 508
1718280 507
1718290 507
1718300 507
1718310 506
1718320 506
1718330 506
1718340 506
1718350 506
1718360 506
1718370 507
1718380 507
1718390 507
1718400 508
1718410 508
1718420 508
1718430 508
1718440 509
1718450 509
1718460 509
1718470 509
1718480 509
1718490 509
1718500 509
1718510 509
1718520 509
1718530 509
1718540 509
1718550 508
1718560 508
1718570 507
1718580 507
1718590 506
1718600 507
1718610 507
1718620 507
1718630 508
1718640 509
1718650 509
1718660 510
1718670 511
1718680 512
1718690 512
1718700 512
1718710 513
1718720 513
1718730 513
1718740 514
1718750 514
1718760 515
1718770 515
1718780 515
1718790 515
1718800 515
1718810 516
1718820 516
1718830 516
1718840 516
1718850 517
1718860 517
1718870 517
1718880 517
1718890 517
1718900 517
1718910 517
1718920 517
1718930 517
1718940 517
1718950 517
1718960 517
1718970 517
1718980 517
1718990 517
1719000 516
1719010 516
1719020 516
1719030 516
1719040 516
1719050 515
1719060 515
1719070 515
1719080 515
1719090 515
1719100 514
1719110 514
1719120 514
1719130 514
1719140 514
1719150 514
1719160 513
1719170 513
1719180 513
1719190 513
1719200 513
1719210 513
1719220 513
1719230 513
1719240 513
1719250 512
1719260 512
1719270 512
1719280 512
1719290 512
1719300 511
1719310 511
1719320 511
1719330 511
1719340 511
1719350 510
1719360 510
1719370 510
1719380 510
1719390 509
1719400 509
1719410 509
1719420 509
1719430 508
1719440 508
1719450 508
1719460 507
1719470 507
1719480 507
1719490 506
1719500 506
1719510 506
1719520 505
1719530 505
1719540 504
1719550 504
1719560 503
1719570 502
1719580 501
1719590 500
1719600 500
1719610 500
1719620 501
1719630 501
1719640 501
1719650 501
1719660 501
1719670 501
1719680 501
1719690 501
1719700 501
1719710 501
1719720 501
1719730 501
1719740 501
1719750 500
1719760 500
1719770 500
1719780 500
1719790 500
1719800 501
1719810 501
1719820 501
1719830 501
1719840 501
1719850 501
1719860 501
1719870 501
1719880 501
1719890 501
1719900 501
1719910 502
1719920 502
1719930 503
1719940 504
1719950 504
1719960 504
1719970 504
1719980 504
1719990 504
