1700000 504
1700010 504
1700020 504
1700030 504
1700040 505
1700050 505
1700060 505
1700070 505
1700080 506
1700090 506
1700100 506
1700110 506
1700120 507
1700130 507
1700140 507
1700150 508
1700160 508
1700170 508
1700180 509
1700190 509
1700200 509
1700210 510
1700220 510
1700230 510
1700240 510
1700250 511
1700260 511
1700270 511
1700280 511
1700290 511
1700300 511
1700310 511
1700320 511
1700330 511
1700340 511
1700350 511
1700360 511
1700370 511
1700380 511
1700390 511
1700400 511
1700410 510
1700420 510
1700430 510
1700440 510
1700450 510
1700460 509
1700470 509
1700480 509
1700490 509
1700500 509
1700510 508
1700520 508
1700530 508
1700540 508
1700550 508
1700560 507
1700570 507
1700580 507
1700590 507
1700600 507
1700610 507
1700620 507
1700630 506
1700640 506
1700650 506
1700660 506
1700670 505
1700680 505
1700690 505
1700700 505
1700710 505
1700720 505
1700730 505
1700740 504
1700750 504
1700760 504
1700770 504
1700780 504
1700790 504
1700800 503
1700810 503
1700820 503
1700830 503
1700840 503
1700850 503
1700860 503
1700870 503
1700880 502
1700890 502
1700900 502
1700910 501
1700920 501
1700930 501
1700940 501
1700950 501
1700960 500
1700970 500
1700980 500
1700990 500
1701000 500
1701010 500
1701020 500
1701030 500
1701040 500
1701050 500
1701060 499
1701070 499
1701080 499
1701090 498
1701100 498
1701110 498
1701120 497
1701130 496
1701140 495
1701150 494
1701160 491
1701170 490
1701180 490
1701190 490
1701200 490
1701210 489
1701220 489
1701230 489
1701240 489
1701250 490
1701260 493
1701270 496
1701280 500
1701290 502
1701300 502
1701310 503
1701320 503
1701330 503
1701340 504
1701350 504
1701360 505
1701370 505
1701380 505
1701390 505
1701400 505
1701410 505
1701420 505
1701430 505
1701440 505
1701450 505
1701460 505
1701470 505
1701480 505
1701490 505
1701500 504
1701510 504
1701520 504
1701530 504
1701540 503
1701550 503
1701560 503
1701570 503
1701580 502
1701590 502
1701600 502
1701610 501
1701620 501
1701630 500
1701640 500
1701650 500
1701660 499
1701670 499
1701680 498
1701690 498
1701700 497
1701710 497
1701720 495
1701730 495
1701740 495
1701750 494
1701760 494
1701770 494
1701780 494
1701790 492
1701800 491
1701810 491
1701820 491
1701830 492
1701840 491
1701850 491
1701860 490
1701870 489
1701880 489
1701890 489
1701900 489
1701910 489
1701920 488
1701930 488
1701940 488
1701950 488
1701960 488
1701970 488
1701980 488
1701990 488
1702000 487
1702010 487
1702020 487
1702030 487
1702040 487
1702050 487
1702060 487
1702070 486
1702080 486
1702090 486
1702100 486
1702110 486
1702120 486
1702130 486
1702140 486
1702150 486
1702160 486
1702170 486
1702180 486
1702190 485
1702200 485
1702210 485
1702220 485
1702230 485
1702240 485
1702250 485
1702260 485
1702270 485
1702280 484
1702290 484
1702300 484
1702310 484
1702320 483
1702330 483
1702340 483
1702350 482
1702360 482
1702370 482
1702380 482
1702390 481
1702400 481
1702410 481
1702420 480
1702430 479
1702440 479
1702450 479
1702460 478
1702470 478
1702480 477
1702490 477
1702500 477
1702510 477
1702520 477
1702530 476
1702540 476
1702550 476
1702560 476
1702570 476
1702580 476
1702590 475
1702600 475
1702610 475
1702620 475
1702630 476
1702640 476
1702650 475
1702660 475
1702670 474
1702680 474
1702690 474
1702700 473
1702710 473
1702720 473
1702730 473
1702740 473
1702750 473
1702760 472
1702770 472
1702780 472
1702790 472
1702800 472
1702810 472
1702820 472
1702830 472
1702840 472
1702850 472
1702860 472
1702870 472
1702880 472
1702890 472
1702900 472
1702910 471
1702920 471
1702930 471
1702940 471
1702950 471
1702960 471
1702970 471
1702980 471
1702990 471
1703000 471
1703010 471
1703020 471
1703030 471
1703040 471
1703050 471
1703060 471
1703070 471
1703080 471
1703090 471
1703100 471
1703110 471
1703120 471
1703130 471
1703140 471
1703150 471
1703160 471
1703170 471
1703180 472
1703190 472
1703200 472
1703210 473
1703220 473
1703230 473
1703240 474
1703250 476
1703260 479
1703270 483
1703280 484
1703290 485
1703300 485
1703310 486
1703320 487
1703330 487
1703340 488
1703350 489
1703360 489
1703370 489
1703380 487
1703390 485
1703400 483
1703410 483
1703420 483
1703430 486
1703440 489
1703450 491
1703460 491
1703470 491
1703480 491
1703490 491
1703500 491
1703510 491
1703520 491
1703530 491
1703540 491
1703550 491
1703560 492
1703570 492
1703580 492
1703590 492
1703600 492
1703610 493
1703620 493
1703630 493
1703640 494
1703650 494
1703660 494
1703670 495
1703680 495
1703690 496
1703700 496
1703710 497
1703720 497
1703730 498
1703740 498
1703750 499
1703760 499
1703770 499
1703780 500
1703790 500
1703800 500
1703810 501
1703820 501
1703830 501
1703840 501
1703850 502
1703860 502
1703870 503
1703880 503
1703890 504
1703900 504
1703910 504
1703920 504
1703930 504
1703940 504
1703950 503
1703960 503
1703970 502
1703980 502
1703990 502
1704000 502
1704010 502
1704020 502
1704030 503
1704040 503
1704050 503
1704060 503
1704070 504
1704080 504
1704090 504
1704100 505
1704110 505
1704120 505
1704130 506
1704140 506
1704150 506
1704160 506
1704170 507
1704180 507
1704190 507
1704200 508
1704210 508
1704220 509
1704230 509
1704240 509
1704250 510
1704260 510
1704270 511
1704280 511
1704290 512
1704300 513
1704310 513
1704320 514
1704330 514
1704340 515
1704350 515
1704360 516
1704370 517
1704380 517
1704390 518
1704400 519
1704410 520
1704420 520
1704430 520
1704440 521
1704450 521
1704460 521
1704470 521
1704480 521
1704490 521
1704500 522
1704510 522
1704520 522
1704530 522
1704540 523
1704550 523
1704560 523
1704570 524
1704580 524
1704590 524
1704600 524
1704610 524
1704620 524
1704630 524
1704640 524
1704650 524
1704660 525
1704670 525
1704680 525
1704690 525
1704700 525
1704710 525
1704720 525
1704730 525
1704740 525
1704750 525
1704760 525
1704770 525
1704780 525
1704790 525
1704800 525
1704810 525
1704820 525
1704830 525
1704840 525
1704850 525
1704860 524
1704870 524
1704880 524
1704890 524
1704900 524
1704910 524
1704920 524
1704930 523
1704940 523
1704950 523
1704960 523
1704970 523
1704980 522
1704990 522
1705000 522
1705010 522
1705020 522
1705030 522
1705040 521
1705050 521
1705060 521
1705070 521
1705080 521
1705090 520
1705100 520
1705110 520
1705120 520
1705130 519
1705140 519
1705150 519
1705160 519
1705170 519
1705180 519
1705190 518
1705200 518
1705210 518
1705220 518
1705230 518
1705240 518
1705250 518
1705260 518
1705270 518
1705280 518
1705290 518
1705300 518
1705310 517
1705320 516
1705330 514
1705340 514
1705350 514
1705360 514
1705370 514
1705380 514
1705390 515
1705400 515
1705410 514
1705420 514
1705430 514
1705440 515
1705450 517
1705460 516
1705470 513
1705480 509
1705490 507
1705500 506
1705510 505
1705520 505
1705530 505
1705540 506
1705550 507
1705560 508
1705570 511
1705580 514
1705590 518
1705600 520
1705610 521
1705620 522
1705630 522
1705640 523
1705650 523
1705660 524
1705670 524
1705680 525
1705690 525
1705700 525
1705710 525
1705720 526
1705730 526
1705740 526
1705750 527
1705760 527
1705770 527
1705780 527
1705790 527
1705800 528
1705810 528
1705820 528
1705830 528
1705840 528
1705850 528
1705860 528
1705870 529
1705880 529
1705890 529
1705900 529
1705910 529
1705920 529
1705930 530
1705940 530
1705950 530
1705960 530
1705970 530
1705980 530
1705990 531
1706000 531
1706010 531
1706020 531
1706030 531
1706040 532
1706050 532
1706060 532
1706070 532
1706080 533
1706090 533
1706100 533
1706110 534
1706120 534
1706130 534
1706140 534
1706150 534
1706160 535
1706170 535
1706180 535
1706190 535
1706200 535
1706210 535
1706220 535
1706230 535
1706240 535
1706250 535
1706260 535
1706270 536
1706280 536
1706290 536
1706300 536
1706310 536
1706320 536
1706330 536
1706340 536
1706350 536
1706360 536
1706370 536
1706380 536
1706390 536
1706400 537
1706410 537
1706420 537
1706430 537
1706440 537
1706450 537
1706460 537
1706470 537
1706480 537
1706490 537
1706500 537
1706510 537
1706520 537
1706530 537
1706540 537
1706550 537
1706560 537
1706570 537
1706580 537
1706590 537
1706600 536
1706610 536
1706620 536
1706630 536
1706640 536
1706650 536
1706660 536
1706670 536
1706680 536
1706690 536
1706700 536
1706710 536
1706720 535
1706730 535
1706740 535
1706750 535
1706760 535
1706770 535
1706780 535
1706790 535
1706800 535
1706810 534
1706820 534
1706830 534
1706840 533
1706850 533
1706860 533
1706870 533
1706880 533
1706890 532
1706900 532
1706910 533
1706920 533
1706930 533
1706940 533
1706950 534
1706960 534
1706970 534
1706980 534
1706990 534
1707000 534
1707010 535
1707020 535
1707030 535
1707040 535
1707050 535
1707060 535
1707070 535
1707080 535
1707090 535
1707100 536
1707110 536
1707120 536
1707130 536
1707140 536
1707150 536
1707160 536
1707170 537
1707180 536
1707190 536
1707200 536
1707210 536
1707220 536
1707230 537
1707240 537
1707250 537
1707260 537
1707270 538
1707280 538
1707290 538
1707300 538
1707310 538
1707320 539
1707330 539
1707340 539
1707350 540
1707360 540
1707370 541
1707380 541
1707390 541
1707400 541
1707410 540
1707420 538
1707430 537
1707440 536
1707450 536
1707460 535
1707470 534
1707480 533
1707490 534
1707500 534
1707510 535
1707520 535
1707530 536
1707540 536
1707550 537
1707560 538
1707570 539
1707580 541
1707590 542
1707600 544
1707610 545
1707620 546
1707630 547
1707640 548
1707650 548
1707660 549
1707670 550
1707680 551
1707690 552
1707700 553
1707710 554
1707720 554
1707730 555
1707740 556
1707750 556
1707760 557
1707770 558
1707780 558
1707790 559
1707800 559
1707810 560
1707820 560
1707830 560
1707840 560
1707850 560
1707860 561
1707870 561
1707880 561
1707890 561
1707900 561
1707910 562
1707920 562
1707930 562
1707940 562
1707950 562
1707960 563
1707970 563
1707980 563
1707990 563
1708000 564
1708010 564
1708020 564
1708030 564
1708040 565
1708050 565
1708060 565
1708070 565
1708080 565
1708090 566
1708100 566
1708110 566
1708120 566
1708130 566
1708140 567
1708150 567
1708160 567
1708170 567
1708180 567
1708190 567
1708200 567
1708210 567
1708220 567
1708230 567
1708240 567
1708250 567
1708260 566
1708270 566
1708280 566
1708290 565
1708300 565
1708310 565
1708320 565
1708330 564
1708340 565
1708350 565
1708360 564
1708370 564
1708380 564
1708390 564
1708400 564
1708410 564
1708420 563
1708430 563
1708440 562
1708450 562
1708460 562
1708470 561
1708480 562
1708490 563
1708500 564
1708510 565
1708520 566
1708530 566
1708540 567
1708550 568
1708560 569
1708570 570
1708580 570
1708590 571
1708600 572
1708610 572
1708620 572
1708630 573
1708640 573
1708650 574
1708660 574
1708670 575
1708680 575
1708690 576
1708700 576
1708710 576
1708720 577
1708730 577
1708740 578
1708750 579
1708760 579
1708770 580
1708780 580
1708790 581
1708800 581
1708810 582
1708820 582
1708830 583
1708840 583
1708850 584
1708860 584
1708870 585
1708880 585
1708890 586
1708900 586
1708910 587
1708920 587
1708930 588
1708940 589
1708950 589
1708960 590
1708970 590
1708980 591
1708990 591
1709000 591
1709010 592
1709020 592
1709030 592
1709040 592
1709050 593
1709060 593
1709070 593
1709080 593
1709090 593
1709100 594
1709110 594
1709120 594
1709130 594
1709140 595
1709150 595
1709160 595
1709170 595
1709180 595
1709190 595
1709200 595
1709210 595
1709220 595
1709230 595
1709240 595
1709250 595
1709260 595
1709270 595
1709280 595
1709290 595
1709300 595
1709310 595
1709320 595
1709330 594
1709340 594
1709350 593
1709360 592
1709370 592
1709380 592
1709390 592
1709400 592
1709410 592
1709420 593
1709430 593
1709440 593
1709450 594
1709460 594
1709470 594
1709480 594
1709490 594
1709500 594
1709510 595
1709520 595
1709530 596
1709540 597
1709550 598
1709560 598
1709570 599
1709580 600
1709590 600
1709600 601
1709610 602
1709620 602
1709630 603
1709640 603
1709650 604
1709660 605
1709670 605
1709680 606
1709690 607
1709700 607
1709710 608
1709720 609
1709730 609
1709740 610
1709750 611
1709760 611
1709770 612
1709780 613
1709790 613
1709800 614
1709810 615
1709820 615
1709830 616
1709840 617
1709850 617
1709860 618
1709870 618
1709880 619
1709890 620
1709900 620
1709910 621
1709920 622
1709930 623
1709940 623
1709950 624
1709960 625
1709970 625
1709980 626
1709990 627
1710000 627
1710010 628
1710020 629
1710030 630
1710040 631
1710050 631
1710060 632
1710070 632
1710080 633
1710090 634
1710100 634
1710110 635
1710120 636
1710130 636
1710140 637
1710150 638
1710160 638
1710170 639
1710180 640
1710190 640
1710200 641
1710210 641
1710220 642
1710230 643
1710240 643
1710250 644
1710260 645
1710270 646
1710280 647
1710290 647
1710300 648
1710310 649
1710320 650
1710330 651
1710340 651
1710350 652
1710360 653
1710370 654
1710380 655
1710390 656
1710400 657
1710410 657
1710420 658
1710430 659
1710440 659
1710450 660
1710460 661
1710470 662
1710480 662
1710490 663
1710500 664
1710510 664
1710520 665
1710530 666
1710540 666
1710550 667
1710560 667
1710570 668
1710580 668
1710590 669
1710600 669
1710610 670
1710620 671
1710630 671
1710640 672
1710650 672
1710660 673
1710670 673
1710680 674
1710690 675
1710700 676
1710710 677
1710720 678
1710730 678
1710740 679
1710750 679
1710760 680
1710770 681
1710780 681
1710790 682
1710800 682
1710810 683
1710820 683
1710830 684
1710840 685
1710850 685
1710860 686
1710870 686
1710880 687
1710890 687
1710900 687
1710910 688
1710920 688
1710930 688
1710940 689
1710950 689
1710960 689
1710970 689
1710980 689
1710990 689
1711000 689
1711010 689
1711020 689
1711030 688
1711040 688
1711050 688
1711060 688
1711070 687
1711080 687
1711090 687
1711100 687
1711110 686
1711120 686
1711130 686
1711140 686
1711150 685
1711160 685
1711170 684
1711180 684
1711190 684
1711200 683
1711210 683
1711220 683
1711230 682
1711240 682
1711250 682
1711260 681
1711270 681
1711280 680
1711290 680
1711300 679
1711310 679
1711320 679
1711330 678
1711340 678
1711350 677
1711360 677
1711370 677
1711380 676
1711390 676
1711400 675
1711410 675
1711420 674
1711430 674
1711440 673
1711450 673
1711460 672
1711470 672
1711480 671
1711490 671
1711500 670
1711510 670
1711520 669
1711530 669
1711540 668
1711550 667
1711560 667
1711570 666
1711580 665
1711590 665
1711600 664
1711610 664
1711620 663
1711630 662
1711640 662
1711650 661
1711660 660
1711670 660
1711680 659
1711690 658
1711700 658
1711710 657
1711720 656
1711730 656
1711740 655
1711750 654
1711760 654
1711770 653
1711780 652
1711790 651
1711800 651
1711810 650
1711820 650
1711830 649
1711840 648
1711850 648
1711860 647
1711870 646
1711880 646
1711890 645
1711900 644
1711910 644
1711920 643
1711930 643
1711940 642
1711950 641
1711960 641
1711970 640
1711980 640
1711990 639
1712000 638
1712010 638
1712020 637
1712030 636
1712040 636
1712050 635
1712060 634
1712070 634
1712080 633
1712090 633
1712100 632
1712110 631
1712120 630
1712130 630
1712140 629
1712150 628
1712160 628
1712170 627
1712180 626
1712190 626
1712200 625
1712210 624
1712220 623
1712230 623
1712240 622
1712250 621
1712260 621
1712270 620
1712280 619
1712290 619
1712300 618
1712310 617
1712320 617
1712330 616
1712340 616
1712350 615
1712360 614
1712370 614
1712380 613
1712390 613
1712400 612
1712410 611
1712420 611
1712430 610
1712440 610
1712450 609
1712460 609
1712470 608
1712480 607
1712490 607
1712500 606
1712510 606
1712520 605
1712530 605
1712540 604
1712550 603
1712560 603
1712570 602
1712580 602
1712590 601
1712600 600
1712610 600
1712620 599
1712630 599
1712640 598
1712650 598
1712660 597
1712670 596
1712680 596
1712690 595
1712700 595
1712710 594
1712720 594
1712730 593
1712740 593
1712750 593
1712760 592
1712770 592
1712780 591
1712790 590
1712800 590
1712810 589
1712820 589
1712830 588
1712840 588
1712850 587
1712860 587
1712870 586
1712880 586
1712890 585
1712900 585
1712910 584
1712920 584
1712930 583
1712940 583
1712950 582
1712960 582
1712970 581
1712980 581
1712990 580
1713000 580
1713010 579
1713020 579
1713030 578
1713040 578
1713050 577
1713060 577
1713070 576
1713080 576
1713090 576
1713100 575
1713110 575
1713120 574
1713130 574
1713140 573
1713150 573
1713160 573
1713170 572
1713180 572
1713190 571
1713200 571
1713210 571
1713220 571
1713230 570
1713240 570
1713250 570
1713260 569
1713270 569
1713280 569
1713290 569
1713300 568
1713310 568
1713320 568
1713330 568
1713340 567
1713350 567
1713360 567
1713370 567
1713380 567
1713390 567
1713400 566
1713410 566
1713420 566
1713430 566
1713440 566
1713450 566
1713460 566
1713470 566
1713480 566
1713490 566
1713500 566
1713510 566
1713520 566
1713530 566
1713540 566
1713550 566
1713560 566
1713570 565
1713580 565
1713590 565
1713600 565
1713610 565
1713620 565
1713630 565
1713640 565
1713650 565
1713660 565
1713670 564
1713680 564
1713690 564
1713700 564
1713710 564
1713720 564
1713730 564
1713740 563
1713750 563
1713760 563
1713770 563
1713780 563
1713790 563
1713800 562
1713810 562
1713820 562
1713830 562
1713840 562
1713850 562
1713860 562
1713870 561
1713880 561
1713890 561
1713900 561
1713910 561
1713920 561
1713930 560
1713940 560
1713950 560
1713960 560
1713970 560
1713980 559
1713990 559
1714000 559
1714010 559
1714020 558
1714030 558
1714040 558
1714050 557
1714060 557
1714070 557
1714080 557
1714090 556
1714100 556
1714110 556
1714120 556
1714130 555
1714140 555
1714150 555
1714160 555
1714170 555
1714180 555
1714190 555
1714200 554
1714210 554
1714220 554
1714230 554
1714240 554
1714250 554
1714260 554
1714270 554
1714280 554
1714290 554
1714300 554
1714310 554
1714320 554
1714330 553
1714340 553
1714350 553
1714360 553
1714370 553
1714380 553
1714390 553
1714400 553
1714410 553
1714420 553
1714430 553
1714440 553
1714450 553
1714460 553
1714470 553
1714480 553
1714490 553
1714500 553
1714510 553
1714520 553
1714530 553
1714540 553
1714550 552
1714560 552
1714570 552
1714580 552
1714590 552
1714600 552
1714610 552
1714620 552
1714630 552
1714640 552
1714650 552
1714660 552
1714670 552
1714680 552
1714690 552
1714700 552
1714710 552
1714720 553
1714730 553
1714740 553
1714750 553
1714760 553
1714770 553
1714780 553
1714790 553
1714800 553
1714810 553
1714820 553
1714830 554
1714840 554
1714850 554
1714860 554
1714870 554
1714880 554
1714890 554
1714900 554
1714910 555
1714920 555
1714930 555
1714940 555
1714950 555
1714960 556
1714970 556
1714980 556
1714990 556
1715000 557
1715010 557
1715020 557
1715030 558
1715040 558
1715050 558
1715060 559
1715070 559
1715080 559
1715090 560
1715100 560
1715110 560
1715120 561
1715130 561
1715140 562
1715150 562
1715160 563
1715170 563
1715180 564
1715190 564
1715200 564
1715210 565
1715220 565
1715230 566
1715240 567
1715250 567
1715260 568
1715270 568
1715280 569
1715290 570
1715300 570
1715310 571
1715320 572
1715330 572
1715340 573
1715350 573
1715360 574
1715370 574
1715380 575
1715390 575
1715400 576
1715410 577
1715420 578
1715430 580
1715440 581
1715450 582
1715460 583
1715470 583
1715480 584
1715490 584
1715500 585
1715510 585
1715520 586
1715530 586
1715540 585
1715550 585
1715560 585
1715570 586
1715580 586
1715590 586
1715600 585
1715610 585
1715620 585
1715630 585
1715640 585
1715650 585
1715660 585
1715670 585
1715680 585
1715690 585
1715700 585
1715710 585
1715720 585
1715730 585
1715740 585
1715750 585
1715760 585
1715770 586
1715780 586
1715790 586
1715800 586
1715810 586
1715820 586
1715830 586
1715840 586
1715850 585
1715860 585
1715870 585
1715880 585
1715890 585
1715900 586
1715910 586
1715920 586
1715930 587
1715940 587
1715950 587
1715960 587
1715970 587
1715980 587
1715990 587
1716000 587
1716010 586
1716020 586
1716030 585
1716040 585
1716050 585
1716060 585
1716070 585
1716080 585
1716090 585
1716100 584
1716110 584
1716120 583
1716130 582
1716140 582
1716150 581
1716160 581
1716170 580
1716180 580
1716190 579
1716200 579
1716210 579
1716220 580
1716230 580
1716240 580
1716250 580
1716260 580
1716270 580
1716280 580
1716290 579
1716300 579
1716310 579
1716320 579
1716330 579
1716340 579
1716350 579
1716360 579
1716370 579
1716380 579
1716390 579
1716400 578
1716410 578
1716420 578
1716430 578
1716440 578
1716450 578
1716460 578
1716470 578
1716480 578
1716490 578
1716500 577
1716510 577
1716520 577
1716530 577
1716540 577
1716550 576
1716560 576
1716570 576
1716580 576
1716590 575
1716600 575
1716610 574
1716620 574
1716630 573
1716640 573
1716650 573
1716660 572
1716670 572
1716680 572
1716690 572
1716700 571
1716710 571
1716720 571
1716730 570
1716740 569
1716750 568
1716760 568
1716770 567
1716780 566
1716790 564
1716800 563
1716810 562
1716820 562
1716830 561
1716840 560
1716850 560
1716860 559
1716870 559
1716880 558
1716890 558
1716900 558
1716910 557
1716920 557
1716930 557
1716940 556
1716950 556
1716960 555
1716970 555
1716980 554
1716990 554
1717000 554
1717010 553
1717020 553
1717030 553
1717040 553
1717050 553
1717060 552
1717070 552
1717080 552
1717090 551
1717100 551
1717110 550
1717120 550
1717130 550
1717140 549
1717150 549
1717160 548
1717170 548
1717180 548
1717190 548
1717200 547
1717210 547
1717220 546
1717230 545
1717240 545
1717250 544
1717260 544
1717270 543
1717280 542
1717290 543
1717300 543
1717310 544
1717320 545
1717330 545
1717340 546
1717350 546
1717360 546
1717370 546
1717380 545
1717390 545
1717400 544
1717410 543
1717420 542
1717430 542
1717440 541
1717450 541
1717460 540
1717470 539
1717480 539
1717490 538
1717500 537
1717510 537
1717520 536
1717530 536
1717540 535
1717550 535
1717560 534
1717570 534
1717580 533
1717590 533
1717600 532
1717610 532
1717620 532
1717630 531
1717640 530
1717650 530
1717660 529
1717670 529
1717680 528
1717690 528
1717700 527
1717710 526
1717720 526
1717730 525
1717740 525
1717750 524
1717760 523
1717770 523
1717780 522
1717790 522
1717800 521
1717810 520
1717820 520
1717830 519
1717840 519
1717850 519
1717860 518
1717870 518
1717880 518
1717890 518
1717900 518
1717910 518
1717920 518
1717930 518
1717940 518
1717950 519
1717960 518
1717970 518
1717980 517
1717990 517
1718000 516
1718010 516
1718020 516
1718030 516
1718040 516
1718050 516
1718060 515
1718070 515
1718080 515
1718090 515
1718100 515
1718110 515
1718120 515
1718130 514
1718140 514
1718150 514
1718160 514
1718170 514
1718180 514
1718190 514
1718200 514
1718210 514
1718220 514
1718230 514
1718240 514
1718250 514
1718260 514
1718270 514
1718280 514
1718290 514
1718300 514
1718310 514
1718320 514
1718330 514
1718340 514
1718350 514
1718360 514
1718370 514
1718380 514
1718390 514
1718400 514
1718410 514
1718420 514
1718430 514
1718440 514
1718450 514
1718460 514
1718470 514
1718480 514
1718490 514
1718500 514
1718510 514
1718520 514
1718530 514
1718540 514
1718550 514
1718560 514
1718570 513
1718580 513
1718590 513
1718600 513
1718610 514
1718620 514
1718630 514
1718640 514
1718650 514
1718660 514
1718670 514
1718680 514
1718690 514
1718700 514
1718710 514
1718720 513
1718730 513
1718740 513
1718750 513
1718760 513
1718770 512
1718780 513
1718790 513
1718800 513
1718810 514
1718820 515
1718830 515
1718840 516
1718850 516
1718860 517
1718870 517
1718880 517
1718890 518
1718900 518
1718910 519
1718920 519
1718930 519
1718940 519
1718950 519
1718960 519
1718970 520
1718980 520
1718990 520
1719000 520
1719010 520
1719020 520
1719030 520
1719040 520
1719050 520
1719060 519
1719070 519
1719080 519
1719090 519
1719100 519
1719110 519
1719120 519
1719130 519
1719140 519
1719150 519
1719160 519
1719170 519
1719180 519
1719190 519
1719200 519
1719210 518
1719220 518
1719230 518
1719240 518
1719250 518
1719260 518
1719270 517
1719280 517
1719290 517
1719300 517
1719310 517
1719320 516
1719330 516
1719340 516
1719350 516
1719360 516
1719370 515
1719380 515
1719390 515
1719400 515
1719410 515
1719420 514
1719430 514
1719440 514
1719450 514
1719460 514
1719470 514
1719480 513
1719490 513
1719500 513
1719510 513
1719520 513
1719530 513
1719540 512
1719550 512
1719560 512
1719570 512
1719580 512
1719590 512
1719600 512
1719610 511
1719620 511
1719630 511
1719640 511
1719650 511
1719660 511
1719670 511
1719680 511
1719690 510
1719700 510
1719710 510
1719720 510
1719730 510
1719740 510
1719750 510
1719760 510
1719770 510
1719780 510
1719790 510
1719800 510
1719810 510
1719820 510
1719830 510
1719840 510
1719850 510
1719860 510
1719870 510
1719880 510
1719890 510
1719900 510
1719910 510
1719920 510
1719930 510
1719940 510
1719950 510
1719960 510
1719970 510
1719980 510
1719990 510
