1700000 505
1700010 505
1700020 504
1700030 504
1700040 504
1700050 504
1700060 504
1700070 504
1700080 504
1700090 504
1700100 504
1700110 504
1700120 505
1700130 505
1700140 505
1700150 505
1700160 505
1700170 505
1700180 505
1700190 505
1700200 505
1700210 505
1700220 505
1700230 505
1700240 505
1700250 504
1700260 504
1700270 504
1700280 505
1700290 505
1700300 505
1700310 505
1700320 505
1700330 505
1700340 505
1700350 505
1700360 505
1700370 505
1700380 505
1700390 505
1700400 505
1700410 505
1700420 505
1700430 505
1700440 505
1700450 505
1700460 505
1700470 505
1700480 505
1700490 504
1700500 504
1700510 504
1700520 504
1700530 504
1700540 504
1700550 504
1700560 504
1700570 504
1700580 504
1700590 504
1700600 504
1700610 504
1700620 504
1700630 504
1700640 504
1700650 504
1700660 503
1700670 503
1700680 503
1700690 503
1700700 503
1700710 503
1700720 503
1700730 504
1700740 504
1700750 504
1700760 504
1700770 505
1700780 505
1700790 505
1700800 504
1700810 504
1700820 503
1700830 503
1700840 503
1700850 503
1700860 503
1700870 503
1700880 503
1700890 503
1700900 503
1700910 503
1700920 503
1700930 503
1700940 503
1700950 503
1700960 503
1700970 503
1700980 503
1700990 503
1701000 504
1701010 504
1701020 504
1701030 504
1701040 504
1701050 505
1701060 505
1701070 505
1701080 505
1701090 506
1701100 506
1701110 506
1701120 506
1701130 507
1701140 507
1701150 507
1701160 507
1701170 507
1701180 507
1701190 507
1701200 507
1701210 507
1701220 507
1701230 507
1701240 507
1701250 507
1701260 507
1701270 507
1701280 506
1701290 506
1701300 506
1701310 506
1701320 506
1701330 506
1701340 505
1701350 504
1701360 504
1701370 503
1701380 502
1701390 501
1701400 501
1701410 500
1701420 499
1701430 499
1701440 498
1701450 498
1701460 497
1701470 497
1701480 497
1701490 497
1701500 497
1701510 498
1701520 498
1701530 499
1701540 500
1701550 500
1701560 501
1701570 501
1701580 501
1701590 501
1701600 501
1701610 501
1701620 500
1701630 500
1701640 500
1701650 499
1701660 499
1701670 499
1701680 498
1701690 498
1701700 497
1701710 496
1701720 495
1701730 494
1701740 492
1701750 491
1701760 491
1701770 490
1701780 489
1701790 488
1701800 488
1701810 487
1701820 486
1701830 486
1701840 485
1701850 485
1701860 484
1701870 484
1701880 483
1701890 482
1701900 481
1701910 481
1701920 480
1701930 479
1701940 478
1701950 478
1701960 478
1701970 478
1701980 478
1701990 477
1702000 477
1702010 476
1702020 476
1702030 476
1702040 475
1702050 474
1702060 472
1702070 472
1702080 471
1702090 471
1702100 471
1702110 471
1702120 471
1702130 470
1702140 470
1702150 469
1702160 468
1702170 468
1702180 468
1702190 468
1702200 468
1702210 468
1702220 468
1702230 468
1702240 468
1702250 469
1702260 469
1702270 469
1702280 469
1702290 469
1702300 470
1702310 470
1702320 470
1702330 470
1702340 470
1702350 469
1702360 470
1702370 470
1702380 469
1702390 469
1702400 469
1702410 469
1702420 469
1702430 469
1702440 469
1702450 470
1702460 470
1702470 470
1702480 470
1702490 470
1702500 470
1702510 470
1702520 470
1702530 470
1702540 470
1702550 470
1702560 470
1702570 470
1702580 470
1702590 469
1702600 469
1702610 469
1702620 469
1702630 469
1702640 469
1702650 469
1702660 468
1702670 468
1702680 468
1702690 468
1702700 469
1702710 470
1702720 470
1702730 470
1702740 470
1702750 470
1702760 470
1702770 470
1702780 470
1702790 470
1702800 470
1702810 471
1702820 471
1702830 472
1702840 473
1702850 474
1702860 475
1702870 476
1702880 476
1702890 477
1702900 479
1702910 481
1702920 483
1702930 484
1702940 485
1702950 487
1702960 488
1702970 489
1702980 490
1702990 491
1703000 492
1703010 493
1703020 494
1703030 495
1703040 495
1703050 496
1703060 497
1703070 498
1703080 498
1703090 499
1703100 499
1703110 499
1703120 499
1703130 499
1703140 499
1703150 499
1703160 499
1703170 498
1703180 498
1703190 498
1703200 497
1703210 496
1703220 497
1703230 497
1703240 498
1703250 498
1703260 499
1703270 499
1703280 499
1703290 499
1703300 500
1703310 500
1703320 500
1703330 500
1703340 500
1703350 500
1703360 500
1703370 500
1703380 500
1703390 500
1703400 500
1703410 499
1703420 499
1703430 499
1703440 499
1703450 499
1703460 499
1703470 500
1703480 500
1703490 500
1703500 499
1703510 499
1703520 498
1703530 498
1703540 498
1703550 498
1703560 498
1703570 498
1703580 499
1703590 499
1703600 499
1703610 500
1703620 500
1703630 500
1703640 501
1703650 501
1703660 501
1703670 502
1703680 502
1703690 503
1703700 503
1703710 504
1703720 504
1703730 504
1703740 505
1703750 505
1703760 506
1703770 506
1703780 507
1703790 507
1703800 507
1703810 508
1703820 508
1703830 509
1703840 509
1703850 510
1703860 510
1703870 511
1703880 511
1703890 511
1703900 512
1703910 512
1703920 512
1703930 513
1703940 513
1703950 513
1703960 514
1703970 514
1703980 514
1703990 514
1704000 514
1704010 514
1704020 514
1704030 515
1704040 515
1704050 515
1704060 515
1704070 515
1704080 515
1704090 515
1704100 515
1704110 515
1704120 515
1704130 515
1704140 515
1704150 515
1704160 515
1704170 515
1704180 515
1704190 515
1704200 515
1704210 515
1704220 515
1704230 515
1704240 515
1704250 515
1704260 515
1704270 514
1704280 514
1704290 514
1704300 514
1704310 514
1704320 514
1704330 514
1704340 514
1704350 514
1704360 513
1704370 513
1704380 513
1704390 513
1704400 513
1704410 513
1704420 512
1704430 512
1704440 511
1704450 511
1704460 510
1704470 509
1704480 509
1704490 508
1704500 508
1704510 508
1704520 508
1704530 508
1704540 509
1704550 510
1704560 511
1704570 512
1704580 514
1704590 514
1704600 515
1704610 515
1704620 515
1704630 515
1704640 516
1704650 516
1704660 516
1704670 517
1704680 517
1704690 518
1704700 518
1704710 518
1704720 519
1704730 519
1704740 520
1704750 520
1704760 521
1704770 521
1704780 521
1704790 521
1704800 522
1704810 523
1704820 524
1704830 524
1704840 525
1704850 525
1704860 526
1704870 526
1704880 527
1704890 527
1704900 527
1704910 528
1704920 528
1704930 528
1704940 528
1704950 528
1704960 528
1704970 528
1704980 528
1704990 528
1705000 528
1705010 528
1705020 527
1705030 527
1705040 527
1705050 527
1705060 527
1705070 527
1705080 527
1705090 527
1705100 527
1705110 528
1705120 528
1705130 528
1705140 528
1705150 528
1705160 528
1705170 528
1705180 528
1705190 529
1705200 529
1705210 529
1705220 529
1705230 529
1705240 529
1705250 529
1705260 529
1705270 529
1705280 529
1705290 530
1705300 530
1705310 530
1705320 530
1705330 530
1705340 531
1705350 531
1705360 531
1705370 531
1705380 531
1705390 532
1705400 532
1705410 532
1705420 532
1705430 532
1705440 532
1705450 532
1705460 532
1705470 532
1705480 532
1705490 532
1705500 532
1705510 532
1705520 532
1705530 532
1705540 532
1705550 532
1705560 532
1705570 532
1705580 532
1705590 532
1705600 532
1705610 532
1705620 532
1705630 531
1705640 531
1705650 531
1705660 531
1705670 531
1705680 531
1705690 531
1705700 531
1705710 531
1705720 530
1705730 530
1705740 530
1705750 530
1705760 530
1705770 530
1705780 530
1705790 530
1705800 530
1705810 530
1705820 530
1705830 530
1705840 530
1705850 530
1705860 529
1705870 529
1705880 529
1705890 529
1705900 528
1705910 528
1705920 528
1705930 528
1705940 527
1705950 527
1705960 526
1705970 525
1705980 525
1705990 525
1706000 524
1706010 524
1706020 524
1706030 524
1706040 523
1706050 523
1706060 523
1706070 521
1706080 519
1706090 518
1706100 518
1706110 518
1706120 518
1706130 519
1706140 520
1706150 520
1706160 520
1706170 521
1706180 521
1706190 523
1706200 525
1706210 528
1706220 531
1706230 535
1706240 537
1706250 538
1706260 538
1706270 538
1706280 539
1706290 540
1706300 541
1706310 542
1706320 543
1706330 544
1706340 545
1706350 546
1706360 546
1706370 547
1706380 548
1706390 548
1706400 549
1706410 550
1706420 550
1706430 551
1706440 552
1706450 553
1706460 553
1706470 554
1706480 555
1706490 555
1706500 556
1706510 557
1706520 557
1706530 558
1706540 558
1706550 559
1706560 559
1706570 560
1706580 560
1706590 561
1706600 561
1706610 562
1706620 562
1706630 563
1706640 563
1706650 564
1706660 564
1706670 564
1706680 565
1706690 565
1706700 565
1706710 566
1706720 566
1706730 566
1706740 567
1706750 567
1706760 567
1706770 567
1706780 568
1706790 568
1706800 568
1706810 569
1706820 569
1706830 570
1706840 570
1706850 570
1706860 571
1706870 571
1706880 572
1706890 572
1706900 573
1706910 573
1706920 573
1706930 574
1706940 574
1706950 574
1706960 575
1706970 575
1706980 576
1706990 576
1707000 577
1707010 577
1707020 577
1707030 578
1707040 578
1707050 579
1707060 579
1707070 579
1707080 579
1707090 579
1707100 580
1707110 580
1707120 580
1707130 580
1707140 580
1707150 580
1707160 580
1707170 581
1707180 581
1707190 581
1707200 581
1707210 581
1707220 581
1707230 581
1707240 581
1707250 581
1707260 581
1707270 581
1707280 581
1707290 581
1707300 581
1707310 581
1707320 581
1707330 581
1707340 581
1707350 581
1707360 581
1707370 581
1707380 581
1707390 581
1707400 581
1707410 581
1707420 581
1707430 582
1707440 582
1707450 582
1707460 582
1707470 582
1707480 582
1707490 582
1707500 582
1707510 582
1707520 582
1707530 582
1707540 581
1707550 581
1707560 581
1707570 581
1707580 581
1707590 581
1707600 580
1707610 580
1707620 580
1707630 580
1707640 580
1707650 580
1707660 580
1707670 579
1707680 579
1707690 579
1707700 579
1707710 579
1707720 578
1707730 578
1707740 578
1707750 578
1707760 577
1707770 577
1707780 577
1707790 577
1707800 577
1707810 576
1707820 576
1707830 576
1707840 576
1707850 575
1707860 575
1707870 575
1707880 574
1707890 574
1707900 574
1707910 573
1707920 573
1707930 573
1707940 573
1707950 572
1707960 572
1707970 572
1707980 571
1707990 570
1708000 570
1708010 570
1708020 570
1708030 569
1708040 569
1708050 569
1708060 568
1708070 568
1708080 567
1708090 567
1708100 567
1708110 567
1708120 567
1708130 567
1708140 567
1708150 567
1708160 568
1708170 568
1708180 568
1708190 568
1708200 568
1708210 569
1708220 569
1708230 569
1708240 569
1708250 569
1708260 569
1708270 569
1708280 569
1708290 570
1708300 570
1708310 570
1708320 570
1708330 570
1708340 570
1708350 570
1708360 570
1708370 570
1708380 570
1708390 570
1708400 570
1708410 570
1708420 570
1708430 570
1708440 570
1708450 570
1708460 570
1708470 570
1708480 570
1708490 570
1708500 571
1708510 571
1708520 571
1708530 571
1708540 571
1708550 571
1708560 572
1708570 572
1708580 572
1708590 572
1708600 573
1708610 573
1708620 573
1708630 573
1708640 573
1708650 574
1708660 574
1708670 574
1708680 574
1708690 575
1708700 575
1708710 575
1708720 576
1708730 576
1708740 576
1708750 576
1708760 576
1708770 576
1708780 576
1708790 576
1708800 576
1708810 576
1708820 577
1708830 577
1708840 577
1708850 577
1708860 577
1708870 578
1708880 578
1708890 578
1708900 579
1708910 579
1708920 579
1708930 580
1708940 580
1708950 580
1708960 580
1708970 581
1708980 581
1708990 581
1709000 582
1709010 582
1709020 582
1709030 583
1709040 583
1709050 584
1709060 585
1709070 585
1709080 585
1709090 586
1709100 586
1709110 587
1709120 587
1709130 588
1709140 588
1709150 589
1709160 589
1709170 589
1709180 589
1709190 590
1709200 590
1709210 591
1709220 592
1709230 592
1709240 593
1709250 594
1709260 594
1709270 595
1709280 595
1709290 596
1709300 596
1709310 597
1709320 598
1709330 599
1709340 599
1709350 600
1709360 601
1709370 602
1709380 602
1709390 603
1709400 603
1709410 604
1709420 605
1709430 605
1709440 606
1709450 606
1709460 607
1709470 608
1709480 608
1709490 609
1709500 610
1709510 610
1709520 611
1709530 612
1709540 613
1709550 613
1709560 614
1709570 615
1709580 615
1709590 616
1709600 617
1709610 617
1709620 618
1709630 619
1709640 620
1709650 621
1709660 622
1709670 623
1709680 624
1709690 625
1709700 625
1709710 626
1709720 627
1709730 627
1709740 628
1709750 628
1709760 629
1709770 629
1709780 630
1709790 630
1709800 631
1709810 631
1709820 631
1709830 632
1709840 632
1709850 632
1709860 633
1709870 633
1709880 634
1709890 634
1709900 635
1709910 635
1709920 636
1709930 636
1709940 637
1709950 637
1709960 638
1709970 638
1709980 639
1709990 640
1710000 640
1710010 641
1710020 641
1710030 642
1710040 643
1710050 644
1710060 645
1710070 645
1710080 646
1710090 647
1710100 647
1710110 648
1710120 649
1710130 649
1710140 650
1710150 651
1710160 651
1710170 652
1710180 653
1710190 654
1710200 654
1710210 655
1710220 656
1710230 657
1710240 657
1710250 658
1710260 659
1710270 660
1710280 660
1710290 661
1710300 662
1710310 663
1710320 664
1710330 664
1710340 665
1710350 666
1710360 667
1710370 668
1710380 668
1710390 669
1710400 670
1710410 670
1710420 671
1710430 672
1710440 672
1710450 673
1710460 673
1710470 674
1710480 675
1710490 675
1710500 676
1710510 677
1710520 677
1710530 678
1710540 678
1710550 679
1710560 679
1710570 680
1710580 680
1710590 681
1710600 681
1710610 682
1710620 682
1710630 683
1710640 683
1710650 683
1710660 684
1710670 684
1710680 684
1710690 685
1710700 685
1710710 685
1710720 686
1710730 686
1710740 686
1710750 687
1710760 687
1710770 688
1710780 688
1710790 689
1710800 689
1710810 690
1710820 690
1710830 690
1710840 690
1710850 691
1710860 691
1710870 691
1710880 691
1710890 691
1710900 692
1710910 692
1710920 692
1710930 692
1710940 692
1710950 692
1710960 692
1710970 692
1710980 692
1710990 692
1711000 692
1711010 692
1711020 692
1711030 692
1711040 692
1711050 692
1711060 692
1711070 692
1711080 691
1711090 691
1711100 691
1711110 691
1711120 691
1711130 691
1711140 691
1711150 690
1711160 690
1711170 689
1711180 688
1711190 688
1711200 687
1711210 686
1711220 686
1711230 685
1711240 685
1711250 684
1711260 684
1711270 683
1711280 683
1711290 682
1711300 682
1711310 681
1711320 681
1711330 680
1711340 680
1711350 680
1711360 679
1711370 679
1711380 678
1711390 678
1711400 677
1711410 677
1711420 677
1711430 676
1711440 676
1711450 676
1711460 675
1711470 675
1711480 675
1711490 674
1711500 674
1711510 673
1711520 673
1711530 673
1711540 672
1711550 672
1711560 672
1711570 671
1711580 671
1711590 671
1711600 670
1711610 670
1711620 670
1711630 669
1711640 669
1711650 669
1711660 668
1711670 668
1711680 668
1711690 667
1711700 667
1711710 667
1711720 666
1711730 666
1711740 665
1711750 665
1711760 665
1711770 664
1711780 664
1711790 664
1711800 663
1711810 663
1711820 663
1711830 662
1711840 662
1711850 662
1711860 662
1711870 661
1711880 661
1711890 661
1711900 661
1711910 661
1711920 660
1711930 660
1711940 660
1711950 660
1711960 660
1711970 660
1711980 660
1711990 660
1712000 659
1712010 659
1712020 659
1712030 659
1712040 659
1712050 659
1712060 659
1712070 659
1712080 658
1712090 657
1712100 656
1712110 655
1712120 654
1712130 652
1712140 651
1712150 650
1712160 650
1712170 649
1712180 648
1712190 647
1712200 646
1712210 645
1712220 644
1712230 643
1712240 642
1712250 641
1712260 640
1712270 639
1712280 638
1712290 637
1712300 636
1712310 635
1712320 634
1712330 633
1712340 632
1712350 631
1712360 630
1712370 628
1712380 626
1712390 625
1712400 623
1712410 623
1712420 622
1712430 621
1712440 620
1712450 619
1712460 618
1712470 617
1712480 616
1712490 614
1712500 613
1712510 612
1712520 611
1712530 609
1712540 608
1712550 607
1712560 606
1712570 605
1712580 604
1712590 603
1712600 602
1712610 601
1712620 600
1712630 599
1712640 598
1712650 598
1712660 597
1712670 596
1712680 595
1712690 594
1712700 593
1712710 593
1712720 592
1712730 591
1712740 590
1712750 589
1712760 588
1712770 587
1712780 586
1712790 585
1712800 584
1712810 583
1712820 583
1712830 582
1712840 581
1712850 581
1712860 580
1712870 580
1712880 579
1712890 578
1712900 578
1712910 577
1712920 577
1712930 576
1712940 576
1712950 575
1712960 575
1712970 574
1712980 574
1712990 574
1713000 573
1713010 573
1713020 573
1713030 572
1713040 572
1713050 572
1713060 572
1713070 572
1713080 572
1713090 571
1713100 571
1713110 571
1713120 571
1713130 571
1713140 571
1713150 571
1713160 571
1713170 571
1713180 570
1713190 570
1713200 570
1713210 570
1713220 570
1713230 569
1713240 569
1713250 569
1713260 569
1713270 569
1713280 569
1713290 569
1713300 568
1713310 568
1713320 568
1713330 568
1713340 568
1713350 568
1713360 568
1713370 567
1713380 567
1713390 567
1713400 566
1713410 566
1713420 566
1713430 566
1713440 566
1713450 565
1713460 565
1713470 565
1713480 564
1713490 564
1713500 564
1713510 563
1713520 563
1713530 563
1713540 563
1713550 563
1713560 563
1713570 563
1713580 563
1713590 563
1713600 563
1713610 563
1713620 563
1713630 562
1713640 562
1713650 562
1713660 562
1713670 562
1713680 562
1713690 562
1713700 561
1713710 561
1713720 561
1713730 562
1713740 562
1713750 562
1713760 562
1713770 562
1713780 562
1713790 562
1713800 562
1713810 562
1713820 562
1713830 562
1713840 562
1713850 561
1713860 561
1713870 561
1713880 561
1713890 561
1713900 561
1713910 561
1713920 561
1713930 561
1713940 560
1713950 560
1713960 560
1713970 560
1713980 560
1713990 560
1714000 559
1714010 559
1714020 559
1714030 559
1714040 558
1714050 558
1714060 558
1714070 558
1714080 557
1714090 557
1714100 557
1714110 557
1714120 556
1714130 556
1714140 556
1714150 555
1714160 555
1714170 555
1714180 555
1714190 554
1714200 554
1714210 554
1714220 554
1714230 554
1714240 553
1714250 553
1714260 553
1714270 553
1714280 553
1714290 552
1714300 552
1714310 552
1714320 552
1714330 552
1714340 551
1714350 551
1714360 551
1714370 551
1714380 550
1714390 550
1714400 550
1714410 550
1714420 550
1714430 549
1714440 549
1714450 549
1714460 549
1714470 549
1714480 548
1714490 548
1714500 548
1714510 548
1714520 547
1714530 547
1714540 547
1714550 547
1714560 546
1714570 546
1714580 545
1714590 545
1714600 545
1714610 545
1714620 545
1714630 545
1714640 545
1714650 545
1714660 546
1714670 547
1714680 547
1714690 548
1714700 549
1714710 550
1714720 551
1714730 551
1714740 552
1714750 552
1714760 553
1714770 554
1714780 554
1714790 555
1714800 556
1714810 557
1714820 557
1714830 558
1714840 559
1714850 559
1714860 560
1714870 561
1714880 561
1714890 562
1714900 563
1714910 563
1714920 564
1714930 564
1714940 565
1714950 565
1714960 566
1714970 567
1714980 567
1714990 568
1715000 568
1715010 569
1715020 570
1715030 570
1715040 571
1715050 572
1715060 573
1715070 574
1715080 575
1715090 575
1715100 576
1715110 577
1715120 578
1715130 579
1715140 579
1715150 580
1715160 581
1715170 581
1715180 582
1715190 583
1715200 584
1715210 584
1715220 585
1715230 585
1715240 586
1715250 586
1715260 587
1715270 587
1715280 588
1715290 588
1715300 589
1715310 589
1715320 590
1715330 590
1715340 590
1715350 591
1715360 591
1715370 592
1715380 592
1715390 592
1715400 593
1715410 593
1715420 593
1715430 593
1715440 594
1715450 594
1715460 594
1715470 594
1715480 595
1715490 595
1715500 595
1715510 595
1715520 595
1715530 596
1715540 596
1715550 596
1715560 597
1715570 597
1715580 597
1715590 597
1715600 597
1715610 597
1715620 597
1715630 597
1715640 597
1715650 597
1715660 596
1715670 596
1715680 596
1715690 597
1715700 597
1715710 597
1715720 598
1715730 598
1715740 598
1715750 598
1715760 598
1715770 598
1715780 598
1715790 598
1715800 599
1715810 599
1715820 599
1715830 600
1715840 600
1715850 601
1715860 602
1715870 602
1715880 603
1715890 603
1715900 604
1715910 604
1715920 605
1715930 606
1715940 607
1715950 607
1715960 608
1715970 609
1715980 610
1715990 610
1716000 609
1716010 608
1716020 606
1716030 605
1716040 604
1716050 604
1716060 603
1716070 603
1716080 602
1716090 602
1716100 601
1716110 601
1716120 600
1716130 599
1716140 599
1716150 598
1716160 597
1716170 596
1716180 596
1716190 595
1716200 594
1716210 594
1716220 593
1716230 592
1716240 592
1716250 591
1716260 591
1716270 591
1716280 590
1716290 590
1716300 589
1716310 588
1716320 587
1716330 586
1716340 586
1716350 585
1716360 585
1716370 584
1716380 583
1716390 582
1716400 581
1716410 581
1716420 580
1716430 579
1716440 579
1716450 578
1716460 577
1716470 576
1716480 575
1716490 574
1716500 573
1716510 572
1716520 571
1716530 571
1716540 570
1716550 569
1716560 569
1716570 568
1716580 568
1716590 567
1716600 567
1716610 566
1716620 566
1716630 565
1716640 565
1716650 564
1716660 564
1716670 563
1716680 562
1716690 562
1716700 561
1716710 560
1716720 560
1716730 559
1716740 559
1716750 558
1716760 558
1716770 557
1716780 557
1716790 557
1716800 556
1716810 556
1716820 555
1716830 555
1716840 554
1716850 554
1716860 553
1716870 553
1716880 553
1716890 552
1716900 552
1716910 552
1716920 551
1716930 551
1716940 551
1716950 550
1716960 550
1716970 550
1716980 550
1716990 550
1717000 549
1717010 549
1717020 549
1717030 549
1717040 549
1717050 548
1717060 549
1717070 549
1717080 549
1717090 549
1717100 549
1717110 549
1717120 549
1717130 549
1717140 549
1717150 549
1717160 549
1717170 549
1717180 550
1717190 550
1717200 551
1717210 551
1717220 552
1717230 553
1717240 554
1717250 555
1717260 557
1717270 558
1717280 558
1717290 559
1717300 559
1717310 559
1717320 559
1717330 559
1717340 560
1717350 559
1717360 559
1717370 559
1717380 558
1717390 557
1717400 557
1717410 556
1717420 556
1717430 555
1717440 555
1717450 554
1717460 554
1717470 554
1717480 554
1717490 554
1717500 554
1717510 554
1717520 553
1717530 553
1717540 553
1717550 553
1717560 553
1717570 553
1717580 553
1717590 553
1717600 553
1717610 553
1717620 553
1717630 553
1717640 553
1717650 553
1717660 553
1717670 553
1717680 553
1717690 552
1717700 552
1717710 551
1717720 551
1717730 551
1717740 550
1717750 550
1717760 550
1717770 549
1717780 549
1717790 548
1717800 548
1717810 547
1717820 547
1717830 547
1717840 546
1717850 546
1717860 546
1717870 545
1717880 545
1717890 545
1717900 544
1717910 544
1717920 543
1717930 543
1717940 543
1717950 542
1717960 542
1717970 542
1717980 541
1717990 541
1718000 541
1718010 541
1718020 540
1718030 540
1718040 540
1718050 540
1718060 539
1718070 539
1718080 539
1718090 538
1718100 538
1718110 538
1718120 537
1718130 536
1718140 536
1718150 535
1718160 535
1718170 535
1718180 534
1718190 534
1718200 534
1718210 534
1718220 533
1718230 533
1718240 533
1718250 533
1718260 532
1718270 532
1718280 532
1718290 532
1718300 532
1718310 531
1718320 531
1718330 531
1718340 531
1718350 530
1718360 530
1718370 530
1718380 529
1718390 529
1718400 529
1718410 529
1718420 528
1718430 528
1718440 528
1718450 528
1718460 528
1718470 528
1718480 527
1718490 527
1718500 527
1718510 527
1718520 527
1718530 527
1718540 527
1718550 527
1718560 527
1718570 526
1718580 526
1718590 526
1718600 526
1718610 525
1718620 525
1718630 525
1718640 525
1718650 525
1718660 525
1718670 524
1718680 524
1718690 524
1718700 524
1718710 524
1718720 524
1718730 524
1718740 524
1718750 524
1718760 524
1718770 524
1718780 524
1718790 523
1718800 523
1718810 523
1718820 523
1718830 523
1718840 523
1718850 523
1718860 523
1718870 523
1718880 523
1718890 523
1718900 523
1718910 523
1718920 523
1718930 523
1718940 523
1718950 523
1718960 523
1718970 523
1718980 523
1718990 523
1719000 523
1719010 524
1719020 524
1719030 524
1719040 524
1719050 524
1719060 524
1719070 524
1719080 524
1719090 524
1719100 524
1719110 524
1719120 524
1719130 524
1719140 524
1719150 525
1719160 525
1719170 525
1719180 525
1719190 525
1719200 525
1719210 525
1719220 525
1719230 525
1719240 525
1719250 525
1719260 525
1719270 525
1719280 525
1719290 525
1719300 525
1719310 525
1719320 525
1719330 525
1719340 525
1719350 525
1719360 525
1719370 525
1719380 525
1719390 525
1719400 525
1719410 526
1719420 526
1719430 526
1719440 526
1719450 526
1719460 526
1719470 526
1719480 526
1719490 526
1719500 526
1719510 525
1719520 525
1719530 525
1719540 525
1719550 525
1719560 525
1719570 525
1719580 525
1719590 525
1719600 525
1719610 525
1719620 525
1719630 525
1719640 525
1719650 524
1719660 524
1719670 524
1719680 524
1719690 524
1719700 524
1719710 524
1719720 524
1719730 524
1719740 524
1719750 523
1719760 523
1719770 523
1719780 523
1719790 523
1719800 523
1719810 523
1719820 523
1719830 522
1719840 522
1719850 522
1719860 522
1719870 522
1719880 522
1719890 522
1719900 522
1719910 521
1719920 521
1719930 521
1719940 521
1719950 521
1719960 521
1719970 521
1719980 521
1719990 520
