1700000 505
1700010 505
1700020 505
1700030 506
1700040 506
1700050 506
1700060 506
1700070 507
1700080 507
1700090 507
1700100 507
1700110 508
1700120 508
1700130 508
1700140 508
1700150 508
1700160 508
1700170 508
1700180 509
1700190 509
1700200 509
1700210 509
1700220 509
1700230 509
1700240 510
1700250 510
1700260 510
1700270 510
1700280 510
1700290 510
1700300 510
1700310 510
1700320 510
1700330 510
1700340 510
1700350 510
1700360 510
1700370 510
1700380 510
1700390 509
1700400 509
1700410 509
1700420 509
1700430 509
1700440 509
1700450 508
1700460 508
1700470 508
1700480 508
1700490 508
1700500 508
1700510 508
1700520 507
1700530 507
1700540 507
1700550 507
1700560 507
1700570 507
1700580 506
1700590 506
1700600 506
1700610 506
1700620 506
1700630 506
1700640 506
1700650 505
1700660 505
1700670 505
1700680 505
1700690 504
1700700 504
1700710 504
1700720 504
1700730 504
1700740 504
1700750 504
1700760 504
1700770 504
1700780 503
1700790 503
1700800 503
1700810 503
1700820 503
1700830 502
1700840 502
1700850 502
1700860 501
1700870 501
1700880 501
1700890 500
1700900 500
1700910 500
1700920 500
1700930 499
1700940 499
1700950 499
1700960 499
1700970 499
1700980 499
1700990 499
1701000 499
1701010 499
1701020 499
1701030 499
1701040 499
1701050 498
1701060 497
1701070 496
1701080 496
1701090 495
1701100 494
1701110 492
1701120 490
1701130 490
1701140 490
1701150 490
1701160 490
1701170 490
1701180 490
1701190 490
1701200 490
1701210 490
1701220 491
1701230 493
1701240 496
1701250 500
1701260 502
1701270 502
1701280 502
1701290 502
1701300 503
1701310 503
1701320 504
1701330 504
1701340 504
1701350 504
1701360 505
1701370 505
1701380 505
1701390 505
1701400 505
1701410 505
1701420 505
1701430 505
1701440 505
1701450 505
1701460 505
1701470 505
1701480 505
1701490 504
1701500 504
1701510 504
1701520 504
1701530 504
1701540 503
1701550 503
1701560 503
1701570 503
1701580 502
1701590 502
1701600 502
1701610 502
1701620 501
1701630 501
1701640 500
1701650 500
1701660 499
1701670 499
1701680 499
1701690 498
1701700 498
1701710 497
1701720 497
1701730 496
1701740 496
1701750 496
1701760 496
1701770 495
1701780 495
1701790 495
1701800 494
1701810 494
1701820 493
1701830 493
1701840 493
1701850 493
1701860 492
1701870 492
1701880 492
1701890 491
1701900 491
1701910 491
1701920 491
1701930 490
1701940 490
1701950 490
1701960 490
1701970 489
1701980 489
1701990 489
1702000 489
1702010 488
1702020 488
1702030 488
1702040 487
1702050 487
1702060 487
1702070 487
1702080 486
1702090 486
1702100 486
1702110 486
1702120 486
1702130 486
1702140 485
1702150 485
1702160 485
1702170 485
1702180 485
1702190 485
1702200 484
1702210 484
1702220 484
1702230 484
1702240 484
1702250 483
1702260 483
1702270 483
1702280 483
1702290 483
1702300 483
1702310 482
1702320 482
1702330 482
1702340 481
1702350 481
1702360 481
1702370 480
1702380 480
1702390 480
1702400 480
1702410 479
1702420 479
1702430 479
1702440 478
1702450 478
1702460 478
1702470 477
1702480 477
1702490 477
1702500 476
1702510 476
1702520 476
1702530 475
1702540 475
1702550 474
1702560 474
1702570 474
1702580 474
1702590 474
1702600 473
1702610 473
1702620 473
1702630 473
1702640 472
1702650 472
1702660 472
1702670 472
1702680 472
1702690 472
1702700 472
1702710 471
1702720 471
1702730 471
1702740 471
1702750 471
1702760 471
1702770 471
1702780 471
1702790 471
1702800 471
1702810 471
1702820 471
1702830 471
1702840 471
1702850 471
1702860 471
1702870 471
1702880 471
1702890 471
1702900 471
1702910 471
1702920 471
1702930 471
1702940 471
1702950 471
1702960 471
1702970 471
1702980 471
1702990 471
1703000 471
1703010 471
1703020 471
1703030 471
1703040 471
1703050 471
1703060 471
1703070 471
1703080 471
1703090 471
1703100 470
1703110 470
1703120 470
1703130 470
1703140 471
1703150 471
1703160 471
1703170 472
1703180 472
1703190 473
1703200 473
1703210 474
1703220 474
1703230 474
1703240 475
1703250 476
1703260 476
1703270 477
1703280 478
1703290 479
1703300 480
1703310 480
1703320 480
1703330 480
1703340 480
1703350 480
1703360 481
1703370 482
1703380 482
1703390 482
1703400 483
1703410 483
1703420 483
1703430 483
1703440 483
1703450 484
1703460 484
1703470 484
1703480 484
1703490 484
1703500 484
1703510 483
1703520 483
1703530 483
1703540 484
1703550 484
1703560 484
1703570 484
1703580 484
1703590 484
1703600 485
1703610 485
1703620 485
1703630 486
1703640 486
1703650 486
1703660 487
1703670 487
1703680 488
1703690 489
1703700 489
1703710 490
1703720 490
1703730 490
1703740 490
1703750 490
1703760 490
1703770 491
1703780 491
1703790 491
1703800 491
1703810 491
1703820 491
1703830 491
1703840 492
1703850 492
1703860 491
1703870 492
1703880 492
1703890 492
1703900 492
1703910 492
1703920 492
1703930 492
1703940 492
1703950 492
1703960 492
1703970 493
1703980 493
1703990 493
1704000 494
1704010 494
1704020 495
1704030 496
1704040 497
1704050 498
1704060 499
1704070 500
1704080 500
1704090 501
1704100 502
1704110 502
1704120 503
1704130 503
1704140 504
1704150 504
1704160 504
1704170 504
1704180 505
1704190 505
1704200 505
1704210 505
1704220 505
1704230 506
1704240 506
1704250 506
1704260 507
1704270 508
1704280 509
1704290 510
1704300 510
1704310 510
1704320 510
1704330 511
1704340 511
1704350 511
1704360 512
1704370 512
1704380 513
1704390 514
1704400 515
1704410 516
1704420 517
1704430 518
1704440 518
1704450 519
1704460 520
1704470 520
1704480 521
1704490 522
1704500 522
1704510 523
1704520 523
1704530 524
1704540 525
1704550 525
1704560 526
1704570 526
1704580 526
1704590 527
1704600 527
1704610 527
1704620 527
1704630 527
1704640 528
1704650 528
1704660 528
1704670 528
1704680 527
1704690 527
1704700 527
1704710 527
1704720 527
1704730 527
1704740 527
1704750 527
1704760 526
1704770 526
1704780 526
1704790 526
1704800 526
1704810 526
1704820 526
1704830 526
1704840 525
1704850 525
1704860 525
1704870 525
1704880 525
1704890 526
1704900 525
1704910 524
1704920 524
1704930 524
1704940 524
1704950 524
1704960 524
1704970 524
1704980 524
1704990 524
1705000 523
1705010 523
1705020 523
1705030 523
1705040 523
1705050 522
1705060 522
1705070 522
1705080 522
1705090 522
1705100 522
1705110 522
1705120 521
1705130 521
1705140 521
1705150 521
1705160 521
1705170 521
1705180 520
1705190 520
1705200 520
1705210 520
1705220 520
1705230 519
1705240 519
1705250 519
1705260 519
1705270 519
1705280 519
1705290 518
1705300 518
1705310 518
1705320 518
1705330 518
1705340 517
1705350 517
1705360 517
1705370 517
1705380 516
1705390 516
1705400 516
1705410 516
1705420 515
1705430 515
1705440 514
1705450 514
1705460 513
1705470 512
1705480 510
1705490 508
1705500 507
1705510 506
1705520 506
1705530 507
1705540 507
1705550 507
1705560 507
1705570 508
1705580 509
1705590 511
1705600 513
1705610 515
1705620 516
1705630 517
1705640 518
1705650 519
1705660 520
1705670 520
1705680 521
1705690 521
1705700 521
1705710 521
1705720 522
1705730 522
1705740 523
1705750 523
1705760 523
1705770 523
1705780 523
1705790 523
1705800 523
1705810 523
1705820 523
1705830 523
1705840 524
1705850 524
1705860 524
1705870 524
1705880 524
1705890 524
1705900 525
1705910 525
1705920 525
1705930 526
1705940 526
1705950 527
1705960 527
1705970 528
1705980 528
1705990 528
1706000 529
1706010 529
1706020 530
1706030 530
1706040 531
1706050 532
1706060 532
1706070 533
1706080 534
1706090 535
1706100 535
1706110 536
1706120 537
1706130 537
1706140 538
1706150 538
1706160 539
1706170 540
1706180 540
1706190 541
1706200 541
1706210 541
1706220 541
1706230 541
1706240 541
1706250 541
1706260 541
1706270 541
1706280 541
1706290 541
1706300 541
1706310 541
1706320 541
1706330 541
1706340 541
1706350 541
1706360 541
1706370 542
1706380 542
1706390 542
1706400 542
1706410 542
1706420 542
1706430 542
1706440 542
1706450 542
1706460 542
1706470 542
1706480 542
1706490 542
1706500 542
1706510 542
1706520 542
1706530 542
1706540 542
1706550 542
1706560 542
1706570 542
1706580 542
1706590 541
1706600 541
1706610 541
1706620 541
1706630 541
1706640 540
1706650 540
1706660 540
1706670 540
1706680 540
1706690 540
1706700 540
1706710 539
1706720 539
1706730 539
1706740 539
1706750 539
1706760 538
1706770 538
1706780 538
1706790 537
1706800 537
1706810 537
1706820 536
1706830 536
1706840 536
1706850 536
1706860 537
1706870 537
1706880 537
1706890 538
1706900 538
1706910 538
1706920 538
1706930 538
1706940 538
1706950 538
1706960 538
1706970 539
1706980 539
1706990 539
1707000 539
1707010 539
1707020 540
1707030 540
1707040 540
1707050 540
1707060 540
1707070 541
1707080 541
1707090 541
1707100 541
1707110 541
1707120 541
1707130 542
1707140 542
1707150 542
1707160 542
1707170 543
1707180 543
1707190 543
1707200 543
1707210 543
1707220 543
1707230 543
1707240 543
1707250 543
1707260 543
1707270 543
1707280 544
1707290 544
1707300 544
1707310 544
1707320 544
1707330 545
1707340 545
1707350 545
1707360 545
1707370 545
1707380 545
1707390 546
1707400 546
1707410 546
1707420 546
1707430 546
1707440 546
1707450 546
1707460 546
1707470 546
1707480 546
1707490 546
1707500 545
1707510 544
1707520 543
1707530 541
1707540 540
1707550 540
1707560 539
1707570 539
1707580 539
1707590 539
1707600 539
1707610 539
1707620 538
1707630 538
1707640 538
1707650 539
1707660 539
1707670 540
1707680 541
1707690 543
1707700 545
1707710 547
1707720 548
1707730 550
1707740 550
1707750 551
1707760 552
1707770 553
1707780 554
1707790 554
1707800 555
1707810 556
1707820 557
1707830 557
1707840 558
1707850 558
1707860 559
1707870 559
1707880 560
1707890 560
1707900 561
1707910 561
1707920 562
1707930 562
1707940 562
1707950 563
1707960 563
1707970 564
1707980 564
1707990 564
1708000 565
1708010 565
1708020 565
1708030 565
1708040 566
1708050 566
1708060 566
1708070 566
1708080 566
1708090 567
1708100 567
1708110 567
1708120 567
1708130 567
1708140 567
1708150 567
1708160 567
1708170 568
1708180 567
1708190 567
1708200 567
1708210 567
1708220 567
1708230 567
1708240 567
1708250 567
1708260 567
1708270 568
1708280 568
1708290 568
1708300 568
1708310 568
1708320 568
1708330 568
1708340 569
1708350 569
1708360 569
1708370 569
1708380 569
1708390 569
1708400 569
1708410 569
1708420 569
1708430 569
1708440 569
1708450 569
1708460 569
1708470 569
1708480 569
1708490 569
1708500 569
1708510 569
1708520 569
1708530 569
1708540 569
1708550 568
1708560 568
1708570 568
1708580 567
1708590 567
1708600 566
1708610 566
1708620 567
1708630 567
1708640 568
1708650 569
1708660 570
1708670 571
1708680 571
1708690 572
1708700 573
1708710 574
1708720 574
1708730 575
1708740 576
1708750 576
1708760 577
1708770 578
1708780 579
1708790 580
1708800 580
1708810 581
1708820 582
1708830 582
1708840 583
1708850 583
1708860 584
1708870 584
1708880 585
1708890 585
1708900 586
1708910 587
1708920 587
1708930 588
1708940 589
1708950 590
1708960 591
1708970 592
1708980 593
1708990 594
1709000 594
1709010 595
1709020 596
1709030 596
1709040 597
1709050 597
1709060 598
1709070 598
1709080 598
1709090 599
1709100 599
1709110 599
1709120 600
1709130 600
1709140 601
1709150 601
1709160 601
1709170 602
1709180 602
1709190 602
1709200 602
1709210 603
1709220 603
1709230 603
1709240 603
1709250 604
1709260 604
1709270 604
1709280 604
1709290 604
1709300 604
1709310 604
1709320 604
1709330 604
1709340 604
1709350 605
1709360 605
1709370 605
1709380 605
1709390 605
1709400 605
1709410 605
1709420 605
1709430 605
1709440 604
1709450 604
1709460 605
1709470 605
1709480 605
1709490 605
1709500 605
1709510 605
1709520 605
1709530 605
1709540 605
1709550 605
1709560 605
1709570 605
1709580 606
1709590 606
1709600 607
1709610 607
1709620 608
1709630 608
1709640 609
1709650 609
1709660 610
1709670 610
1709680 611
1709690 611
1709700 612
1709710 612
1709720 613
1709730 613
1709740 614
1709750 614
1709760 615
1709770 615
1709780 616
1709790 616
1709800 617
1709810 617
1709820 618
1709830 619
1709840 619
1709850 620
1709860 620
1709870 621
1709880 622
1709890 622
1709900 623
1709910 623
1709920 624
1709930 625
1709940 625
1709950 626
1709960 626
1709970 627
1709980 628
1709990 628
1710000 629
1710010 629
1710020 630
1710030 631
1710040 631
1710050 632
1710060 632
1710070 633
1710080 634
1710090 634
1710100 635
1710110 636
1710120 636
1710130 637
1710140 637
1710150 638
1710160 638
1710170 639
1710180 639
1710190 640
1710200 640
1710210 641
1710220 642
1710230 643
1710240 643
1710250 644
1710260 644
1710270 645
1710280 646
1710290 647
1710300 647
1710310 648
1710320 649
1710330 650
1710340 650
1710350 651
1710360 652
1710370 653
1710380 653
1710390 654
1710400 655
1710410 656
1710420 656
1710430 657
1710440 658
1710450 659
1710460 660
1710470 660
1710480 661
1710490 662
1710500 662
1710510 663
1710520 664
1710530 665
1710540 666
1710550 667
1710560 668
1710570 669
1710580 670
1710590 671
1710600 671
1710610 672
1710620 673
1710630 673
1710640 674
1710650 675
1710660 675
1710670 676
1710680 676
1710690 677
1710700 677
1710710 678
1710720 679
1710730 680
1710740 680
1710750 681
1710760 682
1710770 683
1710780 683
1710790 684
1710800 685
1710810 687
1710820 689
1710830 690
1710840 691
1710850 692
1710860 693
1710870 693
1710880 694
1710890 694
1710900 694
1710910 695
1710920 695
1710930 695
1710940 695
1710950 695
1710960 695
1710970 694
1710980 694
1710990 693
1711000 693
1711010 692
1711020 692
1711030 691
1711040 691
1711050 690
1711060 690
1711070 689
1711080 688
1711090 687
1711100 686
1711110 686
1711120 685
1711130 685
1711140 684
1711150 684
1711160 683
1711170 683
1711180 682
1711190 682
1711200 681
1711210 681
1711220 681
1711230 680
1711240 680
1711250 679
1711260 679
1711270 679
1711280 678
1711290 678
1711300 678
1711310 677
1711320 677
1711330 677
1711340 677
1711350 676
1711360 676
1711370 676
1711380 676
1711390 675
1711400 675
1711410 675
1711420 674
1711430 674
1711440 674
1711450 673
1711460 673
1711470 672
1711480 672
1711490 672
1711500 671
1711510 671
1711520 670
1711530 670
1711540 670
1711550 669
1711560 669
1711570 668
1711580 668
1711590 667
1711600 667
1711610 666
1711620 665
1711630 665
1711640 664
1711650 663
1711660 663
1711670 662
1711680 661
1711690 660
1711700 659
1711710 658
1711720 657
1711730 657
1711740 656
1711750 655
1711760 654
1711770 653
1711780 653
1711790 652
1711800 651
1711810 650
1711820 650
1711830 649
1711840 648
1711850 648
1711860 647
1711870 646
1711880 645
1711890 645
1711900 644
1711910 643
1711920 643
1711930 642
1711940 641
1711950 641
1711960 640
1711970 639
1711980 638
1711990 638
1712000 637
1712010 636
1712020 635
1712030 635
1712040 634
1712050 633
1712060 633
1712070 632
1712080 631
1712090 630
1712100 629
1712110 628
1712120 628
1712130 627
1712140 626
1712150 626
1712160 625
1712170 624
1712180 624
1712190 623
1712200 622
1712210 622
1712220 621
1712230 620
1712240 619
1712250 619
1712260 618
1712270 617
1712280 617
1712290 616
1712300 615
1712310 614
1712320 614
1712330 613
1712340 612
1712350 611
1712360 611
1712370 610
1712380 609
1712390 608
1712400 607
1712410 607
1712420 606
1712430 605
1712440 605
1712450 604
1712460 604
1712470 603
1712480 602
1712490 602
1712500 601
1712510 601
1712520 600
1712530 600
1712540 599
1712550 599
1712560 598
1712570 598
1712580 597
1712590 597
1712600 596
1712610 596
1712620 595
1712630 595
1712640 594
1712650 593
1712660 593
1712670 592
1712680 592
1712690 591
1712700 591
1712710 590
1712720 590
1712730 589
1712740 589
1712750 589
1712760 588
1712770 588
1712780 587
1712790 587
1712800 586
1712810 586
1712820 585
1712830 585
1712840 585
1712850 584
1712860 584
1712870 583
1712880 583
1712890 582
1712900 582
1712910 582
1712920 581
1712930 581
1712940 580
1712950 580
1712960 579
1712970 579
1712980 578
1712990 578
1713000 577
1713010 577
1713020 576
1713030 576
1713040 575
1713050 575
1713060 574
1713070 574
1713080 574
1713090 573
1713100 573
1713110 573
1713120 572
1713130 572
1713140 571
1713150 571
1713160 571
1713170 570
1713180 570
1713190 570
1713200 569
1713210 569
1713220 569
1713230 569
1713240 569
1713250 568
1713260 568
1713270 568
1713280 567
1713290 567
1713300 567
1713310 567
1713320 566
1713330 566
1713340 566
1713350 566
1713360 566
1713370 565
1713380 565
1713390 565
1713400 565
1713410 565
1713420 564
1713430 564
1713440 564
1713450 564
1713460 563
1713470 563
1713480 563
1713490 563
1713500 562
1713510 562
1713520 562
1713530 562
1713540 562
1713550 561
1713560 561
1713570 561
1713580 561
1713590 561
1713600 561
1713610 561
1713620 561
1713630 560
1713640 560
1713650 560
1713660 560
1713670 560
1713680 560
1713690 559
1713700 559
1713710 559
1713720 559
1713730 559
1713740 559
1713750 559
1713760 559
1713770 559
1713780 559
1713790 559
1713800 559
1713810 558
1713820 558
1713830 558
1713840 558
1713850 558
1713860 558
1713870 558
1713880 558
1713890 557
1713900 557
1713910 557
1713920 557
1713930 557
1713940 557
1713950 557
1713960 557
1713970 556
1713980 556
1713990 556
1714000 556
1714010 556
1714020 556
1714030 555
1714040 555
1714050 555
1714060 555
1714070 555
1714080 555
1714090 554
1714100 554
1714110 554
1714120 554
1714130 554
1714140 554
1714150 554
1714160 554
1714170 553
1714180 553
1714190 553
1714200 553
1714210 553
1714220 553
1714230 553
1714240 553
1714250 553
1714260 553
1714270 553
1714280 553
1714290 553
1714300 553
1714310 553
1714320 553
1714330 553
1714340 552
1714350 552
1714360 552
1714370 552
1714380 552
1714390 552
1714400 552
1714410 552
1714420 552
1714430 552
1714440 552
1714450 552
1714460 552
1714470 552
1714480 552
1714490 552
1714500 552
1714510 552
1714520 552
1714530 552
1714540 552
1714550 552
1714560 551
1714570 551
1714580 551
1714590 551
1714600 551
1714610 551
1714620 551
1714630 551
1714640 551
1714650 551
1714660 551
1714670 551
1714680 551
1714690 552
1714700 552
1714710 552
1714720 552
1714730 552
1714740 552
1714750 552
1714760 553
1714770 553
1714780 553
1714790 553
1714800 553
1714810 553
1714820 553
1714830 554
1714840 554
1714850 554
1714860 554
1714870 554
1714880 555
1714890 555
1714900 555
1714910 555
1714920 555
1714930 556
1714940 556
1714950 556
1714960 557
1714970 557
1714980 557
1714990 557
1715000 558
1715010 558
1715020 558
1715030 559
1715040 559
1715050 559
1715060 560
1715070 560
1715080 560
1715090 561
1715100 561
1715110 561
1715120 562
1715130 562
1715140 563
1715150 563
1715160 563
1715170 564
1715180 564
1715190 565
1715200 565
1715210 566
1715220 566
1715230 567
1715240 567
1715250 568
1715260 568
1715270 568
1715280 569
1715290 569
1715300 570
1715310 570
1715320 571
1715330 571
1715340 572
1715350 573
1715360 573
1715370 574
1715380 574
1715390 575
1715400 575
1715410 576
1715420 577
1715430 578
1715440 579
1715450 580
1715460 580
1715470 581
1715480 583
1715490 585
1715500 586
1715510 588
1715520 588
1715530 588
1715540 589
1715550 589
1715560 589
1715570 589
1715580 590
1715590 590
1715600 590
1715610 590
1715620 590
1715630 590
1715640 590
1715650 590
1715660 590
1715670 590
1715680 590
1715690 590
1715700 590
1715710 591
1715720 591
1715730 591
1715740 592
1715750 592
1715760 592
1715770 592
1715780 593
1715790 593
1715800 593
1715810 594
1715820 594
1715830 594
1715840 594
1715850 594
1715860 594
1715870 594
1715880 594
1715890 594
1715900 593
1715910 593
1715920 593
1715930 593
1715940 593
1715950 594
1715960 594
1715970 594
1715980 595
1715990 595
1716000 595
1716010 595
1716020 594
1716030 594
1716040 593
1716050 593
1716060 593
1716070 592
1716080 592
1716090 592
1716100 592
1716110 591
1716120 591
1716130 591
1716140 590
1716150 590
1716160 590
1716170 589
1716180 589
1716190 588
1716200 588
1716210 588
1716220 588
1716230 588
1716240 588
1716250 587
1716260 587
1716270 587
1716280 587
1716290 587
1716300 586
1716310 586
1716320 586
1716330 586
1716340 585
1716350 585
1716360 584
1716370 584
1716380 584
1716390 583
1716400 583
1716410 583
1716420 583
1716430 582
1716440 582
1716450 582
1716460 582
1716470 581
1716480 581
1716490 581
1716500 581
1716510 580
1716520 580
1716530 579
1716540 579
1716550 579
1716560 578
1716570 578
1716580 578
1716590 577
1716600 577
1716610 577
1716620 576
1716630 576
1716640 575
1716650 575
1716660 574
1716670 574
1716680 574
1716690 573
1716700 573
1716710 573
1716720 572
1716730 572
1716740 572
1716750 572
1716760 572
1716770 571
1716780 571
1716790 570
1716800 569
1716810 568
1716820 568
1716830 567
1716840 566
1716850 565
1716860 565
1716870 565
1716880 564
1716890 564
1716900 564
1716910 564
1716920 563
1716930 563
1716940 562
1716950 562
1716960 562
1716970 562
1716980 562
1716990 562
1717000 561
1717010 561
1717020 561
1717030 560
1717040 560
1717050 560
1717060 559
1717070 559
1717080 558
1717090 558
1717100 557
1717110 557
1717120 556
1717130 556
1717140 555
1717150 555
1717160 554
1717170 552
1717180 551
1717190 549
1717200 548
1717210 547
1717220 546
1717230 545
1717240 545
1717250 544
1717260 543
1717270 542
1717280 542
1717290 541
1717300 541
1717310 540
1717320 540
1717330 539
1717340 539
1717350 538
1717360 538
1717370 537
1717380 537
1717390 536
1717400 536
1717410 535
1717420 535
1717430 534
1717440 534
1717450 533
1717460 533
1717470 532
1717480 532
1717490 532
1717500 531
1717510 531
1717520 530
1717530 529
1717540 527
1717550 527
1717560 527
1717570 526
1717580 527
1717590 527
1717600 526
1717610 526
1717620 526
1717630 525
1717640 525
1717650 525
1717660 525
1717670 524
1717680 524
1717690 524
1717700 523
1717710 523
1717720 523
1717730 523
1717740 523
1717750 524
1717760 524
1717770 524
1717780 524
1717790 524
1717800 524
1717810 524
1717820 524
1717830 524
1717840 525
1717850 525
1717860 525
1717870 525
1717880 525
1717890 525
1717900 525
1717910 525
1717920 525
1717930 524
1717940 524
1717950 524
1717960 524
1717970 523
1717980 523
1717990 523
1718000 522
1718010 522
1718020 521
1718030 521
1718040 521
1718050 521
1718060 520
1718070 520
1718080 520
1718090 520
1718100 520
1718110 520
1718120 519
1718130 519
1718140 519
1718150 518
1718160 518
1718170 518
1718180 518
1718190 518
1718200 518
1718210 517
1718220 517
1718230 517
1718240 517
1718250 517
1718260 517
1718270 517
1718280 517
1718290 517
1718300 517
1718310 517
1718320 517
1718330 517
1718340 517
1718350 517
1718360 516
1718370 516
1718380 516
1718390 516
1718400 516
1718410 516
1718420 516
1718430 516
1718440 516
1718450 516
1718460 516
1718470 516
1718480 516
1718490 516
1718500 516
1718510 516
1718520 516
1718530 516
1718540 516
1718550 516
1718560 516
1718570 516
1718580 515
1718590 515
1718600 515
1718610 515
1718620 515
1718630 515
1718640 515
1718650 515
1718660 515
1718670 515
1718680 515
1718690 515
1718700 515
1718710 515
1718720 515
1718730 515
1718740 515
1718750 515
1718760 515
1718770 515
1718780 515
1718790 515
1718800 514
1718810 514
1718820 514
1718830 514
1718840 514
1718850 515
1718860 515
1718870 516
1718880 517
1718890 517
1718900 518
1718910 518
1718920 518
1718930 519
1718940 519
1718950 519
1718960 519
1718970 519
1718980 520
1718990 520
1719000 520
1719010 520
1719020 520
1719030 520
1719040 520
1719050 520
1719060 520
1719070 520
1719080 520
1719090 521
1719100 521
1719110 521
1719120 521
1719130 521
1719140 521
1719150 521
1719160 521
1719170 521
1719180 521
1719190 520
1719200 520
1719210 520
1719220 520
1719230 520
1719240 520
1719250 520
1719260 520
1719270 520
1719280 520
1719290 520
1719300 519
1719310 519
1719320 519
1719330 519
1719340 519
1719350 519
1719360 518
1719370 518
1719380 518
1719390 518
1719400 518
1719410 518
1719420 518
1719430 517
1719440 517
1719450 517
1719460 517
1719470 517
1719480 516
1719490 516
1719500 516
1719510 516
1719520 516
1719530 515
1719540 515
1719550 515
1719560 515
1719570 515
1719580 515
1719590 515
1719600 515
1719610 514
1719620 514
1719630 514
1719640 514
1719650 514
1719660 514
1719670 514
1719680 514
1719690 513
1719700 513
1719710 513
1719720 513
1719730 513
1719740 513
1719750 513
1719760 513
1719770 513
1719780 513
1719790 513
1719800 513
1719810 513
1719820 513
1719830 512
1719840 512
1719850 512
1719860 512
1719870 512
1719880 512
1719890 512
1719900 512
1719910 512
1719920 512
1719930 512
1719940 512
1719950 512
1719960 512
1719970 512
1719980 512
1719990 512
