1700000 500
1700010 500
1700020 501
1700030 501
1700040 501
1700050 501
1700060 501
1700070 501
1700080 502
1700090 502
1700100 502
1700110 502
1700120 502
1700130 502
1700140 503
1700150 503
1700160 503
1700170 503
1700180 503
1700190 504
1700200 504
1700210 504
1700220 504
1700230 504
1700240 505
1700250 505
1700260 505
1700270 505
1700280 505
1700290 506
1700300 506
1700310 506
1700320 506
1700330 506
1700340 506
1700350 506
1700360 506
1700370 506
1700380 506
1700390 506
1700400 506
1700410 506
1700420 506
1700430 506
1700440 506
1700450 506
1700460 506
1700470 506
1700480 506
1700490 506
1700500 506
1700510 506
1700520 506
1700530 506
1700540 506
1700550 506
1700560 506
1700570 506
1700580 505
1700590 505
1700600 505
1700610 505
1700620 505
1700630 505
1700640 505
1700650 505
1700660 505
1700670 504
1700680 504
1700690 504
1700700 504
1700710 504
1700720 504
1700730 504
1700740 504
1700750 504
1700760 503
1700770 503
1700780 503
1700790 503
1700800 503
1700810 503
1700820 503
1700830 502
1700840 502
1700850 502
1700860 502
1700870 502
1700880 502
1700890 501
1700900 501
1700910 501
1700920 501
1700930 501
1700940 500
1700950 500
1700960 500
1700970 500
1700980 499
1700990 499
1701000 499
1701010 499
1701020 498
1701030 498
1701040 498
1701050 498
1701060 498
1701070 497
1701080 497
1701090 497
1701100 497
1701110 497
1701120 496
1701130 496
1701140 496
1701150 496
1701160 496
1701170 496
1701180 495
1701190 495
1701200 495
1701210 495
1701220 495
1701230 495
1701240 495
1701250 494
1701260 494
1701270 494
1701280 494
1701290 494
1701300 494
1701310 494
1701320 493
1701330 493
1701340 493
1701350 493
1701360 494
1701370 494
1701380 494
1701390 494
1701400 494
1701410 494
1701420 494
1701430 494
1701440 494
1701450 494
1701460 494
1701470 494
1701480 494
1701490 494
1701500 494
1701510 494
1701520 495
1701530 495
1701540 495
1701550 495
1701560 495
1701570 495
1701580 496
1701590 496
1701600 496
1701610 496
1701620 497
1701630 497
1701640 497
1701650 497
1701660 497
1701670 498
1701680 498
1701690 498
1701700 498
1701710 498
1701720 498
1701730 499
1701740 499
1701750 499
1701760 499
1701770 499
1701780 499
1701790 499
1701800 499
1701810 499
1701820 499
1701830 499
1701840 499
1701850 499
1701860 500
1701870 500
1701880 500
1701890 500
1701900 500
1701910 500
1701920 500
1701930 499
1701940 499
1701950 499
1701960 499
1701970 499
1701980 499
1701990 499
1702000 499
1702010 499
1702020 499
1702030 499
1702040 499
1702050 499
1702060 499
1702070 499
1702080 499
1702090 499
1702100 499
1702110 499
1702120 498
1702130 498
1702140 498
1702150 498
1702160 498
1702170 498
1702180 498
1702190 497
1702200 497
1702210 497
1702220 497
1702230 497
1702240 497
1702250 496
1702260 496
1702270 496
1702280 496
1702290 496
1702300 496
1702310 496
1702320 496
1702330 495
1702340 495
1702350 495
1702360 495
1702370 495
1702380 495
1702390 495
1702400 494
1702410 494
1702420 494
1702430 494
1702440 494
1702450 493
1702460 493
1702470 493
1702480 493
1702490 493
1702500 492
1702510 492
1702520 492
1702530 491
1702540 491
1702550 491
1702560 490
1702570 490
1702580 490
1702590 489
1702600 489
1702610 488
1702620 488
1702630 488
1702640 487
1702650 487
1702660 486
1702670 486
1702680 486
1702690 485
1702700 485
1702710 484
1702720 484
1702730 484
1702740 484
1702750 483
1702760 483
1702770 483
1702780 483
1702790 482
1702800 482
1702810 482
1702820 482
1702830 482
1702840 482
1702850 482
1702860 482
1702870 482
1702880 481
1702890 481
1702900 481
1702910 481
1702920 481
1702930 480
1702940 480
1702950 480
1702960 479
1702970 479
1702980 479
1702990 479
1703000 478
1703010 477
1703020 477
1703030 476
1703040 475
1703050 474
1703060 473
1703070 472
1703080 470
1703090 468
1703100 466
1703110 465
1703120 464
1703130 464
1703140 465
1703150 465
1703160 465
1703170 468
1703180 469
1703190 467
1703200 466
1703210 466
1703220 466
1703230 466
1703240 466
1703250 465
1703260 465
1703270 466
1703280 466
1703290 466
1703300 467
1703310 468
1703320 468
1703330 469
1703340 470
1703350 472
1703360 475
1703370 477
1703380 479
1703390 481
1703400 482
1703410 483
1703420 483
1703430 484
1703440 485
1703450 486
1703460 487
1703470 488
1703480 488
1703490 488
1703500 489
1703510 489
1703520 489
1703530 489
1703540 489
1703550 489
1703560 490
1703570 490
1703580 490
1703590 490
1703600 489
1703610 489
1703620 489
1703630 489
1703640 489
1703650 490
1703660 490
1703670 490
1703680 491
1703690 493
1703700 493
1703710 494
1703720 494
1703730 494
1703740 494
1703750 493
1703760 493
1703770 493
1703780 493
1703790 493
1703800 493
1703810 493
1703820 494
1703830 494
1703840 495
1703850 496
1703860 496
1703870 497
1703880 498
1703890 498
1703900 498
1703910 499
1703920 500
1703930 500
1703940 501
1703950 501
1703960 501
1703970 501
1703980 502
1703990 502
1704000 502
1704010 502
1704020 502
1704030 502
1704040 502
1704050 502
1704060 502
1704070 502
1704080 502
1704090 502
1704100 501
1704110 501
1704120 500
1704130 500
1704140 500
1704150 499
1704160 499
1704170 499
1704180 499
1704190 499
1704200 499
1704210 500
1704220 500
1704230 500
1704240 500
1704250 500
1704260 501
1704270 501
1704280 501
1704290 501
1704300 502
1704310 503
1704320 503
1704330 504
1704340 504
1704350 504
1704360 505
1704370 505
1704380 505
1704390 506
1704400 506
1704410 506
1704420 506
1704430 506
1704440 506
1704450 507
1704460 507
1704470 507
1704480 507
1704490 507
1704500 507
1704510 507
1704520 507
1704530 507
1704540 507
1704550 508
1704560 508
1704570 508
1704580 509
1704590 509
1704600 509
1704610 509
1704620 509
1704630 509
1704640 509
1704650 510
1704660 510
1704670 510
1704680 510
1704690 510
1704700 511
1704710 511
1704720 511
1704730 511
1704740 511
1704750 511
1704760 511
1704770 512
1704780 512
1704790 512
1704800 512
1704810 513
1704820 513
1704830 513
1704840 514
1704850 514
1704860 514
1704870 515
1704880 515
1704890 515
1704900 515
1704910 515
1704920 516
1704930 516
1704940 516
1704950 517
1704960 517
1704970 517
1704980 517
1704990 518
1705000 518
1705010 518
1705020 518
1705030 518
1705040 518
1705050 518
1705060 518
1705070 518
1705080 518
1705090 519
1705100 519
1705110 519
1705120 519
1705130 519
1705140 519
1705150 518
1705160 518
1705170 519
1705180 520
1705190 520
1705200 520
1705210 520
1705220 520
1705230 521
1705240 521
1705250 521
1705260 522
1705270 522
1705280 522
1705290 523
1705300 523
1705310 523
1705320 524
1705330 524
1705340 524
1705350 524
1705360 524
1705370 525
1705380 525
1705390 526
1705400 526
1705410 527
1705420 527
1705430 527
1705440 528
1705450 528
1705460 528
1705470 529
1705480 529
1705490 529
1705500 530
1705510 530
1705520 530
1705530 531
1705540 531
1705550 531
1705560 531
1705570 531
1705580 531
1705590 532
1705600 532
1705610 532
1705620 532
1705630 533
1705640 533
1705650 533
1705660 533
1705670 533
1705680 534
1705690 534
1705700 534
1705710 534
1705720 535
1705730 535
1705740 535
1705750 535
1705760 536
1705770 536
1705780 536
1705790 536
1705800 537
1705810 537
1705820 537
1705830 538
1705840 538
1705850 538
1705860 538
1705870 539
1705880 539
1705890 539
1705900 539
1705910 539
1705920 540
1705930 540
1705940 540
1705950 540
1705960 541
1705970 541
1705980 541
1705990 541
1706000 542
1706010 542
1706020 542
1706030 542
1706040 542
1706050 542
1706060 542
1706070 542
1706080 542
1706090 542
1706100 543
1706110 543
1706120 543
1706130 543
1706140 543
1706150 543
1706160 543
1706170 543
1706180 543
1706190 544
1706200 544
1706210 544
1706220 545
1706230 545
1706240 545
1706250 546
1706260 546
1706270 546
1706280 547
1706290 547
1706300 548
1706310 549
1706320 549
1706330 551
1706340 551
1706350 552
1706360 552
1706370 553
1706380 554
1706390 555
1706400 556
1706410 557
1706420 557
1706430 558
1706440 559
1706450 560
1706460 561
1706470 561
1706480 562
1706490 563
1706500 564
1706510 564
1706520 565
1706530 566
1706540 567
1706550 567
1706560 568
1706570 568
1706580 569
1706590 570
1706600 570
1706610 571
1706620 572
1706630 572
1706640 572
1706650 573
1706660 574
1706670 574
1706680 574
1706690 575
1706700 575
1706710 576
1706720 576
1706730 576
1706740 577
1706750 577
1706760 577
1706770 577
1706780 578
1706790 578
1706800 578
1706810 578
1706820 578
1706830 579
1706840 579
1706850 579
1706860 579
1706870 579
1706880 579
1706890 579
1706900 579
1706910 578
1706920 578
1706930 578
1706940 578
1706950 578
1706960 578
1706970 578
1706980 578
1706990 578
1707000 578
1707010 579
1707020 579
1707030 579
1707040 579
1707050 579
1707060 579
1707070 579
1707080 579
1707090 579
1707100 579
1707110 580
1707120 580
1707130 580
1707140 580
1707150 580
1707160 581
1707170 581
1707180 581
1707190 581
1707200 582
1707210 582
1707220 582
1707230 583
1707240 583
1707250 584
1707260 584
1707270 584
1707280 585
1707290 585
1707300 585
1707310 586
1707320 586
1707330 587
1707340 587
1707350 588
1707360 588
1707370 589
1707380 589
1707390 590
1707400 590
1707410 590
1707420 591
1707430 592
1707440 592
1707450 593
1707460 594
1707470 594
1707480 595
1707490 596
1707500 596
1707510 597
1707520 597
1707530 598
1707540 598
1707550 599
1707560 599
1707570 600
1707580 600
1707590 601
1707600 601
1707610 602
1707620 602
1707630 603
1707640 603
1707650 604
1707660 605
1707670 605
1707680 606
1707690 607
1707700 607
1707710 608
1707720 608
1707730 609
1707740 609
1707750 610
1707760 611
1707770 611
1707780 612
1707790 612
1707800 613
1707810 613
1707820 614
1707830 614
1707840 614
1707850 614
1707860 614
1707870 614
1707880 614
1707890 614
1707900 614
1707910 614
1707920 614
1707930 614
1707940 613
1707950 613
1707960 613
1707970 613
1707980 612
1707990 612
1708000 612
1708010 611
1708020 611
1708030 611
1708040 611
1708050 610
1708060 610
1708070 610
1708080 609
1708090 609
1708100 609
1708110 608
1708120 608
1708130 608
1708140 607
1708150 607
1708160 607
1708170 606
1708180 606
1708190 606
1708200 605
1708210 605
1708220 605
1708230 604
1708240 604
1708250 604
1708260 603
1708270 603
1708280 603
1708290 602
1708300 602
1708310 602
1708320 601
1708330 601
1708340 601
1708350 600
1708360 600
1708370 601
1708380 601
1708390 601
1708400 601
1708410 601
1708420 602
1708430 602
1708440 602
1708450 603
1708460 603
1708470 603
1708480 603
1708490 604
1708500 604
1708510 604
1708520 605
1708530 605
1708540 605
1708550 606
1708560 606
1708570 606
1708580 606
1708590 607
1708600 607
1708610 607
1708620 607
1708630 607
1708640 607
1708650 608
1708660 608
1708670 608
1708680 608
1708690 608
1708700 608
1708710 609
1708720 609
1708730 609
1708740 609
1708750 609
1708760 610
1708770 610
1708780 610
1708790 610
1708800 610
1708810 610
1708820 611
1708830 611
1708840 611
1708850 611
1708860 611
1708870 612
1708880 612
1708890 612
1708900 612
1708910 613
1708920 613
1708930 613
1708940 613
1708950 613
1708960 614
1708970 614
1708980 614
1708990 614
1709000 613
1709010 612
1709020 611
1709030 611
1709040 612
1709050 613
1709060 614
1709070 615
1709080 615
1709090 615
1709100 614
1709110 614
1709120 614
1709130 614
1709140 614
1709150 614
1709160 613
1709170 613
1709180 613
1709190 613
1709200 613
1709210 613
1709220 612
1709230 612
1709240 612
1709250 612
1709260 612
1709270 611
1709280 611
1709290 611
1709300 611
1709310 610
1709320 610
1709330 610
1709340 609
1709350 609
1709360 609
1709370 608
1709380 608
1709390 608
1709400 608
1709410 607
1709420 607
1709430 607
1709440 606
1709450 606
1709460 605
1709470 605
1709480 604
1709490 604
1709500 603
1709510 603
1709520 602
1709530 601
1709540 600
1709550 599
1709560 599
1709570 598
1709580 597
1709590 597
1709600 596
1709610 595
1709620 595
1709630 594
1709640 594
1709650 593
1709660 593
1709670 593
1709680 592
1709690 592
1709700 591
1709710 591
1709720 591
1709730 591
1709740 591
1709750 590
1709760 590
1709770 590
1709780 590
1709790 590
1709800 591
1709810 593
1709820 594
1709830 595
1709840 596
1709850 596
1709860 597
1709870 597
1709880 598
1709890 599
1709900 600
1709910 601
1709920 601
1709930 602
1709940 603
1709950 603
1709960 604
1709970 605
1709980 606
1709990 606
1710000 607
1710010 608
1710020 608
1710030 609
1710040 609
1710050 610
1710060 610
1710070 611
1710080 612
1710090 612
1710100 613
1710110 614
1710120 614
1710130 615
1710140 616
1710150 617
1710160 618
1710170 618
1710180 619
1710190 620
1710200 620
1710210 621
1710220 622
1710230 623
1710240 624
1710250 625
1710260 626
1710270 627
1710280 627
1710290 628
1710300 629
1710310 630
1710320 631
1710330 631
1710340 632
1710350 632
1710360 633
1710370 633
1710380 633
1710390 634
1710400 634
1710410 635
1710420 635
1710430 635
1710440 635
1710450 635
1710460 635
1710470 635
1710480 635
1710490 635
1710500 634
1710510 634
1710520 634
1710530 634
1710540 634
1710550 634
1710560 633
1710570 633
1710580 633
1710590 633
1710600 633
1710610 633
1710620 633
1710630 634
1710640 634
1710650 634
1710660 634
1710670 634
1710680 634
1710690 634
1710700 634
1710710 635
1710720 635
1710730 635
1710740 635
1710750 635
1710760 635
1710770 634
1710780 634
1710790 634
1710800 634
1710810 633
1710820 633
1710830 632
1710840 632
1710850 631
1710860 630
1710870 630
1710880 629
1710890 628
1710900 627
1710910 626
1710920 626
1710930 625
1710940 624
1710950 623
1710960 623
1710970 622
1710980 621
1710990 621
1711000 620
1711010 619
1711020 619
1711030 618
1711040 617
1711050 617
1711060 616
1711070 615
1711080 615
1711090 614
1711100 613
1711110 613
1711120 612
1711130 612
1711140 611
1711150 611
1711160 610
1711170 610
1711180 609
1711190 608
1711200 608
1711210 607
1711220 606
1711230 606
1711240 605
1711250 604
1711260 604
1711270 603
1711280 602
1711290 602
1711300 601
1711310 600
1711320 599
1711330 599
1711340 598
1711350 597
1711360 597
1711370 596
1711380 595
1711390 594
1711400 594
1711410 593
1711420 592
1711430 591
1711440 591
1711450 590
1711460 589
1711470 588
1711480 588
1711490 587
1711500 586
1711510 585
1711520 585
1711530 584
1711540 583
1711550 582
1711560 582
1711570 581
1711580 580
1711590 579
1711600 579
1711610 578
1711620 577
1711630 577
1711640 576
1711650 575
1711660 574
1711670 574
1711680 573
1711690 572
1711700 572
1711710 571
1711720 570
1711730 569
1711740 568
1711750 568
1711760 567
1711770 566
1711780 565
1711790 565
1711800 565
1711810 564
1711820 564
1711830 563
1711840 563
1711850 563
1711860 562
1711870 562
1711880 561
1711890 561
1711900 561
1711910 562
1711920 563
1711930 563
1711940 563
1711950 563
1711960 563
1711970 563
1711980 563
1711990 563
1712000 563
1712010 563
1712020 562
1712030 562
1712040 562
1712050 562
1712060 561
1712070 561
1712080 560
1712090 560
1712100 559
1712110 559
1712120 558
1712130 558
1712140 557
1712150 556
1712160 556
1712170 555
1712180 555
1712190 554
1712200 554
1712210 553
1712220 553
1712230 552
1712240 552
1712250 551
1712260 551
1712270 550
1712280 550
1712290 549
1712300 549
1712310 548
1712320 547
1712330 547
1712340 547
1712350 546
1712360 546
1712370 545
1712380 545
1712390 545
1712400 544
1712410 544
1712420 543
1712430 543
1712440 543
1712450 542
1712460 542
1712470 542
1712480 541
1712490 541
1712500 541
1712510 540
1712520 540
1712530 540
1712540 539
1712550 539
1712560 539
1712570 539
1712580 538
1712590 538
1712600 538
1712610 537
1712620 537
1712630 537
1712640 536
1712650 536
1712660 536
1712670 536
1712680 536
1712690 535
1712700 535
1712710 535
1712720 535
1712730 534
1712740 534
1712750 534
1712760 534
1712770 533
1712780 533
1712790 533
1712800 533
1712810 532
1712820 532
1712830 532
1712840 532
1712850 532
1712860 532
1712870 531
1712880 531
1712890 530
1712900 530
1712910 530
1712920 529
1712930 529
1712940 529
1712950 528
1712960 528
1712970 527
1712980 527
1712990 527
1713000 527
1713010 526
1713020 526
1713030 526
1713040 526
1713050 526
1713060 525
1713070 525
1713080 525
1713090 525
1713100 525
1713110 525
1713120 525
1713130 525
1713140 525
1713150 526
1713160 527
1713170 528
1713180 528
1713190 529
1713200 529
1713210 529
1713220 530
1713230 529
1713240 529
1713250 529
1713260 528
1713270 528
1713280 527
1713290 527
1713300 527
1713310 526
1713320 526
1713330 525
1713340 525
1713350 526
1713360 526
1713370 527
1713380 527
1713390 527
1713400 528
1713410 528
1713420 528
1713430 529
1713440 529
1713450 530
1713460 531
1713470 531
1713480 532
1713490 533
1713500 533
1713510 534
1713520 535
1713530 535
1713540 536
1713550 536
1713560 537
1713570 537
1713580 538
1713590 538
1713600 539
1713610 539
1713620 540
1713630 540
1713640 541
1713650 541
1713660 541
1713670 542
1713680 542
1713690 543
1713700 543
1713710 543
1713720 543
1713730 543
1713740 544
1713750 544
1713760 544
1713770 544
1713780 544
1713790 544
1713800 544
1713810 545
1713820 545
1713830 545
1713840 545
1713850 545
1713860 544
1713870 543
1713880 543
1713890 542
1713900 541
1713910 541
1713920 540
1713930 538
1713940 536
1713950 534
1713960 532
1713970 530
1713980 529
1713990 528
1714000 527
1714010 526
1714020 526
1714030 525
1714040 525
1714050 524
1714060 524
1714070 524
1714080 523
1714090 523
1714100 523
1714110 523
1714120 523
1714130 524
1714140 524
1714150 525
1714160 525
1714170 526
1714180 527
1714190 527
1714200 528
1714210 529
1714220 529
1714230 530
1714240 531
1714250 532
1714260 532
1714270 533
1714280 534
1714290 535
1714300 535
1714310 536
1714320 537
1714330 539
1714340 540
1714350 541
1714360 543
1714370 545
1714380 547
1714390 550
1714400 551
1714410 552
1714420 553
1714430 554
1714440 555
1714450 557
1714460 558
1714470 560
1714480 561
1714490 563
1714500 564
1714510 565
1714520 566
1714530 567
1714540 567
1714550 569
1714560 570
1714570 571
1714580 572
1714590 573
1714600 574
1714610 575
1714620 576
1714630 577
1714640 578
1714650 579
1714660 579
1714670 580
1714680 581
1714690 582
1714700 583
1714710 584
1714720 585
1714730 586
1714740 587
1714750 588
1714760 589
1714770 591
1714780 593
1714790 594
1714800 595
1714810 595
1714820 596
1714830 597
1714840 598
1714850 599
1714860 600
1714870 601
1714880 603
1714890 604
1714900 605
1714910 606
1714920 607
1714930 608
1714940 609
1714950 611
1714960 612
1714970 613
1714980 614
1714990 614
1715000 615
1715010 616
1715020 616
1715030 617
1715040 618
1715050 619
1715060 620
1715070 621
1715080 622
1715090 623
1715100 623
1715110 624
1715120 625
1715130 625
1715140 626
1715150 626
1715160 626
1715170 624
1715180 623
1715190 621
1715200 620
1715210 618
1715220 617
1715230 616
1715240 615
1715250 614
1715260 613
1715270 612
1715280 611
1715290 610
1715300 609
1715310 608
1715320 607
1715330 605
1715340 604
1715350 603
1715360 601
1715370 599
1715380 598
1715390 596
1715400 594
1715410 592
1715420 591
1715430 590
1715440 588
1715450 587
1715460 586
1715470 584
1715480 583
1715490 582
1715500 580
1715510 579
1715520 577
1715530 575
1715540 573
1715550 570
1715560 567
1715570 563
1715580 561
1715590 559
1715600 558
1715610 556
1715620 555
1715630 554
1715640 553
1715650 551
1715660 550
1715670 549
1715680 547
1715690 546
1715700 545
1715710 543
1715720 542
1715730 541
1715740 539
1715750 538
1715760 538
1715770 537
1715780 536
1715790 535
1715800 534
1715810 532
1715820 531
1715830 530
1715840 529
1715850 528
1715860 528
1715870 527
1715880 526
1715890 525
1715900 525
1715910 524
1715920 523
1715930 523
1715940 522
1715950 521
1715960 521
1715970 521
1715980 520
1715990 520
1716000 520
1716010 519
1716020 519
1716030 518
1716040 518
1716050 518
1716060 517
1716070 517
1716080 517
1716090 516
1716100 516
1716110 516
1716120 515
1716130 515
1716140 514
1716150 514
1716160 514
1716170 513
1716180 513
1716190 513
1716200 512
1716210 512
1716220 511
1716230 511
1716240 511
1716250 510
1716260 510
1716270 510
1716280 510
1716290 510
1716300 510
1716310 510
1716320 510
1716330 510
1716340 509
1716350 509
1716360 509
1716370 509
1716380 509
1716390 510
1716400 510
1716410 510
1716420 511
1716430 511
1716440 511
1716450 512
1716460 512
1716470 512
1716480 512
1716490 512
1716500 513
1716510 513
1716520 513
1716530 513
1716540 514
1716550 514
1716560 514
1716570 514
1716580 515
1716590 515
1716600 515
1716610 516
1716620 516
1716630 516
1716640 516
1716650 516
1716660 517
1716670 517
1716680 518
1716690 518
1716700 518
1716710 519
1716720 519
1716730 520
1716740 521
1716750 522
1716760 523
1716770 524
1716780 525
1716790 526
1716800 527
1716810 528
1716820 529
1716830 530
1716840 532
1716850 533
1716860 534
1716870 534
1716880 535
1716890 535
1716900 535
1716910 536
1716920 536
1716930 536
1716940 536
1716950 536
1716960 536
1716970 535
1716980 535
1716990 535
1717000 534
1717010 534
1717020 533
1717030 532
1717040 532
1717050 531
1717060 530
1717070 529
1717080 529
1717090 528
1717100 527
1717110 527
1717120 526
1717130 525
1717140 524
1717150 524
1717160 523
1717170 523
1717180 522
1717190 522
1717200 521
1717210 520
1717220 520
1717230 519
1717240 519
1717250 518
1717260 517
1717270 517
1717280 516
1717290 515
1717300 515
1717310 514
1717320 513
1717330 513
1717340 513
1717350 512
1717360 512
1717370 511
1717380 510
1717390 510
1717400 509
1717410 509
1717420 508
1717430 507
1717440 507
1717450 506
1717460 506
1717470 506
1717480 505
1717490 505
1717500 504
1717510 504
1717520 503
1717530 503
1717540 502
1717550 502
1717560 502
1717570 501
1717580 501
1717590 500
1717600 500
1717610 499
1717620 499
1717630 499
1717640 498
1717650 498
1717660 497
1717670 497
1717680 496
1717690 496
1717700 496
1717710 495
1717720 495
1717730 495
1717740 495
1717750 494
1717760 494
1717770 494
1717780 494
1717790 493
1717800 493
1717810 493
1717820 493
1717830 492
1717840 492
1717850 492
1717860 492
1717870 491
1717880 491
1717890 491
1717900 491
1717910 491
1717920 491
1717930 491
1717940 491
1717950 491
1717960 490
1717970 490
1717980 490
1717990 490
1718000 490
1718010 490
1718020 490
1718030 490
1718040 489
1718050 489
1718060 489
1718070 489
1718080 489
1718090 489
1718100 490
1718110 490
1718120 490
1718130 490
1718140 490
1718150 491
1718160 491
1718170 490
1718180 490
1718190 490
1718200 490
1718210 489
1718220 489
1718230 489
1718240 489
1718250 488
1718260 488
1718270 488
1718280 488
1718290 487
1718300 487
1718310 487
1718320 487
1718330 486
1718340 486
1718350 486
1718360 486
1718370 485
1718380 485
1718390 485
1718400 485
1718410 484
1718420 484
1718430 484
1718440 484
1718450 484
1718460 483
1718470 483
1718480 483
1718490 483
1718500 483
1718510 483
1718520 483
1718530 483
1718540 482
1718550 482
1718560 482
1718570 482
1718580 481
1718590 481
1718600 481
1718610 480
1718620 480
1718630 480
1718640 480
1718650 479
1718660 479
1718670 479
1718680 479
1718690 479
1718700 479
1718710 479
1718720 479
1718730 479
1718740 479
1718750 479
1718760 479
1718770 479
1718780 479
1718790 479
1718800 479
1718810 478
1718820 478
1718830 478
1718840 478
1718850 478
1718860 477
1718870 477
1718880 478
1718890 478
1718900 478
1718910 478
1718920 478
1718930 479
1718940 479
1718950 479
1718960 479
1718970 479
1718980 479
1718990 479
1719000 479
1719010 479
1719020 479
1719030 479
1719040 479
1719050 479
1719060 480
1719070 480
1719080 480
1719090 480
1719100 480
1719110 481
1719120 481
1719130 481
1719140 481
1719150 482
1719160 482
1719170 482
1719180 483
1719190 483
1719200 483
1719210 483
1719220 483
1719230 483
1719240 483
1719250 483
1719260 483
1719270 482
1719280 482
1719290 481
1719300 481
1719310 480
1719320 480
1719330 479
1719340 479
1719350 479
1719360 478
1719370 478
1719380 478
1719390 477
1719400 477
1719410 477
1719420 476
1719430 476
1719440 476
1719450 476
1719460 475
1719470 475
1719480 475
1719490 475
1719500 475
1719510 475
1719520 475
1719530 474
1719540 474
1719550 474
1719560 474
1719570 473
1719580 473
1719590 472
1719600 472
1719610 472
1719620 471
1719630 471
1719640 471
1719650 471
1719660 470
1719670 470
1719680 470
1719690 470
1719700 469
1719710 469
1719720 469
1719730 469
1719740 469
1719750 468
1719760 468
1719770 468
1719780 467
1719790 467
1719800 467
1719810 467
1719820 467
1719830 467
1719840 466
1719850 466
1719860 466
1719870 466
1719880 466
1719890 466
1719900 465
1719910 465
1719920 465
1719930 465
1719940 464
1719950 464
1719960 464
1719970 463
1719980 463
1719990 463
