1700000 507
1700010 507
1700020 507
1700030 507
1700040 507
1700050 506
1700060 506
1700070 506
1700080 506
1700090 506
1700100 506
1700110 506
1700120 506
1700130 506
1700140 506
1700150 506
1700160 506
1700170 506
1700180 506
1700190 506
1700200 505
1700210 505
1700220 505
1700230 505
1700240 505
1700250 505
1700260 505
1700270 505
1700280 505
1700290 505
1700300 505
1700310 504
1700320 504
1700330 504
1700340 504
1700350 504
1700360 504
1700370 504
1700380 504
1700390 504
1700400 503
1700410 503
1700420 503
1700430 503
1700440 503
1700450 503
1700460 503
1700470 503
1700480 503
1700490 502
1700500 502
1700510 502
1700520 502
1700530 502
1700540 502
1700550 502
1700560 502
1700570 501
1700580 501
1700590 501
1700600 501
1700610 501
1700620 501
1700630 501
1700640 500
1700650 500
1700660 500
1700670 500
1700680 500
1700690 500
1700700 500
1700710 500
1700720 500
1700730 500
1700740 500
1700750 500
1700760 500
1700770 499
1700780 499
1700790 499
1700800 499
1700810 499
1700820 498
1700830 498
1700840 497
1700850 497
1700860 496
1700870 496
1700880 495
1700890 494
1700900 494
1700910 493
1700920 492
1700930 492
1700940 490
1700950 489
1700960 488
1700970 486
1700980 485
1700990 484
1701000 483
1701010 481
1701020 481
1701030 480
1701040 481
1701050 481
1701060 480
1701070 480
1701080 480
1701090 480
1701100 481
1701110 481
1701120 482
1701130 484
1701140 487
1701150 489
1701160 491
1701170 492
1701180 492
1701190 493
1701200 493
1701210 494
1701220 495
1701230 495
1701240 495
1701250 496
1701260 496
1701270 496
1701280 496
1701290 497
1701300 497
1701310 497
1701320 497
1701330 497
1701340 497
1701350 497
1701360 497
1701370 497
1701380 497
1701390 497
1701400 497
1701410 497
1701420 497
1701430 497
1701440 497
1701450 497
1701460 497
1701470 497
1701480 497
1701490 497
1701500 497
1701510 497
1701520 497
1701530 497
1701540 497
1701550 497
1701560 497
1701570 497
1701580 497
1701590 497
1701600 497
1701610 498
1701620 497
1701630 497
1701640 497
1701650 496
1701660 496
1701670 496
1701680 496
1701690 496
1701700 496
1701710 496
1701720 496
1701730 496
1701740 496
1701750 496
1701760 496
1701770 496
1701780 496
1701790 496
1701800 496
1701810 496
1701820 496
1701830 496
1701840 496
1701850 496
1701860 496
1701870 496
1701880 496
1701890 496
1701900 496
1701910 496
1701920 496
1701930 496
1701940 496
1701950 496
1701960 496
1701970 496
1701980 496
1701990 496
1702000 496
1702010 496
1702020 496
1702030 496
1702040 496
1702050 496
1702060 496
1702070 496
1702080 496
1702090 496
1702100 496
1702110 496
1702120 496
1702130 496
1702140 496
1702150 496
1702160 496
1702170 496
1702180 496
1702190 496
1702200 496
1702210 496
1702220 495
1702230 495
1702240 495
1702250 495
1702260 495
1702270 495
1702280 495
1702290 494
1702300 494
1702310 494
1702320 494
1702330 493
1702340 493
1702350 493
1702360 493
1702370 493
1702380 492
1702390 492
1702400 492
1702410 492
1702420 492
1702430 491
1702440 491
1702450 491
1702460 491
1702470 491
1702480 490
1702490 490
1702500 490
1702510 490
1702520 490
1702530 490
1702540 489
1702550 489
1702560 489
1702570 489
1702580 489
1702590 489
1702600 489
1702610 489
1702620 489
1702630 489
1702640 489
1702650 489
1702660 489
1702670 489
1702680 489
1702690 489
1702700 488
1702710 488
1702720 488
1702730 487
1702740 487
1702750 486
1702760 486
1702770 486
1702780 485
1702790 485
1702800 484
1702810 484
1702820 484
1702830 483
1702840 483
1702850 483
1702860 482
1702870 482
1702880 482
1702890 481
1702900 481
1702910 481
1702920 481
1702930 481
1702940 480
1702950 480
1702960 480
1702970 480
1702980 480
1702990 479
1703000 479
1703010 479
1703020 479
1703030 478
1703040 478
1703050 478
1703060 477
1703070 477
1703080 477
1703090 476
1703100 476
1703110 476
1703120 476
1703130 475
1703140 474
1703150 474
1703160 473
1703170 472
1703180 471
1703190 471
1703200 470
1703210 469
1703220 467
1703230 466
1703240 465
1703250 465
1703260 465
1703270 465
1703280 465
1703290 465
1703300 465
1703310 465
1703320 464
1703330 464
1703340 464
1703350 464
1703360 465
1703370 465
1703380 465
1703390 465
1703400 465
1703410 465
1703420 465
1703430 465
1703440 465
1703450 465
1703460 466
1703470 466
1703480 466
1703490 467
1703500 468
1703510 469
1703520 470
1703530 470
1703540 470
1703550 471
1703560 471
1703570 471
1703580 472
1703590 472
1703600 472
1703610 472
1703620 472
1703630 472
1703640 472
1703650 472
1703660 472
1703670 472
1703680 472
1703690 472
1703700 472
1703710 472
1703720 472
1703730 472
1703740 472
1703750 472
1703760 472
1703770 472
1703780 472
1703790 472
1703800 472
1703810 472
1703820 472
1703830 472
1703840 471
1703850 472
1703860 472
1703870 472
1703880 471
1703890 471
1703900 472
1703910 472
1703920 472
1703930 472
1703940 472
1703950 472
1703960 472
1703970 472
1703980 473
1703990 473
1704000 473
1704010 473
1704020 473
1704030 473
1704040 474
1704050 474
1704060 474
1704070 474
1704080 474
1704090 474
1704100 474
1704110 475
1704120 475
1704130 475
1704140 475
1704150 475
1704160 475
1704170 476
1704180 476
1704190 476
1704200 476
1704210 476
1704220 477
1704230 477
1704240 477
1704250 477
1704260 477
1704270 477
1704280 477
1704290 478
1704300 478
1704310 478
1704320 478
1704330 478
1704340 478
1704350 479
1704360 479
1704370 479
1704380 479
1704390 479
1704400 480
1704410 480
1704420 480
1704430 481
1704440 481
1704450 481
1704460 481
1704470 481
1704480 481
1704490 482
1704500 482
1704510 482
1704520 482
1704530 482
1704540 482
1704550 483
1704560 483
1704570 483
1704580 483
1704590 483
1704600 484
1704610 484
1704620 484
1704630 484
1704640 485
1704650 485
1704660 485
1704670 485
1704680 486
1704690 486
1704700 486
1704710 486
1704720 486
1704730 486
1704740 487
1704750 487
1704760 487
1704770 487
1704780 487
1704790 487
1704800 487
1704810 487
1704820 487
1704830 487
1704840 488
1704850 488
1704860 488
1704870 488
1704880 488
1704890 488
1704900 488
1704910 489
1704920 489
1704930 489
1704940 490
1704950 490
1704960 490
1704970 491
1704980 491
1704990 491
1705000 491
1705010 492
1705020 492
1705030 492
1705040 492
1705050 493
1705060 493
1705070 493
1705080 494
1705090 494
1705100 494
1705110 495
1705120 495
1705130 496
1705140 496
1705150 496
1705160 497
1705170 497
1705180 498
1705190 498
1705200 499
1705210 499
1705220 499
1705230 500
1705240 500
1705250 499
1705260 499
1705270 499
1705280 499
1705290 499
1705300 499
1705310 499
1705320 498
1705330 498
1705340 498
1705350 498
1705360 498
1705370 498
1705380 499
1705390 499
1705400 499
1705410 499
1705420 499
1705430 499
1705440 499
1705450 500
1705460 500
1705470 500
1705480 500
1705490 500
1705500 501
1705510 501
1705520 501
1705530 501
1705540 501
1705550 501
1705560 502
1705570 502
1705580 502
1705590 503
1705600 503
1705610 503
1705620 504
1705630 504
1705640 504
1705650 505
1705660 505
1705670 506
1705680 506
1705690 507
1705700 508
1705710 508
1705720 508
1705730 509
1705740 509
1705750 509
1705760 510
1705770 510
1705780 510
1705790 511
1705800 511
1705810 511
1705820 511
1705830 512
1705840 512
1705850 512
1705860 513
1705870 513
1705880 513
1705890 513
1705900 514
1705910 514
1705920 514
1705930 514
1705940 514
1705950 514
1705960 514
1705970 514
1705980 514
1705990 514
1706000 513
1706010 513
1706020 513
1706030 514
1706040 514
1706050 514
1706060 514
1706070 514
1706080 514
1706090 514
1706100 514
1706110 514
1706120 514
1706130 514
1706140 514
1706150 514
1706160 514
1706170 515
1706180 515
1706190 515
1706200 516
1706210 516
1706220 516
1706230 516
1706240 515
1706250 515
1706260 515
1706270 516
1706280 516
1706290 517
1706300 518
1706310 519
1706320 520
1706330 521
1706340 521
1706350 522
1706360 523
1706370 524
1706380 524
1706390 525
1706400 526
1706410 526
1706420 527
1706430 527
1706440 528
1706450 528
1706460 529
1706470 530
1706480 531
1706490 531
1706500 532
1706510 533
1706520 533
1706530 534
1706540 534
1706550 534
1706560 535
1706570 535
1706580 535
1706590 535
1706600 535
1706610 535
1706620 535
1706630 535
1706640 535
1706650 535
1706660 535
1706670 535
1706680 535
1706690 536
1706700 536
1706710 536
1706720 536
1706730 536
1706740 536
1706750 537
1706760 537
1706770 537
1706780 537
1706790 537
1706800 538
1706810 538
1706820 538
1706830 538
1706840 539
1706850 539
1706860 539
1706870 539
1706880 540
1706890 540
1706900 540
1706910 540
1706920 540
1706930 540
1706940 540
1706950 540
1706960 540
1706970 540
1706980 540
1706990 540
1707000 540
1707010 540
1707020 540
1707030 540
1707040 539
1707050 539
1707060 540
1707070 540
1707080 541
1707090 542
1707100 542
1707110 543
1707120 543
1707130 544
1707140 544
1707150 545
1707160 546
1707170 546
1707180 547
1707190 547
1707200 548
1707210 548
1707220 549
1707230 549
1707240 550
1707250 551
1707260 551
1707270 552
1707280 553
1707290 553
1707300 554
1707310 555
1707320 555
1707330 556
1707340 557
1707350 557
1707360 558
1707370 559
1707380 560
1707390 560
1707400 561
1707410 562
1707420 562
1707430 563
1707440 564
1707450 565
1707460 565
1707470 566
1707480 567
1707490 568
1707500 569
1707510 569
1707520 570
1707530 571
1707540 571
1707550 572
1707560 573
1707570 574
1707580 575
1707590 575
1707600 576
1707610 577
1707620 578
1707630 579
1707640 580
1707650 581
1707660 582
1707670 583
1707680 584
1707690 585
1707700 586
1707710 587
1707720 588
1707730 589
1707740 590
1707750 592
1707760 593
1707770 594
1707780 596
1707790 597
1707800 598
1707810 599
1707820 600
1707830 601
1707840 602
1707850 602
1707860 603
1707870 604
1707880 604
1707890 605
1707900 605
1707910 605
1707920 606
1707930 606
1707940 606
1707950 606
1707960 606
1707970 606
1707980 606
1707990 606
1708000 606
1708010 606
1708020 606
1708030 606
1708040 606
1708050 606
1708060 606
1708070 606
1708080 606
1708090 606
1708100 606
1708110 605
1708120 605
1708130 605
1708140 605
1708150 605
1708160 605
1708170 605
1708180 604
1708190 604
1708200 604
1708210 604
1708220 604
1708230 604
1708240 604
1708250 604
1708260 604
1708270 604
1708280 604
1708290 604
1708300 604
1708310 603
1708320 603
1708330 603
1708340 604
1708350 604
1708360 604
1708370 604
1708380 605
1708390 605
1708400 605
1708410 605
1708420 606
1708430 606
1708440 606
1708450 607
1708460 607
1708470 607
1708480 608
1708490 608
1708500 609
1708510 609
1708520 609
1708530 610
1708540 610
1708550 611
1708560 611
1708570 611
1708580 612
1708590 613
1708600 614
1708610 615
1708620 616
1708630 617
1708640 618
1708650 619
1708660 620
1708670 621
1708680 622
1708690 622
1708700 623
1708710 623
1708720 623
1708730 623
1708740 624
1708750 624
1708760 624
1708770 624
1708780 624
1708790 624
1708800 623
1708810 623
1708820 623
1708830 622
1708840 622
1708850 621
1708860 621
1708870 620
1708880 620
1708890 619
1708900 619
1708910 619
1708920 618
1708930 618
1708940 617
1708950 617
1708960 617
1708970 616
1708980 616
1708990 616
1709000 615
1709010 615
1709020 614
1709030 614
1709040 614
1709050 613
1709060 613
1709070 612
1709080 612
1709090 612
1709100 612
1709110 611
1709120 611
1709130 611
1709140 611
1709150 610
1709160 610
1709170 610
1709180 610
1709190 609
1709200 609
1709210 609
1709220 608
1709230 608
1709240 608
1709250 607
1709260 607
1709270 607
1709280 607
1709290 607
1709300 606
1709310 606
1709320 606
1709330 606
1709340 605
1709350 605
1709360 605
1709370 604
1709380 604
1709390 603
1709400 603
1709410 602
1709420 601
1709430 601
1709440 600
1709450 600
1709460 599
1709470 598
1709480 597
1709490 597
1709500 596
1709510 594
1709520 593
1709530 593
1709540 593
1709550 592
1709560 591
1709570 590
1709580 590
1709590 589
1709600 589
1709610 588
1709620 587
1709630 586
1709640 585
1709650 584
1709660 583
1709670 583
1709680 582
1709690 582
1709700 581
1709710 580
1709720 580
1709730 579
1709740 578
1709750 578
1709760 577
1709770 577
1709780 576
1709790 575
1709800 574
1709810 574
1709820 573
1709830 572
1709840 570
1709850 570
1709860 570
1709870 569
1709880 569
1709890 568
1709900 568
1709910 567
1709920 566
1709930 566
1709940 566
1709950 565
1709960 565
1709970 565
1709980 564
1709990 564
1710000 564
1710010 564
1710020 564
1710030 564
1710040 564
1710050 565
1710060 565
1710070 565
1710080 565
1710090 565
1710100 566
1710110 566
1710120 566
1710130 567
1710140 567
1710150 567
1710160 568
1710170 568
1710180 568
1710190 569
1710200 569
1710210 570
1710220 570
1710230 571
1710240 571
1710250 571
1710260 572
1710270 572
1710280 573
1710290 573
1710300 574
1710310 575
1710320 576
1710330 577
1710340 578
1710350 579
1710360 580
1710370 581
1710380 582
1710390 582
1710400 583
1710410 584
1710420 585
1710430 586
1710440 586
1710450 586
1710460 586
1710470 587
1710480 587
1710490 587
1710500 587
1710510 587
1710520 587
1710530 587
1710540 588
1710550 588
1710560 588
1710570 589
1710580 589
1710590 588
1710600 588
1710610 588
1710620 588
1710630 588
1710640 587
1710650 587
1710660 587
1710670 586
1710680 586
1710690 586
1710700 585
1710710 585
1710720 585
1710730 584
1710740 583
1710750 583
1710760 582
1710770 582
1710780 582
1710790 581
1710800 581
1710810 580
1710820 579
1710830 579
1710840 578
1710850 578
1710860 577
1710870 576
1710880 576
1710890 575
1710900 574
1710910 573
1710920 573
1710930 572
1710940 572
1710950 571
1710960 570
1710970 569
1710980 568
1710990 567
1711000 565
1711010 564
1711020 562
1711030 560
1711040 559
1711050 557
1711060 556
1711070 555
1711080 554
1711090 553
1711100 553
1711110 552
1711120 552
1711130 551
1711140 551
1711150 551
1711160 550
1711170 550
1711180 549
1711190 549
1711200 548
1711210 548
1711220 547
1711230 547
1711240 547
1711250 546
1711260 546
1711270 546
1711280 546
1711290 546
1711300 545
1711310 545
1711320 545
1711330 545
1711340 545
1711350 544
1711360 544
1711370 544
1711380 544
1711390 544
1711400 544
1711410 543
1711420 543
1711430 543
1711440 542
1711450 542
1711460 542
1711470 542
1711480 542
1711490 542
1711500 542
1711510 542
1711520 542
1711530 542
1711540 542
1711550 542
1711560 542
1711570 542
1711580 543
1711590 543
1711600 543
1711610 543
1711620 544
1711630 544
1711640 544
1711650 544
1711660 544
1711670 544
1711680 543
1711690 543
1711700 543
1711710 542
1711720 542
1711730 542
1711740 541
1711750 541
1711760 541
1711770 540
1711780 540
1711790 540
1711800 539
1711810 539
1711820 539
1711830 539
1711840 539
1711850 538
1711860 538
1711870 538
1711880 537
1711890 537
1711900 537
1711910 537
1711920 537
1711930 536
1711940 536
1711950 536
1711960 536
1711970 536
1711980 536
1711990 536
1712000 536
1712010 536
1712020 536
1712030 536
1712040 535
1712050 535
1712060 535
1712070 535
1712080 535
1712090 535
1712100 535
1712110 535
1712120 535
1712130 535
1712140 534
1712150 534
1712160 534
1712170 534
1712180 534
1712190 534
1712200 534
1712210 534
1712220 533
1712230 533
1712240 533
1712250 533
1712260 533
1712270 533
1712280 533
1712290 533
1712300 533
1712310 533
1712320 533
1712330 533
1712340 532
1712350 532
1712360 532
1712370 532
1712380 532
1712390 532
1712400 532
1712410 531
1712420 531
1712430 531
1712440 531
1712450 531
1712460 530
1712470 530
1712480 530
1712490 530
1712500 530
1712510 530
1712520 530
1712530 530
1712540 530
1712550 530
1712560 531
1712570 531
1712580 531
1712590 532
1712600 532
1712610 532
1712620 532
1712630 532
1712640 532
1712650 532
1712660 532
1712670 532
1712680 532
1712690 532
1712700 532
1712710 532
1712720 532
1712730 533
1712740 533
1712750 533
1712760 533
1712770 533
1712780 533
1712790 533
1712800 533
1712810 533
1712820 533
1712830 533
1712840 533
1712850 533
1712860 533
1712870 533
1712880 533
1712890 533
1712900 533
1712910 533
1712920 533
1712930 533
1712940 532
1712950 532
1712960 532
1712970 532
1712980 532
1712990 531
1713000 531
1713010 531
1713020 531
1713030 530
1713040 530
1713050 530
1713060 529
1713070 529
1713080 529
1713090 529
1713100 529
1713110 529
1713120 528
1713130 528
1713140 528
1713150 528
1713160 528
1713170 527
1713180 527
1713190 527
1713200 527
1713210 526
1713220 526
1713230 526
1713240 526
1713250 526
1713260 526
1713270 526
1713280 525
1713290 525
1713300 525
1713310 525
1713320 525
1713330 524
1713340 524
1713350 524
1713360 524
1713370 523
1713380 523
1713390 523
1713400 522
1713410 522
1713420 521
1713430 521
1713440 520
1713450 520
1713460 520
1713470 519
1713480 519
1713490 518
1713500 518
1713510 517
1713520 517
1713530 516
1713540 516
1713550 513
1713560 512
1713570 511
1713580 510
1713590 510
1713600 510
1713610 510
1713620 510
1713630 510
1713640 510
1713650 510
1713660 511
1713670 513
1713680 515
1713690 518
1713700 521
1713710 523
1713720 524
1713730 525
1713740 525
1713750 526
1713760 527
1713770 527
1713780 527
1713790 527
1713800 527
1713810 527
1713820 527
1713830 527
1713840 527
1713850 527
1713860 527
1713870 527
1713880 526
1713890 526
1713900 526
1713910 525
1713920 524
1713930 524
1713940 523
1713950 522
1713960 521
1713970 521
1713980 520
1713990 519
1714000 518
1714010 517
1714020 516
1714030 516
1714040 515
1714050 514
1714060 512
1714070 510
1714080 508
1714090 507
1714100 507
1714110 507
1714120 507
1714130 507
1714140 507
1714150 507
1714160 507
1714170 507
1714180 508
1714190 508
1714200 509
1714210 510
1714220 511
1714230 512
1714240 513
1714250 514
1714260 515
1714270 516
1714280 517
1714290 518
1714300 519
1714310 520
1714320 521
1714330 522
1714340 523
1714350 524
1714360 525
1714370 527
1714380 528
1714390 529
1714400 530
1714410 531
1714420 532
1714430 534
1714440 535
1714450 536
1714460 537
1714470 538
1714480 539
1714490 540
1714500 541
1714510 542
1714520 543
1714530 544
1714540 545
1714550 546
1714560 547
1714570 547
1714580 548
1714590 549
1714600 549
1714610 550
1714620 551
1714630 552
1714640 553
1714650 554
1714660 555
1714670 556
1714680 557
1714690 558
1714700 558
1714710 559
1714720 560
1714730 561
1714740 561
1714750 562
1714760 563
1714770 564
1714780 565
1714790 566
1714800 566
1714810 567
1714820 568
1714830 568
1714840 569
1714850 570
1714860 571
1714870 572
1714880 573
1714890 574
1714900 574
1714910 575
1714920 576
1714930 578
1714940 579
1714950 579
1714960 580
1714970 581
1714980 582
1714990 582
1715000 583
1715010 584
1715020 585
1715030 585
1715040 586
1715050 586
1715060 587
1715070 587
1715080 587
1715090 588
1715100 588
1715110 589
1715120 589
1715130 589
1715140 589
1715150 590
1715160 591
1715170 591
1715180 592
1715190 593
1715200 594
1715210 595
1715220 595
1715230 596
1715240 596
1715250 596
1715260 597
1715270 597
1715280 597
1715290 597
1715300 596
1715310 596
1715320 596
1715330 594
1715340 592
1715350 588
1715360 584
1715370 579
1715380 574
1715390 571
1715400 568
1715410 566
1715420 563
1715430 561
1715440 558
1715450 557
1715460 555
1715470 554
1715480 553
1715490 551
1715500 550
1715510 549
1715520 548
1715530 547
1715540 546
1715550 545
1715560 544
1715570 543
1715580 542
1715590 541
1715600 540
1715610 539
1715620 538
1715630 537
1715640 537
1715650 536
1715660 535
1715670 534
1715680 533
1715690 532
1715700 531
1715710 530
1715720 530
1715730 529
1715740 528
1715750 527
1715760 527
1715770 526
1715780 525
1715790 525
1715800 524
1715810 523
1715820 523
1715830 522
1715840 521
1715850 521
1715860 520
1715870 520
1715880 519
1715890 518
1715900 518
1715910 517
1715920 517
1715930 516
1715940 516
1715950 515
1715960 515
1715970 514
1715980 513
1715990 513
1716000 513
1716010 512
1716020 512
1716030 513
1716040 513
1716050 513
1716060 513
1716070 514
1716080 515
1716090 516
1716100 517
1716110 518
1716120 519
1716130 520
1716140 521
1716150 522
1716160 523
1716170 523
1716180 524
1716190 525
1716200 526
1716210 527
1716220 528
1716230 529
1716240 530
1716250 532
1716260 533
1716270 535
1716280 537
1716290 538
1716300 540
1716310 542
1716320 543
1716330 544
1716340 546
1716350 547
1716360 548
1716370 549
1716380 550
1716390 552
1716400 553
1716410 555
1716420 555
1716430 556
1716440 557
1716450 557
1716460 558
1716470 558
1716480 559
1716490 559
1716500 560
1716510 561
1716520 561
1716530 561
1716540 561
1716550 561
1716560 561
1716570 560
1716580 560
1716590 559
1716600 559
1716610 558
1716620 558
1716630 557
1716640 556
1716650 555
1716660 554
1716670 554
1716680 553
1716690 552
1716700 552
1716710 551
1716720 550
1716730 549
1716740 548
1716750 547
1716760 546
1716770 545
1716780 545
1716790 544
1716800 543
1716810 542
1716820 541
1716830 540
1716840 539
1716850 538
1716860 538
1716870 537
1716880 535
1716890 534
1716900 534
1716910 533
1716920 532
1716930 531
1716940 530
1716950 529
1716960 528
1716970 526
1716980 525
1716990 525
1717000 524
1717010 523
1717020 522
1717030 521
1717040 520
1717050 519
1717060 518
1717070 517
1717080 516
1717090 515
1717100 514
1717110 513
1717120 513
1717130 512
1717140 511
1717150 510
1717160 510
1717170 509
1717180 508
1717190 508
1717200 507
1717210 507
1717220 506
1717230 505
1717240 504
1717250 504
1717260 503
1717270 503
1717280 503
1717290 502
1717300 502
1717310 501
1717320 501
1717330 501
1717340 500
1717350 500
1717360 500
1717370 499
1717380 499
1717390 499
1717400 498
1717410 497
1717420 496
1717430 496
1717440 495
1717450 494
1717460 494
1717470 493
1717480 493
1717490 493
1717500 493
1717510 492
1717520 492
1717530 491
1717540 491
1717550 491
1717560 490
1717570 490
1717580 489
1717590 489
1717600 489
1717610 488
1717620 488
1717630 488
1717640 487
1717650 487
1717660 487
1717670 487
1717680 487
1717690 486
1717700 486
1717710 485
1717720 485
1717730 485
1717740 484
1717750 484
1717760 484
1717770 484
1717780 483
1717790 483
1717800 483
1717810 483
1717820 482
1717830 482
1717840 482
1717850 482
1717860 482
1717870 482
1717880 482
1717890 481
1717900 481
1717910 481
1717920 481
1717930 481
1717940 480
1717950 480
1717960 480
1717970 480
1717980 480
1717990 480
1718000 480
1718010 480
1718020 480
1718030 479
1718040 479
1718050 480
1718060 480
1718070 480
1718080 480
1718090 480
1718100 480
1718110 480
1718120 480
1718130 480
1718140 480
1718150 480
1718160 480
1718170 480
1718180 480
1718190 480
1718200 480
1718210 480
1718220 480
1718230 480
1718240 480
1718250 480
1718260 480
1718270 480
1718280 480
1718290 480
1718300 480
1718310 480
1718320 480
1718330 479
1718340 479
1718350 479
1718360 479
1718370 479
1718380 479
1718390 479
1718400 479
1718410 479
1718420 479
1718430 479
1718440 479
1718450 479
1718460 479
1718470 479
1718480 479
1718490 479
1718500 479
1718510 479
1718520 479
1718530 478
1718540 478
1718550 478
1718560 478
1718570 478
1718580 478
1718590 478
1718600 478
1718610 478
1718620 478
1718630 478
1718640 478
1718650 478
1718660 478
1718670 478
1718680 478
1718690 478
1718700 478
1718710 477
1718720 477
1718730 477
1718740 477
1718750 477
1718760 477
1718770 477
1718780 477
1718790 477
1718800 477
1718810 477
1718820 477
1718830 477
1718840 477
1718850 477
1718860 477
1718870 477
1718880 477
1718890 477
1718900 477
1718910 476
1718920 476
1718930 476
1718940 476
1718950 476
1718960 476
1718970 476
1718980 476
1718990 476
1719000 476
1719010 476
1719020 476
1719030 476
1719040 476
1719050 476
1719060 476
1719070 476
1719080 476
1719090 475
1719100 475
1719110 475
1719120 475
1719130 475
1719140 475
1719150 475
1719160 475
1719170 475
1719180 475
1719190 475
1719200 474
1719210 474
1719220 474
1719230 474
1719240 474
1719250 474
1719260 474
1719270 474
1719280 474
1719290 474
1719300 473
1719310 473
1719320 473
1719330 473
1719340 473
1719350 473
1719360 473
1719370 473
1719380 473
1719390 473
1719400 473
1719410 473
1719420 473
1719430 473
1719440 473
1719450 473
1719460 473
1719470 473
1719480 472
1719490 472
1719500 472
1719510 472
1719520 472
1719530 472
1719540 472
1719550 472
1719560 472
1719570 472
1719580 472
1719590 471
1719600 471
1719610 471
1719620 471
1719630 471
1719640 471
1719650 471
1719660 471
1719670 470
1719680 470
1719690 470
1719700 470
1719710 470
1719720 470
1719730 470
1719740 470
1719750 469
1719760 469
1719770 469
1719780 469
1719790 468
1719800 468
1719810 468
1719820 468
1719830 467
1719840 467
1719850 467
1719860 467
1719870 466
1719880 466
1719890 466
1719900 465
1719910 465
1719920 464
1719930 464
1719940 463
1719950 463
1719960 463
1719970 462
1719980 462
1719990 461
