1700000 494
1700010 495
1700020 495
1700030 495
1700040 495
1700050 495
1700060 495
1700070 495
1700080 496
1700090 496
1700100 495
1700110 495
1700120 495
1700130 495
1700140 495
1700150 495
1700160 495
1700170 495
1700180 495
1700190 496
1700200 496
1700210 496
1700220 496
1700230 496
1700240 496
1700250 496
1700260 496
1700270 496
1700280 496
1700290 496
1700300 496
1700310 495
1700320 495
1700330 495
1700340 495
1700350 495
1700360 495
1700370 495
1700380 495
1700390 494
1700400 494
1700410 494
1700420 493
1700430 493
1700440 493
1700450 493
1700460 493
1700470 493
1700480 493
1700490 493
1700500 493
1700510 493
1700520 493
1700530 494
1700540 494
1700550 494
1700560 494
1700570 494
1700580 495
1700590 495
1700600 495
1700610 495
1700620 496
1700630 496
1700640 496
1700650 496
1700660 496
1700670 496
1700680 496
1700690 496
1700700 497
1700710 497
1700720 497
1700730 497
1700740 497
1700750 497
1700760 497
1700770 497
1700780 498
1700790 498
1700800 498
1700810 498
1700820 498
1700830 498
1700840 498
1700850 498
1700860 498
1700870 498
1700880 498
1700890 498
1700900 497
1700910 497
1700920 497
1700930 497
1700940 497
1700950 497
1700960 497
1700970 497
1700980 497
1700990 497
1701000 497
1701010 496
1701020 496
1701030 496
1701040 496
1701050 496
1701060 496
1701070 495
1701080 495
1701090 495
1701100 495
1701110 495
1701120 495
1701130 495
1701140 494
1701150 494
1701160 494
1701170 494
1701180 493
1701190 493
1701200 493
1701210 493
1701220 492
1701230 492
1701240 492
1701250 492
1701260 491
1701270 491
1701280 491
1701290 491
1701300 491
1701310 491
1701320 490
1701330 490
1701340 490
1701350 490
1701360 490
1701370 490
1701380 490
1701390 490
1701400 490
1701410 490
1701420 490
1701430 490
1701440 490
1701450 490
1701460 489
1701470 490
1701480 491
1701490 492
1701500 492
1701510 493
1701520 493
1701530 493
1701540 493
1701550 493
1701560 493
1701570 493
1701580 493
1701590 493
1701600 493
1701610 493
1701620 493
1701630 493
1701640 493
1701650 493
1701660 493
1701670 493
1701680 493
1701690 493
1701700 493
1701710 493
1701720 493
1701730 493
1701740 493
1701750 493
1701760 493
1701770 493
1701780 493
1701790 493
1701800 493
1701810 493
1701820 493
1701830 493
1701840 493
1701850 493
1701860 492
1701870 492
1701880 492
1701890 492
1701900 492
1701910 492
1701920 492
1701930 491
1701940 491
1701950 491
1701960 491
1701970 490
1701980 490
1701990 490
1702000 490
1702010 490
1702020 489
1702030 489
1702040 489
1702050 489
1702060 489
1702070 489
1702080 489
1702090 489
1702100 489
1702110 489
1702120 489
1702130 489
1702140 489
1702150 489
1702160 488
1702170 488
1702180 488
1702190 488
1702200 488
1702210 487
1702220 487
1702230 487
1702240 487
1702250 486
1702260 486
1702270 486
1702280 486
1702290 485
1702300 484
1702310 484
1702320 483
1702330 483
1702340 482
1702350 481
1702360 481
1702370 481
1702380 481
1702390 480
1702400 480
1702410 479
1702420 479
1702430 478
1702440 477
1702450 475
1702460 472
1702470 469
1702480 467
1702490 466
1702500 465
1702510 465
1702520 465
1702530 465
1702540 464
1702550 464
1702560 463
1702570 463
1702580 463
1702590 463
1702600 463
1702610 463
1702620 463
1702630 463
1702640 463
1702650 463
1702660 463
1702670 463
1702680 463
1702690 464
1702700 464
1702710 464
1702720 464
1702730 464
1702740 464
1702750 464
1702760 464
1702770 464
1702780 464
1702790 464
1702800 464
1702810 464
1702820 464
1702830 465
1702840 465
1702850 466
1702860 466
1702870 467
1702880 467
1702890 467
1702900 466
1702910 466
1702920 466
1702930 466
1702940 467
1702950 469
1702960 470
1702970 472
1702980 473
1702990 474
1703000 475
1703010 476
1703020 477
1703030 478
1703040 479
1703050 480
1703060 481
1703070 481
1703080 481
1703090 482
1703100 482
1703110 482
1703120 483
1703130 483
1703140 484
1703150 484
1703160 485
1703170 485
1703180 485
1703190 486
1703200 486
1703210 486
1703220 487
1703230 487
1703240 487
1703250 488
1703260 488
1703270 488
1703280 489
1703290 489
1703300 489
1703310 489
1703320 489
1703330 489
1703340 489
1703350 489
1703360 489
1703370 489
1703380 489
1703390 489
1703400 489
1703410 489
1703420 489
1703430 489
1703440 489
1703450 489
1703460 489
1703470 488
1703480 488
1703490 488
1703500 488
1703510 488
1703520 488
1703530 488
1703540 488
1703550 488
1703560 488
1703570 488
1703580 488
1703590 487
1703600 487
1703610 487
1703620 487
1703630 487
1703640 487
1703650 486
1703660 486
1703670 486
1703680 486
1703690 486
1703700 485
1703710 485
1703720 485
1703730 485
1703740 485
1703750 485
1703760 484
1703770 484
1703780 484
1703790 484
1703800 484
1703810 485
1703820 485
1703830 485
1703840 485
1703850 485
1703860 486
1703870 486
1703880 486
1703890 487
1703900 487
1703910 487
1703920 488
1703930 488
1703940 488
1703950 489
1703960 489
1703970 489
1703980 489
1703990 490
1704000 490
1704010 490
1704020 490
1704030 491
1704040 491
1704050 491
1704060 491
1704070 492
1704080 492
1704090 492
1704100 492
1704110 492
1704120 493
1704130 493
1704140 493
1704150 494
1704160 494
1704170 494
1704180 494
1704190 495
1704200 495
1704210 495
1704220 495
1704230 496
1704240 496
1704250 496
1704260 497
1704270 497
1704280 497
1704290 498
1704300 498
1704310 499
1704320 499
1704330 499
1704340 500
1704350 500
1704360 501
1704370 501
1704380 502
1704390 502
1704400 502
1704410 503
1704420 503
1704430 503
1704440 503
1704450 504
1704460 504
1704470 504
1704480 505
1704490 505
1704500 505
1704510 505
1704520 505
1704530 505
1704540 506
1704550 506
1704560 506
1704570 506
1704580 506
1704590 506
1704600 506
1704610 506
1704620 506
1704630 506
1704640 506
1704650 506
1704660 506
1704670 506
1704680 506
1704690 506
1704700 506
1704710 507
1704720 507
1704730 507
1704740 507
1704750 507
1704760 508
1704770 508
1704780 508
1704790 508
1704800 508
1704810 508
1704820 508
1704830 509
1704840 509
1704850 509
1704860 509
1704870 509
1704880 509
1704890 509
1704900 509
1704910 509
1704920 509
1704930 509
1704940 509
1704950 509
1704960 509
1704970 510
1704980 510
1704990 510
1705000 510
1705010 510
1705020 510
1705030 510
1705040 510
1705050 510
1705060 510
1705070 510
1705080 510
1705090 510
1705100 511
1705110 511
1705120 511
1705130 511
1705140 511
1705150 511
1705160 511
1705170 511
1705180 511
1705190 511
1705200 511
1705210 512
1705220 512
1705230 512
1705240 512
1705250 512
1705260 512
1705270 513
1705280 513
1705290 513
1705300 513
1705310 513
1705320 514
1705330 514
1705340 514
1705350 515
1705360 515
1705370 515
1705380 516
1705390 516
1705400 516
1705410 517
1705420 517
1705430 518
1705440 518
1705450 518
1705460 519
1705470 519
1705480 520
1705490 520
1705500 521
1705510 521
1705520 522
1705530 522
1705540 523
1705550 523
1705560 523
1705570 523
1705580 523
1705590 523
1705600 523
1705610 523
1705620 523
1705630 523
1705640 523
1705650 524
1705660 524
1705670 524
1705680 524
1705690 524
1705700 524
1705710 524
1705720 524
1705730 524
1705740 524
1705750 524
1705760 524
1705770 524
1705780 524
1705790 525
1705800 525
1705810 525
1705820 525
1705830 525
1705840 525
1705850 525
1705860 525
1705870 526
1705880 526
1705890 526
1705900 526
1705910 526
1705920 526
1705930 526
1705940 526
1705950 526
1705960 526
1705970 527
1705980 527
1705990 527
1706000 527
1706010 527
1706020 527
1706030 527
1706040 527
1706050 528
1706060 528
1706070 528
1706080 528
1706090 528
1706100 529
1706110 529
1706120 529
1706130 529
1706140 529
1706150 529
1706160 529
1706170 529
1706180 529
1706190 529
1706200 529
1706210 529
1706220 529
1706230 529
1706240 529
1706250 529
1706260 529
1706270 529
1706280 529
1706290 529
1706300 529
1706310 529
1706320 529
1706330 529
1706340 529
1706350 529
1706360 529
1706370 529
1706380 529
1706390 529
1706400 529
1706410 529
1706420 529
1706430 529
1706440 529
1706450 529
1706460 529
1706470 529
1706480 529
1706490 529
1706500 529
1706510 529
1706520 529
1706530 529
1706540 530
1706550 530
1706560 530
1706570 530
1706580 530
1706590 530
1706600 530
1706610 530
1706620 531
1706630 531
1706640 531
1706650 531
1706660 531
1706670 531
1706680 531
1706690 532
1706700 532
1706710 532
1706720 532
1706730 532
1706740 532
1706750 532
1706760 533
1706770 533
1706780 533
1706790 534
1706800 534
1706810 534
1706820 535
1706830 535
1706840 536
1706850 536
1706860 537
1706870 537
1706880 537
1706890 538
1706900 538
1706910 539
1706920 539
1706930 540
1706940 540
1706950 541
1706960 541
1706970 542
1706980 542
1706990 543
1707000 543
1707010 544
1707020 544
1707030 545
1707040 546
1707050 546
1707060 547
1707070 547
1707080 548
1707090 548
1707100 549
1707110 550
1707120 550
1707130 551
1707140 551
1707150 552
1707160 553
1707170 553
1707180 554
1707190 554
1707200 555
1707210 556
1707220 556
1707230 557
1707240 558
1707250 558
1707260 559
1707270 560
1707280 560
1707290 561
1707300 561
1707310 562
1707320 563
1707330 563
1707340 564
1707350 565
1707360 566
1707370 567
1707380 568
1707390 568
1707400 569
1707410 570
1707420 571
1707430 572
1707440 574
1707450 575
1707460 576
1707470 578
1707480 579
1707490 581
1707500 582
1707510 584
1707520 585
1707530 587
1707540 589
1707550 591
1707560 593
1707570 594
1707580 595
1707590 596
1707600 597
1707610 599
1707620 600
1707630 601
1707640 602
1707650 603
1707660 603
1707670 604
1707680 605
1707690 606
1707700 607
1707710 608
1707720 608
1707730 609
1707740 609
1707750 610
1707760 610
1707770 610
1707780 610
1707790 609
1707800 608
1707810 607
1707820 606
1707830 606
1707840 605
1707850 604
1707860 604
1707870 603
1707880 602
1707890 602
1707900 601
1707910 601
1707920 600
1707930 600
1707940 599
1707950 599
1707960 598
1707970 598
1707980 598
1707990 597
1708000 597
1708010 596
1708020 596
1708030 595
1708040 595
1708050 594
1708060 594
1708070 593
1708080 593
1708090 592
1708100 592
1708110 591
1708120 591
1708130 591
1708140 590
1708150 590
1708160 589
1708170 589
1708180 588
1708190 588
1708200 587
1708210 587
1708220 586
1708230 586
1708240 585
1708250 585
1708260 584
1708270 584
1708280 584
1708290 583
1708300 583
1708310 582
1708320 582
1708330 581
1708340 581
1708350 580
1708360 580
1708370 580
1708380 579
1708390 579
1708400 579
1708410 578
1708420 578
1708430 577
1708440 577
1708450 577
1708460 576
1708470 576
1708480 576
1708490 576
1708500 576
1708510 575
1708520 575
1708530 575
1708540 575
1708550 575
1708560 575
1708570 574
1708580 574
1708590 574
1708600 574
1708610 574
1708620 573
1708630 573
1708640 573
1708650 573
1708660 573
1708670 573
1708680 573
1708690 573
1708700 573
1708710 573
1708720 573
1708730 573
1708740 574
1708750 574
1708760 574
1708770 575
1708780 575
1708790 575
1708800 575
1708810 575
1708820 576
1708830 576
1708840 577
1708850 577
1708860 578
1708870 578
1708880 579
1708890 580
1708900 581
1708910 582
1708920 583
1708930 584
1708940 585
1708950 586
1708960 586
1708970 587
1708980 588
1708990 589
1709000 590
1709010 591
1709020 593
1709030 594
1709040 596
1709050 598
1709060 601
1709070 604
1709080 607
1709090 609
1709100 610
1709110 611
1709120 612
1709130 613
1709140 614
1709150 615
1709160 616
1709170 617
1709180 617
1709190 617
1709200 617
1709210 617
1709220 617
1709230 616
1709240 616
1709250 615
1709260 614
1709270 613
1709280 613
1709290 612
1709300 611
1709310 611
1709320 610
1709330 610
1709340 609
1709350 609
1709360 608
1709370 608
1709380 607
1709390 606
1709400 606
1709410 605
1709420 604
1709430 604
1709440 603
1709450 603
1709460 602
1709470 602
1709480 601
1709490 600
1709500 600
1709510 599
1709520 598
1709530 597
1709540 596
1709550 596
1709560 595
1709570 595
1709580 594
1709590 593
1709600 592
1709610 592
1709620 591
1709630 590
1709640 590
1709650 589
1709660 588
1709670 588
1709680 587
1709690 587
1709700 586
1709710 585
1709720 585
1709730 584
1709740 584
1709750 583
1709760 582
1709770 581
1709780 580
1709790 580
1709800 579
1709810 578
1709820 577
1709830 576
1709840 575
1709850 574
1709860 574
1709870 574
1709880 574
1709890 574
1709900 574
1709910 573
1709920 573
1709930 573
1709940 573
1709950 574
1709960 574
1709970 574
1709980 574
1709990 574
1710000 574
1710010 574
1710020 574
1710030 574
1710040 574
1710050 574
1710060 574
1710070 574
1710080 574
1710090 575
1710100 575
1710110 576
1710120 577
1710130 578
1710140 579
1710150 580
1710160 581
1710170 582
1710180 583
1710190 584
1710200 584
1710210 585
1710220 585
1710230 586
1710240 587
1710250 588
1710260 588
1710270 589
1710280 589
1710290 590
1710300 590
1710310 591
1710320 591
1710330 592
1710340 592
1710350 593
1710360 593
1710370 593
1710380 593
1710390 593
1710400 592
1710410 592
1710420 592
1710430 592
1710440 591
1710450 591
1710460 590
1710470 590
1710480 589
1710490 589
1710500 588
1710510 587
1710520 587
1710530 586
1710540 586
1710550 585
1710560 584
1710570 584
1710580 582
1710590 581
1710600 580
1710610 579
1710620 578
1710630 577
1710640 577
1710650 576
1710660 575
1710670 574
1710680 573
1710690 572
1710700 571
1710710 570
1710720 569
1710730 569
1710740 568
1710750 567
1710760 566
1710770 566
1710780 565
1710790 564
1710800 563
1710810 563
1710820 562
1710830 561
1710840 560
1710850 559
1710860 558
1710870 558
1710880 557
1710890 556
1710900 556
1710910 555
1710920 555
1710930 554
1710940 553
1710950 553
1710960 552
1710970 551
1710980 550
1710990 550
1711000 549
1711010 548
1711020 547
1711030 546
1711040 545
1711050 544
1711060 543
1711070 542
1711080 541
1711090 540
1711100 539
1711110 538
1711120 537
1711130 536
1711140 535
1711150 535
1711160 534
1711170 533
1711180 532
1711190 531
1711200 531
1711210 530
1711220 530
1711230 529
1711240 529
1711250 529
1711260 529
1711270 529
1711280 529
1711290 529
1711300 529
1711310 529
1711320 529
1711330 529
1711340 528
1711350 528
1711360 527
1711370 527
1711380 527
1711390 527
1711400 527
1711410 527
1711420 527
1711430 528
1711440 528
1711450 528
1711460 528
1711470 528
1711480 528
1711490 528
1711500 528
1711510 528
1711520 528
1711530 528
1711540 528
1711550 528
1711560 528
1711570 528
1711580 528
1711590 527
1711600 527
1711610 527
1711620 527
1711630 527
1711640 527
1711650 527
1711660 527
1711670 527
1711680 527
1711690 526
1711700 526
1711710 526
1711720 526
1711730 526
1711740 526
1711750 526
1711760 525
1711770 525
1711780 525
1711790 525
1711800 525
1711810 525
1711820 525
1711830 525
1711840 524
1711850 524
1711860 524
1711870 524
1711880 524
1711890 524
1711900 523
1711910 523
1711920 523
1711930 523
1711940 522
1711950 522
1711960 521
1711970 520
1711980 520
1711990 520
1712000 519
1712010 519
1712020 519
1712030 518
1712040 518
1712050 518
1712060 518
1712070 517
1712080 517
1712090 516
1712100 515
1712110 514
1712120 514
1712130 514
1712140 514
1712150 514
1712160 513
1712170 512
1712180 512
1712190 511
1712200 511
1712210 510
1712220 510
1712230 510
1712240 509
1712250 509
1712260 509
1712270 509
1712280 509
1712290 509
1712300 509
1712310 508
1712320 508
1712330 508
1712340 508
1712350 508
1712360 508
1712370 508
1712380 507
1712390 507
1712400 507
1712410 507
1712420 507
1712430 507
1712440 506
1712450 506
1712460 506
1712470 506
1712480 506
1712490 506
1712500 506
1712510 506
1712520 505
1712530 505
1712540 505
1712550 505
1712560 505
1712570 505
1712580 505
1712590 505
1712600 505
1712610 505
1712620 505
1712630 505
1712640 505
1712650 505
1712660 505
1712670 505
1712680 505
1712690 505
1712700 505
1712710 505
1712720 505
1712730 505
1712740 505
1712750 505
1712760 505
1712770 505
1712780 504
1712790 504
1712800 504
1712810 504
1712820 504
1712830 504
1712840 504
1712850 505
1712860 505
1712870 505
1712880 505
1712890 505
1712900 505
1712910 505
1712920 505
1712930 505
1712940 505
1712950 506
1712960 506
1712970 506
1712980 506
1712990 506
1713000 506
1713010 506
1713020 506
1713030 506
1713040 506
1713050 507
1713060 507
1713070 507
1713080 507
1713090 507
1713100 507
1713110 507
1713120 507
1713130 507
1713140 507
1713150 507
1713160 507
1713170 507
1713180 507
1713190 507
1713200 507
1713210 507
1713220 507
1713230 507
1713240 507
1713250 507
1713260 507
1713270 507
1713280 507
1713290 507
1713300 508
1713310 508
1713320 508
1713330 508
1713340 508
1713350 508
1713360 508
1713370 509
1713380 509
1713390 509
1713400 508
1713410 508
1713420 508
1713430 508
1713440 508
1713450 508
1713460 508
1713470 508
1713480 508
1713490 508
1713500 508
1713510 508
1713520 508
1713530 508
1713540 508
1713550 507
1713560 507
1713570 507
1713580 507
1713590 507
1713600 507
1713610 507
1713620 506
1713630 506
1713640 506
1713650 506
1713660 506
1713670 506
1713680 505
1713690 505
1713700 505
1713710 505
1713720 505
1713730 504
1713740 504
1713750 504
1713760 504
1713770 504
1713780 503
1713790 503
1713800 503
1713810 502
1713820 502
1713830 502
1713840 501
1713850 501
1713860 501
1713870 500
1713880 500
1713890 500
1713900 499
1713910 499
1713920 499
1713930 499
1713940 498
1713950 498
1713960 497
1713970 497
1713980 497
1713990 497
1714000 497
1714010 497
1714020 497
1714030 497
1714040 497
1714050 497
1714060 498
1714070 500
1714080 502
1714090 504
1714100 504
1714110 505
1714120 506
1714130 507
1714140 507
1714150 508
1714160 508
1714170 509
1714180 509
1714190 510
1714200 510
1714210 511
1714220 512
1714230 512
1714240 513
1714250 513
1714260 514
1714270 514
1714280 514
1714290 515
1714300 515
1714310 516
1714320 517
1714330 517
1714340 518
1714350 518
1714360 519
1714370 519
1714380 520
1714390 520
1714400 520
1714410 521
1714420 521
1714430 522
1714440 522
1714450 522
1714460 523
1714470 523
1714480 523
1714490 523
1714500 523
1714510 524
1714520 524
1714530 524
1714540 525
1714550 525
1714560 525
1714570 526
1714580 526
1714590 527
1714600 528
1714610 528
1714620 529
1714630 529
1714640 530
1714650 530
1714660 531
1714670 532
1714680 532
1714690 533
1714700 534
1714710 534
1714720 535
1714730 535
1714740 536
1714750 536
1714760 537
1714770 538
1714780 538
1714790 539
1714800 539
1714810 540
1714820 541
1714830 541
1714840 542
1714850 542
1714860 543
1714870 544
1714880 544
1714890 545
1714900 545
1714910 546
1714920 547
1714930 547
1714940 548
1714950 549
1714960 549
1714970 550
1714980 550
1714990 551
1715000 552
1715010 553
1715020 553
1715030 554
1715040 554
1715050 555
1715060 556
1715070 556
1715080 558
1715090 559
1715100 560
1715110 561
1715120 561
1715130 562
1715140 563
1715150 563
1715160 564
1715170 565
1715180 565
1715190 566
1715200 566
1715210 566
1715220 566
1715230 566
1715240 565
1715250 565
1715260 564
1715270 563
1715280 563
1715290 562
1715300 561
1715310 560
1715320 559
1715330 558
1715340 557
1715350 556
1715360 554
1715370 553
1715380 552
1715390 550
1715400 549
1715410 548
1715420 546
1715430 545
1715440 544
1715450 543
1715460 542
1715470 542
1715480 541
1715490 541
1715500 540
1715510 540
1715520 540
1715530 540
1715540 539
1715550 539
1715560 539
1715570 540
1715580 540
1715590 539
1715600 539
1715610 539
1715620 539
1715630 539
1715640 539
1715650 539
1715660 539
1715670 538
1715680 538
1715690 538
1715700 537
1715710 537
1715720 537
1715730 536
1715740 536
1715750 535
1715760 535
1715770 535
1715780 534
1715790 534
1715800 534
1715810 534
1715820 534
1715830 534
1715840 534
1715850 534
1715860 535
1715870 535
1715880 536
1715890 536
1715900 537
1715910 537
1715920 538
1715930 539
1715940 540
1715950 541
1715960 542
1715970 543
1715980 544
1715990 544
1716000 545
1716010 546
1716020 547
1716030 547
1716040 548
1716050 549
1716060 550
1716070 551
1716080 552
1716090 553
1716100 553
1716110 554
1716120 554
1716130 555
1716140 556
1716150 557
1716160 558
1716170 559
1716180 560
1716190 562
1716200 563
1716210 564
1716220 565
1716230 565
1716240 566
1716250 567
1716260 568
1716270 570
1716280 570
1716290 571
1716300 571
1716310 571
1716320 570
1716330 570
1716340 569
1716350 569
1716360 568
1716370 568
1716380 568
1716390 567
1716400 567
1716410 566
1716420 566
1716430 565
1716440 564
1716450 563
1716460 561
1716470 560
1716480 558
1716490 555
1716500 553
1716510 550
1716520 547
1716530 545
1716540 543
1716550 540
1716560 538
1716570 535
1716580 533
1716590 530
1716600 528
1716610 527
1716620 525
1716630 524
1716640 523
1716650 522
1716660 521
1716670 519
1716680 518
1716690 517
1716700 515
1716710 514
1716720 513
1716730 512
1716740 511
1716750 510
1716760 509
1716770 508
1716780 507
1716790 506
1716800 505
1716810 504
1716820 504
1716830 503
1716840 502
1716850 502
1716860 501
1716870 500
1716880 499
1716890 498
1716900 497
1716910 497
1716920 496
1716930 496
1716940 495
1716950 494
1716960 493
1716970 492
1716980 492
1716990 491
1717000 491
1717010 490
1717020 490
1717030 489
1717040 489
1717050 488
1717060 488
1717070 487
1717080 487
1717090 486
1717100 486
1717110 486
1717120 485
1717130 485
1717140 485
1717150 484
1717160 484
1717170 484
1717180 483
1717190 483
1717200 482
1717210 482
1717220 482
1717230 482
1717240 482
1717250 482
1717260 483
1717270 483
1717280 484
1717290 484
1717300 484
1717310 485
1717320 485
1717330 484
1717340 484
1717350 484
1717360 484
1717370 484
1717380 483
1717390 483
1717400 483
1717410 482
1717420 482
1717430 482
1717440 482
1717450 482
1717460 482
1717470 483
1717480 483
1717490 483
1717500 482
1717510 482
1717520 482
1717530 481
1717540 481
1717550 481
1717560 481
1717570 482
1717580 482
1717590 482
1717600 482
1717610 482
1717620 481
1717630 481
1717640 480
1717650 480
1717660 479
1717670 479
1717680 479
1717690 478
1717700 478
1717710 478
1717720 478
1717730 477
1717740 477
1717750 477
1717760 476
1717770 476
1717780 476
1717790 475
1717800 475
1717810 475
1717820 475
1717830 474
1717840 474
1717850 474
1717860 474
1717870 474
1717880 473
1717890 473
1717900 473
1717910 473
1717920 473
1717930 472
1717940 472
1717950 472
1717960 472
1717970 471
1717980 471
1717990 471
1718000 470
1718010 470
1718020 470
1718030 470
1718040 470
1718050 469
1718060 469
1718070 469
1718080 469
1718090 469
1718100 468
1718110 468
1718120 468
1718130 468
1718140 468
1718150 468
1718160 467
1718170 467
1718180 467
1718190 467
1718200 467
1718210 467
1718220 467
1718230 467
1718240 467
1718250 467
1718260 467
1718270 467
1718280 467
1718290 467
1718300 467
1718310 467
1718320 467
1718330 467
1718340 467
1718350 467
1718360 467
1718370 468
1718380 468
1718390 468
1718400 468
1718410 468
1718420 468
1718430 468
1718440 468
1718450 468
1718460 468
1718470 468
1718480 468
1718490 468
1718500 468
1718510 468
1718520 467
1718530 467
1718540 467
1718550 467
1718560 467
1718570 467
1718580 467
1718590 467
1718600 467
1718610 466
1718620 466
1718630 466
1718640 466
1718650 466
1718660 466
1718670 466
1718680 466
1718690 466
1718700 465
1718710 465
1718720 465
1718730 465
1718740 465
1718750 465
1718760 465
1718770 465
1718780 464
1718790 464
1718800 464
1718810 464
1718820 463
1718830 463
1718840 463
1718850 462
1718860 462
1718870 461
1718880 460
1718890 459
1718900 458
1718910 457
1718920 456
1718930 454
1718940 452
1718950 450
1718960 449
1718970 448
1718980 449
1718990 450
1719000 450
1719010 451
1719020 451
1719030 452
1719040 452
1719050 452
1719060 453
1719070 452
1719080 452
1719090 452
1719100 451
1719110 451
1719120 451
1719130 451
1719140 451
1719150 450
1719160 451
1719170 451
1719180 451
1719190 452
1719200 452
1719210 453
1719220 453
1719230 454
1719240 454
1719250 455
1719260 455
1719270 455
1719280 455
1719290 455
1719300 455
1719310 455
1719320 455
1719330 455
1719340 455
1719350 455
1719360 455
1719370 455
1719380 455
1719390 455
1719400 455
1719410 455
1719420 455
1719430 455
1719440 455
1719450 455
1719460 455
1719470 456
1719480 456
1719490 457
1719500 457
1719510 457
1719520 458
1719530 458
1719540 459
1719550 459
1719560 459
1719570 459
1719580 459
1719590 459
1719600 459
1719610 459
1719620 458
1719630 458
1719640 458
1719650 458
1719660 458
1719670 458
1719680 458
1719690 458
1719700 458
1719710 458
1719720 458
1719730 458
1719740 457
1719750 457
1719760 457
1719770 457
1719780 457
1719790 457
1719800 457
1719810 457
1719820 457
1719830 457
1719840 457
1719850 457
1719860 456
1719870 456
1719880 456
1719890 456
1719900 456
1719910 456
1719920 455
1719930 455
1719940 455
1719950 455
1719960 454
1719970 454
1719980 453
1719990 453
