1700000 519
1700010 520
1700020 520
1700030 520
1700040 520
1700050 521
1700060 521
1700070 521
1700080 521
1700090 522
1700100 522
1700110 522
1700120 523
1700130 523
1700140 523
1700150 523
1700160 524
1700170 524
1700180 524
1700190 524
1700200 525
1700210 525
1700220 525
1700230 525
1700240 526
1700250 526
1700260 526
1700270 526
1700280 527
1700290 527
1700300 527
1700310 527
1700320 527
1700330 528
1700340 528
1700350 528
1700360 528
1700370 529
1700380 529
1700390 529
1700400 529
1700410 529
1700420 530
1700430 530
1700440 530
1700450 530
1700460 530
1700470 531
1700480 531
1700490 531
1700500 531
1700510 531
1700520 531
1700530 531
1700540 531
1700550 532
1700560 532
1700570 532
1700580 532
1700590 532
1700600 532
1700610 532
1700620 532
1700630 532
1700640 532
1700650 532
1700660 532
1700670 532
1700680 532
1700690 532
1700700 532
1700710 532
1700720 532
1700730 532
1700740 532
1700750 532
1700760 532
1700770 532
1700780 532
1700790 532
1700800 532
1700810 531
1700820 531
1700830 531
1700840 531
1700850 531
1700860 531
1700870 531
1700880 530
1700890 530
1700900 530
1700910 530
1700920 529
1700930 529
1700940 529
1700950 528
1700960 528
1700970 528
1700980 528
1700990 528
1701000 527
1701010 527
1701020 526
1701030 526
1701040 525
1701050 525
1701060 524
1701070 524
1701080 523
1701090 522
1701100 522
1701110 521
1701120 521
1701130 520
1701140 519
1701150 518
1701160 517
1701170 516
1701180 515
1701190 515
1701200 514
1701210 514
1701220 513
1701230 513
1701240 512
1701250 512
1701260 512
1701270 512
1701280 512
1701290 511
1701300 511
1701310 511
1701320 510
1701330 510
1701340 509
1701350 509
1701360 508
1701370 508
1701380 507
1701390 507
1701400 506
1701410 506
1701420 505
1701430 505
1701440 504
1701450 504
1701460 504
1701470 503
1701480 503
1701490 502
1701500 502
1701510 502
1701520 501
1701530 501
1701540 500
1701550 500
1701560 499
1701570 499
1701580 499
1701590 498
1701600 498
1701610 497
1701620 497
1701630 497
1701640 497
1701650 496
1701660 496
1701670 496
1701680 496
1701690 495
1701700 495
1701710 495
1701720 495
1701730 495
1701740 494
1701750 494
1701760 494
1701770 494
1701780 494
1701790 494
1701800 493
1701810 493
1701820 493
1701830 493
1701840 493
1701850 493
1701860 492
1701870 492
1701880 492
1701890 492
1701900 492
1701910 491
1701920 491
1701930 491
1701940 491
1701950 491
1701960 491
1701970 490
1701980 490
1701990 490
1702000 490
1702010 490
1702020 490
1702030 490
1702040 490
1702050 490
1702060 489
1702070 489
1702080 489
1702090 489
1702100 489
1702110 489
1702120 489
1702130 489
1702140 488
1702150 488
1702160 488
1702170 488
1702180 488
1702190 488
1702200 488
1702210 488
1702220 488
1702230 487
1702240 487
1702250 487
1702260 487
1702270 487
1702280 487
1702290 487
1702300 487
1702310 487
1702320 486
1702330 486
1702340 486
1702350 486
1702360 486
1702370 486
1702380 486
1702390 486
1702400 486
1702410 485
1702420 485
1702430 485
1702440 485
1702450 485
1702460 485
1702470 484
1702480 484
1702490 484
1702500 484
1702510 484
1702520 483
1702530 483
1702540 483
1702550 483
1702560 482
1702570 482
1702580 482
1702590 481
1702600 481
1702610 481
1702620 481
1702630 481
1702640 480
1702650 480
1702660 480
1702670 480
1702680 480
1702690 480
1702700 480
1702710 480
1702720 480
1702730 480
1702740 480
1702750 480
1702760 480
1702770 480
1702780 479
1702790 479
1702800 479
1702810 479
1702820 479
1702830 479
1702840 479
1702850 479
1702860 479
1702870 478
1702880 478
1702890 477
1702900 476
1702910 476
1702920 476
1702930 476
1702940 476
1702950 476
1702960 475
1702970 475
1702980 474
1702990 473
1703000 473
1703010 472
1703020 471
1703030 470
1703040 469
1703050 469
1703060 468
1703070 468
1703080 467
1703090 467
1703100 467
1703110 466
1703120 466
1703130 466
1703140 465
1703150 465
1703160 464
1703170 464
1703180 463
1703190 463
1703200 462
1703210 462
1703220 462
1703230 462
1703240 462
1703250 462
1703260 462
1703270 462
1703280 462
1703290 462
1703300 462
1703310 462
1703320 462
1703330 462
1703340 462
1703350 462
1703360 462
1703370 462
1703380 462
1703390 462
1703400 462
1703410 462
1703420 462
1703430 462
1703440 462
1703450 462
1703460 462
1703470 462
1703480 462
1703490 462
1703500 462
1703510 462
1703520 462
1703530 462
1703540 462
1703550 462
1703560 462
1703570 462
1703580 462
1703590 464
1703600 467
1703610 470
1703620 473
1703630 475
1703640 476
1703650 477
1703660 478
1703670 479
1703680 479
1703690 479
1703700 479
1703710 480
1703720 481
1703730 481
1703740 482
1703750 482
1703760 483
1703770 483
1703780 484
1703790 484
1703800 485
1703810 485
1703820 485
1703830 485
1703840 486
1703850 485
1703860 485
1703870 485
1703880 485
1703890 485
1703900 485
1703910 485
1703920 485
1703930 485
1703940 486
1703950 486
1703960 486
1703970 486
1703980 487
1703990 487
1704000 487
1704010 488
1704020 488
1704030 488
1704040 489
1704050 489
1704060 489
1704070 489
1704080 489
1704090 490
1704100 490
1704110 490
1704120 491
1704130 491
1704140 491
1704150 492
1704160 492
1704170 493
1704180 493
1704190 493
1704200 494
1704210 494
1704220 494
1704230 495
1704240 495
1704250 496
1704260 496
1704270 496
1704280 496
1704290 497
1704300 497
1704310 497
1704320 497
1704330 497
1704340 498
1704350 498
1704360 498
1704370 498
1704380 499
1704390 499
1704400 500
1704410 500
1704420 500
1704430 499
1704440 500
1704450 501
1704460 501
1704470 501
1704480 502
1704490 502
1704500 502
1704510 503
1704520 503
1704530 504
1704540 504
1704550 504
1704560 505
1704570 505
1704580 505
1704590 505
1704600 506
1704610 506
1704620 506
1704630 506
1704640 507
1704650 507
1704660 507
1704670 507
1704680 508
1704690 508
1704700 509
1704710 509
1704720 509
1704730 510
1704740 510
1704750 511
1704760 511
1704770 511
1704780 512
1704790 512
1704800 513
1704810 513
1704820 514
1704830 514
1704840 515
1704850 515
1704860 515
1704870 516
1704880 516
1704890 517
1704900 517
1704910 517
1704920 518
1704930 518
1704940 518
1704950 519
1704960 519
1704970 519
1704980 519
1704990 519
1705000 520
1705010 520
1705020 520
1705030 520
1705040 520
1705050 521
1705060 521
1705070 521
1705080 521
1705090 521
1705100 522
1705110 522
1705120 522
1705130 522
1705140 523
1705150 523
1705160 523
1705170 523
1705180 523
1705190 524
1705200 524
1705210 524
1705220 525
1705230 525
1705240 525
1705250 525
1705260 526
1705270 526
1705280 526
1705290 526
1705300 526
1705310 527
1705320 527
1705330 527
1705340 527
1705350 527
1705360 527
1705370 527
1705380 527
1705390 528
1705400 528
1705410 528
1705420 528
1705430 528
1705440 528
1705450 528
1705460 528
1705470 529
1705480 529
1705490 529
1705500 529
1705510 530
1705520 530
1705530 531
1705540 531
1705550 532
1705560 533
1705570 533
1705580 533
1705590 534
1705600 534
1705610 534
1705620 535
1705630 535
1705640 536
1705650 536
1705660 537
1705670 537
1705680 538
1705690 538
1705700 539
1705710 540
1705720 540
1705730 541
1705740 542
1705750 543
1705760 544
1705770 545
1705780 546
1705790 547
1705800 548
1705810 549
1705820 550
1705830 551
1705840 551
1705850 552
1705860 552
1705870 553
1705880 553
1705890 553
1705900 554
1705910 554
1705920 554
1705930 554
1705940 555
1705950 555
1705960 554
1705970 554
1705980 554
1705990 554
1706000 554
1706010 554
1706020 554
1706030 554
1706040 554
1706050 554
1706060 554
1706070 554
1706080 554
1706090 555
1706100 555
1706110 555
1706120 555
1706130 555
1706140 555
1706150 556
1706160 556
1706170 556
1706180 556
1706190 556
1706200 556
1706210 557
1706220 557
1706230 557
1706240 557
1706250 557
1706260 557
1706270 558
1706280 558
1706290 558
1706300 558
1706310 558
1706320 558
1706330 559
1706340 559
1706350 559
1706360 559
1706370 559
1706380 559
1706390 559
1706400 559
1706410 559
1706420 559
1706430 560
1706440 560
1706450 560
1706460 560
1706470 560
1706480 560
1706490 560
1706500 560
1706510 560
1706520 560
1706530 559
1706540 559
1706550 559
1706560 559
1706570 559
1706580 559
1706590 559
1706600 559
1706610 558
1706620 558
1706630 558
1706640 558
1706650 558
1706660 558
1706670 558
1706680 558
1706690 558
1706700 557
1706710 557
1706720 557
1706730 557
1706740 557
1706750 557
1706760 557
1706770 558
1706780 558
1706790 558
1706800 558
1706810 558
1706820 558
1706830 558
1706840 558
1706850 558
1706860 558
1706870 557
1706880 557
1706890 557
1706900 557
1706910 557
1706920 557
1706930 556
1706940 556
1706950 556
1706960 556
1706970 555
1706980 555
1706990 555
1707000 555
1707010 555
1707020 555
1707030 555
1707040 555
1707050 555
1707060 555
1707070 555
1707080 555
1707090 555
1707100 554
1707110 554
1707120 554
1707130 554
1707140 554
1707150 554
1707160 554
1707170 554
1707180 554
1707190 554
1707200 554
1707210 555
1707220 555
1707230 555
1707240 555
1707250 555
1707260 555
1707270 555
1707280 555
1707290 556
1707300 556
1707310 556
1707320 556
1707330 556
1707340 556
1707350 556
1707360 556
1707370 556
1707380 556
1707390 557
1707400 557
1707410 557
1707420 557
1707430 557
1707440 557
1707450 557
1707460 557
1707470 557
1707480 557
1707490 557
1707500 558
1707510 558
1707520 558
1707530 559
1707540 559
1707550 559
1707560 560
1707570 560
1707580 560
1707590 561
1707600 561
1707610 562
1707620 562
1707630 562
1707640 563
1707650 563
1707660 564
1707670 564
1707680 565
1707690 565
1707700 565
1707710 566
1707720 566
1707730 566
1707740 567
1707750 567
1707760 567
1707770 567
1707780 567
1707790 568
1707800 568
1707810 568
1707820 568
1707830 568
1707840 568
1707850 569
1707860 569
1707870 569
1707880 569
1707890 569
1707900 570
1707910 570
1707920 570
1707930 570
1707940 570
1707950 570
1707960 570
1707970 570
1707980 570
1707990 571
1708000 571
1708010 571
1708020 571
1708030 571
1708040 571
1708050 571
1708060 571
1708070 571
1708080 571
1708090 571
1708100 571
1708110 571
1708120 571
1708130 571
1708140 571
1708150 571
1708160 571
1708170 571
1708180 571
1708190 571
1708200 571
1708210 571
1708220 571
1708230 571
1708240 571
1708250 570
1708260 570
1708270 570
1708280 570
1708290 570
1708300 570
1708310 569
1708320 569
1708330 569
1708340 568
1708350 568
1708360 568
1708370 568
1708380 568
1708390 567
1708400 567
1708410 567
1708420 567
1708430 567
1708440 567
1708450 567
1708460 567
1708470 567
1708480 566
1708490 566
1708500 566
1708510 565
1708520 565
1708530 565
1708540 565
1708550 565
1708560 565
1708570 565
1708580 565
1708590 565
1708600 565
1708610 564
1708620 564
1708630 564
1708640 564
1708650 564
1708660 564
1708670 563
1708680 563
1708690 563
1708700 563
1708710 563
1708720 563
1708730 562
1708740 562
1708750 562
1708760 562
1708770 562
1708780 561
1708790 561
1708800 561
1708810 561
1708820 561
1708830 560
1708840 560
1708850 560
1708860 559
1708870 559
1708880 559
1708890 558
1708900 557
1708910 556
1708920 556
1708930 556
1708940 556
1708950 556
1708960 556
1708970 555
1708980 555
1708990 555
1709000 555
1709010 554
1709020 554
1709030 555
1709040 555
1709050 555
1709060 555
1709070 555
1709080 555
1709090 555
1709100 556
1709110 556
1709120 556
1709130 556
1709140 557
1709150 557
1709160 557
1709170 557
1709180 557
1709190 558
1709200 558
1709210 558
1709220 558
1709230 559
1709240 559
1709250 559
1709260 559
1709270 560
1709280 560
1709290 560
1709300 560
1709310 560
1709320 560
1709330 561
1709340 561
1709350 561
1709360 561
1709370 561
1709380 562
1709390 562
1709400 562
1709410 562
1709420 562
1709430 562
1709440 562
1709450 562
1709460 563
1709470 563
1709480 563
1709490 563
1709500 564
1709510 564
1709520 564
1709530 564
1709540 564
1709550 565
1709560 565
1709570 565
1709580 565
1709590 565
1709600 565
1709610 566
1709620 566
1709630 566
1709640 566
1709650 566
1709660 566
1709670 566
1709680 566
1709690 567
1709700 567
1709710 567
1709720 567
1709730 567
1709740 567
1709750 566
1709760 566
1709770 566
1709780 566
1709790 566
1709800 566
1709810 566
1709820 566
1709830 566
1709840 566
1709850 566
1709860 565
1709870 565
1709880 565
1709890 565
1709900 565
1709910 564
1709920 564
1709930 564
1709940 563
1709950 563
1709960 562
1709970 562
1709980 561
1709990 561
1710000 560
1710010 560
1710020 559
1710030 559
1710040 558
1710050 557
1710060 557
1710070 556
1710080 555
1710090 555
1710100 554
1710110 553
1710120 552
1710130 551
1710140 550
1710150 550
1710160 549
1710170 548
1710180 547
1710190 546
1710200 545
1710210 545
1710220 544
1710230 543
1710240 543
1710250 542
1710260 542
1710270 541
1710280 541
1710290 541
1710300 540
1710310 540
1710320 540
1710330 539
1710340 538
1710350 537
1710360 537
1710370 537
1710380 537
1710390 537
1710400 537
1710410 537
1710420 537
1710430 537
1710440 538
1710450 538
1710460 539
1710470 539
1710480 540
1710490 540
1710500 541
1710510 541
1710520 542
1710530 542
1710540 543
1710550 543
1710560 543
1710570 543
1710580 543
1710590 543
1710600 543
1710610 543
1710620 543
1710630 543
1710640 543
1710650 543
1710660 543
1710670 543
1710680 543
1710690 543
1710700 543
1710710 543
1710720 543
1710730 542
1710740 542
1710750 542
1710760 542
1710770 542
1710780 541
1710790 541
1710800 541
1710810 541
1710820 541
1710830 541
1710840 540
1710850 540
1710860 540
1710870 540
1710880 539
1710890 539
1710900 539
1710910 539
1710920 539
1710930 539
1710940 538
1710950 538
1710960 538
1710970 537
1710980 537
1710990 537
1711000 536
1711010 536
1711020 536
1711030 535
1711040 535
1711050 535
1711060 534
1711070 534
1711080 534
1711090 533
1711100 533
1711110 533
1711120 533
1711130 532
1711140 532
1711150 532
1711160 531
1711170 531
1711180 531
1711190 531
1711200 530
1711210 530
1711220 530
1711230 529
1711240 529
1711250 529
1711260 529
1711270 528
1711280 528
1711290 528
1711300 528
1711310 527
1711320 527
1711330 527
1711340 527
1711350 527
1711360 526
1711370 526
1711380 526
1711390 526
1711400 526
1711410 526
1711420 526
1711430 525
1711440 525
1711450 525
1711460 525
1711470 524
1711480 524
1711490 524
1711500 524
1711510 524
1711520 524
1711530 524
1711540 524
1711550 524
1711560 524
1711570 524
1711580 523
1711590 523
1711600 524
1711610 524
1711620 524
1711630 524
1711640 524
1711650 524
1711660 525
1711670 525
1711680 525
1711690 525
1711700 525
1711710 525
1711720 525
1711730 526
1711740 526
1711750 526
1711760 526
1711770 526
1711780 526
1711790 526
1711800 526
1711810 526
1711820 526
1711830 526
1711840 526
1711850 527
1711860 527
1711870 527
1711880 527
1711890 527
1711900 527
1711910 527
1711920 527
1711930 527
1711940 527
1711950 527
1711960 527
1711970 528
1711980 527
1711990 527
1712000 527
1712010 528
1712020 528
1712030 528
1712040 528
1712050 528
1712060 528
1712070 528
1712080 528
1712090 527
1712100 527
1712110 527
1712120 527
1712130 527
1712140 527
1712150 527
1712160 527
1712170 526
1712180 526
1712190 526
1712200 526
1712210 526
1712220 526
1712230 525
1712240 525
1712250 525
1712260 525
1712270 524
1712280 524
1712290 524
1712300 524
1712310 523
1712320 523
1712330 523
1712340 522
1712350 522
1712360 522
1712370 522
1712380 522
1712390 522
1712400 521
1712410 521
1712420 521
1712430 521
1712440 521
1712450 520
1712460 520
1712470 520
1712480 520
1712490 520
1712500 520
1712510 519
1712520 519
1712530 519
1712540 518
1712550 518
1712560 518
1712570 518
1712580 517
1712590 517
1712600 517
1712610 516
1712620 516
1712630 516
1712640 515
1712650 515
1712660 515
1712670 514
1712680 514
1712690 514
1712700 513
1712710 513
1712720 513
1712730 512
1712740 512
1712750 511
1712760 511
1712770 510
1712780 510
1712790 510
1712800 510
1712810 510
1712820 510
1712830 510
1712840 509
1712850 509
1712860 509
1712870 508
1712880 508
1712890 508
1712900 508
1712910 507
1712920 507
1712930 507
1712940 506
1712950 506
1712960 506
1712970 506
1712980 505
1712990 505
1713000 505
1713010 505
1713020 504
1713030 504
1713040 504
1713050 503
1713060 503
1713070 503
1713080 503
1713090 502
1713100 502
1713110 502
1713120 502
1713130 501
1713140 501
1713150 501
1713160 501
1713170 500
1713180 500
1713190 500
1713200 500
1713210 499
1713220 499
1713230 499
1713240 499
1713250 499
1713260 498
1713270 498
1713280 498
1713290 498
1713300 497
1713310 497
1713320 497
1713330 497
1713340 496
1713350 496
1713360 496
1713370 496
1713380 495
1713390 495
1713400 495
1713410 495
1713420 495
1713430 495
1713440 495
1713450 495
1713460 495
1713470 495
1713480 495
1713490 495
1713500 494
1713510 494
1713520 494
1713530 494
1713540 494
1713550 494
1713560 494
1713570 494
1713580 494
1713590 494
1713600 493
1713610 493
1713620 493
1713630 493
1713640 493
1713650 493
1713660 493
1713670 493
1713680 493
1713690 492
1713700 492
1713710 492
1713720 492
1713730 492
1713740 492
1713750 492
1713760 492
1713770 491
1713780 491
1713790 491
1713800 491
1713810 491
1713820 491
1713830 491
1713840 491
1713850 491
1713860 491
1713870 491
1713880 491
1713890 491
1713900 490
1713910 490
1713920 490
1713930 490
1713940 490
1713950 490
1713960 490
1713970 490
1713980 490
1713990 490
1714000 490
1714010 490
1714020 490
1714030 490
1714040 490
1714050 490
1714060 490
1714070 490
1714080 490
1714090 490
1714100 490
1714110 490
1714120 490
1714130 490
1714140 490
1714150 490
1714160 490
1714170 490
1714180 490
1714190 490
1714200 490
1714210 490
1714220 490
1714230 491
1714240 491
1714250 491
1714260 491
1714270 491
1714280 491
1714290 491
1714300 491
1714310 491
1714320 492
1714330 492
1714340 492
1714350 492
1714360 492
1714370 492
1714380 492
1714390 492
1714400 493
1714410 493
1714420 493
1714430 493
1714440 493
1714450 494
1714460 494
1714470 494
1714480 494
1714490 494
1714500 495
1714510 495
1714520 495
1714530 495
1714540 496
1714550 496
1714560 496
1714570 497
1714580 497
1714590 497
1714600 497
1714610 498
1714620 498
1714630 498
1714640 499
1714650 499
1714660 499
1714670 499
1714680 499
1714690 500
1714700 500
1714710 500
1714720 500
1714730 499
1714740 499
1714750 499
1714760 499
1714770 499
1714780 500
1714790 500
1714800 500
1714810 500
1714820 500
1714830 500
1714840 500
1714850 500
1714860 500
1714870 500
1714880 500
1714890 500
1714900 500
1714910 500
1714920 500
1714930 500
1714940 500
1714950 499
1714960 499
1714970 499
1714980 499
1714990 499
1715000 498
1715010 498
1715020 498
1715030 498
1715040 497
1715050 497
1715060 497
1715070 497
1715080 497
1715090 497
1715100 496
1715110 496
1715120 496
1715130 495
1715140 495
1715150 495
1715160 495
1715170 494
1715180 494
1715190 494
1715200 493
1715210 493
1715220 492
1715230 492
1715240 492
1715250 491
1715260 491
1715270 491
1715280 490
1715290 490
1715300 489
1715310 488
1715320 488
1715330 487
1715340 486
1715350 486
1715360 485
1715370 485
1715380 484
1715390 484
1715400 483
1715410 483
1715420 482
1715430 482
1715440 482
1715450 481
1715460 481
1715470 480
1715480 479
1715490 479
1715500 479
1715510 479
1715520 479
1715530 479
1715540 479
1715550 479
1715560 479
1715570 479
1715580 480
1715590 480
1715600 481
1715610 481
1715620 481
1715630 482
1715640 483
1715650 483
1715660 484
1715670 485
1715680 486
1715690 487
1715700 489
1715710 492
1715720 494
1715730 497
1715740 500
1715750 503
1715760 506
1715770 509
1715780 512
1715790 514
1715800 515
1715810 517
1715820 518
1715830 519
1715840 521
1715850 522
1715860 524
1715870 525
1715880 527
1715890 528
1715900 530
1715910 532
1715920 534
1715930 536
1715940 538
1715950 539
1715960 541
1715970 542
1715980 544
1715990 545
1716000 547
1716010 548
1716020 551
1716030 553
1716040 555
1716050 558
1716060 561
1716070 563
1716080 565
1716090 566
1716100 567
1716110 569
1716120 570
1716130 571
1716140 572
1716150 573
1716160 574
1716170 575
1716180 577
1716190 579
1716200 580
1716210 581
1716220 583
1716230 586
1716240 587
1716250 589
1716260 590
1716270 591
1716280 591
1716290 592
1716300 593
1716310 595
1716320 597
1716330 599
1716340 600
1716350 600
1716360 597
1716370 594
1716380 591
1716390 590
1716400 588
1716410 586
1716420 584
1716430 582
1716440 581
1716450 579
1716460 577
1716470 576
1716480 575
1716490 573
1716500 572
1716510 570
1716520 569
1716530 567
1716540 565
1716550 563
1716560 560
1716570 558
1716580 555
1716590 551
1716600 547
1716610 544
1716620 541
1716630 538
1716640 536
1716650 534
1716660 532
1716670 530
1716680 528
1716690 526
1716700 524
1716710 523
1716720 521
1716730 520
1716740 518
1716750 517
1716760 516
1716770 514
1716780 513
1716790 512
1716800 511
1716810 510
1716820 508
1716830 507
1716840 506
1716850 505
1716860 504
1716870 503
1716880 502
1716890 501
1716900 500
1716910 499
1716920 498
1716930 497
1716940 496
1716950 495
1716960 494
1716970 493
1716980 492
1716990 491
1717000 490
1717010 489
1717020 488
1717030 487
1717040 486
1717050 485
1717060 484
1717070 483
1717080 482
1717090 482
1717100 481
1717110 480
1717120 479
1717130 478
1717140 478
1717150 477
1717160 476
1717170 475
1717180 475
1717190 474
1717200 473
1717210 472
1717220 472
1717230 471
1717240 471
1717250 470
1717260 470
1717270 469
1717280 469
1717290 468
1717300 467
1717310 467
1717320 466
1717330 466
1717340 465
1717350 465
1717360 465
1717370 464
1717380 464
1717390 463
1717400 463
1717410 462
1717420 462
1717430 462
1717440 461
1717450 461
1717460 461
1717470 460
1717480 460
1717490 460
1717500 459
1717510 459
1717520 459
1717530 459
1717540 459
1717550 459
1717560 459
1717570 459
1717580 459
1717590 459
1717600 458
1717610 457
1717620 457
1717630 457
1717640 457
1717650 456
1717660 456
1717670 456
1717680 456
1717690 456
1717700 456
1717710 456
1717720 456
1717730 456
1717740 456
1717750 455
1717760 455
1717770 455
1717780 455
1717790 455
1717800 455
1717810 455
1717820 455
1717830 455
1717840 455
1717850 454
1717860 454
1717870 454
1717880 454
1717890 454
1717900 454
1717910 454
1717920 454
1717930 454
1717940 454
1717950 454
1717960 454
1717970 454
1717980 454
1717990 454
1718000 453
1718010 453
1718020 453
1718030 453
1718040 452
1718050 450
1718060 448
1718070 446
1718080 444
1718090 442
1718100 441
1718110 439
1718120 438
1718130 435
1718140 434
1718150 435
1718160 437
1718170 439
1718180 441
1718190 443
1718200 445
1718210 447
1718220 449
1718230 451
1718240 452
1718250 452
1718260 452
1718270 452
1718280 452
1718290 452
1718300 452
1718310 451
1718320 451
1718330 450
1718340 450
1718350 449
1718360 449
1718370 448
1718380 448
1718390 447
1718400 447
1718410 446
1718420 446
1718430 445
1718440 445
1718450 444
1718460 443
1718470 442
1718480 441
1718490 440
1718500 439
1718510 438
1718520 436
1718530 435
1718540 433
1718550 431
1718560 428
1718570 424
1718580 421
1718590 418
1718600 417
1718610 417
1718620 417
1718630 417
1718640 417
1718650 417
1718660 416
1718670 416
1718680 416
1718690 416
1718700 416
1718710 417
1718720 417
1718730 417
1718740 417
1718750 417
1718760 417
1718770 417
1718780 417
1718790 418
1718800 418
1718810 418
1718820 418
1718830 418
1718840 418
1718850 418
1718860 418
1718870 418
1718880 418
1718890 418
1718900 418
1718910 418
1718920 418
1718930 418
1718940 418
1718950 419
1718960 419
1718970 419
1718980 419
1718990 419
1719000 419
1719010 419
1719020 419
1719030 419
1719040 419
1719050 419
1719060 419
1719070 419
1719080 419
1719090 419
1719100 419
1719110 419
1719120 419
1719130 419
1719140 419
1719150 419
1719160 419
1719170 420
1719180 420
1719190 420
1719200 420
1719210 420
1719220 420
1719230 420
1719240 420
1719250 421
1719260 421
1719270 421
1719280 422
1719290 423
1719300 423
1719310 424
1719320 425
1719330 425
1719340 425
1719350 425
1719360 426
1719370 426
1719380 426
1719390 427
1719400 427
1719410 427
1719420 428
1719430 428
1719440 428
1719450 428
1719460 429
1719470 429
1719480 430
1719490 430
1719500 430
1719510 430
1719520 430
1719530 430
1719540 430
1719550 431
1719560 431
1719570 431
1719580 431
1719590 432
1719600 432
1719610 432
1719620 433
1719630 433
1719640 433
1719650 433
1719660 433
1719670 434
1719680 434
1719690 434
1719700 434
1719710 434
1719720 434
1719730 434
1719740 434
1719750 434
1719760 434
1719770 434
1719780 435
1719790 435
1719800 435
1719810 435
1719820 436
1719830 436
1719840 436
1719850 437
1719860 437
1719870 437
1719880 438
1719890 438
1719900 438
1719910 438
1719920 439
1719930 439
1719940 439
1719950 440
1719960 440
1719970 440
1719980 440
1719990 441
