1700000 521
1700010 522
1700020 522
1700030 522
1700040 522
1700050 522
1700060 523
1700070 523
1700080 523
1700090 523
1700100 523
1700110 524
1700120 524
1700130 524
1700140 524
1700150 524
1700160 525
1700170 525
1700180 525
1700190 525
1700200 526
1700210 526
1700220 526
1700230 526
1700240 526
1700250 527
1700260 527
1700270 527
1700280 527
1700290 527
1700300 527
1700310 528
1700320 528
1700330 528
1700340 528
1700350 528
1700360 528
1700370 529
1700380 529
1700390 529
1700400 529
1700410 529
1700420 529
1700430 529
1700440 530
1700450 530
1700460 530
1700470 530
1700480 530
1700490 530
1700500 530
1700510 530
1700520 530
1700530 531
1700540 531
1700550 531
1700560 531
1700570 531
1700580 531
1700590 531
1700600 531
1700610 531
1700620 531
1700630 531
1700640 531
1700650 531
1700660 530
1700670 530
1700680 530
1700690 530
1700700 530
1700710 530
1700720 530
1700730 530
1700740 530
1700750 530
1700760 529
1700770 529
1700780 529
1700790 529
1700800 529
1700810 528
1700820 528
1700830 528
1700840 527
1700850 527
1700860 527
1700870 526
1700880 526
1700890 526
1700900 526
1700910 525
1700920 525
1700930 525
1700940 524
1700950 524
1700960 523
1700970 523
1700980 522
1700990 522
1701000 521
1701010 521
1701020 520
1701030 520
1701040 519
1701050 518
1701060 518
1701070 517
1701080 515
1701090 513
1701100 512
1701110 511
1701120 510
1701130 510
1701140 509
1701150 509
1701160 509
1701170 508
1701180 508
1701190 508
1701200 508
1701210 508
1701220 508
1701230 508
1701240 508
1701250 508
1701260 508
1701270 508
1701280 508
1701290 509
1701300 509
1701310 509
1701320 508
1701330 508
1701340 508
1701350 508
1701360 508
1701370 508
1701380 507
1701390 507
1701400 507
1701410 506
1701420 506
1701430 506
1701440 505
1701450 505
1701460 505
1701470 504
1701480 504
1701490 503
1701500 503
1701510 503
1701520 502
1701530 502
1701540 501
1701550 501
1701560 501
1701570 500
1701580 500
1701590 499
1701600 499
1701610 499
1701620 498
1701630 498
1701640 498
1701650 497
1701660 497
1701670 497
1701680 496
1701690 496
1701700 496
1701710 496
1701720 495
1701730 495
1701740 495
1701750 495
1701760 494
1701770 494
1701780 494
1701790 494
1701800 494
1701810 493
1701820 493
1701830 493
1701840 493
1701850 493
1701860 492
1701870 492
1701880 492
1701890 492
1701900 492
1701910 492
1701920 491
1701930 491
1701940 491
1701950 491
1701960 491
1701970 491
1701980 490
1701990 490
1702000 490
1702010 490
1702020 490
1702030 490
1702040 490
1702050 490
1702060 490
1702070 490
1702080 490
1702090 489
1702100 489
1702110 489
1702120 489
1702130 489
1702140 489
1702150 489
1702160 489
1702170 489
1702180 489
1702190 489
1702200 489
1702210 489
1702220 489
1702230 489
1702240 489
1702250 489
1702260 489
1702270 489
1702280 489
1702290 489
1702300 488
1702310 488
1702320 488
1702330 488
1702340 488
1702350 488
1702360 487
1702370 487
1702380 487
1702390 487
1702400 487
1702410 487
1702420 487
1702430 487
1702440 487
1702450 486
1702460 486
1702470 486
1702480 486
1702490 486
1702500 486
1702510 486
1702520 486
1702530 486
1702540 485
1702550 485
1702560 484
1702570 484
1702580 484
1702590 484
1702600 484
1702610 484
1702620 483
1702630 483
1702640 483
1702650 483
1702660 482
1702670 482
1702680 482
1702690 482
1702700 481
1702710 481
1702720 481
1702730 481
1702740 481
1702750 480
1702760 480
1702770 480
1702780 479
1702790 479
1702800 478
1702810 478
1702820 477
1702830 477
1702840 476
1702850 476
1702860 475
1702870 473
1702880 472
1702890 470
1702900 468
1702910 468
1702920 468
1702930 467
1702940 467
1702950 467
1702960 466
1702970 466
1702980 465
1702990 465
1703000 465
1703010 464
1703020 464
1703030 464
1703040 463
1703050 463
1703060 463
1703070 463
1703080 463
1703090 463
1703100 463
1703110 463
1703120 463
1703130 463
1703140 463
1703150 463
1703160 463
1703170 463
1703180 463
1703190 463
1703200 463
1703210 463
1703220 462
1703230 462
1703240 462
1703250 462
1703260 462
1703270 462
1703280 462
1703290 462
1703300 462
1703310 462
1703320 462
1703330 463
1703340 463
1703350 463
1703360 463
1703370 463
1703380 463
1703390 463
1703400 463
1703410 464
1703420 464
1703430 464
1703440 464
1703450 464
1703460 464
1703470 464
1703480 465
1703490 465
1703500 465
1703510 466
1703520 466
1703530 467
1703540 468
1703550 468
1703560 469
1703570 470
1703580 470
1703590 471
1703600 472
1703610 472
1703620 473
1703630 473
1703640 474
1703650 474
1703660 475
1703670 475
1703680 476
1703690 477
1703700 477
1703710 477
1703720 478
1703730 478
1703740 478
1703750 478
1703760 478
1703770 478
1703780 478
1703790 478
1703800 479
1703810 479
1703820 480
1703830 480
1703840 481
1703850 481
1703860 482
1703870 482
1703880 483
1703890 483
1703900 484
1703910 484
1703920 484
1703930 485
1703940 485
1703950 486
1703960 486
1703970 487
1703980 487
1703990 488
1704000 488
1704010 489
1704020 489
1704030 489
1704040 490
1704050 490
1704060 491
1704070 491
1704080 492
1704090 492
1704100 492
1704110 493
1704120 493
1704130 494
1704140 495
1704150 495
1704160 496
1704170 497
1704180 497
1704190 498
1704200 498
1704210 499
1704220 499
1704230 500
1704240 500
1704250 501
1704260 501
1704270 501
1704280 502
1704290 502
1704300 502
1704310 502
1704320 502
1704330 502
1704340 503
1704350 503
1704360 503
1704370 503
1704380 503
1704390 503
1704400 504
1704410 504
1704420 504
1704430 504
1704440 505
1704450 505
1704460 505
1704470 505
1704480 506
1704490 506
1704500 506
1704510 506
1704520 506
1704530 507
1704540 507
1704550 507
1704560 507
1704570 508
1704580 508
1704590 508
1704600 508
1704610 509
1704620 509
1704630 509
1704640 510
1704650 510
1704660 510
1704670 511
1704680 511
1704690 511
1704700 511
1704710 511
1704720 512
1704730 512
1704740 512
1704750 512
1704760 513
1704770 513
1704780 513
1704790 514
1704800 514
1704810 514
1704820 514
1704830 515
1704840 515
1704850 515
1704860 516
1704870 516
1704880 516
1704890 516
1704900 517
1704910 517
1704920 517
1704930 517
1704940 517
1704950 518
1704960 518
1704970 518
1704980 518
1704990 519
1705000 519
1705010 519
1705020 519
1705030 519
1705040 519
1705050 519
1705060 519
1705070 519
1705080 519
1705090 520
1705100 520
1705110 520
1705120 520
1705130 520
1705140 520
1705150 520
1705160 521
1705170 521
1705180 521
1705190 521
1705200 521
1705210 521
1705220 521
1705230 521
1705240 521
1705250 521
1705260 521
1705270 521
1705280 521
1705290 522
1705300 522
1705310 522
1705320 522
1705330 522
1705340 523
1705350 523
1705360 523
1705370 524
1705380 524
1705390 524
1705400 524
1705410 524
1705420 524
1705430 524
1705440 524
1705450 525
1705460 525
1705470 525
1705480 526
1705490 526
1705500 527
1705510 527
1705520 527
1705530 528
1705540 528
1705550 529
1705560 529
1705570 529
1705580 530
1705590 530
1705600 530
1705610 531
1705620 531
1705630 532
1705640 532
1705650 533
1705660 533
1705670 534
1705680 534
1705690 534
1705700 535
1705710 535
1705720 536
1705730 536
1705740 537
1705750 537
1705760 538
1705770 538
1705780 539
1705790 540
1705800 540
1705810 541
1705820 541
1705830 542
1705840 542
1705850 542
1705860 542
1705870 542
1705880 543
1705890 543
1705900 543
1705910 543
1705920 544
1705930 544
1705940 544
1705950 544
1705960 545
1705970 545
1705980 546
1705990 546
1706000 547
1706010 547
1706020 548
1706030 549
1706040 549
1706050 548
1706060 548
1706070 548
1706080 548
1706090 548
1706100 548
1706110 548
1706120 547
1706130 547
1706140 547
1706150 547
1706160 547
1706170 547
1706180 547
1706190 547
1706200 547
1706210 548
1706220 548
1706230 548
1706240 548
1706250 548
1706260 548
1706270 548
1706280 548
1706290 549
1706300 549
1706310 549
1706320 549
1706330 549
1706340 548
1706350 549
1706360 549
1706370 549
1706380 549
1706390 549
1706400 549
1706410 549
1706420 549
1706430 549
1706440 549
1706450 549
1706460 549
1706470 549
1706480 549
1706490 549
1706500 549
1706510 548
1706520 548
1706530 548
1706540 548
1706550 548
1706560 548
1706570 548
1706580 548
1706590 548
1706600 548
1706610 548
1706620 548
1706630 548
1706640 548
1706650 548
1706660 548
1706670 548
1706680 549
1706690 549
1706700 549
1706710 549
1706720 549
1706730 550
1706740 550
1706750 550
1706760 550
1706770 550
1706780 551
1706790 551
1706800 551
1706810 551
1706820 551
1706830 551
1706840 551
1706850 551
1706860 551
1706870 551
1706880 551
1706890 551
1706900 551
1706910 551
1706920 550
1706930 550
1706940 550
1706950 550
1706960 550
1706970 550
1706980 549
1706990 549
1707000 549
1707010 549
1707020 549
1707030 549
1707040 549
1707050 549
1707060 549
1707070 549
1707080 549
1707090 549
1707100 550
1707110 550
1707120 550
1707130 550
1707140 551
1707150 551
1707160 551
1707170 551
1707180 551
1707190 551
1707200 552
1707210 552
1707220 553
1707230 553
1707240 554
1707250 554
1707260 554
1707270 555
1707280 555
1707290 556
1707300 556
1707310 557
1707320 557
1707330 557
1707340 558
1707350 558
1707360 558
1707370 559
1707380 559
1707390 560
1707400 560
1707410 560
1707420 561
1707430 562
1707440 562
1707450 563
1707460 563
1707470 563
1707480 564
1707490 564
1707500 565
1707510 565
1707520 565
1707530 566
1707540 566
1707550 566
1707560 566
1707570 567
1707580 567
1707590 567
1707600 568
1707610 568
1707620 568
1707630 569
1707640 569
1707650 569
1707660 570
1707670 570
1707680 570
1707690 570
1707700 571
1707710 571
1707720 571
1707730 571
1707740 571
1707750 571
1707760 572
1707770 572
1707780 572
1707790 572
1707800 572
1707810 572
1707820 572
1707830 573
1707840 573
1707850 573
1707860 573
1707870 573
1707880 574
1707890 574
1707900 574
1707910 574
1707920 575
1707930 575
1707940 575
1707950 575
1707960 576
1707970 576
1707980 576
1707990 576
1708000 577
1708010 577
1708020 577
1708030 577
1708040 577
1708050 577
1708060 577
1708070 577
1708080 576
1708090 576
1708100 576
1708110 576
1708120 576
1708130 576
1708140 576
1708150 576
1708160 576
1708170 576
1708180 576
1708190 576
1708200 576
1708210 576
1708220 576
1708230 576
1708240 575
1708250 575
1708260 575
1708270 575
1708280 575
1708290 575
1708300 574
1708310 574
1708320 574
1708330 574
1708340 573
1708350 573
1708360 573
1708370 573
1708380 572
1708390 572
1708400 572
1708410 572
1708420 572
1708430 572
1708440 572
1708450 572
1708460 572
1708470 572
1708480 572
1708490 572
1708500 572
1708510 572
1708520 572
1708530 572
1708540 572
1708550 572
1708560 572
1708570 572
1708580 572
1708590 572
1708600 572
1708610 572
1708620 572
1708630 572
1708640 572
1708650 572
1708660 571
1708670 571
1708680 571
1708690 571
1708700 571
1708710 571
1708720 570
1708730 570
1708740 570
1708750 570
1708760 569
1708770 569
1708780 569
1708790 569
1708800 568
1708810 568
1708820 568
1708830 568
1708840 567
1708850 567
1708860 567
1708870 566
1708880 566
1708890 566
1708900 565
1708910 565
1708920 565
1708930 564
1708940 564
1708950 564
1708960 563
1708970 563
1708980 563
1708990 562
1709000 562
1709010 561
1709020 561
1709030 560
1709040 560
1709050 560
1709060 560
1709070 559
1709080 559
1709090 558
1709100 558
1709110 558
1709120 557
1709130 557
1709140 556
1709150 556
1709160 556
1709170 555
1709180 555
1709190 554
1709200 554
1709210 553
1709220 553
1709230 552
1709240 552
1709250 551
1709260 551
1709270 550
1709280 550
1709290 550
1709300 550
1709310 550
1709320 550
1709330 550
1709340 551
1709350 551
1709360 551
1709370 551
1709380 551
1709390 551
1709400 551
1709410 551
1709420 551
1709430 552
1709440 552
1709450 552
1709460 552
1709470 552
1709480 553
1709490 553
1709500 553
1709510 553
1709520 553
1709530 553
1709540 554
1709550 554
1709560 554
1709570 554
1709580 554
1709590 554
1709600 555
1709610 555
1709620 555
1709630 555
1709640 555
1709650 555
1709660 555
1709670 555
1709680 556
1709690 556
1709700 556
1709710 556
1709720 556
1709730 556
1709740 556
1709750 556
1709760 556
1709770 556
1709780 556
1709790 556
1709800 556
1709810 556
1709820 556
1709830 555
1709840 555
1709850 555
1709860 555
1709870 554
1709880 554
1709890 554
1709900 554
1709910 553
1709920 553
1709930 553
1709940 553
1709950 552
1709960 552
1709970 552
1709980 551
1709990 551
1710000 551
1710010 550
1710020 550
1710030 550
1710040 549
1710050 549
1710060 549
1710070 548
1710080 548
1710090 548
1710100 547
1710110 547
1710120 547
1710130 547
1710140 546
1710150 546
1710160 545
1710170 545
1710180 545
1710190 544
1710200 544
1710210 543
1710220 543
1710230 543
1710240 542
1710250 542
1710260 542
1710270 541
1710280 541
1710290 541
1710300 540
1710310 540
1710320 540
1710330 539
1710340 539
1710350 539
1710360 538
1710370 538
1710380 537
1710390 537
1710400 537
1710410 536
1710420 536
1710430 536
1710440 535
1710450 535
1710460 534
1710470 534
1710480 533
1710490 533
1710500 533
1710510 533
1710520 533
1710530 533
1710540 533
1710550 533
1710560 534
1710570 535
1710580 535
1710590 536
1710600 536
1710610 536
1710620 536
1710630 536
1710640 536
1710650 536
1710660 536
1710670 536
1710680 536
1710690 536
1710700 536
1710710 536
1710720 536
1710730 536
1710740 536
1710750 536
1710760 537
1710770 537
1710780 537
1710790 537
1710800 537
1710810 537
1710820 537
1710830 538
1710840 538
1710850 538
1710860 538
1710870 538
1710880 538
1710890 538
1710900 538
1710910 538
1710920 538
1710930 538
1710940 537
1710950 537
1710960 537
1710970 537
1710980 536
1710990 536
1711000 536
1711010 535
1711020 535
1711030 534
1711040 534
1711050 534
1711060 533
1711070 533
1711080 533
1711090 532
1711100 532
1711110 532
1711120 531
1711130 531
1711140 530
1711150 530
1711160 530
1711170 529
1711180 529
1711190 529
1711200 528
1711210 528
1711220 528
1711230 527
1711240 527
1711250 527
1711260 526
1711270 526
1711280 526
1711290 525
1711300 525
1711310 525
1711320 525
1711330 524
1711340 524
1711350 524
1711360 523
1711370 523
1711380 523
1711390 523
1711400 522
1711410 522
1711420 522
1711430 522
1711440 521
1711450 521
1711460 521
1711470 520
1711480 520
1711490 520
1711500 519
1711510 519
1711520 519
1711530 519
1711540 519
1711550 519
1711560 519
1711570 519
1711580 519
1711590 519
1711600 519
1711610 519
1711620 519
1711630 519
1711640 519
1711650 519
1711660 519
1711670 520
1711680 520
1711690 520
1711700 520
1711710 520
1711720 521
1711730 521
1711740 521
1711750 521
1711760 521
1711770 521
1711780 521
1711790 521
1711800 521
1711810 521
1711820 521
1711830 521
1711840 521
1711850 522
1711860 522
1711870 522
1711880 522
1711890 522
1711900 522
1711910 522
1711920 522
1711930 522
1711940 522
1711950 522
1711960 522
1711970 522
1711980 522
1711990 522
1712000 522
1712010 522
1712020 522
1712030 522
1712040 522
1712050 522
1712060 522
1712070 522
1712080 521
1712090 521
1712100 521
1712110 521
1712120 521
1712130 520
1712140 520
1712150 520
1712160 520
1712170 520
1712180 519
1712190 519
1712200 519
1712210 519
1712220 518
1712230 518
1712240 518
1712250 518
1712260 518
1712270 517
1712280 517
1712290 517
1712300 517
1712310 517
1712320 517
1712330 516
1712340 516
1712350 516
1712360 516
1712370 516
1712380 516
1712390 516
1712400 515
1712410 515
1712420 515
1712430 515
1712440 515
1712450 515
1712460 515
1712470 515
1712480 515
1712490 515
1712500 515
1712510 515
1712520 515
1712530 515
1712540 515
1712550 515
1712560 515
1712570 515
1712580 515
1712590 515
1712600 515
1712610 515
1712620 515
1712630 515
1712640 515
1712650 515
1712660 515
1712670 515
1712680 515
1712690 515
1712700 515
1712710 515
1712720 515
1712730 514
1712740 514
1712750 514
1712760 514
1712770 513
1712780 513
1712790 513
1712800 513
1712810 512
1712820 512
1712830 512
1712840 512
1712850 511
1712860 511
1712870 511
1712880 510
1712890 510
1712900 510
1712910 510
1712920 509
1712930 509
1712940 509
1712950 508
1712960 508
1712970 508
1712980 508
1712990 507
1713000 507
1713010 507
1713020 507
1713030 506
1713040 506
1713050 506
1713060 506
1713070 505
1713080 505
1713090 505
1713100 504
1713110 504
1713120 504
1713130 504
1713140 503
1713150 503
1713160 503
1713170 503
1713180 502
1713190 502
1713200 502
1713210 502
1713220 501
1713230 501
1713240 501
1713250 500
1713260 500
1713270 500
1713280 499
1713290 499
1713300 498
1713310 498
1713320 498
1713330 497
1713340 497
1713350 496
1713360 496
1713370 495
1713380 495
1713390 494
1713400 494
1713410 494
1713420 493
1713430 493
1713440 493
1713450 493
1713460 493
1713470 493
1713480 493
1713490 493
1713500 493
1713510 493
1713520 493
1713530 493
1713540 493
1713550 493
1713560 493
1713570 493
1713580 494
1713590 493
1713600 493
1713610 493
1713620 493
1713630 493
1713640 493
1713650 493
1713660 494
1713670 494
1713680 494
1713690 493
1713700 492
1713710 492
1713720 492
1713730 492
1713740 492
1713750 492
1713760 492
1713770 492
1713780 492
1713790 492
1713800 493
1713810 493
1713820 493
1713830 492
1713840 492
1713850 492
1713860 492
1713870 492
1713880 492
1713890 491
1713900 491
1713910 491
1713920 491
1713930 491
1713940 491
1713950 491
1713960 491
1713970 491
1713980 491
1713990 491
1714000 491
1714010 491
1714020 491
1714030 491
1714040 492
1714050 493
1714060 494
1714070 495
1714080 495
1714090 496
1714100 496
1714110 496
1714120 497
1714130 498
1714140 498
1714150 499
1714160 499
1714170 499
1714180 500
1714190 500
1714200 500
1714210 500
1714220 501
1714230 501
1714240 501
1714250 501
1714260 501
1714270 501
1714280 501
1714290 501
1714300 502
1714310 502
1714320 502
1714330 502
1714340 502
1714350 503
1714360 503
1714370 503
1714380 503
1714390 504
1714400 504
1714410 504
1714420 505
1714430 505
1714440 505
1714450 505
1714460 506
1714470 506
1714480 506
1714490 507
1714500 507
1714510 507
1714520 508
1714530 508
1714540 508
1714550 508
1714560 509
1714570 509
1714580 510
1714590 510
1714600 510
1714610 511
1714620 511
1714630 512
1714640 512
1714650 513
1714660 513
1714670 513
1714680 514
1714690 514
1714700 514
1714710 515
1714720 515
1714730 516
1714740 516
1714750 517
1714760 517
1714770 518
1714780 518
1714790 518
1714800 517
1714810 517
1714820 517
1714830 517
1714840 517
1714850 517
1714860 517
1714870 517
1714880 517
1714890 516
1714900 516
1714910 516
1714920 516
1714930 516
1714940 516
1714950 516
1714960 516
1714970 516
1714980 516
1714990 515
1715000 515
1715010 514
1715020 513
1715030 512
1715040 511
1715050 510
1715060 509
1715070 508
1715080 507
1715090 507
1715100 506
1715110 506
1715120 505
1715130 505
1715140 504
1715150 504
1715160 504
1715170 503
1715180 503
1715190 502
1715200 502
1715210 502
1715220 501
1715230 500
1715240 500
1715250 499
1715260 499
1715270 498
1715280 498
1715290 497
1715300 496
1715310 496
1715320 495
1715330 495
1715340 494
1715350 493
1715360 493
1715370 492
1715380 491
1715390 491
1715400 490
1715410 490
1715420 489
1715430 489
1715440 488
1715450 488
1715460 488
1715470 488
1715480 488
1715490 487
1715500 487
1715510 487
1715520 487
1715530 487
1715540 487
1715550 486
1715560 486
1715570 487
1715580 488
1715590 489
1715600 490
1715610 492
1715620 493
1715630 494
1715640 495
1715650 497
1715660 498
1715670 499
1715680 501
1715690 502
1715700 504
1715710 505
1715720 506
1715730 508
1715740 509
1715750 511
1715760 512
1715770 514
1715780 515
1715790 516
1715800 518
1715810 519
1715820 520
1715830 522
1715840 523
1715850 525
1715860 526
1715870 528
1715880 529
1715890 531
1715900 532
1715910 534
1715920 535
1715930 537
1715940 538
1715950 540
1715960 542
1715970 544
1715980 546
1715990 548
1716000 550
1716010 552
1716020 554
1716030 555
1716040 557
1716050 559
1716060 560
1716070 562
1716080 563
1716090 565
1716100 566
1716110 568
1716120 570
1716130 572
1716140 574
1716150 576
1716160 578
1716170 580
1716180 582
1716190 584
1716200 586
1716210 588
1716220 589
1716230 591
1716240 592
1716250 593
1716260 595
1716270 596
1716280 597
1716290 598
1716300 599
1716310 600
1716320 601
1716330 602
1716340 604
1716350 605
1716360 606
1716370 605
1716380 602
1716390 598
1716400 596
1716410 593
1716420 591
1716430 589
1716440 587
1716450 584
1716460 581
1716470 579
1716480 576
1716490 575
1716500 573
1716510 572
1716520 570
1716530 568
1716540 567
1716550 565
1716560 563
1716570 561
1716580 559
1716590 557
1716600 554
1716610 552
1716620 549
1716630 546
1716640 543
1716650 541
1716660 539
1716670 536
1716680 535
1716690 533
1716700 531
1716710 529
1716720 528
1716730 526
1716740 525
1716750 523
1716760 522
1716770 520
1716780 519
1716790 518
1716800 517
1716810 516
1716820 515
1716830 514
1716840 512
1716850 511
1716860 510
1716870 509
1716880 508
1716890 506
1716900 505
1716910 504
1716920 503
1716930 502
1716940 500
1716950 499
1716960 498
1716970 497
1716980 496
1716990 495
1717000 494
1717010 493
1717020 492
1717030 491
1717040 490
1717050 489
1717060 488
1717070 487
1717080 486
1717090 485
1717100 484
1717110 483
1717120 482
1717130 481
1717140 481
1717150 480
1717160 479
1717170 478
1717180 478
1717190 477
1717200 476
1717210 475
1717220 475
1717230 474
1717240 473
1717250 473
1717260 472
1717270 471
1717280 471
1717290 470
1717300 469
1717310 469
1717320 468
1717330 468
1717340 467
1717350 467
1717360 466
1717370 466
1717380 465
1717390 465
1717400 464
1717410 464
1717420 463
1717430 463
1717440 462
1717450 462
1717460 462
1717470 461
1717480 461
1717490 461
1717500 460
1717510 460
1717520 460
1717530 460
1717540 460
1717550 459
1717560 459
1717570 459
1717580 459
1717590 459
1717600 459
1717610 458
1717620 457
1717630 457
1717640 457
1717650 456
1717660 456
1717670 456
1717680 455
1717690 455
1717700 455
1717710 455
1717720 455
1717730 454
1717740 454
1717750 454
1717760 454
1717770 453
1717780 453
1717790 453
1717800 453
1717810 452
1717820 452
1717830 452
1717840 452
1717850 451
1717860 451
1717870 451
1717880 450
1717890 450
1717900 449
1717910 449
1717920 448
1717930 447
1717940 446
1717950 445
1717960 444
1717970 443
1717980 443
1717990 442
1718000 442
1718010 443
1718020 443
1718030 444
1718040 445
1718050 446
1718060 446
1718070 447
1718080 447
1718090 448
1718100 448
1718110 449
1718120 450
1718130 451
1718140 451
1718150 452
1718160 452
1718170 452
1718180 452
1718190 452
1718200 452
1718210 453
1718220 453
1718230 453
1718240 453
1718250 453
1718260 453
1718270 454
1718280 454
1718290 454
1718300 454
1718310 454
1718320 454
1718330 454
1718340 454
1718350 453
1718360 453
1718370 453
1718380 453
1718390 452
1718400 452
1718410 452
1718420 451
1718430 451
1718440 451
1718450 450
1718460 450
1718470 449
1718480 449
1718490 448
1718500 448
1718510 448
1718520 447
1718530 447
1718540 446
1718550 446
1718560 445
1718570 444
1718580 444
1718590 443
1718600 442
1718610 442
1718620 441
1718630 440
1718640 440
1718650 439
1718660 438
1718670 438
1718680 437
1718690 436
1718700 436
1718710 435
1718720 435
1718730 433
1718740 432
1718750 428
1718760 425
1718770 421
1718780 418
1718790 416
1718800 416
1718810 416
1718820 416
1718830 416
1718840 416
1718850 417
1718860 417
1718870 417
1718880 417
1718890 417
1718900 417
1718910 417
1718920 417
1718930 417
1718940 417
1718950 417
1718960 417
1718970 417
1718980 417
1718990 417
1719000 417
1719010 417
1719020 417
1719030 417
1719040 417
1719050 417
1719060 417
1719070 418
1719080 418
1719090 418
1719100 418
1719110 418
1719120 419
1719130 419
1719140 419
1719150 419
1719160 419
1719170 419
1719180 419
1719190 419
1719200 419
1719210 419
1719220 419
1719230 419
1719240 419
1719250 419
1719260 419
1719270 419
1719280 419
1719290 419
1719300 419
1719310 419
1719320 419
1719330 419
1719340 419
1719350 419
1719360 419
1719370 419
1719380 419
1719390 420
1719400 420
1719410 420
1719420 420
1719430 421
1719440 421
1719450 421
1719460 421
1719470 421
1719480 422
1719490 422
1719500 423
1719510 424
1719520 425
1719530 426
1719540 427
1719550 428
1719560 428
1719570 429
1719580 429
1719590 429
1719600 430
1719610 430
1719620 430
1719630 431
1719640 431
1719650 431
1719660 431
1719670 431
1719680 431
1719690 431
1719700 431
1719710 431
1719720 431
1719730 431
1719740 431
1719750 430
1719760 430
1719770 430
1719780 430
1719790 430
1719800 430
1719810 430
1719820 431
1719830 431
1719840 431
1719850 431
1719860 431
1719870 432
1719880 432
1719890 432
1719900 433
1719910 433
1719920 434
1719930 434
1719940 434
1719950 434
1719960 434
1719970 434
1719980 435
1719990 435
