1700000 524
1700010 524
1700020 524
1700030 524
1700040 525
1700050 525
1700060 525
1700070 525
1700080 525
1700090 525
1700100 525
1700110 525
1700120 525
1700130 525
1700140 525
1700150 525
1700160 525
1700170 525
1700180 525
1700190 525
1700200 525
1700210 525
1700220 526
1700230 526
1700240 525
1700250 525
1700260 525
1700270 525
1700280 525
1700290 525
1700300 525
1700310 525
1700320 525
1700330 525
1700340 525
1700350 525
1700360 525
1700370 524
1700380 524
1700390 524
1700400 524
1700410 524
1700420 523
1700430 523
1700440 523
1700450 523
1700460 523
1700470 523
1700480 523
1700490 522
1700500 522
1700510 522
1700520 522
1700530 522
1700540 522
1700550 522
1700560 521
1700570 521
1700580 521
1700590 521
1700600 521
1700610 520
1700620 520
1700630 520
1700640 520
1700650 519
1700660 519
1700670 519
1700680 519
1700690 519
1700700 519
1700710 518
1700720 518
1700730 518
1700740 518
1700750 518
1700760 517
1700770 517
1700780 517
1700790 517
1700800 517
1700810 517
1700820 516
1700830 516
1700840 516
1700850 515
1700860 515
1700870 515
1700880 515
1700890 514
1700900 514
1700910 514
1700920 514
1700930 513
1700940 513
1700950 513
1700960 513
1700970 513
1700980 512
1700990 512
1701000 512
1701010 512
1701020 512
1701030 511
1701040 511
1701050 511
1701060 511
1701070 510
1701080 510
1701090 510
1701100 509
1701110 509
1701120 509
1701130 509
1701140 509
1701150 508
1701160 508
1701170 508
1701180 508
1701190 508
1701200 507
1701210 507
1701220 507
1701230 506
1701240 506
1701250 506
1701260 506
1701270 506
1701280 505
1701290 505
1701300 505
1701310 505
1701320 505
1701330 504
1701340 504
1701350 504
1701360 504
1701370 503
1701380 503
1701390 503
1701400 502
1701410 502
1701420 502
1701430 501
1701440 501
1701450 501
1701460 500
1701470 500
1701480 500
1701490 500
1701500 499
1701510 499
1701520 499
1701530 498
1701540 498
1701550 497
1701560 497
1701570 497
1701580 496
1701590 496
1701600 496
1701610 495
1701620 495
1701630 495
1701640 494
1701650 494
1701660 494
1701670 493
1701680 493
1701690 492
1701700 492
1701710 492
1701720 491
1701730 491
1701740 491
1701750 490
1701760 490
1701770 489
1701780 489
1701790 489
1701800 488
1701810 488
1701820 487
1701830 487
1701840 487
1701850 486
1701860 486
1701870 486
1701880 485
1701890 485
1701900 485
1701910 484
1701920 484
1701930 484
1701940 483
1701950 483
1701960 483
1701970 482
1701980 482
1701990 482
1702000 482
1702010 481
1702020 481
1702030 481
1702040 480
1702050 480
1702060 480
1702070 480
1702080 479
1702090 479
1702100 479
1702110 479
1702120 479
1702130 478
1702140 478
1702150 478
1702160 478
1702170 478
1702180 477
1702190 477
1702200 477
1702210 477
1702220 477
1702230 476
1702240 476
1702250 476
1702260 476
1702270 476
1702280 475
1702290 475
1702300 475
1702310 475
1702320 475
1702330 474
1702340 474
1702350 474
1702360 474
1702370 474
1702380 474
1702390 473
1702400 473
1702410 473
1702420 473
1702430 473
1702440 473
1702450 472
1702460 472
1702470 472
1702480 472
1702490 472
1702500 471
1702510 471
1702520 471
1702530 471
1702540 470
1702550 470
1702560 470
1702570 470
1702580 470
1702590 470
1702600 469
1702610 469
1702620 469
1702630 469
1702640 469
1702650 469
1702660 468
1702670 468
1702680 468
1702690 468
1702700 468
1702710 467
1702720 467
1702730 467
1702740 467
1702750 467
1702760 467
1702770 466
1702780 466
1702790 465
1702800 465
1702810 465
1702820 465
1702830 464
1702840 464
1702850 464
1702860 464
1702870 464
1702880 463
1702890 463
1702900 463
1702910 462
1702920 462
1702930 462
1702940 462
1702950 462
1702960 461
1702970 461
1702980 461
1702990 461
1703000 461
1703010 461
1703020 461
1703030 461
1703040 460
1703050 460
1703060 460
1703070 460
1703080 460
1703090 460
1703100 460
1703110 460
1703120 460
1703130 460
1703140 460
1703150 460
1703160 460
1703170 460
1703180 460
1703190 460
1703200 460
1703210 460
1703220 460
1703230 460
1703240 460
1703250 460
1703260 460
1703270 460
1703280 460
1703290 460
1703300 460
1703310 460
1703320 460
1703330 460
1703340 460
1703350 460
1703360 460
1703370 460
1703380 462
1703390 464
1703400 466
1703410 468
1703420 470
1703430 471
1703440 472
1703450 472
1703460 472
1703470 473
1703480 473
1703490 473
1703500 474
1703510 474
1703520 474
1703530 474
1703540 475
1703550 475
1703560 475
1703570 474
1703580 475
1703590 475
1703600 475
1703610 475
1703620 475
1703630 475
1703640 475
1703650 475
1703660 475
1703670 475
1703680 475
1703690 475
1703700 475
1703710 475
1703720 475
1703730 475
1703740 475
1703750 475
1703760 474
1703770 474
1703780 473
1703790 473
1703800 473
1703810 473
1703820 472
1703830 472
1703840 472
1703850 472
1703860 472
1703870 472
1703880 472
1703890 472
1703900 472
1703910 473
1703920 473
1703930 473
1703940 473
1703950 473
1703960 474
1703970 474
1703980 474
1703990 474
1704000 474
1704010 473
1704020 473
1704030 474
1704040 476
1704050 477
1704060 477
1704070 477
1704080 477
1704090 477
1704100 477
1704110 477
1704120 477
1704130 478
1704140 478
1704150 477
1704160 477
1704170 477
1704180 476
1704190 475
1704200 475
1704210 475
1704220 475
1704230 475
1704240 475
1704250 474
1704260 474
1704270 475
1704280 476
1704290 477
1704300 478
1704310 478
1704320 477
1704330 477
1704340 477
1704350 477
1704360 478
1704370 478
1704380 479
1704390 480
1704400 480
1704410 481
1704420 481
1704430 482
1704440 482
1704450 482
1704460 483
1704470 483
1704480 484
1704490 484
1704500 484
1704510 485
1704520 485
1704530 485
1704540 486
1704550 486
1704560 486
1704570 487
1704580 487
1704590 487
1704600 487
1704610 488
1704620 488
1704630 488
1704640 489
1704650 489
1704660 489
1704670 489
1704680 490
1704690 490
1704700 490
1704710 490
1704720 491
1704730 491
1704740 492
1704750 492
1704760 492
1704770 493
1704780 493
1704790 493
1704800 494
1704810 494
1704820 495
1704830 495
1704840 495
1704850 495
1704860 496
1704870 496
1704880 496
1704890 496
1704900 497
1704910 497
1704920 497
1704930 498
1704940 498
1704950 498
1704960 499
1704970 499
1704980 500
1704990 500
1705000 500
1705010 501
1705020 501
1705030 502
1705040 502
1705050 503
1705060 503
1705070 503
1705080 504
1705090 504
1705100 505
1705110 505
1705120 505
1705130 506
1705140 506
1705150 506
1705160 506
1705170 507
1705180 507
1705190 507
1705200 507
1705210 508
1705220 508
1705230 508
1705240 508
1705250 509
1705260 509
1705270 509
1705280 509
1705290 510
1705300 510
1705310 510
1705320 511
1705330 511
1705340 511
1705350 512
1705360 512
1705370 512
1705380 513
1705390 513
1705400 514
1705410 514
1705420 515
1705430 515
1705440 516
1705450 516
1705460 517
1705470 517
1705480 518
1705490 518
1705500 519
1705510 519
1705520 520
1705530 520
1705540 521
1705550 521
1705560 522
1705570 522
1705580 523
1705590 523
1705600 524
1705610 524
1705620 525
1705630 526
1705640 526
1705650 527
1705660 527
1705670 528
1705680 528
1705690 529
1705700 529
1705710 530
1705720 530
1705730 531
1705740 531
1705750 532
1705760 533
1705770 533
1705780 534
1705790 535
1705800 535
1705810 536
1705820 537
1705830 538
1705840 539
1705850 539
1705860 540
1705870 541
1705880 542
1705890 543
1705900 543
1705910 544
1705920 545
1705930 547
1705940 548
1705950 549
1705960 549
1705970 550
1705980 551
1705990 551
1706000 552
1706010 552
1706020 553
1706030 554
1706040 554
1706050 555
1706060 556
1706070 557
1706080 558
1706090 559
1706100 560
1706110 561
1706120 562
1706130 563
1706140 563
1706150 564
1706160 565
1706170 566
1706180 567
1706190 567
1706200 568
1706210 569
1706220 570
1706230 570
1706240 571
1706250 572
1706260 573
1706270 573
1706280 574
1706290 574
1706300 575
1706310 575
1706320 576
1706330 576
1706340 576
1706350 577
1706360 577
1706370 577
1706380 577
1706390 577
1706400 577
1706410 578
1706420 578
1706430 578
1706440 578
1706450 578
1706460 578
1706470 579
1706480 579
1706490 579
1706500 579
1706510 579
1706520 579
1706530 579
1706540 579
1706550 579
1706560 579
1706570 579
1706580 579
1706590 579
1706600 579
1706610 579
1706620 579
1706630 579
1706640 579
1706650 579
1706660 579
1706670 579
1706680 579
1706690 579
1706700 579
1706710 579
1706720 579
1706730 579
1706740 579
1706750 579
1706760 579
1706770 579
1706780 579
1706790 579
1706800 579
1706810 579
1706820 579
1706830 579
1706840 579
1706850 579
1706860 579
1706870 579
1706880 579
1706890 579
1706900 579
1706910 579
1706920 579
1706930 579
1706940 579
1706950 579
1706960 579
1706970 579
1706980 579
1706990 579
1707000 579
1707010 579
1707020 579
1707030 579
1707040 579
1707050 579
1707060 579
1707070 579
1707080 579
1707090 579
1707100 579
1707110 579
1707120 579
1707130 579
1707140 579
1707150 579
1707160 580
1707170 580
1707180 580
1707190 580
1707200 580
1707210 580
1707220 580
1707230 580
1707240 580
1707250 580
1707260 580
1707270 580
1707280 580
1707290 580
1707300 580
1707310 580
1707320 580
1707330 580
1707340 579
1707350 579
1707360 579
1707370 579
1707380 579
1707390 579
1707400 578
1707410 578
1707420 578
1707430 578
1707440 578
1707450 577
1707460 577
1707470 577
1707480 577
1707490 576
1707500 576
1707510 576
1707520 575
1707530 575
1707540 574
1707550 574
1707560 574
1707570 573
1707580 573
1707590 572
1707600 572
1707610 572
1707620 571
1707630 571
1707640 571
1707650 571
1707660 571
1707670 571
1707680 571
1707690 570
1707700 570
1707710 570
1707720 570
1707730 570
1707740 570
1707750 570
1707760 569
1707770 569
1707780 569
1707790 569
1707800 569
1707810 568
1707820 568
1707830 568
1707840 568
1707850 568
1707860 568
1707870 567
1707880 567
1707890 567
1707900 567
1707910 566
1707920 566
1707930 566
1707940 565
1707950 565
1707960 565
1707970 564
1707980 564
1707990 564
1708000 563
1708010 563
1708020 563
1708030 563
1708040 562
1708050 562
1708060 562
1708070 561
1708080 561
1708090 561
1708100 560
1708110 560
1708120 559
1708130 559
1708140 558
1708150 558
1708160 558
1708170 557
1708180 557
1708190 557
1708200 556
1708210 556
1708220 556
1708230 556
1708240 556
1708250 556
1708260 556
1708270 556
1708280 556
1708290 556
1708300 556
1708310 556
1708320 556
1708330 556
1708340 556
1708350 556
1708360 556
1708370 557
1708380 557
1708390 557
1708400 557
1708410 558
1708420 558
1708430 558
1708440 558
1708450 558
1708460 558
1708470 559
1708480 559
1708490 559
1708500 559
1708510 560
1708520 560
1708530 561
1708540 561
1708550 562
1708560 562
1708570 563
1708580 563
1708590 563
1708600 564
1708610 564
1708620 564
1708630 565
1708640 565
1708650 566
1708660 566
1708670 567
1708680 567
1708690 568
1708700 568
1708710 568
1708720 569
1708730 569
1708740 569
1708750 569
1708760 568
1708770 568
1708780 568
1708790 568
1708800 568
1708810 567
1708820 567
1708830 567
1708840 567
1708850 566
1708860 566
1708870 565
1708880 565
1708890 564
1708900 564
1708910 563
1708920 563
1708930 562
1708940 562
1708950 561
1708960 561
1708970 560
1708980 560
1708990 559
1709000 558
1709010 558
1709020 557
1709030 557
1709040 556
1709050 556
1709060 555
1709070 555
1709080 555
1709090 555
1709100 555
1709110 554
1709120 554
1709130 554
1709140 554
1709150 554
1709160 555
1709170 555
1709180 556
1709190 557
1709200 557
1709210 558
1709220 559
1709230 559
1709240 560
1709250 561
1709260 562
1709270 562
1709280 563
1709290 564
1709300 564
1709310 565
1709320 565
1709330 566
1709340 567
1709350 567
1709360 568
1709370 568
1709380 569
1709390 569
1709400 570
1709410 570
1709420 571
1709430 571
1709440 572
1709450 572
1709460 573
1709470 573
1709480 574
1709490 574
1709500 575
1709510 575
1709520 575
1709530 576
1709540 576
1709550 576
1709560 576
1709570 576
1709580 576
1709590 577
1709600 577
1709610 578
1709620 578
1709630 578
1709640 578
1709650 578
1709660 579
1709670 579
1709680 579
1709690 579
1709700 579
1709710 579
1709720 579
1709730 579
1709740 579
1709750 579
1709760 579
1709770 579
1709780 579
1709790 579
1709800 579
1709810 579
1709820 579
1709830 579
1709840 579
1709850 579
1709860 579
1709870 579
1709880 579
1709890 579
1709900 579
1709910 579
1709920 579
1709930 579
1709940 578
1709950 578
1709960 578
1709970 578
1709980 578
1709990 578
1710000 577
1710010 577
1710020 577
1710030 577
1710040 577
1710050 577
1710060 576
1710070 576
1710080 576
1710090 576
1710100 575
1710110 575
1710120 575
1710130 575
1710140 575
1710150 574
1710160 574
1710170 574
1710180 574
1710190 573
1710200 573
1710210 572
1710220 572
1710230 572
1710240 571
1710250 571
1710260 571
1710270 570
1710280 570
1710290 570
1710300 569
1710310 569
1710320 569
1710330 568
1710340 568
1710350 568
1710360 567
1710370 567
1710380 566
1710390 566
1710400 566
1710410 566
1710420 565
1710430 565
1710440 565
1710450 564
1710460 564
1710470 563
1710480 563
1710490 563
1710500 562
1710510 562
1710520 562
1710530 561
1710540 561
1710550 561
1710560 560
1710570 560
1710580 559
1710590 559
1710600 559
1710610 558
1710620 558
1710630 558
1710640 557
1710650 557
1710660 556
1710670 556
1710680 556
1710690 555
1710700 555
1710710 554
1710720 554
1710730 553
1710740 553
1710750 552
1710760 552
1710770 551
1710780 551
1710790 551
1710800 550
1710810 549
1710820 549
1710830 548
1710840 547
1710850 547
1710860 547
1710870 547
1710880 546
1710890 546
1710900 545
1710910 545
1710920 544
1710930 544
1710940 543
1710950 542
1710960 542
1710970 541
1710980 541
1710990 540
1711000 540
1711010 540
1711020 539
1711030 539
1711040 538
1711050 538
1711060 538
1711070 537
1711080 537
1711090 536
1711100 536
1711110 535
1711120 535
1711130 534
1711140 534
1711150 534
1711160 533
1711170 533
1711180 532
1711190 532
1711200 532
1711210 531
1711220 530
1711230 530
1711240 530
1711250 530
1711260 529
1711270 529
1711280 529
1711290 529
1711300 529
1711310 530
1711320 530
1711330 530
1711340 530
1711350 530
1711360 530
1711370 530
1711380 530
1711390 530
1711400 530
1711410 530
1711420 530
1711430 530
1711440 530
1711450 530
1711460 530
1711470 529
1711480 529
1711490 529
1711500 529
1711510 529
1711520 529
1711530 529
1711540 529
1711550 529
1711560 528
1711570 528
1711580 528
1711590 528
1711600 528
1711610 528
1711620 528
1711630 528
1711640 528
1711650 528
1711660 528
1711670 528
1711680 528
1711690 528
1711700 528
1711710 527
1711720 527
1711730 528
1711740 528
1711750 528
1711760 528
1711770 528
1711780 528
1711790 528
1711800 528
1711810 528
1711820 528
1711830 529
1711840 529
1711850 528
1711860 528
1711870 528
1711880 528
1711890 528
1711900 528
1711910 528
1711920 528
1711930 527
1711940 527
1711950 527
1711960 526
1711970 526
1711980 525
1711990 525
1712000 524
1712010 524
1712020 523
1712030 523
1712040 522
1712050 522
1712060 522
1712070 521
1712080 521
1712090 520
1712100 520
1712110 521
1712120 523
1712130 525
1712140 527
1712150 528
1712160 529
1712170 530
1712180 530
1712190 531
1712200 532
1712210 532
1712220 533
1712230 533
1712240 534
1712250 534
1712260 535
1712270 535
1712280 535
1712290 536
1712300 536
1712310 536
1712320 537
1712330 537
1712340 537
1712350 538
1712360 538
1712370 538
1712380 539
1712390 539
1712400 539
1712410 540
1712420 540
1712430 540
1712440 540
1712450 541
1712460 541
1712470 541
1712480 542
1712490 542
1712500 542
1712510 543
1712520 543
1712530 543
1712540 543
1712550 543
1712560 543
1712570 543
1712580 542
1712590 542
1712600 542
1712610 542
1712620 542
1712630 542
1712640 541
1712650 541
1712660 541
1712670 541
1712680 540
1712690 540
1712700 540
1712710 540
1712720 540
1712730 539
1712740 539
1712750 539
1712760 539
1712770 538
1712780 538
1712790 538
1712800 537
1712810 537
1712820 537
1712830 536
1712840 536
1712850 536
1712860 535
1712870 535
1712880 535
1712890 534
1712900 534
1712910 534
1712920 533
1712930 533
1712940 533
1712950 532
1712960 532
1712970 532
1712980 531
1712990 531
1713000 531
1713010 530
1713020 530
1713030 530
1713040 529
1713050 529
1713060 529
1713070 529
1713080 528
1713090 528
1713100 528
1713110 527
1713120 527
1713130 527
1713140 527
1713150 526
1713160 526
1713170 526
1713180 526
1713190 526
1713200 526
1713210 525
1713220 525
1713230 525
1713240 524
1713250 524
1713260 524
1713270 523
1713280 523
1713290 523
1713300 522
1713310 522
1713320 521
1713330 521
1713340 521
1713350 520
1713360 520
1713370 520
1713380 520
1713390 519
1713400 519
1713410 519
1713420 518
1713430 517
1713440 517
1713450 517
1713460 516
1713470 516
1713480 516
1713490 515
1713500 515
1713510 514
1713520 513
1713530 513
1713540 512
1713550 512
1713560 511
1713570 511
1713580 510
1713590 510
1713600 510
1713610 509
1713620 508
1713630 508
1713640 508
1713650 508
1713660 508
1713670 508
1713680 507
1713690 507
1713700 507
1713710 506
1713720 505
1713730 504
1713740 504
1713750 503
1713760 503
1713770 502
1713780 501
1713790 501
1713800 500
1713810 500
1713820 500
1713830 499
1713840 499
1713850 499
1713860 498
1713870 498
1713880 498
1713890 498
1713900 498
1713910 498
1713920 498
1713930 497
1713940 497
1713950 497
1713960 497
1713970 496
1713980 496
1713990 496
1714000 496
1714010 494
1714020 493
1714030 492
1714040 492
1714050 491
1714060 491
1714070 491
1714080 491
1714090 490
1714100 490
1714110 490
1714120 490
1714130 489
1714140 489
1714150 489
1714160 489
1714170 489
1714180 488
1714190 488
1714200 488
1714210 488
1714220 488
1714230 487
1714240 487
1714250 487
1714260 488
1714270 488
1714280 490
1714290 491
1714300 492
1714310 493
1714320 493
1714330 494
1714340 494
1714350 494
1714360 495
1714370 495
1714380 495
1714390 495
1714400 495
1714410 495
1714420 495
1714430 496
1714440 496
1714450 496
1714460 496
1714470 496
1714480 496
1714490 496
1714500 496
1714510 496
1714520 496
1714530 496
1714540 496
1714550 496
1714560 496
1714570 495
1714580 495
1714590 495
1714600 495
1714610 495
1714620 495
1714630 495
1714640 495
1714650 494
1714660 494
1714670 494
1714680 493
1714690 493
1714700 493
1714710 493
1714720 492
1714730 492
1714740 492
1714750 491
1714760 491
1714770 491
1714780 491
1714790 490
1714800 490
1714810 490
1714820 490
1714830 489
1714840 489
1714850 489
1714860 488
1714870 488
1714880 488
1714890 488
1714900 487
1714910 487
1714920 486
1714930 486
1714940 486
1714950 486
1714960 486
1714970 485
1714980 485
1714990 485
1715000 486
1715010 486
1715020 487
1715030 487
1715040 487
1715050 488
1715060 488
1715070 489
1715080 489
1715090 489
1715100 489
1715110 489
1715120 489
1715130 490
1715140 490
1715150 490
1715160 490
1715170 490
1715180 490
1715190 490
1715200 490
1715210 489
1715220 489
1715230 489
1715240 489
1715250 489
1715260 489
1715270 489
1715280 489
1715290 488
1715300 488
1715310 488
1715320 488
1715330 488
1715340 488
1715350 488
1715360 488
1715370 488
1715380 487
1715390 488
1715400 488
1715410 488
1715420 488
1715430 488
1715440 488
1715450 488
1715460 488
1715470 488
1715480 488
1715490 489
1715500 489
1715510 489
1715520 490
1715530 490
1715540 491
1715550 492
1715560 492
1715570 493
1715580 494
1715590 494
1715600 495
1715610 495
1715620 496
1715630 496
1715640 497
1715650 497
1715660 497
1715670 498
1715680 498
1715690 498
1715700 498
1715710 498
1715720 498
1715730 498
1715740 498
1715750 498
1715760 498
1715770 498
1715780 498
1715790 499
1715800 499
1715810 499
1715820 499
1715830 499
1715840 499
1715850 499
1715860 499
1715870 499
1715880 499
1715890 499
1715900 499
1715910 499
1715920 499
1715930 499
1715940 499
1715950 499
1715960 499
1715970 499
1715980 499
1715990 499
1716000 500
1716010 500
1716020 501
1716030 501
1716040 501
1716050 501
1716060 500
1716070 499
1716080 499
1716090 499
1716100 498
1716110 498
1716120 498
1716130 497
1716140 497
1716150 497
1716160 496
1716170 496
1716180 495
1716190 495
1716200 494
1716210 494
1716220 493
1716230 493
1716240 493
1716250 492
1716260 492
1716270 492
1716280 491
1716290 491
1716300 491
1716310 490
1716320 490
1716330 490
1716340 489
1716350 489
1716360 489
1716370 488
1716380 488
1716390 488
1716400 487
1716410 487
1716420 486
1716430 486
1716440 485
1716450 484
1716460 483
1716470 482
1716480 480
1716490 477
1716500 475
1716510 472
1716520 470
1716530 467
1716540 465
1716550 463
1716560 461
1716570 460
1716580 458
1716590 457
1716600 455
1716610 453
1716620 453
1716630 453
1716640 453
1716650 453
1716660 452
1716670 452
1716680 451
1716690 450
1716700 449
1716710 448
1716720 448
1716730 447
1716740 446
1716750 446
1716760 446
1716770 446
1716780 447
1716790 447
1716800 448
1716810 449
1716820 450
1716830 451
1716840 453
1716850 454
1716860 455
1716870 455
1716880 455
1716890 455
1716900 456
1716910 456
1716920 456
1716930 457
1716940 457
1716950 457
1716960 458
1716970 458
1716980 458
1716990 458
1717000 459
1717010 459
1717020 459
1717030 459
1717040 459
1717050 459
1717060 459
1717070 459
1717080 459
1717090 459
1717100 459
1717110 459
1717120 459
1717130 458
1717140 458
1717150 458
1717160 458
1717170 458
1717180 458
1717190 458
1717200 457
1717210 457
1717220 457
1717230 457
1717240 457
1717250 456
1717260 456
1717270 456
1717280 456
1717290 456
1717300 455
1717310 455
1717320 455
1717330 455
1717340 455
1717350 454
1717360 454
1717370 454
1717380 454
1717390 454
1717400 453
1717410 453
1717420 453
1717430 453
1717440 453
1717450 453
1717460 452
1717470 452
1717480 452
1717490 452
1717500 451
1717510 451
1717520 451
1717530 451
1717540 451
1717550 450
1717560 450
1717570 450
1717580 450
1717590 450
1717600 449
1717610 448
1717620 448
1717630 448
1717640 447
1717650 447
1717660 447
1717670 446
1717680 446
1717690 446
1717700 445
1717710 445
1717720 445
1717730 444
1717740 444
1717750 444
1717760 443
1717770 443
1717780 443
1717790 442
1717800 442
1717810 442
1717820 441
1717830 441
1717840 441
1717850 440
1717860 440
1717870 440
1717880 439
1717890 439
1717900 439
1717910 438
1717920 438
1717930 438
1717940 437
1717950 437
1717960 437
1717970 436
1717980 436
1717990 435
1718000 435
1718010 435
1718020 435
1718030 434
1718040 434
1718050 433
1718060 433
1718070 432
1718080 432
1718090 431
1718100 431
1718110 430
1718120 429
1718130 429
1718140 428
1718150 427
1718160 426
1718170 425
1718180 423
1718190 422
1718200 421
1718210 421
1718220 420
1718230 420
1718240 420
1718250 420
1718260 420
1718270 420
1718280 420
1718290 420
1718300 420
1718310 420
1718320 420
1718330 420
1718340 419
1718350 419
1718360 419
1718370 419
1718380 422
1718390 427
1718400 434
1718410 439
1718420 444
1718430 449
1718440 452
1718450 454
1718460 455
1718470 455
1718480 455
1718490 455
1718500 455
1718510 455
1718520 456
1718530 456
1718540 456
1718550 456
1718560 456
1718570 456
1718580 456
1718590 456
1718600 457
1718610 457
1718620 457
1718630 457
1718640 457
1718650 457
1718660 457
1718670 457
1718680 457
1718690 457
1718700 457
1718710 457
1718720 457
1718730 457
1718740 457
1718750 457
1718760 457
1718770 457
1718780 457
1718790 457
1718800 458
1718810 458
1718820 458
1718830 458
1718840 458
1718850 458
1718860 458
1718870 458
1718880 459
1718890 459
1718900 459
1718910 459
1718920 459
1718930 459
1718940 460
1718950 460
1718960 460
1718970 460
1718980 460
1718990 460
1719000 461
1719010 461
1719020 461
1719030 461
1719040 461
1719050 461
1719060 461
1719070 462
1719080 462
1719090 462
1719100 462
1719110 462
1719120 462
1719130 462
1719140 463
1719150 463
1719160 463
1719170 463
1719180 463
1719190 463
1719200 463
1719210 463
1719220 463
1719230 463
1719240 463
1719250 463
1719260 463
1719270 463
1719280 463
1719290 463
1719300 464
1719310 464
1719320 464
1719330 464
1719340 464
1719350 464
1719360 464
1719370 464
1719380 464
1719390 464
1719400 465
1719410 465
1719420 465
1719430 465
1719440 465
1719450 465
1719460 465
1719470 465
1719480 465
1719490 465
1719500 465
1719510 465
1719520 465
1719530 465
1719540 465
1719550 465
1719560 466
1719570 466
1719580 466
1719590 466
1719600 466
1719610 466
1719620 466
1719630 467
1719640 467
1719650 467
1719660 467
1719670 467
1719680 468
1719690 468
1719700 468
1719710 468
1719720 469
1719730 469
1719740 469
1719750 469
1719760 469
1719770 470
1719780 470
1719790 470
1719800 470
1719810 471
1719820 471
1719830 471
1719840 471
1719850 471
1719860 472
1719870 472
1719880 472
1719890 472
1719900 473
1719910 473
1719920 473
1719930 473
1719940 473
1719950 474
1719960 474
1719970 474
1719980 475
1719990 475
