1700000 513
1700010 513
1700020 514
1700030 514
1700040 514
1700050 514
1700060 515
1700070 515
1700080 515
1700090 515
1700100 516
1700110 516
1700120 516
1700130 516
1700140 517
1700150 517
1700160 517
1700170 517
1700180 517
1700190 518
1700200 518
1700210 518
1700220 518
1700230 518
1700240 518
1700250 519
1700260 519
1700270 519
1700280 519
1700290 519
1700300 518
1700310 518
1700320 518
1700330 518
1700340 518
1700350 517
1700360 517
1700370 517
1700380 517
1700390 517
1700400 517
1700410 516
1700420 516
1700430 516
1700440 515
1700450 515
1700460 515
1700470 515
1700480 515
1700490 514
1700500 514
1700510 514
1700520 513
1700530 513
1700540 513
1700550 512
1700560 512
1700570 511
1700580 511
1700590 511
1700600 510
1700610 510
1700620 509
1700630 508
1700640 508
1700650 507
1700660 506
1700670 506
1700680 505
1700690 505
1700700 504
1700710 504
1700720 503
1700730 503
1700740 503
1700750 503
1700760 503
1700770 503
1700780 503
1700790 502
1700800 502
1700810 502
1700820 502
1700830 502
1700840 502
1700850 502
1700860 502
1700870 502
1700880 502
1700890 501
1700900 501
1700910 501
1700920 501
1700930 501
1700940 500
1700950 500
1700960 499
1700970 498
1700980 498
1700990 498
1701000 497
1701010 497
1701020 497
1701030 496
1701040 496
1701050 495
1701060 495
1701070 494
1701080 493
1701090 493
1701100 492
1701110 492
1701120 491
1701130 491
1701140 491
1701150 490
1701160 490
1701170 490
1701180 489
1701190 489
1701200 489
1701210 489
1701220 487
1701230 484
1701240 479
1701250 477
1701260 475
1701270 475
1701280 474
1701290 474
1701300 473
1701310 473
1701320 474
1701330 473
1701340 473
1701350 472
1701360 472
1701370 471
1701380 470
1701390 470
1701400 469
1701410 468
1701420 467
1701430 467
1701440 466
1701450 466
1701460 465
1701470 465
1701480 464
1701490 464
1701500 464
1701510 464
1701520 463
1701530 463
1701540 463
1701550 463
1701560 463
1701570 462
1701580 462
1701590 461
1701600 461
1701610 461
1701620 462
1701630 461
1701640 460
1701650 459
1701660 459
1701670 459
1701680 459
1701690 458
1701700 458
1701710 458
1701720 458
1701730 458
1701740 458
1701750 458
1701760 458
1701770 457
1701780 458
1701790 458
1701800 458
1701810 458
1701820 458
1701830 457
1701840 457
1701850 457
1701860 457
1701870 458
1701880 458
1701890 459
1701900 459
1701910 459
1701920 459
1701930 459
1701940 459
1701950 459
1701960 459
1701970 459
1701980 459
1701990 458
1702000 458
1702010 457
1702020 457
1702030 457
1702040 457
1702050 457
1702060 457
1702070 458
1702080 458
1702090 458
1702100 458
1702110 458
1702120 458
1702130 458
1702140 458
1702150 458
1702160 458
1702170 458
1702180 458
1702190 459
1702200 459
1702210 459
1702220 459
1702230 459
1702240 459
1702250 459
1702260 459
1702270 459
1702280 459
1702290 459
1702300 459
1702310 459
1702320 459
1702330 459
1702340 459
1702350 459
1702360 459
1702370 459
1702380 459
1702390 459
1702400 459
1702410 459
1702420 459
1702430 458
1702440 458
1702450 458
1702460 458
1702470 459
1702480 459
1702490 459
1702500 459
1702510 459
1702520 459
1702530 459
1702540 459
1702550 459
1702560 459
1702570 459
1702580 459
1702590 459
1702600 459
1702610 459
1702620 459
1702630 459
1702640 460
1702650 460
1702660 461
1702670 462
1702680 463
1702690 463
1702700 464
1702710 465
1702720 466
1702730 466
1702740 467
1702750 468
1702760 470
1702770 470
1702780 471
1702790 471
1702800 471
1702810 471
1702820 471
1702830 472
1702840 472
1702850 472
1702860 473
1702870 473
1702880 474
1702890 474
1702900 474
1702910 474
1702920 474
1702930 474
1702940 474
1702950 474
1702960 474
1702970 474
1702980 475
1702990 475
1703000 475
1703010 475
1703020 475
1703030 475
1703040 475
1703050 475
1703060 475
1703070 475
1703080 475
1703090 475
1703100 475
1703110 475
1703120 475
1703130 475
1703140 475
1703150 475
1703160 475
1703170 475
1703180 475
1703190 475
1703200 475
1703210 475
1703220 475
1703230 475
1703240 475
1703250 475
1703260 475
1703270 475
1703280 475
1703290 475
1703300 475
1703310 475
1703320 475
1703330 475
1703340 475
1703350 475
1703360 475
1703370 475
1703380 475
1703390 475
1703400 475
1703410 476
1703420 476
1703430 476
1703440 476
1703450 476
1703460 476
1703470 476
1703480 476
1703490 476
1703500 476
1703510 476
1703520 476
1703530 476
1703540 476
1703550 476
1703560 476
1703570 476
1703580 476
1703590 476
1703600 476
1703610 476
1703620 477
1703630 477
1703640 478
1703650 477
1703660 477
1703670 477
1703680 477
1703690 477
1703700 478
1703710 478
1703720 478
1703730 478
1703740 478
1703750 478
1703760 479
1703770 479
1703780 479
1703790 479
1703800 479
1703810 479
1703820 479
1703830 479
1703840 479
1703850 479
1703860 480
1703870 480
1703880 480
1703890 480
1703900 480
1703910 481
1703920 481
1703930 481
1703940 482
1703950 482
1703960 482
1703970 483
1703980 483
1703990 483
1704000 484
1704010 484
1704020 484
1704030 484
1704040 484
1704050 484
1704060 485
1704070 485
1704080 485
1704090 485
1704100 485
1704110 485
1704120 486
1704130 486
1704140 486
1704150 486
1704160 487
1704170 487
1704180 487
1704190 487
1704200 488
1704210 488
1704220 488
1704230 488
1704240 488
1704250 488
1704260 488
1704270 489
1704280 489
1704290 489
1704300 489
1704310 489
1704320 490
1704330 490
1704340 490
1704350 490
1704360 490
1704370 490
1704380 490
1704390 491
1704400 491
1704410 491
1704420 491
1704430 491
1704440 491
1704450 491
1704460 491
1704470 491
1704480 491
1704490 492
1704500 492
1704510 492
1704520 492
1704530 492
1704540 492
1704550 492
1704560 492
1704570 492
1704580 491
1704590 491
1704600 491
1704610 491
1704620 491
1704630 492
1704640 492
1704650 492
1704660 492
1704670 492
1704680 492
1704690 492
1704700 492
1704710 492
1704720 492
1704730 493
1704740 493
1704750 493
1704760 493
1704770 493
1704780 493
1704790 494
1704800 494
1704810 494
1704820 494
1704830 494
1704840 494
1704850 495
1704860 495
1704870 495
1704880 495
1704890 495
1704900 496
1704910 496
1704920 496
1704930 496
1704940 496
1704950 497
1704960 497
1704970 497
1704980 497
1704990 497
1705000 498
1705010 498
1705020 498
1705030 498
1705040 499
1705050 499
1705060 499
1705070 499
1705080 499
1705090 500
1705100 500
1705110 500
1705120 500
1705130 500
1705140 501
1705150 501
1705160 501
1705170 501
1705180 502
1705190 502
1705200 502
1705210 502
1705220 503
1705230 503
1705240 503
1705250 504
1705260 504
1705270 504
1705280 504
1705290 504
1705300 505
1705310 505
1705320 505
1705330 505
1705340 506
1705350 506
1705360 506
1705370 506
1705380 507
1705390 507
1705400 507
1705410 508
1705420 508
1705430 508
1705440 508
1705450 509
1705460 509
1705470 509
1705480 510
1705490 510
1705500 510
1705510 510
1705520 511
1705530 511
1705540 511
1705550 511
1705560 512
1705570 512
1705580 512
1705590 513
1705600 513
1705610 514
1705620 514
1705630 514
1705640 515
1705650 515
1705660 515
1705670 516
1705680 516
1705690 516
1705700 516
1705710 517
1705720 517
1705730 517
1705740 517
1705750 517
1705760 518
1705770 518
1705780 518
1705790 518
1705800 518
1705810 519
1705820 519
1705830 519
1705840 520
1705850 520
1705860 520
1705870 521
1705880 521
1705890 521
1705900 522
1705910 522
1705920 522
1705930 523
1705940 523
1705950 524
1705960 524
1705970 524
1705980 525
1705990 525
1706000 526
1706010 526
1706020 527
1706030 527
1706040 528
1706050 528
1706060 529
1706070 529
1706080 530
1706090 530
1706100 531
1706110 531
1706120 532
1706130 532
1706140 532
1706150 533
1706160 533
1706170 534
1706180 534
1706190 535
1706200 535
1706210 535
1706220 536
1706230 536
1706240 537
1706250 537
1706260 538
1706270 538
1706280 539
1706290 539
1706300 540
1706310 540
1706320 541
1706330 541
1706340 542
1706350 542
1706360 542
1706370 543
1706380 543
1706390 544
1706400 544
1706410 545
1706420 545
1706430 546
1706440 546
1706450 546
1706460 547
1706470 547
1706480 547
1706490 547
1706500 547
1706510 548
1706520 548
1706530 548
1706540 548
1706550 548
1706560 548
1706570 548
1706580 548
1706590 548
1706600 549
1706610 550
1706620 550
1706630 551
1706640 552
1706650 553
1706660 554
1706670 555
1706680 556
1706690 557
1706700 557
1706710 558
1706720 559
1706730 560
1706740 561
1706750 562
1706760 563
1706770 564
1706780 565
1706790 566
1706800 567
1706810 568
1706820 569
1706830 570
1706840 571
1706850 572
1706860 572
1706870 573
1706880 574
1706890 575
1706900 576
1706910 577
1706920 578
1706930 578
1706940 578
1706950 579
1706960 579
1706970 579
1706980 579
1706990 579
1707000 579
1707010 579
1707020 579
1707030 579
1707040 579
1707050 579
1707060 579
1707070 580
1707080 580
1707090 580
1707100 580
1707110 580
1707120 580
1707130 580
1707140 581
1707150 581
1707160 581
1707170 581
1707180 581
1707190 581
1707200 581
1707210 581
1707220 581
1707230 581
1707240 581
1707250 580
1707260 580
1707270 580
1707280 580
1707290 580
1707300 580
1707310 580
1707320 580
1707330 580
1707340 580
1707350 580
1707360 580
1707370 580
1707380 580
1707390 580
1707400 580
1707410 580
1707420 580
1707430 580
1707440 580
1707450 580
1707460 581
1707470 581
1707480 581
1707490 581
1707500 581
1707510 581
1707520 581
1707530 580
1707540 581
1707550 581
1707560 581
1707570 581
1707580 581
1707590 581
1707600 581
1707610 580
1707620 580
1707630 580
1707640 580
1707650 580
1707660 580
1707670 580
1707680 580
1707690 580
1707700 579
1707710 579
1707720 579
1707730 578
1707740 578
1707750 577
1707760 577
1707770 576
1707780 576
1707790 575
1707800 575
1707810 574
1707820 574
1707830 573
1707840 573
1707850 572
1707860 571
1707870 571
1707880 570
1707890 569
1707900 569
1707910 568
1707920 567
1707930 566
1707940 565
1707950 564
1707960 563
1707970 563
1707980 562
1707990 561
1708000 561
1708010 560
1708020 559
1708030 559
1708040 558
1708050 558
1708060 557
1708070 557
1708080 557
1708090 556
1708100 556
1708110 556
1708120 555
1708130 555
1708140 555
1708150 555
1708160 554
1708170 554
1708180 554
1708190 553
1708200 553
1708210 553
1708220 553
1708230 552
1708240 552
1708250 552
1708260 552
1708270 552
1708280 551
1708290 551
1708300 551
1708310 551
1708320 551
1708330 551
1708340 551
1708350 551
1708360 550
1708370 550
1708380 550
1708390 549
1708400 549
1708410 548
1708420 548
1708430 547
1708440 547
1708450 546
1708460 546
1708470 545
1708480 545
1708490 544
1708500 544
1708510 544
1708520 544
1708530 543
1708540 543
1708550 543
1708560 542
1708570 542
1708580 542
1708590 541
1708600 541
1708610 540
1708620 540
1708630 539
1708640 539
1708650 539
1708660 538
1708670 538
1708680 538
1708690 538
1708700 537
1708710 537
1708720 537
1708730 536
1708740 536
1708750 536
1708760 536
1708770 536
1708780 536
1708790 536
1708800 535
1708810 535
1708820 534
1708830 534
1708840 534
1708850 533
1708860 533
1708870 533
1708880 533
1708890 532
1708900 532
1708910 531
1708920 531
1708930 530
1708940 530
1708950 530
1708960 530
1708970 529
1708980 529
1708990 529
1709000 528
1709010 528
1709020 528
1709030 529
1709040 530
1709050 531
1709060 533
1709070 535
1709080 538
1709090 540
1709100 543
1709110 546
1709120 548
1709130 549
1709140 550
1709150 551
1709160 551
1709170 552
1709180 552
1709190 552
1709200 552
1709210 552
1709220 552
1709230 552
1709240 552
1709250 551
1709260 551
1709270 551
1709280 550
1709290 550
1709300 550
1709310 549
1709320 549
1709330 549
1709340 549
1709350 548
1709360 548
1709370 548
1709380 547
1709390 547
1709400 547
1709410 546
1709420 546
1709430 546
1709440 545
1709450 545
1709460 544
1709470 544
1709480 543
1709490 543
1709500 542
1709510 542
1709520 541
1709530 541
1709540 540
1709550 540
1709560 539
1709570 539
1709580 539
1709590 539
1709600 540
1709610 540
1709620 540
1709630 540
1709640 541
1709650 541
1709660 542
1709670 542
1709680 542
1709690 543
1709700 543
1709710 544
1709720 544
1709730 544
1709740 545
1709750 545
1709760 545
1709770 545
1709780 545
1709790 546
1709800 546
1709810 546
1709820 546
1709830 546
1709840 546
1709850 546
1709860 547
1709870 547
1709880 547
1709890 547
1709900 547
1709910 547
1709920 547
1709930 547
1709940 547
1709950 547
1709960 546
1709970 546
1709980 546
1709990 546
1710000 546
1710010 546
1710020 546
1710030 546
1710040 547
1710050 547
1710060 547
1710070 547
1710080 547
1710090 548
1710100 548
1710110 548
1710120 548
1710130 549
1710140 549
1710150 550
1710160 550
1710170 551
1710180 551
1710190 552
1710200 552
1710210 553
1710220 553
1710230 554
1710240 554
1710250 554
1710260 555
1710270 556
1710280 556
1710290 557
1710300 557
1710310 558
1710320 559
1710330 559
1710340 560
1710350 560
1710360 560
1710370 561
1710380 561
1710390 562
1710400 562
1710410 563
1710420 563
1710430 564
1710440 564
1710450 564
1710460 565
1710470 565
1710480 566
1710490 566
1710500 566
1710510 567
1710520 567
1710530 567
1710540 568
1710550 568
1710560 568
1710570 568
1710580 568
1710590 568
1710600 568
1710610 567
1710620 567
1710630 567
1710640 566
1710650 566
1710660 566
1710670 565
1710680 565
1710690 564
1710700 564
1710710 563
1710720 563
1710730 562
1710740 562
1710750 561
1710760 561
1710770 560
1710780 560
1710790 559
1710800 559
1710810 558
1710820 558
1710830 557
1710840 556
1710850 556
1710860 555
1710870 555
1710880 555
1710890 554
1710900 553
1710910 553
1710920 552
1710930 552
1710940 551
1710950 550
1710960 550
1710970 549
1710980 549
1710990 547
1711000 546
1711010 545
1711020 544
1711030 544
1711040 543
1711050 543
1711060 543
1711070 542
1711080 541
1711090 541
1711100 540
1711110 539
1711120 538
1711130 538
1711140 537
1711150 537
1711160 537
1711170 536
1711180 535
1711190 534
1711200 533
1711210 532
1711220 532
1711230 531
1711240 531
1711250 530
1711260 530
1711270 529
1711280 529
1711290 528
1711300 528
1711310 528
1711320 527
1711330 527
1711340 527
1711350 526
1711360 526
1711370 525
1711380 525
1711390 525
1711400 525
1711410 524
1711420 524
1711430 523
1711440 523
1711450 522
1711460 522
1711470 522
1711480 521
1711490 521
1711500 521
1711510 521
1711520 520
1711530 520
1711540 520
1711550 520
1711560 520
1711570 519
1711580 519
1711590 519
1711600 519
1711610 518
1711620 518
1711630 518
1711640 518
1711650 518
1711660 518
1711670 517
1711680 517
1711690 517
1711700 517
1711710 517
1711720 517
1711730 517
1711740 516
1711750 516
1711760 515
1711770 515
1711780 515
1711790 515
1711800 514
1711810 514
1711820 513
1711830 513
1711840 513
1711850 512
1711860 512
1711870 512
1711880 511
1711890 511
1711900 511
1711910 511
1711920 510
1711930 509
1711940 509
1711950 508
1711960 507
1711970 507
1711980 506
1711990 506
1712000 505
1712010 505
1712020 504
1712030 504
1712040 503
1712050 502
1712060 502
1712070 501
1712080 501
1712090 500
1712100 499
1712110 498
1712120 495
1712130 492
1712140 490
1712150 490
1712160 491
1712170 492
1712180 493
1712190 493
1712200 493
1712210 493
1712220 493
1712230 493
1712240 494
1712250 495
1712260 496
1712270 498
1712280 500
1712290 502
1712300 504
1712310 507
1712320 509
1712330 511
1712340 512
1712350 513
1712360 514
1712370 514
1712380 514
1712390 514
1712400 514
1712410 514
1712420 514
1712430 514
1712440 514
1712450 514
1712460 514
1712470 514
1712480 514
1712490 514
1712500 514
1712510 514
1712520 514
1712530 514
1712540 514
1712550 514
1712560 513
1712570 513
1712580 513
1712590 513
1712600 512
1712610 512
1712620 512
1712630 512
1712640 512
1712650 512
1712660 512
1712670 512
1712680 511
1712690 511
1712700 511
1712710 511
1712720 511
1712730 511
1712740 511
1712750 511
1712760 510
1712770 510
1712780 510
1712790 510
1712800 510
1712810 510
1712820 510
1712830 510
1712840 510
1712850 510
1712860 510
1712870 510
1712880 510
1712890 510
1712900 510
1712910 511
1712920 511
1712930 511
1712940 511
1712950 512
1712960 512
1712970 513
1712980 513
1712990 513
1713000 514
1713010 514
1713020 514
1713030 514
1713040 515
1713050 515
1713060 516
1713070 516
1713080 517
1713090 517
1713100 518
1713110 518
1713120 518
1713130 519
1713140 519
1713150 520
1713160 520
1713170 521
1713180 521
1713190 522
1713200 523
1713210 523
1713220 524
1713230 524
1713240 524
1713250 525
1713260 525
1713270 525
1713280 525
1713290 525
1713300 525
1713310 525
1713320 525
1713330 526
1713340 525
1713350 525
1713360 525
1713370 525
1713380 525
1713390 524
1713400 524
1713410 523
1713420 523
1713430 522
1713440 522
1713450 521
1713460 521
1713470 520
1713480 520
1713490 519
1713500 519
1713510 519
1713520 518
1713530 517
1713540 517
1713550 516
1713560 516
1713570 515
1713580 514
1713590 513
1713600 513
1713610 512
1713620 511
1713630 510
1713640 509
1713650 508
1713660 507
1713670 506
1713680 505
1713690 504
1713700 504
1713710 503
1713720 502
1713730 501
1713740 500
1713750 499
1713760 499
1713770 498
1713780 497
1713790 496
1713800 495
1713810 494
1713820 493
1713830 492
1713840 491
1713850 490
1713860 490
1713870 489
1713880 488
1713890 487
1713900 486
1713910 485
1713920 484
1713930 483
1713940 482
1713950 482
1713960 481
1713970 481
1713980 480
1713990 480
1714000 480
1714010 479
1714020 479
1714030 479
1714040 478
1714050 478
1714060 477
1714070 477
1714080 476
1714090 475
1714100 474
1714110 474
1714120 473
1714130 472
1714140 471
1714150 470
1714160 469
1714170 468
1714180 467
1714190 466
1714200 466
1714210 465
1714220 464
1714230 463
1714240 462
1714250 462
1714260 461
1714270 460
1714280 459
1714290 459
1714300 458
1714310 457
1714320 455
1714330 454
1714340 453
1714350 452
1714360 451
1714370 451
1714380 450
1714390 450
1714400 449
1714410 448
1714420 448
1714430 448
1714440 448
1714450 448
1714460 447
1714470 447
1714480 447
1714490 447
1714500 447
1714510 447
1714520 447
1714530 447
1714540 446
1714550 446
1714560 446
1714570 446
1714580 445
1714590 445
1714600 445
1714610 445
1714620 444
1714630 444
1714640 444
1714650 444
1714660 444
1714670 444
1714680 445
1714690 445
1714700 445
1714710 445
1714720 445
1714730 445
1714740 445
1714750 446
1714760 446
1714770 447
1714780 447
1714790 448
1714800 449
1714810 449
1714820 450
1714830 451
1714840 452
1714850 454
1714860 455
1714870 456
1714880 457
1714890 457
1714900 458
1714910 458
1714920 458
1714930 459
1714940 459
1714950 459
1714960 459
1714970 459
1714980 459
1714990 459
1715000 458
1715010 458
1715020 458
1715030 457
1715040 457
1715050 456
1715060 456
1715070 455
1715080 454
1715090 453
1715100 453
1715110 452
1715120 451
1715130 450
1715140 449
1715150 448
1715160 447
1715170 447
1715180 446
1715190 445
1715200 444
1715210 444
1715220 443
1715230 443
1715240 442
1715250 439
1715260 437
1715270 435
1715280 435
1715290 434
1715300 434
1715310 434
1715320 435
1715330 436
1715340 436
1715350 436
1715360 436
1715370 437
1715380 438
1715390 440
1715400 444
1715410 447
1715420 450
1715430 451
1715440 452
1715450 453
1715460 454
1715470 454
1715480 455
1715490 456
1715500 458
1715510 459
1715520 461
1715530 462
1715540 463
1715550 464
1715560 465
1715570 467
1715580 468
1715590 469
1715600 470
1715610 471
1715620 472
1715630 473
1715640 474
1715650 474
1715660 474
1715670 474
1715680 474
1715690 474
1715700 474
1715710 474
1715720 474
1715730 474
1715740 474
1715750 474
1715760 474
1715770 474
1715780 474
1715790 474
1715800 474
1715810 474
1715820 474
1715830 473
1715840 473
1715850 472
1715860 472
1715870 472
1715880 472
1715890 473
1715900 474
1715910 475
1715920 476
1715930 476
1715940 476
1715950 477
1715960 476
1715970 476
1715980 475
1715990 473
1716000 472
1716010 470
1716020 468
1716030 467
1716040 467
1716050 467
1716060 467
1716070 467
1716080 467
1716090 467
1716100 467
1716110 467
1716120 466
1716130 465
1716140 465
1716150 465
1716160 465
1716170 465
1716180 465
1716190 464
1716200 462
1716210 461
1716220 461
1716230 462
1716240 464
1716250 464
1716260 463
1716270 462
1716280 459
1716290 457
1716300 454
1716310 452
1716320 450
1716330 448
1716340 445
1716350 443
1716360 441
1716370 440
1716380 439
1716390 438
1716400 437
1716410 437
1716420 437
1716430 438
1716440 438
1716450 439
1716460 439
1716470 438
1716480 438
1716490 437
1716500 437
1716510 436
1716520 435
1716530 434
1716540 434
1716550 433
1716560 433
1716570 432
1716580 431
1716590 430
1716600 430
1716610 429
1716620 429
1716630 428
1716640 427
1716650 426
1716660 425
1716670 424
1716680 423
1716690 423
1716700 422
1716710 422
1716720 422
1716730 422
1716740 422
1716750 422
1716760 422
1716770 422
1716780 422
1716790 422
1716800 422
1716810 422
1716820 422
1716830 422
1716840 422
1716850 422
1716860 422
1716870 422
1716880 422
1716890 422
1716900 422
1716910 422
1716920 422
1716930 422
1716940 422
1716950 422
1716960 422
1716970 422
1716980 422
1716990 422
1717000 423
1717010 423
1717020 423
1717030 423
1717040 423
1717050 423
1717060 423
1717070 423
1717080 423
1717090 423
1717100 423
1717110 424
1717120 424
1717130 424
1717140 424
1717150 424
1717160 424
1717170 424
1717180 424
1717190 424
1717200 424
1717210 424
1717220 425
1717230 425
1717240 425
1717250 425
1717260 425
1717270 425
1717280 425
1717290 425
1717300 425
1717310 425
1717320 425
1717330 425
1717340 425
1717350 425
1717360 425
1717370 425
1717380 425
1717390 425
1717400 426
1717410 426
1717420 426
1717430 426
1717440 426
1717450 426
1717460 426
1717470 426
1717480 426
1717490 427
1717500 427
1717510 428
1717520 429
1717530 431
1717540 434
1717550 436
1717560 439
1717570 441
1717580 443
1717590 446
1717600 448
1717610 450
1717620 451
1717630 452
1717640 452
1717650 452
1717660 451
1717670 451
1717680 451
1717690 450
1717700 449
1717710 448
1717720 447
1717730 445
1717740 443
1717750 441
1717760 439
1717770 437
1717780 435
1717790 432
1717800 429
1717810 427
1717820 427
1717830 427
1717840 427
1717850 427
1717860 427
1717870 427
1717880 427
1717890 427
1717900 427
1717910 427
1717920 428
1717930 428
1717940 428
1717950 429
1717960 430
1717970 432
1717980 433
1717990 434
1718000 435
1718010 437
1718020 438
1718030 440
1718040 442
1718050 444
1718060 447
1718070 449
1718080 451
1718090 453
1718100 453
1718110 454
1718120 454
1718130 455
1718140 455
1718150 455
1718160 456
1718170 456
1718180 456
1718190 456
1718200 456
1718210 456
1718220 456
1718230 456
1718240 456
1718250 456
1718260 456
1718270 456
1718280 456
1718290 455
1718300 455
1718310 455
1718320 455
1718330 455
1718340 456
1718350 456
1718360 456
1718370 456
1718380 456
1718390 456
1718400 456
1718410 457
1718420 457
1718430 457
1718440 457
1718450 457
1718460 457
1718470 457
1718480 457
1718490 457
1718500 457
1718510 457
1718520 457
1718530 457
1718540 457
1718550 457
1718560 457
1718570 457
1718580 456
1718590 456
1718600 456
1718610 456
1718620 456
1718630 457
1718640 457
1718650 457
1718660 458
1718670 458
1718680 458
1718690 458
1718700 458
1718710 458
1718720 458
1718730 458
1718740 458
1718750 459
1718760 459
1718770 459
1718780 459
1718790 459
1718800 459
1718810 459
1718820 459
1718830 460
1718840 460
1718850 460
1718860 460
1718870 460
1718880 460
1718890 461
1718900 461
1718910 461
1718920 462
1718930 462
1718940 462
1718950 463
1718960 463
1718970 463
1718980 463
1718990 464
1719000 464
1719010 464
1719020 464
1719030 464
1719040 464
1719050 464
1719060 465
1719070 465
1719080 465
1719090 465
1719100 466
1719110 466
1719120 466
1719130 467
1719140 467
1719150 467
1719160 467
1719170 467
1719180 468
1719190 468
1719200 468
1719210 468
1719220 468
1719230 468
1719240 468
1719250 469
1719260 469
1719270 469
1719280 469
1719290 469
1719300 469
1719310 469
1719320 469
1719330 469
1719340 469
1719350 469
1719360 469
1719370 469
1719380 469
1719390 469
1719400 469
1719410 469
1719420 468
1719430 467
1719440 468
1719450 468
1719460 468
1719470 468
1719480 468
1719490 468
1719500 467
1719510 467
1719520 467
1719530 467
1719540 467
1719550 466
1719560 466
1719570 466
1719580 466
1719590 466
1719600 466
1719610 466
1719620 466
1719630 466
1719640 466
1719650 465
1719660 465
1719670 465
1719680 465
1719690 465
1719700 465
1719710 465
1719720 464
1719730 464
1719740 464
1719750 464
1719760 464
1719770 464
1719780 464
1719790 464
1719800 464
1719810 464
1719820 465
1719830 465
1719840 465
1719850 466
1719860 466
1719870 466
1719880 467
1719890 467
1719900 467
1719910 467
1719920 468
1719930 468
1719940 468
1719950 468
1719960 468
1719970 468
1719980 468
1719990 468
