1700000 474
1700010 474
1700020 474
1700030 473
1700040 473
1700050 472
1700060 472
1700070 472
1700080 472
1700090 472
1700100 471
1700110 471
1700120 470
1700130 469
1700140 469
1700150 469
1700160 468
1700170 468
1700180 468
1700190 467
1700200 467
1700210 466
1700220 466
1700230 465
1700240 465
1700250 464
1700260 464
1700270 463
1700280 463
1700290 462
1700300 462
1700310 461
1700320 461
1700330 460
1700340 460
1700350 460
1700360 460
1700370 460
1700380 460
1700390 460
1700400 460
1700410 460
1700420 460
1700430 460
1700440 460
1700450 460
1700460 460
1700470 460
1700480 460
1700490 460
1700500 460
1700510 460
1700520 460
1700530 460
1700540 460
1700550 460
1700560 460
1700570 460
1700580 460
1700590 460
1700600 460
1700610 460
1700620 460
1700630 460
1700640 460
1700650 460
1700660 459
1700670 459
1700680 460
1700690 460
1700700 461
1700710 461
1700720 460
1700730 459
1700740 459
1700750 459
1700760 460
1700770 460
1700780 460
1700790 460
1700800 460
1700810 460
1700820 460
1700830 459
1700840 459
1700850 459
1700860 459
1700870 459
1700880 459
1700890 459
1700900 459
1700910 459
1700920 459
1700930 459
1700940 459
1700950 459
1700960 459
1700970 459
1700980 459
1700990 459
1701000 459
1701010 459
1701020 459
1701030 459
1701040 459
1701050 458
1701060 458
1701070 458
1701080 458
1701090 459
1701100 459
1701110 459
1701120 459
1701130 459
1701140 459
1701150 459
1701160 458
1701170 459
1701180 459
1701190 459
1701200 459
1701210 459
1701220 459
1701230 459
1701240 459
1701250 459
1701260 459
1701270 459
1701280 459
1701290 460
1701300 460
1701310 460
1701320 460
1701330 460
1701340 460
1701350 460
1701360 460
1701370 460
1701380 460
1701390 460
1701400 460
1701410 459
1701420 459
1701430 459
1701440 459
1701450 459
1701460 459
1701470 459
1701480 459
1701490 459
1701500 459
1701510 459
1701520 459
1701530 459
1701540 460
1701550 460
1701560 461
1701570 463
1701580 464
1701590 465
1701600 466
1701610 466
1701620 467
1701630 466
1701640 466
1701650 467
1701660 470
1701670 472
1701680 473
1701690 473
1701700 474
1701710 474
1701720 474
1701730 474
1701740 474
1701750 475
1701760 474
1701770 474
1701780 474
1701790 474
1701800 474
1701810 475
1701820 475
1701830 475
1701840 475
1701850 475
1701860 475
1701870 476
1701880 476
1701890 476
1701900 476
1701910 477
1701920 477
1701930 477
1701940 478
1701950 478
1701960 478
1701970 478
1701980 478
1701990 478
1702000 478
1702010 478
1702020 478
1702030 478
1702040 478
1702050 478
1702060 478
1702070 478
1702080 478
1702090 477
1702100 477
1702110 477
1702120 477
1702130 477
1702140 477
1702150 477
1702160 477
1702170 476
1702180 476
1702190 477
1702200 477
1702210 477
1702220 477
1702230 477
1702240 477
1702250 477
1702260 477
1702270 477
1702280 477
1702290 477
1702300 478
1702310 478
1702320 478
1702330 478
1702340 478
1702350 478
1702360 478
1702370 478
1702380 478
1702390 478
1702400 478
1702410 478
1702420 478
1702430 479
1702440 479
1702450 479
1702460 479
1702470 479
1702480 479
1702490 479
1702500 479
1702510 479
1702520 479
1702530 479
1702540 479
1702550 479
1702560 479
1702570 479
1702580 479
1702590 479
1702600 479
1702610 479
1702620 479
1702630 479
1702640 479
1702650 479
1702660 479
1702670 479
1702680 479
1702690 479
1702700 479
1702710 478
1702720 478
1702730 477
1702740 476
1702750 476
1702760 475
1702770 474
1702780 473
1702790 473
1702800 473
1702810 474
1702820 476
1702830 476
1702840 477
1702850 478
1702860 479
1702870 479
1702880 480
1702890 479
1702900 479
1702910 479
1702920 479
1702930 478
1702940 478
1702950 478
1702960 477
1702970 477
1702980 476
1702990 476
1703000 476
1703010 475
1703020 475
1703030 475
1703040 474
1703050 474
1703060 474
1703070 473
1703080 473
1703090 473
1703100 472
1703110 472
1703120 471
1703130 471
1703140 471
1703150 470
1703160 470
1703170 470
1703180 470
1703190 470
1703200 470
1703210 470
1703220 469
1703230 469
1703240 469
1703250 468
1703260 468
1703270 468
1703280 468
1703290 468
1703300 467
1703310 467
1703320 467
1703330 467
1703340 467
1703350 467
1703360 467
1703370 467
1703380 467
1703390 467
1703400 467
1703410 467
1703420 467
1703430 467
1703440 466
1703450 466
1703460 466
1703470 466
1703480 465
1703490 465
1703500 465
1703510 465
1703520 464
1703530 464
1703540 463
1703550 462
1703560 462
1703570 461
1703580 461
1703590 461
1703600 459
1703610 458
1703620 457
1703630 457
1703640 457
1703650 456
1703660 455
1703670 455
1703680 455
1703690 455
1703700 455
1703710 455
1703720 455
1703730 455
1703740 455
1703750 455
1703760 455
1703770 455
1703780 455
1703790 455
1703800 455
1703810 455
1703820 455
1703830 455
1703840 455
1703850 455
1703860 455
1703870 455
1703880 455
1703890 455
1703900 455
1703910 455
1703920 455
1703930 455
1703940 455
1703950 455
1703960 455
1703970 455
1703980 455
1703990 455
1704000 455
1704010 455
1704020 455
1704030 455
1704040 455
1704050 455
1704060 455
1704070 455
1704080 455
1704090 455
1704100 455
1704110 455
1704120 455
1704130 455
1704140 455
1704150 455
1704160 455
1704170 455
1704180 455
1704190 455
1704200 455
1704210 454
1704220 455
1704230 455
1704240 455
1704250 455
1704260 455
1704270 455
1704280 455
1704290 456
1704300 456
1704310 456
1704320 456
1704330 456
1704340 456
1704350 456
1704360 456
1704370 457
1704380 457
1704390 457
1704400 458
1704410 458
1704420 458
1704430 459
1704440 460
1704450 460
1704460 461
1704470 463
1704480 464
1704490 464
1704500 465
1704510 466
1704520 466
1704530 466
1704540 467
1704550 467
1704560 467
1704570 467
1704580 468
1704590 468
1704600 468
1704610 468
1704620 468
1704630 468
1704640 468
1704650 468
1704660 468
1704670 468
1704680 468
1704690 467
1704700 467
1704710 467
1704720 467
1704730 467
1704740 468
1704750 468
1704760 468
1704770 468
1704780 468
1704790 468
1704800 469
1704810 470
1704820 469
1704830 469
1704840 469
1704850 470
1704860 470
1704870 470
1704880 470
1704890 470
1704900 470
1704910 470
1704920 471
1704930 471
1704940 471
1704950 471
1704960 472
1704970 472
1704980 472
1704990 472
1705000 472
1705010 472
1705020 473
1705030 473
1705040 473
1705050 473
1705060 473
1705070 474
1705080 474
1705090 474
1705100 473
1705110 473
1705120 473
1705130 473
1705140 473
1705150 473
1705160 473
1705170 473
1705180 474
1705190 474
1705200 474
1705210 474
1705220 474
1705230 475
1705240 475
1705250 475
1705260 475
1705270 475
1705280 476
1705290 476
1705300 476
1705310 477
1705320 477
1705330 477
1705340 477
1705350 478
1705360 478
1705370 479
1705380 479
1705390 480
1705400 480
1705410 480
1705420 481
1705430 481
1705440 482
1705450 482
1705460 483
1705470 483
1705480 484
1705490 484
1705500 485
1705510 486
1705520 486
1705530 487
1705540 487
1705550 488
1705560 489
1705570 489
1705580 490
1705590 491
1705600 491
1705610 492
1705620 492
1705630 492
1705640 492
1705650 492
1705660 493
1705670 493
1705680 493
1705690 493
1705700 493
1705710 494
1705720 494
1705730 494
1705740 495
1705750 495
1705760 495
1705770 496
1705780 496
1705790 497
1705800 497
1705810 498
1705820 498
1705830 499
1705840 499
1705850 500
1705860 500
1705870 501
1705880 501
1705890 502
1705900 502
1705910 503
1705920 503
1705930 504
1705940 504
1705950 505
1705960 505
1705970 506
1705980 507
1705990 507
1706000 508
1706010 508
1706020 509
1706030 510
1706040 511
1706050 512
1706060 512
1706070 513
1706080 513
1706090 514
1706100 515
1706110 516
1706120 517
1706130 518
1706140 518
1706150 519
1706160 520
1706170 521
1706180 521
1706190 522
1706200 524
1706210 525
1706220 526
1706230 527
1706240 528
1706250 529
1706260 530
1706270 531
1706280 532
1706290 533
1706300 534
1706310 535
1706320 535
1706330 536
1706340 537
1706350 538
1706360 539
1706370 540
1706380 541
1706390 541
1706400 542
1706410 543
1706420 544
1706430 545
1706440 545
1706450 546
1706460 547
1706470 547
1706480 548
1706490 548
1706500 549
1706510 550
1706520 550
1706530 551
1706540 551
1706550 552
1706560 552
1706570 553
1706580 553
1706590 554
1706600 555
1706610 555
1706620 556
1706630 556
1706640 557
1706650 557
1706660 558
1706670 559
1706680 559
1706690 560
1706700 561
1706710 561
1706720 562
1706730 563
1706740 564
1706750 564
1706760 565
1706770 566
1706780 567
1706790 568
1706800 569
1706810 569
1706820 570
1706830 571
1706840 572
1706850 574
1706860 575
1706870 575
1706880 576
1706890 577
1706900 577
1706910 578
1706920 579
1706930 579
1706940 580
1706950 581
1706960 582
1706970 582
1706980 583
1706990 584
1707000 584
1707010 585
1707020 585
1707030 586
1707040 586
1707050 586
1707060 586
1707070 586
1707080 587
1707090 587
1707100 587
1707110 587
1707120 587
1707130 586
1707140 586
1707150 586
1707160 586
1707170 585
1707180 584
1707190 584
1707200 583
1707210 582
1707220 582
1707230 581
1707240 580
1707250 579
1707260 578
1707270 578
1707280 577
1707290 577
1707300 576
1707310 576
1707320 576
1707330 575
1707340 575
1707350 574
1707360 574
1707370 574
1707380 573
1707390 573
1707400 572
1707410 572
1707420 572
1707430 571
1707440 571
1707450 570
1707460 570
1707470 569
1707480 569
1707490 568
1707500 568
1707510 567
1707520 567
1707530 566
1707540 566
1707550 566
1707560 565
1707570 565
1707580 564
1707590 564
1707600 564
1707610 563
1707620 563
1707630 563
1707640 563
1707650 562
1707660 562
1707670 561
1707680 561
1707690 560
1707700 560
1707710 560
1707720 559
1707730 559
1707740 559
1707750 558
1707760 558
1707770 557
1707780 557
1707790 557
1707800 556
1707810 556
1707820 556
1707830 556
1707840 555
1707850 555
1707860 555
1707870 555
1707880 555
1707890 554
1707900 554
1707910 554
1707920 554
1707930 554
1707940 553
1707950 553
1707960 553
1707970 553
1707980 553
1707990 553
1708000 553
1708010 553
1708020 553
1708030 553
1708040 553
1708050 553
1708060 553
1708070 553
1708080 553
1708090 553
1708100 553
1708110 553
1708120 553
1708130 553
1708140 553
1708150 553
1708160 553
1708170 553
1708180 553
1708190 553
1708200 553
1708210 553
1708220 553
1708230 553
1708240 553
1708250 553
1708260 553
1708270 553
1708280 553
1708290 553
1708300 553
1708310 553
1708320 553
1708330 553
1708340 553
1708350 553
1708360 553
1708370 553
1708380 553
1708390 554
1708400 554
1708410 554
1708420 554
1708430 554
1708440 554
1708450 555
1708460 555
1708470 555
1708480 555
1708490 555
1708500 555
1708510 555
1708520 555
1708530 555
1708540 555
1708550 554
1708560 554
1708570 554
1708580 554
1708590 554
1708600 554
1708610 554
1708620 554
1708630 554
1708640 554
1708650 554
1708660 554
1708670 554
1708680 554
1708690 553
1708700 553
1708710 553
1708720 553
1708730 553
1708740 553
1708750 553
1708760 553
1708770 553
1708780 553
1708790 553
1708800 553
1708810 552
1708820 552
1708830 552
1708840 552
1708850 552
1708860 552
1708870 551
1708880 551
1708890 551
1708900 551
1708910 550
1708920 550
1708930 550
1708940 549
1708950 549
1708960 548
1708970 548
1708980 548
1708990 547
1709000 547
1709010 547
1709020 546
1709030 546
1709040 546
1709050 545
1709060 545
1709070 545
1709080 544
1709090 544
1709100 543
1709110 543
1709120 542
1709130 542
1709140 542
1709150 542
1709160 542
1709170 541
1709180 541
1709190 541
1709200 540
1709210 540
1709220 540
1709230 539
1709240 539
1709250 539
1709260 539
1709270 538
1709280 538
1709290 537
1709300 537
1709310 536
1709320 536
1709330 535
1709340 535
1709350 535
1709360 534
1709370 534
1709380 534
1709390 534
1709400 533
1709410 533
1709420 533
1709430 532
1709440 532
1709450 532
1709460 531
1709470 531
1709480 531
1709490 531
1709500 530
1709510 530
1709520 530
1709530 530
1709540 529
1709550 529
1709560 529
1709570 528
1709580 528
1709590 528
1709600 528
1709610 528
1709620 528
1709630 527
1709640 527
1709650 527
1709660 527
1709670 526
1709680 526
1709690 526
1709700 526
1709710 525
1709720 525
1709730 525
1709740 524
1709750 524
1709760 524
1709770 523
1709780 523
1709790 523
1709800 522
1709810 522
1709820 522
1709830 522
1709840 521
1709850 521
1709860 521
1709870 521
1709880 521
1709890 521
1709900 520
1709910 520
1709920 520
1709930 519
1709940 519
1709950 519
1709960 518
1709970 518
1709980 517
1709990 517
1710000 517
1710010 517
1710020 517
1710030 517
1710040 516
1710050 516
1710060 516
1710070 516
1710080 515
1710090 515
1710100 514
1710110 514
1710120 514
1710130 514
1710140 513
1710150 513
1710160 513
1710170 513
1710180 513
1710190 512
1710200 512
1710210 512
1710220 512
1710230 512
1710240 512
1710250 511
1710260 511
1710270 511
1710280 511
1710290 511
1710300 511
1710310 511
1710320 511
1710330 511
1710340 511
1710350 511
1710360 510
1710370 510
1710380 510
1710390 510
1710400 510
1710410 510
1710420 510
1710430 509
1710440 509
1710450 509
1710460 508
1710470 508
1710480 508
1710490 508
1710500 507
1710510 507
1710520 507
1710530 507
1710540 507
1710550 507
1710560 507
1710570 506
1710580 506
1710590 506
1710600 506
1710610 506
1710620 506
1710630 506
1710640 506
1710650 506
1710660 506
1710670 506
1710680 505
1710690 505
1710700 505
1710710 505
1710720 505
1710730 505
1710740 505
1710750 505
1710760 505
1710770 505
1710780 505
1710790 505
1710800 505
1710810 505
1710820 505
1710830 505
1710840 506
1710850 506
1710860 506
1710870 506
1710880 506
1710890 506
1710900 506
1710910 507
1710920 507
1710930 507
1710940 507
1710950 507
1710960 507
1710970 507
1710980 507
1710990 507
1711000 507
1711010 507
1711020 507
1711030 508
1711040 508
1711050 508
1711060 508
1711070 508
1711080 508
1711090 508
1711100 508
1711110 508
1711120 508
1711130 508
1711140 508
1711150 508
1711160 508
1711170 508
1711180 508
1711190 508
1711200 508
1711210 509
1711220 509
1711230 509
1711240 509
1711250 509
1711260 509
1711270 509
1711280 509
1711290 509
1711300 509
1711310 509
1711320 509
1711330 509
1711340 509
1711350 509
1711360 509
1711370 509
1711380 509
1711390 509
1711400 509
1711410 509
1711420 509
1711430 510
1711440 510
1711450 510
1711460 510
1711470 510
1711480 511
1711490 511
1711500 511
1711510 511
1711520 511
1711530 511
1711540 512
1711550 512
1711560 512
1711570 512
1711580 512
1711590 512
1711600 512
1711610 513
1711620 513
1711630 513
1711640 513
1711650 514
1711660 514
1711670 514
1711680 514
1711690 515
1711700 515
1711710 515
1711720 516
1711730 516
1711740 516
1711750 517
1711760 517
1711770 517
1711780 517
1711790 517
1711800 517
1711810 517
1711820 517
1711830 517
1711840 517
1711850 517
1711860 517
1711870 517
1711880 517
1711890 517
1711900 517
1711910 517
1711920 517
1711930 517
1711940 517
1711950 516
1711960 516
1711970 516
1711980 516
1711990 516
1712000 515
1712010 515
1712020 515
1712030 515
1712040 515
1712050 514
1712060 514
1712070 514
1712080 514
1712090 513
1712100 513
1712110 513
1712120 512
1712130 512
1712140 512
1712150 512
1712160 512
1712170 511
1712180 511
1712190 511
1712200 511
1712210 511
1712220 510
1712230 510
1712240 510
1712250 510
1712260 509
1712270 509
1712280 509
1712290 509
1712300 509
1712310 509
1712320 508
1712330 508
1712340 508
1712350 508
1712360 507
1712370 507
1712380 507
1712390 506
1712400 506
1712410 506
1712420 505
1712430 505
1712440 505
1712450 505
1712460 504
1712470 504
1712480 504
1712490 503
1712500 503
1712510 503
1712520 502
1712530 502
1712540 502
1712550 502
1712560 502
1712570 501
1712580 501
1712590 501
1712600 501
1712610 500
1712620 500
1712630 500
1712640 500
1712650 499
1712660 499
1712670 499
1712680 498
1712690 498
1712700 497
1712710 497
1712720 496
1712730 496
1712740 496
1712750 496
1712760 496
1712770 496
1712780 496
1712790 496
1712800 496
1712810 496
1712820 496
1712830 496
1712840 496
1712850 496
1712860 496
1712870 496
1712880 495
1712890 495
1712900 495
1712910 495
1712920 495
1712930 495
1712940 494
1712950 494
1712960 494
1712970 494
1712980 494
1712990 494
1713000 493
1713010 493
1713020 493
1713030 493
1713040 493
1713050 493
1713060 492
1713070 492
1713080 492
1713090 492
1713100 492
1713110 492
1713120 492
1713130 491
1713140 491
1713150 491
1713160 491
1713170 491
1713180 491
1713190 491
1713200 490
1713210 490
1713220 490
1713230 490
1713240 490
1713250 489
1713260 489
1713270 489
1713280 489
1713290 488
1713300 488
1713310 488
1713320 488
1713330 487
1713340 487
1713350 487
1713360 487
1713370 487
1713380 486
1713390 486
1713400 486
1713410 486
1713420 486
1713430 485
1713440 485
1713450 485
1713460 485
1713470 485
1713480 484
1713490 484
1713500 484
1713510 484
1713520 483
1713530 483
1713540 483
1713550 483
1713560 482
1713570 482
1713580 482
1713590 482
1713600 481
1713610 481
1713620 481
1713630 481
1713640 481
1713650 480
1713660 480
1713670 480
1713680 480
1713690 480
1713700 479
1713710 479
1713720 479
1713730 479
1713740 479
1713750 479
1713760 479
1713770 479
1713780 479
1713790 479
1713800 479
1713810 479
1713820 479
1713830 479
1713840 479
1713850 479
1713860 479
1713870 479
1713880 479
1713890 479
1713900 479
1713910 479
1713920 479
1713930 479
1713940 479
1713950 479
1713960 479
1713970 478
1713980 478
1713990 478
1714000 478
1714010 478
1714020 478
1714030 478
1714040 478
1714050 478
1714060 478
1714070 477
1714080 477
1714090 477
1714100 477
1714110 477
1714120 477
1714130 476
1714140 476
1714150 476
1714160 476
1714170 475
1714180 475
1714190 474
1714200 472
1714210 470
1714220 470
1714230 470
1714240 470
1714250 470
1714260 470
1714270 470
1714280 470
1714290 470
1714300 470
1714310 469
1714320 468
1714330 466
1714340 465
1714350 463
1714360 461
1714370 458
1714380 454
1714390 449
1714400 442
1714410 435
1714420 430
1714430 429
1714440 428
1714450 429
1714460 429
1714470 429
1714480 430
1714490 430
1714500 430
1714510 430
1714520 430
1714530 430
1714540 430
1714550 430
1714560 431
1714570 431
1714580 432
1714590 433
1714600 435
1714610 436
1714620 437
1714630 438
1714640 438
1714650 439
1714660 439
1714670 440
1714680 440
1714690 441
1714700 441
1714710 442
1714720 442
1714730 443
1714740 443
1714750 444
1714760 444
1714770 445
1714780 446
1714790 446
1714800 447
1714810 447
1714820 448
1714830 449
1714840 450
1714850 451
1714860 452
1714870 454
1714880 455
1714890 456
1714900 457
1714910 458
1714920 459
1714930 459
1714940 460
1714950 460
1714960 461
1714970 461
1714980 462
1714990 462
1715000 462
1715010 463
1715020 464
1715030 464
1715040 465
1715050 466
1715060 466
1715070 467
1715080 468
1715090 470
1715100 471
1715110 472
1715120 473
1715130 473
1715140 474
1715150 474
1715160 475
1715170 476
1715180 476
1715190 477
1715200 477
1715210 478
1715220 479
1715230 479
1715240 480
1715250 481
1715260 481
1715270 482
1715280 482
1715290 483
1715300 483
1715310 484
1715320 485
1715330 485
1715340 486
1715350 486
1715360 486
1715370 487
1715380 487
1715390 487
1715400 488
1715410 488
1715420 488
1715430 488
1715440 488
1715450 488
1715460 489
1715470 489
1715480 489
1715490 489
1715500 489
1715510 490
1715520 490
1715530 490
1715540 490
1715550 490
1715560 491
1715570 491
1715580 491
1715590 491
1715600 491
1715610 491
1715620 492
1715630 492
1715640 492
1715650 492
1715660 492
1715670 492
1715680 492
1715690 492
1715700 493
1715710 493
1715720 493
1715730 493
1715740 493
1715750 493
1715760 493
1715770 494
1715780 494
1715790 494
1715800 494
1715810 494
1715820 494
1715830 495
1715840 495
1715850 495
1715860 495
1715870 495
1715880 495
1715890 495
1715900 495
1715910 496
1715920 496
1715930 496
1715940 496
1715950 496
1715960 496
1715970 496
1715980 496
1715990 497
1716000 497
1716010 497
1716020 497
1716030 498
1716040 498
1716050 498
1716060 498
1716070 498
1716080 499
1716090 499
1716100 500
1716110 500
1716120 500
1716130 501
1716140 501
1716150 501
1716160 502
1716170 502
1716180 503
1716190 503
1716200 503
1716210 503
1716220 503
1716230 503
1716240 503
1716250 503
1716260 503
1716270 503
1716280 503
1716290 503
1716300 503
1716310 503
1716320 503
1716330 503
1716340 503
1716350 503
1716360 503
1716370 502
1716380 502
1716390 502
1716400 502
1716410 502
1716420 502
1716430 502
1716440 501
1716450 501
1716460 501
1716470 501
1716480 501
1716490 501
1716500 501
1716510 501
1716520 501
1716530 501
1716540 501
1716550 501
1716560 501
1716570 501
1716580 501
1716590 501
1716600 500
1716610 500
1716620 500
1716630 500
1716640 500
1716650 500
1716660 500
1716670 500
1716680 500
1716690 500
1716700 500
1716710 500
1716720 500
1716730 500
1716740 500
1716750 500
1716760 500
1716770 500
1716780 499
1716790 499
1716800 499
1716810 499
1716820 499
1716830 499
1716840 499
1716850 499
1716860 499
1716870 499
1716880 499
1716890 499
1716900 499
1716910 499
1716920 499
1716930 499
1716940 499
1716950 498
1716960 498
1716970 498
1716980 498
1716990 497
1717000 497
1717010 497
1717020 497
1717030 497
1717040 497
1717050 497
1717060 497
1717070 497
1717080 497
1717090 497
1717100 497
1717110 496
1717120 496
1717130 496
1717140 496
1717150 496
1717160 496
1717170 496
1717180 496
1717190 496
1717200 496
1717210 496
1717220 496
1717230 496
1717240 496
1717250 496
1717260 495
1717270 495
1717280 495
1717290 495
1717300 495
1717310 495
1717320 495
1717330 496
1717340 496
1717350 496
1717360 496
1717370 496
1717380 496
1717390 496
1717400 496
1717410 496
1717420 496
1717430 496
1717440 496
1717450 496
1717460 497
1717470 497
1717480 497
1717490 497
1717500 497
1717510 497
1717520 497
1717530 498
1717540 498
1717550 498
1717560 498
1717570 499
1717580 499
1717590 499
1717600 500
1717610 500
1717620 500
1717630 501
1717640 501
1717650 501
1717660 501
1717670 501
1717680 501
1717690 501
1717700 500
1717710 500
1717720 500
1717730 500
1717740 500
1717750 499
1717760 499
1717770 499
1717780 499
1717790 499
1717800 499
1717810 499
1717820 498
1717830 498
1717840 498
1717850 498
1717860 498
1717870 498
1717880 498
1717890 497
1717900 497
1717910 497
1717920 497
1717930 497
1717940 497
1717950 496
1717960 496
1717970 496
1717980 496
1717990 496
1718000 495
1718010 495
1718020 495
1718030 495
1718040 495
1718050 494
1718060 494
1718070 494
1718080 494
1718090 494
1718100 493
1718110 493
1718120 493
1718130 493
1718140 493
1718150 492
1718160 492
1718170 492
1718180 492
1718190 492
1718200 491
1718210 491
1718220 491
1718230 491
1718240 491
1718250 491
1718260 491
1718270 490
1718280 490
1718290 490
1718300 490
1718310 490
1718320 490
1718330 490
1718340 490
1718350 490
1718360 490
1718370 489
1718380 489
1718390 489
1718400 489
1718410 489
1718420 489
1718430 489
1718440 489
1718450 489
1718460 489
1718470 488
1718480 488
1718490 488
1718500 488
1718510 488
1718520 488
1718530 488
1718540 488
1718550 488
1718560 488
1718570 487
1718580 487
1718590 487
1718600 487
1718610 487
1718620 487
1718630 487
1718640 487
1718650 486
1718660 486
1718670 486
1718680 486
1718690 486
1718700 486
1718710 486
1718720 485
1718730 486
1718740 485
1718750 485
1718760 485
1718770 484
1718780 484
1718790 485
1718800 485
1718810 486
1718820 486
1718830 486
1718840 486
1718850 486
1718860 486
1718870 486
1718880 487
1718890 487
1718900 487
1718910 487
1718920 488
1718930 488
1718940 488
1718950 488
1718960 488
1718970 488
1718980 487
1718990 487
1719000 487
1719010 487
1719020 487
1719030 487
1719040 487
1719050 487
1719060 487
1719070 487
1719080 487
1719090 487
1719100 487
1719110 487
1719120 487
1719130 487
1719140 487
1719150 487
1719160 487
1719170 487
1719180 487
1719190 487
1719200 487
1719210 487
1719220 487
1719230 487
1719240 487
1719250 487
1719260 488
1719270 488
1719280 488
1719290 488
1719300 488
1719310 488
1719320 488
1719330 489
1719340 489
1719350 489
1719360 489
1719370 489
1719380 489
1719390 489
1719400 489
1719410 489
1719420 489
1719430 489
1719440 489
1719450 489
1719460 489
1719470 490
1719480 490
1719490 490
1719500 490
1719510 490
1719520 490
1719530 490
1719540 490
1719550 490
1719560 490
1719570 490
1719580 491
1719590 491
1719600 491
1719610 491
1719620 491
1719630 491
1719640 491
1719650 491
1719660 491
1719670 491
1719680 491
1719690 491
1719700 491
1719710 491
1719720 491
1719730 491
1719740 491
1719750 491
1719760 492
1719770 492
1719780 492
1719790 492
1719800 492
1719810 492
1719820 492
1719830 492
1719840 492
1719850 492
1719860 492
1719870 492
1719880 492
1719890 492
1719900 491
1719910 492
1719920 492
1719930 491
1719940 491
1719950 491
1719960 491
1719970 491
1719980 491
1719990 491
