1700000 499
1700010 499
1700020 499
1700030 499
1700040 499
1700050 499
1700060 499
1700070 499
1700080 499
1700090 499
1700100 499
1700110 499
1700120 498
1700130 498
1700140 498
1700150 498
1700160 498
1700170 498
1700180 498
1700190 498
1700200 498
1700210 498
1700220 498
1700230 498
1700240 498
1700250 498
1700260 498
1700270 498
1700280 498
1700290 498
1700300 498
1700310 498
1700320 498
1700330 498
1700340 498
1700350 498
1700360 498
1700370 498
1700380 498
1700390 498
1700400 498
1700410 498
1700420 498
1700430 498
1700440 498
1700450 498
1700460 498
1700470 498
1700480 498
1700490 497
1700500 497
1700510 497
1700520 497
1700530 497
1700540 497
1700550 497
1700560 497
1700570 496
1700580 496
1700590 496
1700600 496
1700610 496
1700620 496
1700630 496
1700640 495
1700650 495
1700660 495
1700670 494
1700680 493
1700690 493
1700700 492
1700710 492
1700720 492
1700730 491
1700740 491
1700750 490
1700760 489
1700770 489
1700780 489
1700790 489
1700800 489
1700810 489
1700820 490
1700830 491
1700840 492
1700850 493
1700860 495
1700870 497
1700880 498
1700890 498
1700900 499
1700910 499
1700920 500
1700930 501
1700940 501
1700950 501
1700960 501
1700970 501
1700980 502
1700990 502
1701000 502
1701010 502
1701020 502
1701030 502
1701040 503
1701050 503
1701060 503
1701070 503
1701080 503
1701090 503
1701100 503
1701110 503
1701120 503
1701130 503
1701140 503
1701150 503
1701160 503
1701170 503
1701180 503
1701190 503
1701200 503
1701210 502
1701220 502
1701230 502
1701240 502
1701250 502
1701260 502
1701270 502
1701280 502
1701290 502
1701300 502
1701310 501
1701320 501
1701330 501
1701340 501
1701350 501
1701360 501
1701370 500
1701380 500
1701390 500
1701400 500
1701410 500
1701420 500
1701430 500
1701440 499
1701450 499
1701460 499
1701470 499
1701480 499
1701490 499
1701500 499
1701510 498
1701520 498
1701530 498
1701540 498
1701550 498
1701560 498
1701570 498
1701580 498
1701590 497
1701600 497
1701610 497
1701620 497
1701630 497
1701640 497
1701650 497
1701660 497
1701670 497
1701680 497
1701690 497
1701700 496
1701710 496
1701720 496
1701730 496
1701740 496
1701750 496
1701760 496
1701770 496
1701780 496
1701790 496
1701800 495
1701810 495
1701820 495
1701830 495
1701840 495
1701850 495
1701860 494
1701870 494
1701880 494
1701890 494
1701900 494
1701910 493
1701920 493
1701930 493
1701940 493
1701950 493
1701960 492
1701970 492
1701980 492
1701990 492
1702000 492
1702010 491
1702020 491
1702030 491
1702040 491
1702050 491
1702060 491
1702070 491
1702080 491
1702090 491
1702100 491
1702110 491
1702120 491
1702130 491
1702140 491
1702150 491
1702160 491
1702170 491
1702180 491
1702190 491
1702200 491
1702210 491
1702220 491
1702230 491
1702240 491
1702250 491
1702260 491
1702270 491
1702280 491
1702290 490
1702300 490
1702310 490
1702320 490
1702330 490
1702340 489
1702350 489
1702360 489
1702370 489
1702380 488
1702390 488
1702400 487
1702410 487
1702420 487
1702430 486
1702440 486
1702450 485
1702460 485
1702470 484
1702480 485
1702490 485
1702500 485
1702510 486
1702520 486
1702530 485
1702540 485
1702550 485
1702560 486
1702570 487
1702580 487
1702590 488
1702600 488
1702610 488
1702620 488
1702630 488
1702640 489
1702650 489
1702660 489
1702670 490
1702680 490
1702690 490
1702700 490
1702710 490
1702720 490
1702730 490
1702740 491
1702750 491
1702760 491
1702770 491
1702780 492
1702790 492
1702800 492
1702810 492
1702820 492
1702830 492
1702840 492
1702850 492
1702860 492
1702870 492
1702880 492
1702890 492
1702900 492
1702910 492
1702920 492
1702930 492
1702940 492
1702950 492
1702960 492
1702970 492
1702980 492
1702990 491
1703000 491
1703010 491
1703020 491
1703030 491
1703040 491
1703050 491
1703060 491
1703070 490
1703080 490
1703090 490
1703100 490
1703110 489
1703120 489
1703130 489
1703140 489
1703150 488
1703160 488
1703170 488
1703180 488
1703190 487
1703200 487
1703210 487
1703220 486
1703230 486
1703240 486
1703250 485
1703260 485
1703270 485
1703280 484
1703290 484
1703300 483
1703310 483
1703320 483
1703330 483
1703340 483
1703350 483
1703360 483
1703370 483
1703380 483
1703390 483
1703400 483
1703410 483
1703420 483
1703430 483
1703440 483
1703450 483
1703460 483
1703470 482
1703480 482
1703490 482
1703500 481
1703510 481
1703520 480
1703530 480
1703540 479
1703550 479
1703560 478
1703570 478
1703580 477
1703590 476
1703600 476
1703610 476
1703620 476
1703630 476
1703640 476
1703650 476
1703660 476
1703670 477
1703680 477
1703690 477
1703700 477
1703710 476
1703720 476
1703730 476
1703740 476
1703750 475
1703760 475
1703770 474
1703780 472
1703790 469
1703800 465
1703810 462
1703820 459
1703830 457
1703840 455
1703850 454
1703860 454
1703870 453
1703880 453
1703890 453
1703900 453
1703910 453
1703920 453
1703930 453
1703940 453
1703950 453
1703960 453
1703970 453
1703980 453
1703990 453
1704000 453
1704010 453
1704020 452
1704030 452
1704040 452
1704050 452
1704060 453
1704070 453
1704080 453
1704090 453
1704100 453
1704110 453
1704120 453
1704130 453
1704140 453
1704150 453
1704160 453
1704170 453
1704180 453
1704190 453
1704200 453
1704210 453
1704220 453
1704230 453
1704240 453
1704250 453
1704260 453
1704270 453
1704280 453
1704290 453
1704300 453
1704310 453
1704320 453
1704330 453
1704340 453
1704350 453
1704360 453
1704370 453
1704380 453
1704390 453
1704400 453
1704410 453
1704420 453
1704430 453
1704440 453
1704450 453
1704460 453
1704470 453
1704480 453
1704490 453
1704500 453
1704510 453
1704520 454
1704530 454
1704540 454
1704550 454
1704560 454
1704570 455
1704580 455
1704590 455
1704600 455
1704610 455
1704620 455
1704630 455
1704640 455
1704650 455
1704660 455
1704670 455
1704680 455
1704690 455
1704700 455
1704710 455
1704720 456
1704730 456
1704740 457
1704750 458
1704760 458
1704770 459
1704780 459
1704790 460
1704800 460
1704810 461
1704820 461
1704830 461
1704840 462
1704850 462
1704860 463
1704870 463
1704880 464
1704890 464
1704900 464
1704910 464
1704920 465
1704930 465
1704940 465
1704950 465
1704960 465
1704970 466
1704980 466
1704990 466
1705000 466
1705010 466
1705020 466
1705030 467
1705040 467
1705050 467
1705060 467
1705070 467
1705080 467
1705090 467
1705100 467
1705110 467
1705120 467
1705130 467
1705140 467
1705150 467
1705160 467
1705170 466
1705180 466
1705190 466
1705200 466
1705210 466
1705220 466
1705230 466
1705240 466
1705250 466
1705260 467
1705270 468
1705280 468
1705290 469
1705300 470
1705310 470
1705320 471
1705330 472
1705340 472
1705350 473
1705360 474
1705370 474
1705380 475
1705390 475
1705400 476
1705410 476
1705420 476
1705430 476
1705440 477
1705450 477
1705460 477
1705470 477
1705480 477
1705490 477
1705500 478
1705510 478
1705520 478
1705530 478
1705540 479
1705550 479
1705560 479
1705570 480
1705580 480
1705590 481
1705600 481
1705610 482
1705620 482
1705630 483
1705640 483
1705650 484
1705660 484
1705670 485
1705680 485
1705690 486
1705700 487
1705710 487
1705720 488
1705730 489
1705740 490
1705750 491
1705760 492
1705770 493
1705780 494
1705790 495
1705800 496
1705810 497
1705820 498
1705830 500
1705840 501
1705850 503
1705860 504
1705870 505
1705880 506
1705890 507
1705900 508
1705910 508
1705920 509
1705930 510
1705940 511
1705950 512
1705960 512
1705970 513
1705980 514
1705990 515
1706000 516
1706010 517
1706020 518
1706030 519
1706040 521
1706050 522
1706060 524
1706070 526
1706080 527
1706090 529
1706100 530
1706110 532
1706120 532
1706130 533
1706140 534
1706150 534
1706160 535
1706170 535
1706180 536
1706190 536
1706200 537
1706210 537
1706220 538
1706230 539
1706240 539
1706250 540
1706260 541
1706270 541
1706280 542
1706290 542
1706300 543
1706310 543
1706320 544
1706330 544
1706340 544
1706350 544
1706360 545
1706370 545
1706380 546
1706390 546
1706400 547
1706410 547
1706420 547
1706430 547
1706440 547
1706450 547
1706460 547
1706470 547
1706480 547
1706490 547
1706500 547
1706510 547
1706520 546
1706530 546
1706540 546
1706550 546
1706560 546
1706570 546
1706580 546
1706590 546
1706600 546
1706610 546
1706620 545
1706630 545
1706640 544
1706650 543
1706660 543
1706670 543
1706680 543
1706690 542
1706700 542
1706710 542
1706720 541
1706730 541
1706740 541
1706750 540
1706760 540
1706770 540
1706780 539
1706790 539
1706800 539
1706810 539
1706820 539
1706830 539
1706840 538
1706850 538
1706860 537
1706870 537
1706880 537
1706890 536
1706900 536
1706910 536
1706920 535
1706930 535
1706940 535
1706950 534
1706960 534
1706970 534
1706980 533
1706990 533
1707000 533
1707010 532
1707020 532
1707030 532
1707040 531
1707050 531
1707060 530
1707070 530
1707080 530
1707090 529
1707100 529
1707110 529
1707120 528
1707130 528
1707140 527
1707150 527
1707160 526
1707170 525
1707180 525
1707190 525
1707200 524
1707210 524
1707220 524
1707230 523
1707240 523
1707250 522
1707260 522
1707270 521
1707280 521
1707290 520
1707300 519
1707310 519
1707320 518
1707330 517
1707340 517
1707350 517
1707360 516
1707370 516
1707380 516
1707390 516
1707400 516
1707410 516
1707420 516
1707430 516
1707440 516
1707450 516
1707460 516
1707470 516
1707480 515
1707490 516
1707500 515
1707510 515
1707520 515
1707530 515
1707540 515
1707550 515
1707560 515
1707570 515
1707580 515
1707590 515
1707600 515
1707610 515
1707620 515
1707630 514
1707640 514
1707650 514
1707660 514
1707670 514
1707680 514
1707690 514
1707700 514
1707710 513
1707720 513
1707730 513
1707740 513
1707750 513
1707760 513
1707770 513
1707780 513
1707790 513
1707800 513
1707810 513
1707820 513
1707830 513
1707840 513
1707850 514
1707860 514
1707870 514
1707880 514
1707890 514
1707900 513
1707910 513
1707920 512
1707930 512
1707940 512
1707950 512
1707960 511
1707970 511
1707980 510
1707990 510
1708000 510
1708010 510
1708020 510
1708030 510
1708040 509
1708050 509
1708060 509
1708070 508
1708080 508
1708090 508
1708100 508
1708110 507
1708120 507
1708130 507
1708140 506
1708150 506
1708160 505
1708170 504
1708180 504
1708190 503
1708200 503
1708210 503
1708220 503
1708230 502
1708240 502
1708250 502
1708260 502
1708270 501
1708280 499
1708290 499
1708300 499
1708310 498
1708320 498
1708330 498
1708340 498
1708350 499
1708360 499
1708370 500
1708380 500
1708390 501
1708400 501
1708410 502
1708420 502
1708430 502
1708440 503
1708450 503
1708460 504
1708470 504
1708480 505
1708490 505
1708500 506
1708510 507
1708520 507
1708530 508
1708540 509
1708550 510
1708560 510
1708570 511
1708580 511
1708590 512
1708600 512
1708610 512
1708620 513
1708630 513
1708640 513
1708650 514
1708660 514
1708670 514
1708680 515
1708690 515
1708700 516
1708710 517
1708720 517
1708730 518
1708740 518
1708750 519
1708760 519
1708770 519
1708780 520
1708790 520
1708800 520
1708810 521
1708820 521
1708830 521
1708840 522
1708850 522
1708860 522
1708870 522
1708880 523
1708890 523
1708900 523
1708910 523
1708920 523
1708930 523
1708940 523
1708950 523
1708960 522
1708970 523
1708980 523
1708990 523
1709000 523
1709010 523
1709020 522
1709030 522
1709040 522
1709050 522
1709060 523
1709070 523
1709080 523
1709090 523
1709100 523
1709110 523
1709120 523
1709130 523
1709140 522
1709150 522
1709160 522
1709170 522
1709180 522
1709190 522
1709200 521
1709210 521
1709220 521
1709230 521
1709240 521
1709250 521
1709260 521
1709270 521
1709280 521
1709290 521
1709300 522
1709310 522
1709320 522
1709330 522
1709340 522
1709350 522
1709360 522
1709370 523
1709380 523
1709390 524
1709400 524
1709410 523
1709420 523
1709430 523
1709440 523
1709450 523
1709460 523
1709470 523
1709480 523
1709490 523
1709500 523
1709510 523
1709520 523
1709530 523
1709540 523
1709550 523
1709560 523
1709570 523
1709580 523
1709590 523
1709600 523
1709610 523
1709620 523
1709630 523
1709640 523
1709650 523
1709660 523
1709670 523
1709680 523
1709690 523
1709700 523
1709710 523
1709720 523
1709730 523
1709740 523
1709750 523
1709760 523
1709770 523
1709780 523
1709790 523
1709800 523
1709810 523
1709820 523
1709830 523
1709840 523
1709850 523
1709860 523
1709870 523
1709880 524
1709890 524
1709900 524
1709910 524
1709920 524
1709930 524
1709940 524
1709950 524
1709960 525
1709970 525
1709980 524
1709990 524
1710000 525
1710010 525
1710020 525
1710030 525
1710040 525
1710050 525
1710060 525
1710070 525
1710080 525
1710090 525
1710100 525
1710110 525
1710120 525
1710130 525
1710140 525
1710150 525
1710160 525
1710170 525
1710180 525
1710190 525
1710200 525
1710210 525
1710220 525
1710230 525
1710240 525
1710250 525
1710260 525
1710270 525
1710280 525
1710290 525
1710300 525
1710310 525
1710320 525
1710330 525
1710340 525
1710350 526
1710360 526
1710370 526
1710380 526
1710390 526
1710400 526
1710410 526
1710420 526
1710430 526
1710440 526
1710450 526
1710460 526
1710470 526
1710480 526
1710490 526
1710500 526
1710510 526
1710520 526
1710530 526
1710540 527
1710550 527
1710560 527
1710570 527
1710580 527
1710590 527
1710600 527
1710610 528
1710620 528
1710630 528
1710640 528
1710650 528
1710660 528
1710670 528
1710680 529
1710690 529
1710700 529
1710710 529
1710720 529
1710730 529
1710740 530
1710750 530
1710760 530
1710770 530
1710780 530
1710790 530
1710800 530
1710810 530
1710820 530
1710830 530
1710840 531
1710850 531
1710860 531
1710870 531
1710880 531
1710890 531
1710900 531
1710910 531
1710920 531
1710930 531
1710940 531
1710950 531
1710960 531
1710970 531
1710980 531
1710990 531
1711000 531
1711010 531
1711020 532
1711030 532
1711040 532
1711050 532
1711060 532
1711070 532
1711080 532
1711090 532
1711100 532
1711110 532
1711120 532
1711130 532
1711140 532
1711150 532
1711160 532
1711170 531
1711180 531
1711190 531
1711200 531
1711210 531
1711220 531
1711230 531
1711240 531
1711250 531
1711260 530
1711270 530
1711280 530
1711290 530
1711300 530
1711310 529
1711320 529
1711330 529
1711340 529
1711350 528
1711360 528
1711370 528
1711380 527
1711390 527
1711400 527
1711410 526
1711420 526
1711430 526
1711440 525
1711450 525
1711460 524
1711470 524
1711480 523
1711490 522
1711500 522
1711510 522
1711520 521
1711530 521
1711540 521
1711550 520
1711560 520
1711570 519
1711580 519
1711590 518
1711600 518
1711610 517
1711620 516
1711630 516
1711640 515
1711650 515
1711660 514
1711670 514
1711680 513
1711690 512
1711700 512
1711710 511
1711720 511
1711730 511
1711740 510
1711750 509
1711760 509
1711770 508
1711780 508
1711790 507
1711800 507
1711810 506
1711820 506
1711830 505
1711840 505
1711850 504
1711860 504
1711870 503
1711880 503
1711890 502
1711900 502
1711910 501
1711920 500
1711930 500
1711940 500
1711950 499
1711960 499
1711970 498
1711980 497
1711990 497
1712000 496
1712010 496
1712020 496
1712030 496
1712040 497
1712050 497
1712060 497
1712070 497
1712080 498
1712090 498
1712100 498
1712110 499
1712120 499
1712130 499
1712140 499
1712150 499
1712160 499
1712170 499
1712180 499
1712190 499
1712200 499
1712210 498
1712220 498
1712230 498
1712240 498
1712250 498
1712260 498
1712270 497
1712280 497
1712290 497
1712300 497
1712310 496
1712320 496
1712330 496
1712340 496
1712350 496
1712360 495
1712370 495
1712380 495
1712390 495
1712400 494
1712410 494
1712420 494
1712430 494
1712440 494
1712450 494
1712460 493
1712470 493
1712480 493
1712490 493
1712500 493
1712510 493
1712520 493
1712530 492
1712540 492
1712550 492
1712560 492
1712570 492
1712580 492
1712590 492
1712600 492
1712610 491
1712620 491
1712630 491
1712640 491
1712650 491
1712660 491
1712670 491
1712680 490
1712690 490
1712700 490
1712710 490
1712720 490
1712730 490
1712740 490
1712750 490
1712760 490
1712770 490
1712780 490
1712790 490
1712800 490
1712810 490
1712820 490
1712830 490
1712840 490
1712850 490
1712860 490
1712870 490
1712880 490
1712890 490
1712900 490
1712910 490
1712920 490
1712930 490
1712940 490
1712950 490
1712960 489
1712970 489
1712980 489
1712990 489
1713000 489
1713010 489
1713020 489
1713030 488
1713040 488
1713050 488
1713060 488
1713070 488
1713080 488
1713090 487
1713100 487
1713110 487
1713120 486
1713130 485
1713140 484
1713150 483
1713160 483
1713170 481
1713180 477
1713190 474
1713200 473
1713210 473
1713220 473
1713230 473
1713240 472
1713250 472
1713260 473
1713270 473
1713280 473
1713290 472
1713300 473
1713310 474
1713320 477
1713330 479
1713340 479
1713350 478
1713360 475
1713370 472
1713380 468
1713390 465
1713400 461
1713410 457
1713420 453
1713430 449
1713440 444
1713450 440
1713460 438
1713470 437
1713480 436
1713490 435
1713500 435
1713510 435
1713520 435
1713530 435
1713540 435
1713550 435
1713560 435
1713570 435
1713580 435
1713590 435
1713600 435
1713610 435
1713620 434
1713630 434
1713640 434
1713650 434
1713660 434
1713670 434
1713680 434
1713690 435
1713700 436
1713710 438
1713720 440
1713730 441
1713740 441
1713750 442
1713760 442
1713770 443
1713780 444
1713790 444
1713800 445
1713810 445
1713820 446
1713830 446
1713840 446
1713850 446
1713860 447
1713870 447
1713880 447
1713890 447
1713900 447
1713910 447
1713920 447
1713930 447
1713940 447
1713950 447
1713960 448
1713970 448
1713980 448
1713990 448
1714000 448
1714010 449
1714020 449
1714030 449
1714040 449
1714050 449
1714060 450
1714070 450
1714080 450
1714090 451
1714100 451
1714110 451
1714120 452
1714130 452
1714140 453
1714150 453
1714160 454
1714170 454
1714180 455
1714190 456
1714200 457
1714210 458
1714220 459
1714230 459
1714240 460
1714250 461
1714260 462
1714270 462
1714280 463
1714290 464
1714300 465
1714310 466
1714320 466
1714330 467
1714340 468
1714350 469
1714360 470
1714370 470
1714380 471
1714390 472
1714400 473
1714410 473
1714420 474
1714430 475
1714440 476
1714450 476
1714460 477
1714470 478
1714480 478
1714490 479
1714500 480
1714510 481
1714520 481
1714530 482
1714540 483
1714550 484
1714560 484
1714570 485
1714580 485
1714590 486
1714600 487
1714610 487
1714620 488
1714630 489
1714640 490
1714650 490
1714660 491
1714670 492
1714680 493
1714690 494
1714700 494
1714710 495
1714720 496
1714730 497
1714740 498
1714750 499
1714760 499
1714770 500
1714780 501
1714790 501
1714800 502
1714810 503
1714820 503
1714830 504
1714840 504
1714850 505
1714860 505
1714870 506
1714880 506
1714890 507
1714900 507
1714910 507
1714920 508
1714930 508
1714940 508
1714950 508
1714960 509
1714970 509
1714980 509
1714990 509
1715000 509
1715010 509
1715020 509
1715030 508
1715040 508
1715050 508
1715060 508
1715070 508
1715080 508
1715090 508
1715100 508
1715110 507
1715120 507
1715130 507
1715140 507
1715150 507
1715160 507
1715170 506
1715180 506
1715190 506
1715200 506
1715210 506
1715220 506
1715230 505
1715240 505
1715250 505
1715260 505
1715270 504
1715280 504
1715290 504
1715300 504
1715310 504
1715320 504
1715330 503
1715340 503
1715350 503
1715360 503
1715370 502
1715380 502
1715390 502
1715400 502
1715410 502
1715420 501
1715430 501
1715440 501
1715450 500
1715460 500
1715470 500
1715480 499
1715490 498
1715500 498
1715510 497
1715520 496
1715530 495
1715540 494
1715550 493
1715560 492
1715570 490
1715580 488
1715590 486
1715600 486
1715610 486
1715620 487
1715630 488
1715640 489
1715650 489
1715660 490
1715670 490
1715680 490
1715690 491
1715700 491
1715710 491
1715720 491
1715730 491
1715740 490
1715750 489
1715760 488
1715770 488
1715780 487
1715790 486
1715800 486
1715810 485
1715820 484
1715830 483
1715840 480
1715850 478
1715860 475
1715870 474
1715880 475
1715890 476
1715900 477
1715910 478
1715920 479
1715930 481
1715940 482
1715950 484
1715960 485
1715970 486
1715980 486
1715990 487
1716000 487
1716010 488
1716020 490
1716030 492
1716040 495
1716050 497
1716060 498
1716070 499
1716080 500
1716090 501
1716100 502
1716110 503
1716120 503
1716130 503
1716140 504
1716150 504
1716160 504
1716170 505
1716180 505
1716190 505
1716200 505
1716210 505
1716220 505
1716230 505
1716240 505
1716250 505
1716260 505
1716270 505
1716280 505
1716290 505
1716300 505
1716310 505
1716320 504
1716330 504
1716340 504
1716350 504
1716360 504
1716370 504
1716380 504
1716390 504
1716400 505
1716410 505
1716420 505
1716430 505
1716440 505
1716450 505
1716460 505
1716470 505
1716480 506
1716490 506
1716500 506
1716510 506
1716520 506
1716530 506
1716540 506
1716550 506
1716560 506
1716570 506
1716580 506
1716590 506
1716600 506
1716610 506
1716620 506
1716630 506
1716640 506
1716650 506
1716660 506
1716670 507
1716680 507
1716690 506
1716700 506
1716710 506
1716720 506
1716730 506
1716740 506
1716750 506
1716760 507
1716770 507
1716780 507
1716790 507
1716800 507
1716810 507
1716820 508
1716830 508
1716840 508
1716850 509
1716860 509
1716870 510
1716880 510
1716890 511
1716900 511
1716910 511
1716920 512
1716930 512
1716940 512
1716950 513
1716960 513
1716970 514
1716980 514
1716990 515
1717000 515
1717010 516
1717020 516
1717030 517
1717040 517
1717050 518
1717060 519
1717070 519
1717080 520
1717090 521
1717100 521
1717110 522
1717120 523
1717130 523
1717140 524
1717150 524
1717160 525
1717170 525
1717180 525
1717190 525
1717200 525
1717210 525
1717220 525
1717230 525
1717240 525
1717250 524
1717260 524
1717270 524
1717280 524
1717290 523
1717300 523
1717310 523
1717320 523
1717330 523
1717340 522
1717350 522
1717360 522
1717370 522
1717380 522
1717390 522
1717400 521
1717410 521
1717420 521
1717430 521
1717440 521
1717450 521
1717460 521
1717470 521
1717480 520
1717490 520
1717500 520
1717510 520
1717520 520
1717530 519
1717540 519
1717550 519
1717560 519
1717570 519
1717580 519
1717590 518
1717600 518
1717610 518
1717620 518
1717630 518
1717640 517
1717650 517
1717660 517
1717670 517
1717680 517
1717690 517
1717700 516
1717710 516
1717720 516
1717730 516
1717740 516
1717750 515
1717760 515
1717770 515
1717780 515
1717790 515
1717800 514
1717810 514
1717820 514
1717830 514
1717840 514
1717850 514
1717860 513
1717870 513
1717880 513
1717890 513
1717900 512
1717910 512
1717920 512
1717930 512
1717940 511
1717950 511
1717960 511
1717970 511
1717980 511
1717990 510
1718000 510
1718010 510
1718020 509
1718030 509
1718040 509
1718050 508
1718060 508
1718070 507
1718080 507
1718090 506
1718100 505
1718110 505
1718120 504
1718130 504
1718140 503
1718150 503
1718160 502
1718170 501
1718180 501
1718190 501
1718200 501
1718210 502
1718220 502
1718230 502
1718240 502
1718250 503
1718260 503
1718270 503
1718280 503
1718290 503
1718300 503
1718310 503
1718320 503
1718330 503
1718340 503
1718350 503
1718360 503
1718370 503
1718380 503
1718390 503
1718400 503
1718410 503
1718420 503
1718430 503
1718440 503
1718450 502
1718460 502
1718470 502
1718480 502
1718490 502
1718500 502
1718510 502
1718520 502
1718530 501
1718540 501
1718550 501
1718560 501
1718570 501
1718580 500
1718590 500
1718600 500
1718610 500
1718620 500
1718630 499
1718640 499
1718650 499
1718660 499
1718670 499
1718680 499
1718690 499
1718700 498
1718710 498
1718720 498
1718730 498
1718740 498
1718750 498
1718760 498
1718770 497
1718780 497
1718790 497
1718800 497
1718810 497
1718820 497
1718830 497
1718840 497
1718850 497
1718860 497
1718870 497
1718880 497
1718890 497
1718900 497
1718910 496
1718920 496
1718930 496
1718940 496
1718950 496
1718960 496
1718970 496
1718980 496
1718990 496
1719000 496
1719010 495
1719020 495
1719030 495
1719040 495
1719050 495
1719060 495
1719070 495
1719080 495
1719090 494
1719100 494
1719110 494
1719120 494
1719130 494
1719140 494
1719150 494
1719160 494
1719170 494
1719180 493
1719190 493
1719200 493
1719210 493
1719220 493
1719230 493
1719240 493
1719250 492
1719260 492
1719270 492
1719280 492
1719290 492
1719300 492
1719310 492
1719320 492
1719330 492
1719340 492
1719350 492
1719360 491
1719370 491
1719380 491
1719390 491
1719400 491
1719410 491
1719420 491
1719430 491
1719440 490
1719450 490
1719460 490
1719470 490
1719480 490
1719490 490
1719500 490
1719510 489
1719520 489
1719530 489
1719540 489
1719550 489
1719560 489
1719570 488
1719580 488
1719590 488
1719600 488
1719610 488
1719620 488
1719630 488
1719640 488
1719650 487
1719660 487
1719670 487
1719680 487
1719690 487
1719700 487
1719710 487
1719720 487
1719730 486
1719740 486
1719750 486
1719760 486
1719770 486
1719780 486
1719790 486
1719800 486
1719810 486
1719820 485
1719830 485
1719840 485
1719850 485
1719860 485
1719870 485
1719880 485
1719890 485
1719900 485
1719910 484
1719920 484
1719930 484
1719940 484
1719950 484
1719960 484
1719970 484
1719980 484
1719990 484
