1700000 463
1700010 463
1700020 463
1700030 463
1700040 463
1700050 464
1700060 464
1700070 465
1700080 465
1700090 465
1700100 466
1700110 466
1700120 466
1700130 466
1700140 466
1700150 466
1700160 466
1700170 466
1700180 466
1700190 466
1700200 466
1700210 467
1700220 467
1700230 467
1700240 467
1700250 467
1700260 468
1700270 468
1700280 468
1700290 468
1700300 469
1700310 470
1700320 470
1700330 470
1700340 470
1700350 470
1700360 470
1700370 470
1700380 471
1700390 471
1700400 472
1700410 472
1700420 473
1700430 474
1700440 476
1700450 477
1700460 477
1700470 478
1700480 478
1700490 479
1700500 480
1700510 480
1700520 481
1700530 481
1700540 481
1700550 481
1700560 482
1700570 482
1700580 483
1700590 483
1700600 483
1700610 484
1700620 484
1700630 484
1700640 485
1700650 485
1700660 485
1700670 485
1700680 485
1700690 486
1700700 486
1700710 486
1700720 486
1700730 486
1700740 486
1700750 486
1700760 486
1700770 486
1700780 486
1700790 486
1700800 486
1700810 486
1700820 487
1700830 487
1700840 487
1700850 487
1700860 487
1700870 487
1700880 487
1700890 487
1700900 487
1700910 488
1700920 488
1700930 488
1700940 488
1700950 488
1700960 488
1700970 488
1700980 489
1700990 489
1701000 489
1701010 489
1701020 489
1701030 490
1701040 490
1701050 490
1701060 490
1701070 490
1701080 490
1701090 490
1701100 491
1701110 491
1701120 491
1701130 491
1701140 491
1701150 491
1701160 491
1701170 491
1701180 491
1701190 491
1701200 490
1701210 490
1701220 490
1701230 490
1701240 490
1701250 490
1701260 490
1701270 490
1701280 490
1701290 490
1701300 489
1701310 489
1701320 489
1701330 488
1701340 487
1701350 487
1701360 486
1701370 486
1701380 485
1701390 485
1701400 485
1701410 485
1701420 485
1701430 486
1701440 486
1701450 487
1701460 487
1701470 488
1701480 488
1701490 489
1701500 489
1701510 489
1701520 489
1701530 489
1701540 489
1701550 490
1701560 490
1701570 490
1701580 490
1701590 490
1701600 490
1701610 490
1701620 490
1701630 490
1701640 491
1701650 491
1701660 491
1701670 491
1701680 491
1701690 491
1701700 491
1701710 491
1701720 491
1701730 491
1701740 491
1701750 491
1701760 491
1701770 491
1701780 491
1701790 491
1701800 491
1701810 491
1701820 491
1701830 491
1701840 491
1701850 492
1701860 492
1701870 492
1701880 492
1701890 492
1701900 492
1701910 492
1701920 492
1701930 492
1701940 492
1701950 492
1701960 492
1701970 492
1701980 492
1701990 492
1702000 492
1702010 492
1702020 492
1702030 492
1702040 492
1702050 492
1702060 492
1702070 492
1702080 492
1702090 492
1702100 492
1702110 492
1702120 492
1702130 492
1702140 492
1702150 492
1702160 492
1702170 492
1702180 492
1702190 492
1702200 492
1702210 492
1702220 492
1702230 492
1702240 492
1702250 492
1702260 492
1702270 492
1702280 491
1702290 491
1702300 491
1702310 491
1702320 491
1702330 491
1702340 490
1702350 490
1702360 490
1702370 490
1702380 490
1702390 490
1702400 490
1702410 490
1702420 489
1702430 489
1702440 489
1702450 489
1702460 489
1702470 489
1702480 489
1702490 489
1702500 488
1702510 488
1702520 488
1702530 488
1702540 488
1702550 488
1702560 488
1702570 487
1702580 487
1702590 487
1702600 487
1702610 487
1702620 487
1702630 487
1702640 487
1702650 486
1702660 486
1702670 486
1702680 486
1702690 486
1702700 486
1702710 486
1702720 486
1702730 485
1702740 485
1702750 485
1702760 485
1702770 485
1702780 485
1702790 485
1702800 485
1702810 485
1702820 484
1702830 484
1702840 484
1702850 483
1702860 483
1702870 482
1702880 482
1702890 481
1702900 481
1702910 480
1702920 479
1702930 479
1702940 478
1702950 478
1702960 477
1702970 477
1702980 476
1702990 476
1703000 475
1703010 475
1703020 475
1703030 474
1703040 474
1703050 474
1703060 473
1703070 473
1703080 472
1703090 472
1703100 471
1703110 470
1703120 470
1703130 469
1703140 469
1703150 468
1703160 468
1703170 467
1703180 467
1703190 466
1703200 466
1703210 465
1703220 465
1703230 465
1703240 464
1703250 464
1703260 463
1703270 463
1703280 463
1703290 463
1703300 462
1703310 462
1703320 462
1703330 461
1703340 461
1703350 461
1703360 460
1703370 460
1703380 460
1703390 459
1703400 459
1703410 459
1703420 458
1703430 458
1703440 458
1703450 458
1703460 458
1703470 457
1703480 457
1703490 457
1703500 456
1703510 456
1703520 456
1703530 456
1703540 456
1703550 455
1703560 455
1703570 455
1703580 455
1703590 455
1703600 455
1703610 454
1703620 454
1703630 454
1703640 454
1703650 454
1703660 454
1703670 454
1703680 454
1703690 454
1703700 454
1703710 454
1703720 454
1703730 454
1703740 454
1703750 454
1703760 454
1703770 454
1703780 453
1703790 453
1703800 453
1703810 453
1703820 454
1703830 454
1703840 454
1703850 454
1703860 454
1703870 454
1703880 454
1703890 454
1703900 454
1703910 454
1703920 454
1703930 454
1703940 454
1703950 454
1703960 454
1703970 454
1703980 454
1703990 454
1704000 454
1704010 454
1704020 454
1704030 455
1704040 455
1704050 455
1704060 455
1704070 455
1704080 455
1704090 456
1704100 456
1704110 456
1704120 456
1704130 456
1704140 456
1704150 457
1704160 457
1704170 457
1704180 457
1704190 457
1704200 458
1704210 458
1704220 458
1704230 458
1704240 459
1704250 459
1704260 459
1704270 459
1704280 460
1704290 460
1704300 460
1704310 460
1704320 461
1704330 461
1704340 461
1704350 461
1704360 461
1704370 461
1704380 461
1704390 462
1704400 462
1704410 462
1704420 462
1704430 462
1704440 462
1704450 462
1704460 462
1704470 463
1704480 463
1704490 463
1704500 463
1704510 463
1704520 464
1704530 464
1704540 464
1704550 464
1704560 465
1704570 465
1704580 465
1704590 465
1704600 465
1704610 465
1704620 465
1704630 465
1704640 466
1704650 466
1704660 466
1704670 466
1704680 466
1704690 466
1704700 467
1704710 467
1704720 467
1704730 467
1704740 467
1704750 468
1704760 468
1704770 468
1704780 468
1704790 468
1704800 469
1704810 469
1704820 469
1704830 469
1704840 469
1704850 469
1704860 470
1704870 470
1704880 470
1704890 470
1704900 470
1704910 471
1704920 471
1704930 471
1704940 471
1704950 471
1704960 471
1704970 472
1704980 472
1704990 472
1705000 472
1705010 472
1705020 473
1705030 473
1705040 473
1705050 473
1705060 473
1705070 474
1705080 474
1705090 474
1705100 474
1705110 474
1705120 474
1705130 475
1705140 475
1705150 475
1705160 475
1705170 476
1705180 476
1705190 476
1705200 476
1705210 476
1705220 477
1705230 477
1705240 477
1705250 477
1705260 478
1705270 478
1705280 478
1705290 478
1705300 478
1705310 479
1705320 479
1705330 479
1705340 479
1705350 480
1705360 480
1705370 480
1705380 480
1705390 481
1705400 481
1705410 481
1705420 482
1705430 482
1705440 482
1705450 482
1705460 483
1705470 483
1705480 483
1705490 484
1705500 484
1705510 484
1705520 484
1705530 485
1705540 485
1705550 485
1705560 485
1705570 486
1705580 486
1705590 486
1705600 487
1705610 487
1705620 487
1705630 487
1705640 488
1705650 488
1705660 489
1705670 489
1705680 489
1705690 490
1705700 490
1705710 490
1705720 491
1705730 491
1705740 492
1705750 492
1705760 493
1705770 493
1705780 494
1705790 494
1705800 495
1705810 495
1705820 496
1705830 496
1705840 497
1705850 497
1705860 498
1705870 499
1705880 499
1705890 500
1705900 500
1705910 501
1705920 502
1705930 502
1705940 503
1705950 503
1705960 504
1705970 505
1705980 505
1705990 506
1706000 507
1706010 508
1706020 509
1706030 510
1706040 511
1706050 512
1706060 513
1706070 514
1706080 515
1706090 516
1706100 517
1706110 518
1706120 518
1706130 519
1706140 519
1706150 520
1706160 520
1706170 521
1706180 521
1706190 522
1706200 523
1706210 523
1706220 524
1706230 525
1706240 525
1706250 526
1706260 527
1706270 528
1706280 529
1706290 529
1706300 530
1706310 531
1706320 532
1706330 533
1706340 533
1706350 534
1706360 535
1706370 536
1706380 537
1706390 538
1706400 539
1706410 540
1706420 541
1706430 542
1706440 542
1706450 543
1706460 543
1706470 544
1706480 544
1706490 544
1706500 545
1706510 545
1706520 546
1706530 546
1706540 546
1706550 547
1706560 547
1706570 548
1706580 548
1706590 548
1706600 549
1706610 549
1706620 549
1706630 550
1706640 550
1706650 550
1706660 551
1706670 551
1706680 552
1706690 552
1706700 553
1706710 553
1706720 553
1706730 554
1706740 554
1706750 555
1706760 555
1706770 556
1706780 556
1706790 556
1706800 557
1706810 557
1706820 558
1706830 559
1706840 559
1706850 560
1706860 560
1706870 561
1706880 561
1706890 562
1706900 562
1706910 563
1706920 564
1706930 565
1706940 565
1706950 567
1706960 568
1706970 568
1706980 569
1706990 569
1707000 569
1707010 570
1707020 570
1707030 570
1707040 571
1707050 571
1707060 571
1707070 572
1707080 572
1707090 573
1707100 574
1707110 574
1707120 575
1707130 575
1707140 575
1707150 575
1707160 574
1707170 573
1707180 573
1707190 572
1707200 571
1707210 570
1707220 569
1707230 568
1707240 568
1707250 567
1707260 567
1707270 566
1707280 566
1707290 566
1707300 565
1707310 565
1707320 565
1707330 564
1707340 564
1707350 563
1707360 563
1707370 562
1707380 561
1707390 561
1707400 560
1707410 560
1707420 559
1707430 559
1707440 558
1707450 557
1707460 557
1707470 556
1707480 556
1707490 555
1707500 555
1707510 554
1707520 554
1707530 553
1707540 552
1707550 552
1707560 551
1707570 551
1707580 551
1707590 550
1707600 550
1707610 550
1707620 549
1707630 549
1707640 548
1707650 548
1707660 547
1707670 547
1707680 546
1707690 545
1707700 545
1707710 544
1707720 544
1707730 543
1707740 542
1707750 542
1707760 541
1707770 540
1707780 539
1707790 538
1707800 538
1707810 537
1707820 537
1707830 536
1707840 535
1707850 535
1707860 535
1707870 535
1707880 535
1707890 535
1707900 535
1707910 535
1707920 535
1707930 535
1707940 535
1707950 534
1707960 534
1707970 534
1707980 534
1707990 534
1708000 534
1708010 534
1708020 535
1708030 536
1708040 538
1708050 540
1708060 541
1708070 542
1708080 543
1708090 544
1708100 545
1708110 545
1708120 546
1708130 547
1708140 547
1708150 548
1708160 549
1708170 549
1708180 550
1708190 550
1708200 551
1708210 551
1708220 552
1708230 553
1708240 553
1708250 554
1708260 554
1708270 555
1708280 555
1708290 556
1708300 556
1708310 556
1708320 557
1708330 557
1708340 557
1708350 557
1708360 557
1708370 557
1708380 557
1708390 557
1708400 557
1708410 557
1708420 556
1708430 556
1708440 556
1708450 556
1708460 556
1708470 555
1708480 555
1708490 555
1708500 555
1708510 555
1708520 555
1708530 555
1708540 555
1708550 555
1708560 555
1708570 555
1708580 555
1708590 556
1708600 556
1708610 556
1708620 556
1708630 557
1708640 557
1708650 557
1708660 557
1708670 557
1708680 558
1708690 558
1708700 558
1708710 558
1708720 558
1708730 558
1708740 558
1708750 558
1708760 558
1708770 558
1708780 558
1708790 558
1708800 558
1708810 558
1708820 558
1708830 558
1708840 558
1708850 558
1708860 558
1708870 558
1708880 558
1708890 558
1708900 558
1708910 558
1708920 558
1708930 558
1708940 558
1708950 557
1708960 557
1708970 557
1708980 557
1708990 557
1709000 556
1709010 556
1709020 556
1709030 556
1709040 555
1709050 555
1709060 555
1709070 554
1709080 554
1709090 554
1709100 554
1709110 553
1709120 553
1709130 553
1709140 552
1709150 552
1709160 552
1709170 551
1709180 551
1709190 551
1709200 550
1709210 550
1709220 549
1709230 549
1709240 549
1709250 548
1709260 548
1709270 547
1709280 547
1709290 547
1709300 546
1709310 546
1709320 545
1709330 545
1709340 545
1709350 544
1709360 544
1709370 544
1709380 543
1709390 543
1709400 543
1709410 543
1709420 542
1709430 542
1709440 542
1709450 542
1709460 542
1709470 542
1709480 541
1709490 540
1709500 539
1709510 539
1709520 539
1709530 539
1709540 538
1709550 538
1709560 538
1709570 538
1709580 538
1709590 538
1709600 537
1709610 537
1709620 537
1709630 537
1709640 537
1709650 537
1709660 537
1709670 537
1709680 537
1709690 537
1709700 537
1709710 536
1709720 536
1709730 536
1709740 535
1709750 535
1709760 535
1709770 534
1709780 534
1709790 533
1709800 533
1709810 533
1709820 533
1709830 532
1709840 532
1709850 532
1709860 531
1709870 531
1709880 531
1709890 530
1709900 530
1709910 530
1709920 530
1709930 529
1709940 529
1709950 529
1709960 528
1709970 528
1709980 528
1709990 528
1710000 527
1710010 527
1710020 526
1710030 526
1710040 526
1710050 526
1710060 525
1710070 525
1710080 525
1710090 524
1710100 524
1710110 524
1710120 524
1710130 523
1710140 523
1710150 523
1710160 523
1710170 522
1710180 522
1710190 522
1710200 522
1710210 521
1710220 521
1710230 521
1710240 521
1710250 521
1710260 521
1710270 520
1710280 520
1710290 520
1710300 520
1710310 520
1710320 520
1710330 519
1710340 519
1710350 519
1710360 519
1710370 519
1710380 519
1710390 519
1710400 519
1710410 518
1710420 518
1710430 518
1710440 518
1710450 518
1710460 518
1710470 518
1710480 518
1710490 518
1710500 517
1710510 517
1710520 517
1710530 517
1710540 517
1710550 517
1710560 517
1710570 516
1710580 516
1710590 516
1710600 516
1710610 516
1710620 515
1710630 515
1710640 515
1710650 515
1710660 515
1710670 515
1710680 515
1710690 516
1710700 516
1710710 516
1710720 516
1710730 517
1710740 517
1710750 517
1710760 517
1710770 517
1710780 518
1710790 518
1710800 518
1710810 518
1710820 518
1710830 519
1710840 519
1710850 519
1710860 520
1710870 520
1710880 520
1710890 520
1710900 520
1710910 521
1710920 521
1710930 522
1710940 522
1710950 522
1710960 523
1710970 523
1710980 524
1710990 524
1711000 524
1711010 524
1711020 525
1711030 525
1711040 525
1711050 526
1711060 526
1711070 527
1711080 527
1711090 528
1711100 528
1711110 529
1711120 529
1711130 530
1711140 530
1711150 530
1711160 531
1711170 531
1711180 532
1711190 532
1711200 532
1711210 533
1711220 533
1711230 533
1711240 534
1711250 534
1711260 535
1711270 535
1711280 535
1711290 536
1711300 536
1711310 536
1711320 536
1711330 536
1711340 536
1711350 535
1711360 535
1711370 535
1711380 535
1711390 535
1711400 535
1711410 534
1711420 534
1711430 534
1711440 534
1711450 533
1711460 533
1711470 533
1711480 532
1711490 532
1711500 532
1711510 531
1711520 531
1711530 530
1711540 530
1711550 529
1711560 529
1711570 529
1711580 528
1711590 528
1711600 527
1711610 527
1711620 527
1711630 526
1711640 526
1711650 525
1711660 525
1711670 525
1711680 524
1711690 524
1711700 524
1711710 523
1711720 523
1711730 522
1711740 522
1711750 522
1711760 521
1711770 521
1711780 521
1711790 520
1711800 520
1711810 519
1711820 519
1711830 519
1711840 518
1711850 518
1711860 517
1711870 517
1711880 516
1711890 516
1711900 515
1711910 515
1711920 514
1711930 513
1711940 513
1711950 513
1711960 512
1711970 512
1711980 511
1711990 511
1712000 510
1712010 509
1712020 509
1712030 508
1712040 508
1712050 507
1712060 506
1712070 506
1712080 505
1712090 505
1712100 504
1712110 504
1712120 503
1712130 503
1712140 502
1712150 501
1712160 501
1712170 500
1712180 500
1712190 499
1712200 499
1712210 498
1712220 498
1712230 497
1712240 497
1712250 496
1712260 496
1712270 495
1712280 495
1712290 494
1712300 494
1712310 493
1712320 493
1712330 492
1712340 491
1712350 491
1712360 491
1712370 491
1712380 490
1712390 490
1712400 490
1712410 490
1712420 489
1712430 489
1712440 489
1712450 488
1712460 488
1712470 488
1712480 487
1712490 487
1712500 487
1712510 487
1712520 486
1712530 486
1712540 486
1712550 486
1712560 486
1712570 485
1712580 485
1712590 485
1712600 485
1712610 485
1712620 484
1712630 484
1712640 484
1712650 483
1712660 483
1712670 483
1712680 483
1712690 482
1712700 482
1712710 482
1712720 482
1712730 482
1712740 482
1712750 481
1712760 481
1712770 481
1712780 481
1712790 480
1712800 480
1712810 480
1712820 480
1712830 480
1712840 480
1712850 480
1712860 479
1712870 479
1712880 479
1712890 478
1712900 478
1712910 478
1712920 477
1712930 477
1712940 477
1712950 476
1712960 476
1712970 475
1712980 474
1712990 474
1713000 473
1713010 473
1713020 472
1713030 471
1713040 470
1713050 470
1713060 469
1713070 469
1713080 467
1713090 465
1713100 465
1713110 466
1713120 466
1713130 467
1713140 467
1713150 468
1713160 468
1713170 468
1713180 468
1713190 468
1713200 468
1713210 468
1713220 467
1713230 467
1713240 467
1713250 467
1713260 466
1713270 466
1713280 466
1713290 465
1713300 465
1713310 464
1713320 464
1713330 463
1713340 463
1713350 462
1713360 461
1713370 461
1713380 461
1713390 461
1713400 460
1713410 460
1713420 459
1713430 459
1713440 459
1713450 459
1713460 459
1713470 458
1713480 458
1713490 458
1713500 458
1713510 457
1713520 457
1713530 457
1713540 456
1713550 456
1713560 455
1713570 455
1713580 454
1713590 453
1713600 452
1713610 451
1713620 449
1713630 448
1713640 447
1713650 445
1713660 447
1713670 448
1713680 449
1713690 450
1713700 450
1713710 451
1713720 451
1713730 452
1713740 453
1713750 453
1713760 452
1713770 452
1713780 452
1713790 453
1713800 454
1713810 455
1713820 456
1713830 458
1713840 459
1713850 460
1713860 461
1713870 462
1713880 463
1713890 464
1713900 464
1713910 464
1713920 463
1713930 463
1713940 462
1713950 461
1713960 460
1713970 459
1713980 457
1713990 455
1714000 453
1714010 451
1714020 449
1714030 447
1714040 445
1714050 444
1714060 443
1714070 441
1714080 440
1714090 438
1714100 437
1714110 436
1714120 434
1714130 434
1714140 433
1714150 433
1714160 433
1714170 433
1714180 433
1714190 433
1714200 432
1714210 432
1714220 432
1714230 432
1714240 432
1714250 431
1714260 431
1714270 431
1714280 431
1714290 432
1714300 432
1714310 432
1714320 433
1714330 432
1714340 432
1714350 432
1714360 432
1714370 433
1714380 433
1714390 433
1714400 433
1714410 433
1714420 434
1714430 434
1714440 435
1714450 436
1714460 437
1714470 438
1714480 438
1714490 439
1714500 439
1714510 439
1714520 439
1714530 438
1714540 438
1714550 438
1714560 437
1714570 437
1714580 436
1714590 435
1714600 435
1714610 435
1714620 434
1714630 434
1714640 433
1714650 433
1714660 433
1714670 433
1714680 433
1714690 433
1714700 432
1714710 432
1714720 432
1714730 432
1714740 432
1714750 432
1714760 432
1714770 432
1714780 432
1714790 432
1714800 432
1714810 432
1714820 432
1714830 432
1714840 432
1714850 432
1714860 432
1714870 432
1714880 432
1714890 432
1714900 431
1714910 431
1714920 431
1714930 431
1714940 431
1714950 431
1714960 431
1714970 431
1714980 431
1714990 431
1715000 431
1715010 431
1715020 431
1715030 431
1715040 431
1715050 431
1715060 431
1715070 431
1715080 431
1715090 431
1715100 431
1715110 431
1715120 431
1715130 431
1715140 431
1715150 431
1715160 431
1715170 431
1715180 432
1715190 432
1715200 432
1715210 432
1715220 432
1715230 432
1715240 432
1715250 433
1715260 433
1715270 436
1715280 440
1715290 445
1715300 449
1715310 454
1715320 458
1715330 462
1715340 466
1715350 469
1715360 472
1715370 474
1715380 475
1715390 476
1715400 476
1715410 476
1715420 477
1715430 479
1715440 481
1715450 483
1715460 485
1715470 486
1715480 487
1715490 489
1715500 490
1715510 491
1715520 492
1715530 493
1715540 494
1715550 495
1715560 496
1715570 497
1715580 498
1715590 499
1715600 500
1715610 501
1715620 503
1715630 504
1715640 505
1715650 506
1715660 507
1715670 508
1715680 509
1715690 510
1715700 512
1715710 513
1715720 514
1715730 514
1715740 515
1715750 516
1715760 518
1715770 518
1715780 519
1715790 520
1715800 521
1715810 522
1715820 523
1715830 524
1715840 525
1715850 525
1715860 526
1715870 527
1715880 528
1715890 529
1715900 529
1715910 530
1715920 530
1715930 531
1715940 531
1715950 532
1715960 532
1715970 532
1715980 533
1715990 533
1716000 534
1716010 534
1716020 535
1716030 535
1716040 536
1716050 536
1716060 537
1716070 537
1716080 538
1716090 538
1716100 539
1716110 539
1716120 540
1716130 540
1716140 541
1716150 541
1716160 542
1716170 543
1716180 543
1716190 544
1716200 544
1716210 545
1716220 546
1716230 547
1716240 547
1716250 548
1716260 549
1716270 551
1716280 552
1716290 553
1716300 554
1716310 555
1716320 556
1716330 557
1716340 558
1716350 558
1716360 559
1716370 559
1716380 559
1716390 560
1716400 560
1716410 561
1716420 561
1716430 562
1716440 562
1716450 562
1716460 563
1716470 563
1716480 563
1716490 562
1716500 563
1716510 563
1716520 563
1716530 563
1716540 563
1716550 563
1716560 564
1716570 564
1716580 564
1716590 564
1716600 565
1716610 565
1716620 565
1716630 565
1716640 565
1716650 565
1716660 565
1716670 565
1716680 565
1716690 565
1716700 565
1716710 564
1716720 564
1716730 564
1716740 564
1716750 563
1716760 563
1716770 563
1716780 562
1716790 562
1716800 561
1716810 561
1716820 560
1716830 559
1716840 559
1716850 558
1716860 557
1716870 557
1716880 556
1716890 555
1716900 554
1716910 554
1716920 553
1716930 552
1716940 551
1716950 550
1716960 550
1716970 549
1716980 548
1716990 548
1717000 547
1717010 546
1717020 546
1717030 545
1717040 544
1717050 543
1717060 542
1717070 542
1717080 541
1717090 540
1717100 540
1717110 539
1717120 539
1717130 538
1717140 538
1717150 537
1717160 537
1717170 536
1717180 536
1717190 535
1717200 535
1717210 534
1717220 533
1717230 533
1717240 533
1717250 532
1717260 531
1717270 531
1717280 530
1717290 530
1717300 529
1717310 529
1717320 528
1717330 527
1717340 526
1717350 525
1717360 525
1717370 524
1717380 523
1717390 522
1717400 521
1717410 521
1717420 520
1717430 519
1717440 518
1717450 517
1717460 516
1717470 516
1717480 515
1717490 514
1717500 514
1717510 513
1717520 513
1717530 512
1717540 512
1717550 512
1717560 511
1717570 511
1717580 511
1717590 510
1717600 509
1717610 509
1717620 508
1717630 508
1717640 508
1717650 508
1717660 508
1717670 508
1717680 508
1717690 508
1717700 508
1717710 507
1717720 505
1717730 505
1717740 506
1717750 506
1717760 506
1717770 507
1717780 507
1717790 507
1717800 507
1717810 507
1717820 507
1717830 507
1717840 507
1717850 507
1717860 507
1717870 507
1717880 507
1717890 507
1717900 507
1717910 507
1717920 507
1717930 507
1717940 507
1717950 507
1717960 507
1717970 507
1717980 507
1717990 507
1718000 507
1718010 507
1718020 507
1718030 507
1718040 507
1718050 507
1718060 507
1718070 507
1718080 507
1718090 507
1718100 506
1718110 506
1718120 506
1718130 506
1718140 506
1718150 505
1718160 505
1718170 505
1718180 505
1718190 505
1718200 505
1718210 504
1718220 504
1718230 504
1718240 504
1718250 504
1718260 504
1718270 504
1718280 504
1718290 503
1718300 503
1718310 503
1718320 503
1718330 503
1718340 503
1718350 502
1718360 502
1718370 502
1718380 502
1718390 502
1718400 502
1718410 502
1718420 501
1718430 501
1718440 501
1718450 501
1718460 501
1718470 500
1718480 500
1718490 500
1718500 500
1718510 500
1718520 500
1718530 499
1718540 499
1718550 499
1718560 499
1718570 499
1718580 499
1718590 499
1718600 498
1718610 498
1718620 498
1718630 498
1718640 498
1718650 498
1718660 497
1718670 497
1718680 497
1718690 497
1718700 497
1718710 497
1718720 497
1718730 496
1718740 496
1718750 496
1718760 496
1718770 496
1718780 496
1718790 496
1718800 496
1718810 495
1718820 495
1718830 495
1718840 495
1718850 495
1718860 495
1718870 495
1718880 495
1718890 495
1718900 494
1718910 494
1718920 494
1718930 494
1718940 494
1718950 494
1718960 494
1718970 494
1718980 493
1718990 493
1719000 493
1719010 493
1719020 493
1719030 493
1719040 493
1719050 492
1719060 492
1719070 492
1719080 492
1719090 491
1719100 491
1719110 491
1719120 491
1719130 491
1719140 491
1719150 491
1719160 491
1719170 491
1719180 490
1719190 490
1719200 490
1719210 490
1719220 490
1719230 490
1719240 490
1719250 490
1719260 489
1719270 489
1719280 489
1719290 489
1719300 489
1719310 489
1719320 489
1719330 489
1719340 489
1719350 489
1719360 488
1719370 488
1719380 488
1719390 488
1719400 488
1719410 488
1719420 488
1719430 488
1719440 487
1719450 487
1719460 487
1719470 487
1719480 487
1719490 487
1719500 487
1719510 486
1719520 486
1719530 485
1719540 484
1719550 485
1719560 485
1719570 485
1719580 485
1719590 485
1719600 485
1719610 485
1719620 485
1719630 485
1719640 484
1719650 484
1719660 484
1719670 484
1719680 484
1719690 484
1719700 484
1719710 484
1719720 484
1719730 483
1719740 483
1719750 483
1719760 483
1719770 483
1719780 483
1719790 483
1719800 483
1719810 483
1719820 483
1719830 482
1719840 482
1719850 482
1719860 482
1719870 482
1719880 482
1719890 482
1719900 481
1719910 481
1719920 481
1719930 481
1719940 481
1719950 481
1719960 481
1719970 480
1719980 480
1719990 480
