1700000 499
1700010 500
1700020 500
1700030 500
1700040 500
1700050 500
1700060 501
1700070 501
1700080 501
1700090 501
1700100 501
1700110 502
1700120 502
1700130 502
1700140 502
1700150 503
1700160 503
1700170 503
1700180 503
1700190 503
1700200 503
1700210 503
1700220 503
1700230 504
1700240 504
1700250 504
1700260 504
1700270 504
1700280 504
1700290 504
1700300 504
1700310 504
1700320 504
1700330 504
1700340 504
1700350 504
1700360 504
1700370 504
1700380 504
1700390 504
1700400 504
1700410 505
1700420 505
1700430 505
1700440 505
1700450 505
1700460 505
1700470 505
1700480 505
1700490 505
1700500 505
1700510 505
1700520 505
1700530 505
1700540 505
1700550 505
1700560 505
1700570 505
1700580 505
1700590 505
1700600 505
1700610 505
1700620 505
1700630 505
1700640 505
1700650 505
1700660 505
1700670 505
1700680 505
1700690 505
1700700 505
1700710 505
1700720 505
1700730 505
1700740 505
1700750 505
1700760 505
1700770 505
1700780 505
1700790 505
1700800 505
1700810 505
1700820 505
1700830 505
1700840 505
1700850 505
1700860 505
1700870 505
1700880 505
1700890 505
1700900 505
1700910 505
1700920 505
1700930 505
1700940 505
1700950 505
1700960 505
1700970 505
1700980 505
1700990 505
1701000 505
1701010 505
1701020 504
1701030 504
1701040 504
1701050 504
1701060 504
1701070 504
1701080 504
1701090 504
1701100 504
1701110 504
1701120 504
1701130 504
1701140 504
1701150 504
1701160 504
1701170 504
1701180 504
1701190 504
1701200 505
1701210 505
1701220 505
1701230 505
1701240 505
1701250 505
1701260 505
1701270 505
1701280 505
1701290 505
1701300 505
1701310 505
1701320 505
1701330 506
1701340 506
1701350 506
1701360 506
1701370 506
1701380 507
1701390 507
1701400 507
1701410 507
1701420 507
1701430 508
1701440 508
1701450 508
1701460 508
1701470 508
1701480 509
1701490 509
1701500 509
1701510 509
1701520 509
1701530 509
1701540 509
1701550 509
1701560 509
1701570 510
1701580 510
1701590 510
1701600 510
1701610 510
1701620 510
1701630 511
1701640 511
1701650 511
1701660 511
1701670 511
1701680 511
1701690 511
1701700 511
1701710 511
1701720 511
1701730 511
1701740 511
1701750 511
1701760 511
1701770 511
1701780 511
1701790 511
1701800 511
1701810 511
1701820 511
1701830 511
1701840 511
1701850 511
1701860 511
1701870 511
1701880 511
1701890 510
1701900 510
1701910 510
1701920 510
1701930 510
1701940 510
1701950 510
1701960 510
1701970 509
1701980 509
1701990 509
1702000 509
1702010 509
1702020 509
1702030 508
1702040 508
1702050 508
1702060 508
1702070 508
1702080 508
1702090 507
1702100 507
1702110 507
1702120 507
1702130 507
1702140 507
1702150 507
1702160 506
1702170 506
1702180 506
1702190 506
1702200 506
1702210 506
1702220 505
1702230 505
1702240 505
1702250 505
1702260 505
1702270 504
1702280 504
1702290 504
1702300 504
1702310 504
1702320 504
1702330 504
1702340 504
1702350 504
1702360 504
1702370 503
1702380 503
1702390 503
1702400 503
1702410 503
1702420 503
1702430 503
1702440 503
1702450 503
1702460 502
1702470 502
1702480 502
1702490 502
1702500 502
1702510 502
1702520 502
1702530 502
1702540 502
1702550 501
1702560 501
1702570 501
1702580 501
1702590 501
1702600 501
1702610 501
1702620 501
1702630 501
1702640 500
1702650 500
1702660 500
1702670 500
1702680 499
1702690 499
1702700 499
1702710 499
1702720 499
1702730 499
1702740 499
1702750 498
1702760 498
1702770 498
1702780 498
1702790 498
1702800 498
1702810 497
1702820 497
1702830 497
1702840 497
1702850 497
1702860 497
1702870 497
1702880 497
1702890 496
1702900 496
1702910 496
1702920 496
1702930 496
1702940 496
1702950 496
1702960 495
1702970 495
1702980 495
1702990 495
1703000 494
1703010 494
1703020 494
1703030 494
1703040 494
1703050 493
1703060 493
1703070 493
1703080 493
1703090 492
1703100 492
1703110 492
1703120 492
1703130 492
1703140 492
1703150 491
1703160 491
1703170 491
1703180 491
1703190 490
1703200 490
1703210 490
1703220 489
1703230 489
1703240 489
1703250 489
1703260 488
1703270 488
1703280 488
1703290 488
1703300 487
1703310 487
1703320 487
1703330 487
1703340 486
1703350 486
1703360 486
1703370 486
1703380 486
1703390 485
1703400 485
1703410 485
1703420 485
1703430 485
1703440 485
1703450 484
1703460 484
1703470 484
1703480 484
1703490 484
1703500 484
1703510 483
1703520 483
1703530 483
1703540 482
1703550 482
1703560 482
1703570 482
1703580 482
1703590 481
1703600 481
1703610 481
1703620 480
1703630 480
1703640 479
1703650 478
1703660 478
1703670 477
1703680 476
1703690 476
1703700 475
1703710 475
1703720 474
1703730 474
1703740 473
1703750 473
1703760 472
1703770 471
1703780 471
1703790 471
1703800 471
1703810 471
1703820 471
1703830 471
1703840 470
1703850 470
1703860 468
1703870 467
1703880 467
1703890 467
1703900 467
1703910 468
1703920 468
1703930 468
1703940 469
1703950 469
1703960 469
1703970 469
1703980 470
1703990 470
1704000 470
1704010 471
1704020 471
1704030 471
1704040 472
1704050 472
1704060 472
1704070 473
1704080 473
1704090 473
1704100 474
1704110 474
1704120 474
1704130 474
1704140 474
1704150 474
1704160 474
1704170 474
1704180 474
1704190 474
1704200 474
1704210 473
1704220 473
1704230 473
1704240 472
1704250 472
1704260 471
1704270 471
1704280 470
1704290 470
1704300 470
1704310 469
1704320 468
1704330 468
1704340 467
1704350 466
1704360 466
1704370 466
1704380 465
1704390 465
1704400 464
1704410 464
1704420 464
1704430 463
1704440 463
1704450 462
1704460 461
1704470 461
1704480 460
1704490 459
1704500 458
1704510 457
1704520 457
1704530 457
1704540 457
1704550 457
1704560 456
1704570 456
1704580 456
1704590 456
1704600 456
1704610 456
1704620 456
1704630 456
1704640 456
1704650 457
1704660 457
1704670 457
1704680 457
1704690 457
1704700 457
1704710 457
1704720 457
1704730 457
1704740 457
1704750 457
1704760 457
1704770 457
1704780 457
1704790 457
1704800 457
1704810 457
1704820 457
1704830 457
1704840 457
1704850 456
1704860 456
1704870 456
1704880 456
1704890 456
1704900 456
1704910 456
1704920 456
1704930 455
1704940 455
1704950 455
1704960 455
1704970 455
1704980 455
1704990 455
1705000 455
1705010 455
1705020 455
1705030 455
1705040 455
1705050 455
1705060 455
1705070 454
1705080 454
1705090 454
1705100 454
1705110 454
1705120 454
1705130 454
1705140 454
1705150 454
1705160 454
1705170 454
1705180 454
1705190 454
1705200 453
1705210 453
1705220 453
1705230 452
1705240 452
1705250 452
1705260 452
1705270 452
1705280 452
1705290 452
1705300 452
1705310 452
1705320 452
1705330 452
1705340 452
1705350 452
1705360 452
1705370 452
1705380 452
1705390 452
1705400 452
1705410 452
1705420 451
1705430 451
1705440 451
1705450 451
1705460 451
1705470 451
1705480 451
1705490 451
1705500 451
1705510 451
1705520 451
1705530 451
1705540 451
1705550 451
1705560 451
1705570 451
1705580 451
1705590 451
1705600 451
1705610 451
1705620 451
1705630 451
1705640 451
1705650 451
1705660 451
1705670 451
1705680 451
1705690 451
1705700 451
1705710 451
1705720 451
1705730 451
1705740 451
1705750 451
1705760 451
1705770 451
1705780 451
1705790 451
1705800 451
1705810 451
1705820 451
1705830 451
1705840 452
1705850 452
1705860 451
1705870 451
1705880 451
1705890 451
1705900 451
1705910 451
1705920 451
1705930 450
1705940 450
1705950 450
1705960 451
1705970 451
1705980 451
1705990 451
1706000 451
1706010 452
1706020 452
1706030 452
1706040 453
1706050 453
1706060 454
1706070 454
1706080 455
1706090 455
1706100 455
1706110 456
1706120 456
1706130 457
1706140 458
1706150 460
1706160 462
1706170 464
1706180 464
1706190 465
1706200 466
1706210 467
1706220 468
1706230 469
1706240 470
1706250 471
1706260 471
1706270 472
1706280 472
1706290 473
1706300 473
1706310 474
1706320 475
1706330 475
1706340 476
1706350 477
1706360 477
1706370 478
1706380 479
1706390 479
1706400 479
1706410 480
1706420 480
1706430 481
1706440 481
1706450 482
1706460 482
1706470 482
1706480 483
1706490 483
1706500 484
1706510 484
1706520 484
1706530 485
1706540 485
1706550 485
1706560 486
1706570 486
1706580 486
1706590 486
1706600 487
1706610 487
1706620 487
1706630 487
1706640 488
1706650 488
1706660 488
1706670 488
1706680 488
1706690 489
1706700 489
1706710 489
1706720 489
1706730 489
1706740 489
1706750 489
1706760 489
1706770 489
1706780 489
1706790 489
1706800 488
1706810 488
1706820 488
1706830 488
1706840 487
1706850 487
1706860 487
1706870 487
1706880 487
1706890 487
1706900 487
1706910 488
1706920 489
1706930 489
1706940 490
1706950 490
1706960 491
1706970 491
1706980 491
1706990 491
1707000 491
1707010 491
1707020 490
1707030 490
1707040 490
1707050 490
1707060 490
1707070 490
1707080 491
1707090 491
1707100 491
1707110 491
1707120 491
1707130 491
1707140 490
1707150 490
1707160 490
1707170 490
1707180 489
1707190 489
1707200 489
1707210 489
1707220 489
1707230 489
1707240 489
1707250 489
1707260 488
1707270 488
1707280 487
1707290 486
1707300 486
1707310 486
1707320 486
1707330 486
1707340 486
1707350 486
1707360 486
1707370 485
1707380 485
1707390 485
1707400 486
1707410 486
1707420 486
1707430 486
1707440 486
1707450 486
1707460 486
1707470 486
1707480 486
1707490 486
1707500 485
1707510 485
1707520 485
1707530 485
1707540 485
1707550 485
1707560 485
1707570 484
1707580 484
1707590 484
1707600 484
1707610 482
1707620 481
1707630 480
1707640 482
1707650 483
1707660 483
1707670 482
1707680 482
1707690 482
1707700 482
1707710 481
1707720 480
1707730 480
1707740 480
1707750 479
1707760 479
1707770 480
1707780 480
1707790 481
1707800 481
1707810 482
1707820 482
1707830 482
1707840 483
1707850 483
1707860 483
1707870 484
1707880 484
1707890 485
1707900 485
1707910 486
1707920 487
1707930 487
1707940 488
1707950 489
1707960 489
1707970 490
1707980 491
1707990 492
1708000 492
1708010 493
1708020 493
1708030 494
1708040 495
1708050 496
1708060 497
1708070 497
1708080 497
1708090 497
1708100 497
1708110 499
1708120 501
1708130 502
1708140 503
1708150 504
1708160 505
1708170 507
1708180 508
1708190 509
1708200 510
1708210 511
1708220 511
1708230 512
1708240 512
1708250 512
1708260 512
1708270 513
1708280 513
1708290 513
1708300 514
1708310 514
1708320 514
1708330 515
1708340 515
1708350 515
1708360 516
1708370 516
1708380 516
1708390 516
1708400 517
1708410 517
1708420 517
1708430 517
1708440 518
1708450 518
1708460 519
1708470 519
1708480 520
1708490 520
1708500 521
1708510 521
1708520 521
1708530 522
1708540 522
1708550 522
1708560 523
1708570 523
1708580 523
1708590 524
1708600 524
1708610 524
1708620 525
1708630 525
1708640 525
1708650 526
1708660 526
1708670 526
1708680 526
1708690 526
1708700 526
1708710 527
1708720 527
1708730 527
1708740 527
1708750 528
1708760 528
1708770 529
1708780 529
1708790 529
1708800 530
1708810 530
1708820 530
1708830 530
1708840 531
1708850 531
1708860 531
1708870 531
1708880 532
1708890 532
1708900 533
1708910 533
1708920 533
1708930 534
1708940 534
1708950 534
1708960 535
1708970 536
1708980 536
1708990 536
1709000 537
1709010 537
1709020 538
1709030 538
1709040 538
1709050 538
1709060 538
1709070 539
1709080 539
1709090 539
1709100 539
1709110 539
1709120 539
1709130 539
1709140 539
1709150 539
1709160 539
1709170 539
1709180 540
1709190 540
1709200 540
1709210 540
1709220 540
1709230 541
1709240 541
1709250 541
1709260 541
1709270 541
1709280 541
1709290 541
1709300 541
1709310 542
1709320 542
1709330 542
1709340 542
1709350 542
1709360 542
1709370 542
1709380 542
1709390 542
1709400 542
1709410 542
1709420 543
1709430 543
1709440 543
1709450 543
1709460 543
1709470 543
1709480 543
1709490 543
1709500 543
1709510 543
1709520 543
1709530 543
1709540 544
1709550 544
1709560 544
1709570 544
1709580 544
1709590 544
1709600 544
1709610 544
1709620 545
1709630 545
1709640 545
1709650 545
1709660 545
1709670 545
1709680 546
1709690 546
1709700 546
1709710 546
1709720 546
1709730 546
1709740 546
1709750 546
1709760 547
1709770 547
1709780 547
1709790 547
1709800 547
1709810 547
1709820 547
1709830 547
1709840 547
1709850 547
1709860 547
1709870 547
1709880 547
1709890 547
1709900 547
1709910 547
1709920 547
1709930 547
1709940 547
1709950 547
1709960 547
1709970 546
1709980 546
1709990 546
1710000 546
1710010 546
1710020 546
1710030 546
1710040 546
1710050 545
1710060 545
1710070 545
1710080 545
1710090 544
1710100 544
1710110 544
1710120 544
1710130 544
1710140 544
1710150 543
1710160 543
1710170 543
1710180 543
1710190 543
1710200 542
1710210 542
1710220 542
1710230 542
1710240 542
1710250 542
1710260 541
1710270 541
1710280 541
1710290 541
1710300 541
1710310 541
1710320 541
1710330 540
1710340 540
1710350 540
1710360 540
1710370 540
1710380 540
1710390 540
1710400 540
1710410 539
1710420 539
1710430 539
1710440 539
1710450 539
1710460 539
1710470 539
1710480 539
1710490 539
1710500 539
1710510 539
1710520 539
1710530 539
1710540 538
1710550 538
1710560 538
1710570 538
1710580 538
1710590 538
1710600 538
1710610 538
1710620 538
1710630 538
1710640 538
1710650 538
1710660 538
1710670 538
1710680 538
1710690 538
1710700 538
1710710 538
1710720 538
1710730 538
1710740 538
1710750 538
1710760 538
1710770 538
1710780 538
1710790 538
1710800 538
1710810 538
1710820 538
1710830 538
1710840 538
1710850 538
1710860 538
1710870 538
1710880 538
1710890 538
1710900 538
1710910 538
1710920 537
1710930 537
1710940 537
1710950 537
1710960 537
1710970 536
1710980 536
1710990 536
1711000 536
1711010 536
1711020 536
1711030 536
1711040 535
1711050 535
1711060 535
1711070 534
1711080 534
1711090 534
1711100 533
1711110 533
1711120 532
1711130 532
1711140 531
1711150 531
1711160 530
1711170 530
1711180 529
1711190 529
1711200 528
1711210 528
1711220 527
1711230 526
1711240 525
1711250 525
1711260 524
1711270 523
1711280 523
1711290 522
1711300 521
1711310 521
1711320 521
1711330 520
1711340 520
1711350 519
1711360 519
1711370 518
1711380 517
1711390 517
1711400 516
1711410 516
1711420 515
1711430 514
1711440 514
1711450 513
1711460 513
1711470 513
1711480 512
1711490 512
1711500 511
1711510 511
1711520 511
1711530 511
1711540 510
1711550 510
1711560 510
1711570 509
1711580 509
1711590 508
1711600 508
1711610 508
1711620 508
1711630 507
1711640 506
1711650 506
1711660 506
1711670 505
1711680 505
1711690 504
1711700 504
1711710 504
1711720 503
1711730 503
1711740 503
1711750 502
1711760 502
1711770 501
1711780 501
1711790 500
1711800 500
1711810 499
1711820 499
1711830 498
1711840 497
1711850 497
1711860 496
1711870 496
1711880 496
1711890 495
1711900 495
1711910 495
1711920 495
1711930 494
1711940 494
1711950 493
1711960 493
1711970 493
1711980 493
1711990 493
1712000 492
1712010 492
1712020 492
1712030 491
1712040 491
1712050 491
1712060 491
1712070 491
1712080 490
1712090 490
1712100 490
1712110 490
1712120 490
1712130 489
1712140 489
1712150 489
1712160 489
1712170 489
1712180 488
1712190 488
1712200 488
1712210 488
1712220 488
1712230 488
1712240 488
1712250 488
1712260 489
1712270 489
1712280 490
1712290 490
1712300 490
1712310 490
1712320 490
1712330 490
1712340 490
1712350 490
1712360 490
1712370 490
1712380 490
1712390 490
1712400 490
1712410 490
1712420 490
1712430 490
1712440 490
1712450 490
1712460 490
1712470 490
1712480 490
1712490 489
1712500 489
1712510 489
1712520 489
1712530 488
1712540 488
1712550 488
1712560 487
1712570 487
1712580 486
1712590 484
1712600 483
1712610 481
1712620 480
1712630 478
1712640 476
1712650 474
1712660 473
1712670 471
1712680 469
1712690 468
1712700 466
1712710 465
1712720 463
1712730 461
1712740 459
1712750 457
1712760 456
1712770 455
1712780 454
1712790 453
1712800 452
1712810 452
1712820 452
1712830 452
1712840 453
1712850 455
1712860 456
1712870 457
1712880 457
1712890 456
1712900 454
1712910 452
1712920 450
1712930 447
1712940 446
1712950 446
1712960 447
1712970 446
1712980 446
1712990 447
1713000 448
1713010 450
1713020 451
1713030 452
1713040 452
1713050 453
1713060 453
1713070 453
1713080 453
1713090 454
1713100 455
1713110 455
1713120 456
1713130 457
1713140 458
1713150 458
1713160 459
1713170 459
1713180 459
1713190 459
1713200 459
1713210 459
1713220 459
1713230 459
1713240 459
1713250 459
1713260 458
1713270 458
1713280 458
1713290 458
1713300 458
1713310 458
1713320 458
1713330 458
1713340 458
1713350 457
1713360 457
1713370 456
1713380 456
1713390 456
1713400 455
1713410 455
1713420 454
1713430 454
1713440 453
1713450 453
1713460 453
1713470 453
1713480 453
1713490 453
1713500 453
1713510 453
1713520 453
1713530 453
1713540 453
1713550 453
1713560 453
1713570 453
1713580 453
1713590 453
1713600 453
1713610 453
1713620 453
1713630 453
1713640 453
1713650 452
1713660 452
1713670 452
1713680 452
1713690 453
1713700 453
1713710 452
1713720 452
1713730 452
1713740 452
1713750 451
1713760 451
1713770 451
1713780 451
1713790 451
1713800 451
1713810 451
1713820 451
1713830 450
1713840 450
1713850 450
1713860 450
1713870 450
1713880 450
1713890 450
1713900 450
1713910 450
1713920 450
1713930 450
1713940 450
1713950 450
1713960 450
1713970 450
1713980 450
1713990 450
1714000 450
1714010 450
1714020 450
1714030 450
1714040 450
1714050 450
1714060 450
1714070 450
1714080 450
1714090 450
1714100 450
1714110 450
1714120 449
1714130 449
1714140 449
1714150 449
1714160 449
1714170 448
1714180 448
1714190 447
1714200 447
1714210 447
1714220 446
1714230 446
1714240 445
1714250 444
1714260 444
1714270 443
1714280 442
1714290 441
1714300 440
1714310 439
1714320 438
1714330 437
1714340 436
1714350 435
1714360 435
1714370 434
1714380 434
1714390 434
1714400 434
1714410 434
1714420 434
1714430 435
1714440 435
1714450 435
1714460 436
1714470 436
1714480 438
1714490 441
1714500 445
1714510 450
1714520 454
1714530 459
1714540 465
1714550 471
1714560 475
1714570 479
1714580 482
1714590 485
1714600 487
1714610 488
1714620 489
1714630 490
1714640 490
1714650 491
1714660 492
1714670 492
1714680 493
1714690 493
1714700 494
1714710 495
1714720 495
1714730 496
1714740 497
1714750 497
1714760 498
1714770 499
1714780 500
1714790 501
1714800 502
1714810 502
1714820 503
1714830 504
1714840 505
1714850 506
1714860 507
1714870 507
1714880 508
1714890 508
1714900 509
1714910 510
1714920 510
1714930 511
1714940 511
1714950 511
1714960 512
1714970 512
1714980 513
1714990 513
1715000 513
1715010 514
1715020 514
1715030 514
1715040 514
1715050 515
1715060 515
1715070 515
1715080 515
1715090 515
1715100 515
1715110 515
1715120 516
1715130 516
1715140 516
1715150 516
1715160 516
1715170 516
1715180 516
1715190 516
1715200 516
1715210 516
1715220 516
1715230 516
1715240 517
1715250 517
1715260 517
1715270 517
1715280 518
1715290 518
1715300 518
1715310 519
1715320 519
1715330 519
1715340 520
1715350 520
1715360 521
1715370 521
1715380 522
1715390 522
1715400 523
1715410 523
1715420 523
1715430 524
1715440 524
1715450 524
1715460 525
1715470 525
1715480 525
1715490 526
1715500 526
1715510 526
1715520 527
1715530 527
1715540 528
1715550 528
1715560 529
1715570 529
1715580 530
1715590 530
1715600 531
1715610 531
1715620 531
1715630 531
1715640 531
1715650 532
1715660 532
1715670 532
1715680 532
1715690 531
1715700 531
1715710 531
1715720 531
1715730 530
1715740 530
1715750 529
1715760 529
1715770 529
1715780 528
1715790 528
1715800 527
1715810 526
1715820 526
1715830 525
1715840 525
1715850 524
1715860 523
1715870 523
1715880 522
1715890 522
1715900 521
1715910 521
1715920 520
1715930 519
1715940 519
1715950 518
1715960 517
1715970 516
1715980 515
1715990 515
1716000 514
1716010 514
1716020 513
1716030 512
1716040 511
1716050 510
1716060 510
1716070 509
1716080 508
1716090 508
1716100 507
1716110 506
1716120 506
1716130 505
1716140 504
1716150 504
1716160 503
1716170 503
1716180 502
1716190 500
1716200 498
1716210 500
1716220 502
1716230 504
1716240 506
1716250 508
1716260 511
1716270 512
1716280 514
1716290 514
1716300 515
1716310 516
1716320 516
1716330 517
1716340 518
1716350 519
1716360 520
1716370 521
1716380 521
1716390 522
1716400 522
1716410 523
1716420 523
1716430 524
1716440 524
1716450 525
1716460 525
1716470 526
1716480 526
1716490 527
1716500 528
1716510 528
1716520 529
1716530 529
1716540 530
1716550 531
1716560 531
1716570 531
1716580 531
1716590 531
1716600 531
1716610 531
1716620 531
1716630 531
1716640 531
1716650 530
1716660 530
1716670 530
1716680 529
1716690 529
1716700 529
1716710 529
1716720 529
1716730 529
1716740 528
1716750 529
1716760 529
1716770 529
1716780 529
1716790 528
1716800 528
1716810 528
1716820 527
1716830 527
1716840 527
1716850 526
1716860 526
1716870 526
1716880 525
1716890 525
1716900 525
1716910 525
1716920 525
1716930 525
1716940 525
1716950 525
1716960 525
1716970 525
1716980 525
1716990 525
1717000 525
1717010 525
1717020 524
1717030 524
1717040 524
1717050 524
1717060 523
1717070 523
1717080 523
1717090 522
1717100 522
1717110 522
1717120 521
1717130 521
1717140 521
1717150 521
1717160 521
1717170 520
1717180 520
1717190 520
1717200 520
1717210 520
1717220 520
1717230 519
1717240 519
1717250 519
1717260 519
1717270 519
1717280 519
1717290 519
1717300 518
1717310 518
1717320 518
1717330 518
1717340 518
1717350 518
1717360 518
1717370 518
1717380 518
1717390 517
1717400 517
1717410 517
1717420 517
1717430 517
1717440 517
1717450 517
1717460 517
1717470 517
1717480 517
1717490 517
1717500 517
1717510 517
1717520 517
1717530 517
1717540 517
1717550 517
1717560 517
1717570 517
1717580 517
1717590 517
1717600 517
1717610 517
1717620 517
1717630 517
1717640 517
1717650 517
1717660 517
1717670 517
1717680 517
1717690 517
1717700 517
1717710 517
1717720 517
1717730 517
1717740 517
1717750 517
1717760 517
1717770 517
1717780 517
1717790 517
1717800 517
1717810 518
1717820 518
1717830 518
1717840 518
1717850 518
1717860 518
1717870 518
1717880 518
1717890 518
1717900 518
1717910 518
1717920 519
1717930 519
1717940 519
1717950 519
1717960 519
1717970 519
1717980 519
1717990 520
1718000 520
1718010 520
1718020 520
1718030 520
1718040 520
1718050 521
1718060 521
1718070 521
1718080 521
1718090 521
1718100 522
1718110 522
1718120 522
1718130 522
1718140 523
1718150 523
1718160 523
1718170 523
1718180 524
1718190 524
1718200 524
1718210 525
1718220 525
1718230 525
1718240 525
1718250 525
1718260 525
1718270 525
1718280 525
1718290 525
1718300 524
1718310 524
1718320 524
1718330 524
1718340 523
1718350 523
1718360 523
1718370 522
1718380 522
1718390 522
1718400 521
1718410 521
1718420 521
1718430 520
1718440 520
1718450 519
1718460 519
1718470 519
1718480 518
1718490 518
1718500 517
1718510 517
1718520 517
1718530 516
1718540 516
1718550 515
1718560 514
1718570 513
1718580 512
1718590 512
1718600 512
1718610 511
1718620 510
1718630 510
1718640 510
1718650 509
1718660 509
1718670 508
1718680 508
1718690 507
1718700 506
1718710 506
1718720 505
1718730 505
1718740 505
1718750 504
1718760 504
1718770 503
1718780 503
1718790 502
1718800 502
1718810 501
1718820 500
1718830 500
1718840 500
1718850 499
1718860 499
1718870 498
1718880 498
1718890 498
1718900 497
1718910 497
1718920 496
1718930 496
1718940 495
1718950 494
1718960 494
1718970 493
1718980 493
1718990 492
1719000 491
1719010 490
1719020 491
1719030 490
1719040 490
1719050 490
1719060 490
1719070 489
1719080 489
1719090 487
1719100 485
1719110 482
1719120 481
1719130 480
1719140 480
1719150 480
1719160 480
1719170 481
1719180 481
1719190 481
1719200 481
1719210 481
1719220 481
1719230 481
1719240 481
1719250 481
1719260 482
1719270 483
1719280 483
1719290 483
1719300 484
1719310 484
1719320 485
1719330 485
1719340 485
1719350 485
1719360 485
1719370 485
1719380 485
1719390 485
1719400 485
1719410 485
1719420 484
1719430 484
1719440 484
1719450 484
1719460 484
1719470 484
1719480 484
1719490 484
1719500 484
1719510 484
1719520 484
1719530 484
1719540 484
1719550 483
1719560 483
1719570 484
1719580 484
1719590 484
1719600 485
1719610 485
1719620 485
1719630 485
1719640 486
1719650 486
1719660 486
1719670 486
1719680 486
1719690 486
1719700 485
1719710 484
1719720 484
1719730 485
1719740 485
1719750 486
1719760 486
1719770 486
1719780 486
1719790 486
1719800 486
1719810 486
1719820 486
1719830 486
1719840 486
1719850 486
1719860 486
1719870 486
1719880 486
1719890 486
1719900 486
1719910 486
1719920 485
1719930 485
1719940 485
1719950 485
1719960 485
1719970 485
1719980 484
1719990 484
