1700000 498
1700010 499
1700020 499
1700030 499
1700040 499
1700050 499
1700060 499
1700070 499
1700080 498
1700090 498
1700100 498
1700110 498
1700120 498
1700130 498
1700140 498
1700150 498
1700160 498
1700170 498
1700180 498
1700190 498
1700200 498
1700210 498
1700220 497
1700230 497
1700240 497
1700250 497
1700260 497
1700270 497
1700280 497
1700290 497
1700300 497
1700310 497
1700320 497
1700330 497
1700340 496
1700350 496
1700360 496
1700370 496
1700380 496
1700390 496
1700400 495
1700410 495
1700420 495
1700430 495
1700440 495
1700450 495
1700460 495
1700470 495
1700480 495
1700490 495
1700500 495
1700510 495
1700520 495
1700530 495
1700540 495
1700550 495
1700560 495
1700570 495
1700580 495
1700590 495
1700600 496
1700610 496
1700620 496
1700630 496
1700640 496
1700650 496
1700660 497
1700670 497
1700680 497
1700690 498
1700700 498
1700710 498
1700720 498
1700730 499
1700740 499
1700750 499
1700760 499
1700770 500
1700780 500
1700790 500
1700800 501
1700810 501
1700820 501
1700830 501
1700840 502
1700850 502
1700860 502
1700870 502
1700880 503
1700890 503
1700900 503
1700910 503
1700920 503
1700930 503
1700940 504
1700950 504
1700960 504
1700970 504
1700980 505
1700990 505
1701000 505
1701010 505
1701020 505
1701030 506
1701040 506
1701050 506
1701060 506
1701070 506
1701080 507
1701090 507
1701100 507
1701110 507
1701120 507
1701130 508
1701140 508
1701150 508
1701160 508
1701170 509
1701180 509
1701190 509
1701200 509
1701210 509
1701220 509
1701230 510
1701240 510
1701250 510
1701260 510
1701270 510
1701280 510
1701290 510
1701300 510
1701310 511
1701320 511
1701330 511
1701340 511
1701350 511
1701360 511
1701370 511
1701380 511
1701390 511
1701400 511
1701410 511
1701420 511
1701430 511
1701440 512
1701450 512
1701460 512
1701470 512
1701480 512
1701490 512
1701500 512
1701510 512
1701520 512
1701530 512
1701540 512
1701550 512
1701560 512
1701570 512
1701580 512
1701590 512
1701600 512
1701610 512
1701620 512
1701630 512
1701640 513
1701650 513
1701660 513
1701670 513
1701680 513
1701690 513
1701700 513
1701710 513
1701720 513
1701730 513
1701740 513
1701750 512
1701760 512
1701770 512
1701780 512
1701790 512
1701800 512
1701810 512
1701820 512
1701830 512
1701840 512
1701850 512
1701860 512
1701870 512
1701880 512
1701890 512
1701900 511
1701910 511
1701920 511
1701930 511
1701940 511
1701950 511
1701960 510
1701970 510
1701980 510
1701990 510
1702000 509
1702010 509
1702020 509
1702030 509
1702040 508
1702050 508
1702060 508
1702070 508
1702080 507
1702090 507
1702100 507
1702110 507
1702120 506
1702130 506
1702140 506
1702150 505
1702160 505
1702170 505
1702180 505
1702190 505
1702200 504
1702210 504
1702220 504
1702230 503
1702240 503
1702250 503
1702260 502
1702270 501
1702280 501
1702290 500
1702300 500
1702310 500
1702320 500
1702330 499
1702340 499
1702350 499
1702360 499
1702370 500
1702380 500
1702390 500
1702400 500
1702410 500
1702420 500
1702430 500
1702440 500
1702450 499
1702460 499
1702470 499
1702480 499
1702490 498
1702500 498
1702510 497
1702520 497
1702530 498
1702540 498
1702550 498
1702560 498
1702570 497
1702580 496
1702590 496
1702600 496
1702610 496
1702620 496
1702630 497
1702640 497
1702650 497
1702660 497
1702670 497
1702680 497
1702690 497
1702700 497
1702710 497
1702720 497
1702730 496
1702740 496
1702750 496
1702760 496
1702770 496
1702780 497
1702790 497
1702800 497
1702810 496
1702820 496
1702830 495
1702840 495
1702850 495
1702860 495
1702870 495
1702880 494
1702890 494
1702900 493
1702910 493
1702920 493
1702930 493
1702940 493
1702950 492
1702960 492
1702970 492
1702980 492
1702990 492
1703000 492
1703010 491
1703020 491
1703030 491
1703040 491
1703050 491
1703060 491
1703070 491
1703080 491
1703090 491
1703100 491
1703110 491
1703120 491
1703130 491
1703140 491
1703150 491
1703160 492
1703170 492
1703180 492
1703190 492
1703200 492
1703210 493
1703220 493
1703230 493
1703240 494
1703250 494
1703260 494
1703270 494
1703280 494
1703290 494
1703300 495
1703310 495
1703320 495
1703330 495
1703340 495
1703350 495
1703360 495
1703370 496
1703380 496
1703390 496
1703400 496
1703410 496
1703420 496
1703430 496
1703440 496
1703450 496
1703460 496
1703470 497
1703480 497
1703490 497
1703500 497
1703510 497
1703520 497
1703530 498
1703540 498
1703550 498
1703560 498
1703570 498
1703580 498
1703590 498
1703600 498
1703610 498
1703620 498
1703630 497
1703640 497
1703650 497
1703660 497
1703670 497
1703680 497
1703690 497
1703700 497
1703710 497
1703720 497
1703730 496
1703740 496
1703750 496
1703760 496
1703770 496
1703780 496
1703790 496
1703800 495
1703810 495
1703820 495
1703830 495
1703840 495
1703850 495
1703860 495
1703870 494
1703880 494
1703890 494
1703900 494
1703910 493
1703920 493
1703930 493
1703940 493
1703950 492
1703960 492
1703970 492
1703980 492
1703990 491
1704000 491
1704010 491
1704020 490
1704030 490
1704040 489
1704050 489
1704060 489
1704070 488
1704080 488
1704090 487
1704100 487
1704110 486
1704120 485
1704130 485
1704140 484
1704150 483
1704160 482
1704170 482
1704180 481
1704190 480
1704200 479
1704210 477
1704220 474
1704230 471
1704240 471
1704250 472
1704260 474
1704270 475
1704280 475
1704290 475
1704300 475
1704310 475
1704320 476
1704330 477
1704340 480
1704350 481
1704360 483
1704370 483
1704380 484
1704390 484
1704400 484
1704410 485
1704420 485
1704430 486
1704440 486
1704450 486
1704460 487
1704470 487
1704480 487
1704490 487
1704500 488
1704510 488
1704520 488
1704530 488
1704540 488
1704550 489
1704560 489
1704570 489
1704580 489
1704590 489
1704600 489
1704610 489
1704620 489
1704630 490
1704640 490
1704650 490
1704660 490
1704670 490
1704680 490
1704690 490
1704700 489
1704710 489
1704720 489
1704730 489
1704740 489
1704750 489
1704760 489
1704770 489
1704780 488
1704790 488
1704800 488
1704810 488
1704820 488
1704830 487
1704840 487
1704850 487
1704860 487
1704870 487
1704880 486
1704890 486
1704900 486
1704910 485
1704920 485
1704930 485
1704940 485
1704950 484
1704960 484
1704970 484
1704980 483
1704990 483
1705000 483
1705010 482
1705020 482
1705030 482
1705040 481
1705050 481
1705060 480
1705070 480
1705080 480
1705090 479
1705100 479
1705110 479
1705120 479
1705130 479
1705140 478
1705150 478
1705160 477
1705170 477
1705180 477
1705190 477
1705200 477
1705210 477
1705220 477
1705230 476
1705240 476
1705250 475
1705260 475
1705270 476
1705280 475
1705290 475
1705300 474
1705310 473
1705320 473
1705330 473
1705340 472
1705350 472
1705360 472
1705370 472
1705380 472
1705390 473
1705400 473
1705410 473
1705420 473
1705430 473
1705440 473
1705450 473
1705460 473
1705470 474
1705480 474
1705490 474
1705500 474
1705510 474
1705520 474
1705530 474
1705540 474
1705550 474
1705560 473
1705570 473
1705580 473
1705590 472
1705600 472
1705610 471
1705620 471
1705630 470
1705640 469
1705650 468
1705660 466
1705670 464
1705680 463
1705690 461
1705700 460
1705710 458
1705720 457
1705730 457
1705740 456
1705750 456
1705760 455
1705770 455
1705780 455
1705790 455
1705800 454
1705810 454
1705820 454
1705830 454
1705840 454
1705850 454
1705860 453
1705870 453
1705880 453
1705890 453
1705900 452
1705910 452
1705920 452
1705930 452
1705940 452
1705950 452
1705960 452
1705970 452
1705980 452
1705990 451
1706000 451
1706010 451
1706020 451
1706030 450
1706040 450
1706050 450
1706060 450
1706070 450
1706080 450
1706090 451
1706100 451
1706110 451
1706120 450
1706130 450
1706140 450
1706150 450
1706160 450
1706170 450
1706180 450
1706190 450
1706200 451
1706210 451
1706220 451
1706230 451
1706240 451
1706250 451
1706260 451
1706270 451
1706280 451
1706290 451
1706300 451
1706310 451
1706320 451
1706330 451
1706340 451
1706350 451
1706360 452
1706370 453
1706380 455
1706390 458
1706400 458
1706410 459
1706420 460
1706430 460
1706440 461
1706450 461
1706460 462
1706470 462
1706480 463
1706490 463
1706500 463
1706510 464
1706520 464
1706530 464
1706540 465
1706550 465
1706560 465
1706570 466
1706580 466
1706590 466
1706600 467
1706610 467
1706620 467
1706630 468
1706640 468
1706650 468
1706660 469
1706670 469
1706680 470
1706690 470
1706700 470
1706710 470
1706720 471
1706730 471
1706740 471
1706750 472
1706760 472
1706770 472
1706780 472
1706790 473
1706800 473
1706810 473
1706820 474
1706830 474
1706840 474
1706850 474
1706860 475
1706870 475
1706880 475
1706890 476
1706900 476
1706910 476
1706920 476
1706930 476
1706940 476
1706950 476
1706960 476
1706970 476
1706980 477
1706990 477
1707000 477
1707010 477
1707020 477
1707030 478
1707040 478
1707050 478
1707060 478
1707070 479
1707080 479
1707090 480
1707100 481
1707110 481
1707120 481
1707130 481
1707140 482
1707150 482
1707160 482
1707170 483
1707180 483
1707190 483
1707200 484
1707210 484
1707220 484
1707230 485
1707240 485
1707250 486
1707260 486
1707270 487
1707280 487
1707290 487
1707300 488
1707310 488
1707320 488
1707330 489
1707340 489
1707350 489
1707360 490
1707370 491
1707380 491
1707390 492
1707400 492
1707410 492
1707420 493
1707430 493
1707440 493
1707450 493
1707460 494
1707470 494
1707480 495
1707490 496
1707500 496
1707510 497
1707520 497
1707530 498
1707540 498
1707550 498
1707560 499
1707570 499
1707580 500
1707590 500
1707600 501
1707610 501
1707620 502
1707630 502
1707640 503
1707650 503
1707660 503
1707670 504
1707680 505
1707690 505
1707700 506
1707710 506
1707720 507
1707730 507
1707740 508
1707750 509
1707760 509
1707770 509
1707780 510
1707790 511
1707800 512
1707810 512
1707820 513
1707830 513
1707840 513
1707850 514
1707860 514
1707870 514
1707880 515
1707890 515
1707900 516
1707910 516
1707920 517
1707930 517
1707940 517
1707950 518
1707960 518
1707970 519
1707980 519
1707990 519
1708000 520
1708010 520
1708020 520
1708030 521
1708040 521
1708050 521
1708060 521
1708070 521
1708080 521
1708090 522
1708100 522
1708110 522
1708120 522
1708130 522
1708140 522
1708150 522
1708160 522
1708170 522
1708180 522
1708190 521
1708200 521
1708210 521
1708220 521
1708230 521
1708240 520
1708250 520
1708260 520
1708270 520
1708280 520
1708290 519
1708300 519
1708310 518
1708320 517
1708330 517
1708340 516
1708350 516
1708360 515
1708370 515
1708380 515
1708390 514
1708400 513
1708410 512
1708420 512
1708430 511
1708440 512
1708450 513
1708460 514
1708470 516
1708480 518
1708490 519
1708500 522
1708510 524
1708520 525
1708530 526
1708540 526
1708550 526
1708560 526
1708570 526
1708580 526
1708590 526
1708600 526
1708610 526
1708620 526
1708630 525
1708640 525
1708650 525
1708660 525
1708670 525
1708680 525
1708690 525
1708700 525
1708710 525
1708720 525
1708730 525
1708740 525
1708750 525
1708760 526
1708770 525
1708780 525
1708790 526
1708800 526
1708810 526
1708820 526
1708830 526
1708840 527
1708850 527
1708860 527
1708870 527
1708880 528
1708890 528
1708900 528
1708910 529
1708920 530
1708930 530
1708940 530
1708950 531
1708960 532
1708970 532
1708980 533
1708990 533
1709000 534
1709010 534
1709020 535
1709030 535
1709040 536
1709050 536
1709060 537
1709070 537
1709080 538
1709090 538
1709100 539
1709110 539
1709120 539
1709130 539
1709140 540
1709150 540
1709160 540
1709170 541
1709180 541
1709190 541
1709200 542
1709210 542
1709220 542
1709230 543
1709240 543
1709250 543
1709260 544
1709270 544
1709280 544
1709290 544
1709300 545
1709310 545
1709320 545
1709330 545
1709340 545
1709350 545
1709360 546
1709370 546
1709380 546
1709390 546
1709400 546
1709410 547
1709420 547
1709430 547
1709440 547
1709450 548
1709460 548
1709470 548
1709480 548
1709490 548
1709500 548
1709510 549
1709520 549
1709530 549
1709540 549
1709550 549
1709560 549
1709570 549
1709580 549
1709590 549
1709600 549
1709610 549
1709620 549
1709630 549
1709640 549
1709650 548
1709660 548
1709670 548
1709680 548
1709690 548
1709700 547
1709710 547
1709720 547
1709730 547
1709740 546
1709750 546
1709760 546
1709770 546
1709780 545
1709790 545
1709800 545
1709810 545
1709820 544
1709830 544
1709840 544
1709850 543
1709860 543
1709870 542
1709880 542
1709890 542
1709900 541
1709910 541
1709920 540
1709930 540
1709940 540
1709950 539
1709960 539
1709970 538
1709980 537
1709990 537
1710000 536
1710010 536
1710020 535
1710030 535
1710040 535
1710050 534
1710060 534
1710070 533
1710080 533
1710090 532
1710100 532
1710110 530
1710120 530
1710130 530
1710140 531
1710150 531
1710160 531
1710170 531
1710180 531
1710190 530
1710200 530
1710210 530
1710220 530
1710230 530
1710240 531
1710250 531
1710260 532
1710270 533
1710280 533
1710290 533
1710300 533
1710310 533
1710320 534
1710330 534
1710340 534
1710350 534
1710360 534
1710370 534
1710380 535
1710390 535
1710400 535
1710410 535
1710420 535
1710430 535
1710440 535
1710450 535
1710460 535
1710470 535
1710480 535
1710490 536
1710500 536
1710510 536
1710520 536
1710530 537
1710540 537
1710550 537
1710560 537
1710570 537
1710580 537
1710590 537
1710600 538
1710610 538
1710620 538
1710630 538
1710640 538
1710650 538
1710660 538
1710670 538
1710680 538
1710690 537
1710700 537
1710710 537
1710720 537
1710730 536
1710740 536
1710750 536
1710760 535
1710770 535
1710780 535
1710790 534
1710800 534
1710810 534
1710820 533
1710830 532
1710840 532
1710850 531
1710860 531
1710870 530
1710880 530
1710890 529
1710900 529
1710910 528
1710920 528
1710930 527
1710940 527
1710950 526
1710960 526
1710970 525
1710980 524
1710990 524
1711000 523
1711010 523
1711020 522
1711030 521
1711040 521
1711050 520
1711060 520
1711070 519
1711080 518
1711090 518
1711100 517
1711110 516
1711120 516
1711130 515
1711140 514
1711150 514
1711160 513
1711170 513
1711180 512
1711190 512
1711200 511
1711210 511
1711220 511
1711230 510
1711240 510
1711250 509
1711260 509
1711270 508
1711280 507
1711290 505
1711300 503
1711310 504
1711320 504
1711330 504
1711340 503
1711350 503
1711360 502
1711370 502
1711380 501
1711390 501
1711400 500
1711410 500
1711420 499
1711430 499
1711440 499
1711450 498
1711460 498
1711470 498
1711480 497
1711490 497
1711500 497
1711510 497
1711520 496
1711530 496
1711540 496
1711550 496
1711560 496
1711570 496
1711580 496
1711590 495
1711600 495
1711610 494
1711620 494
1711630 494
1711640 493
1711650 493
1711660 492
1711670 492
1711680 491
1711690 490
1711700 490
1711710 490
1711720 489
1711730 489
1711740 488
1711750 488
1711760 488
1711770 487
1711780 487
1711790 487
1711800 487
1711810 486
1711820 485
1711830 485
1711840 485
1711850 484
1711860 484
1711870 484
1711880 483
1711890 483
1711900 483
1711910 482
1711920 482
1711930 482
1711940 482
1711950 481
1711960 481
1711970 481
1711980 480
1711990 480
1712000 479
1712010 479
1712020 479
1712030 478
1712040 477
1712050 477
1712060 476
1712070 475
1712080 475
1712090 474
1712100 474
1712110 474
1712120 473
1712130 473
1712140 473
1712150 472
1712160 472
1712170 471
1712180 471
1712190 470
1712200 470
1712210 469
1712220 469
1712230 468
1712240 468
1712250 467
1712260 467
1712270 466
1712280 466
1712290 465
1712300 465
1712310 464
1712320 463
1712330 462
1712340 461
1712350 460
1712360 459
1712370 458
1712380 456
1712390 455
1712400 453
1712410 451
1712420 449
1712430 446
1712440 443
1712450 442
1712460 440
1712470 440
1712480 440
1712490 440
1712500 440
1712510 440
1712520 440
1712530 440
1712540 440
1712550 440
1712560 441
1712570 441
1712580 441
1712590 441
1712600 441
1712610 441
1712620 441
1712630 441
1712640 441
1712650 440
1712660 440
1712670 440
1712680 440
1712690 440
1712700 440
1712710 439
1712720 439
1712730 439
1712740 439
1712750 439
1712760 439
1712770 438
1712780 438
1712790 438
1712800 438
1712810 438
1712820 438
1712830 438
1712840 438
1712850 438
1712860 438
1712870 438
1712880 438
1712890 438
1712900 438
1712910 438
1712920 438
1712930 438
1712940 438
1712950 438
1712960 438
1712970 438
1712980 438
1712990 438
1713000 438
1713010 438
1713020 438
1713030 438
1713040 438
1713050 437
1713060 437
1713070 437
1713080 437
1713090 437
1713100 437
1713110 437
1713120 437
1713130 437
1713140 437
1713150 437
1713160 437
1713170 437
1713180 438
1713190 438
1713200 438
1713210 438
1713220 438
1713230 437
1713240 437
1713250 437
1713260 437
1713270 437
1713280 438
1713290 438
1713300 437
1713310 437
1713320 437
1713330 437
1713340 437
1713350 437
1713360 437
1713370 437
1713380 437
1713390 437
1713400 437
1713410 437
1713420 437
1713430 437
1713440 437
1713450 437
1713460 437
1713470 438
1713480 438
1713490 438
1713500 438
1713510 438
1713520 438
1713530 438
1713540 438
1713550 438
1713560 438
1713570 438
1713580 438
1713590 437
1713600 437
1713610 438
1713620 438
1713630 439
1713640 439
1713650 442
1713660 445
1713670 448
1713680 452
1713690 456
1713700 459
1713710 461
1713720 462
1713730 463
1713740 464
1713750 464
1713760 464
1713770 464
1713780 465
1713790 465
1713800 465
1713810 465
1713820 466
1713830 466
1713840 466
1713850 467
1713860 467
1713870 467
1713880 467
1713890 467
1713900 467
1713910 468
1713920 468
1713930 468
1713940 468
1713950 469
1713960 469
1713970 469
1713980 470
1713990 470
1714000 470
1714010 470
1714020 470
1714030 470
1714040 471
1714050 471
1714060 471
1714070 472
1714080 472
1714090 473
1714100 473
1714110 473
1714120 474
1714130 474
1714140 475
1714150 476
1714160 476
1714170 477
1714180 477
1714190 476
1714200 476
1714210 475
1714220 474
1714230 474
1714240 473
1714250 474
1714260 475
1714270 477
1714280 478
1714290 479
1714300 480
1714310 480
1714320 481
1714330 482
1714340 482
1714350 482
1714360 483
1714370 484
1714380 485
1714390 485
1714400 486
1714410 486
1714420 487
1714430 487
1714440 487
1714450 488
1714460 488
1714470 488
1714480 489
1714490 489
1714500 489
1714510 490
1714520 490
1714530 491
1714540 491
1714550 491
1714560 491
1714570 492
1714580 492
1714590 492
1714600 493
1714610 493
1714620 493
1714630 494
1714640 494
1714650 494
1714660 495
1714670 495
1714680 495
1714690 495
1714700 495
1714710 495
1714720 495
1714730 496
1714740 496
1714750 496
1714760 496
1714770 496
1714780 496
1714790 496
1714800 496
1714810 497
1714820 497
1714830 497
1714840 497
1714850 497
1714860 497
1714870 497
1714880 497
1714890 497
1714900 497
1714910 497
1714920 498
1714930 498
1714940 498
1714950 498
1714960 498
1714970 498
1714980 498
1714990 498
1715000 498
1715010 498
1715020 498
1715030 498
1715040 498
1715050 498
1715060 498
1715070 498
1715080 498
1715090 498
1715100 498
1715110 498
1715120 499
1715130 499
1715140 499
1715150 499
1715160 499
1715170 499
1715180 500
1715190 500
1715200 500
1715210 500
1715220 500
1715230 500
1715240 500
1715250 500
1715260 501
1715270 501
1715280 501
1715290 501
1715300 501
1715310 501
1715320 501
1715330 501
1715340 501
1715350 501
1715360 502
1715370 502
1715380 502
1715390 503
1715400 503
1715410 503
1715420 504
1715430 504
1715440 505
1715450 505
1715460 505
1715470 506
1715480 506
1715490 506
1715500 506
1715510 506
1715520 506
1715530 506
1715540 507
1715550 507
1715560 508
1715570 508
1715580 508
1715590 508
1715600 508
1715610 509
1715620 509
1715630 510
1715640 510
1715650 510
1715660 511
1715670 511
1715680 511
1715690 512
1715700 512
1715710 513
1715720 513
1715730 514
1715740 514
1715750 515
1715760 515
1715770 516
1715780 517
1715790 517
1715800 518
1715810 519
1715820 520
1715830 520
1715840 521
1715850 522
1715860 523
1715870 524
1715880 525
1715890 526
1715900 527
1715910 528
1715920 529
1715930 530
1715940 530
1715950 531
1715960 531
1715970 532
1715980 533
1715990 534
1716000 535
1716010 535
1716020 536
1716030 537
1716040 538
1716050 539
1716060 540
1716070 541
1716080 541
1716090 542
1716100 543
1716110 544
1716120 544
1716130 545
1716140 545
1716150 545
1716160 545
1716170 545
1716180 545
1716190 545
1716200 545
1716210 545
1716220 545
1716230 545
1716240 545
1716250 545
1716260 544
1716270 544
1716280 544
1716290 543
1716300 543
1716310 543
1716320 542
1716330 542
1716340 542
1716350 541
1716360 541
1716370 541
1716380 540
1716390 540
1716400 540
1716410 539
1716420 539
1716430 539
1716440 539
1716450 539
1716460 539
1716470 538
1716480 538
1716490 538
1716500 537
1716510 537
1716520 536
1716530 536
1716540 536
1716550 536
1716560 535
1716570 535
1716580 535
1716590 535
1716600 535
1716610 534
1716620 534
1716630 534
1716640 533
1716650 533
1716660 533
1716670 533
1716680 532
1716690 532
1716700 532
1716710 531
1716720 531
1716730 531
1716740 530
1716750 530
1716760 530
1716770 529
1716780 529
1716790 529
1716800 529
1716810 528
1716820 528
1716830 528
1716840 528
1716850 529
1716860 530
1716870 530
1716880 531
1716890 531
1716900 532
1716910 533
1716920 533
1716930 533
1716940 534
1716950 534
1716960 534
1716970 535
1716980 535
1716990 535
1717000 535
1717010 535
1717020 536
1717030 536
1717040 536
1717050 536
1717060 536
1717070 536
1717080 536
1717090 536
1717100 536
1717110 536
1717120 536
1717130 536
1717140 536
1717150 535
1717160 535
1717170 535
1717180 535
1717190 534
1717200 534
1717210 534
1717220 533
1717230 533
1717240 533
1717250 533
1717260 532
1717270 532
1717280 532
1717290 532
1717300 532
1717310 532
1717320 531
1717330 531
1717340 531
1717350 531
1717360 531
1717370 530
1717380 530
1717390 530
1717400 529
1717410 529
1717420 529
1717430 529
1717440 529
1717450 529
1717460 528
1717470 528
1717480 528
1717490 527
1717500 527
1717510 527
1717520 526
1717530 526
1717540 525
1717550 525
1717560 525
1717570 525
1717580 524
1717590 524
1717600 524
1717610 524
1717620 524
1717630 525
1717640 525
1717650 526
1717660 526
1717670 526
1717680 526
1717690 526
1717700 525
1717710 525
1717720 525
1717730 525
1717740 525
1717750 525
1717760 525
1717770 525
1717780 525
1717790 525
1717800 525
1717810 525
1717820 524
1717830 524
1717840 524
1717850 524
1717860 524
1717870 524
1717880 523
1717890 523
1717900 523
1717910 523
1717920 523
1717930 523
1717940 523
1717950 522
1717960 522
1717970 522
1717980 522
1717990 522
1718000 521
1718010 521
1718020 521
1718030 521
1718040 520
1718050 520
1718060 520
1718070 519
1718080 519
1718090 519
1718100 518
1718110 518
1718120 518
1718130 517
1718140 517
1718150 517
1718160 517
1718170 516
1718180 516
1718190 516
1718200 515
1718210 515
1718220 514
1718230 514
1718240 513
1718250 513
1718260 513
1718270 512
1718280 512
1718290 512
1718300 511
1718310 511
1718320 511
1718330 510
1718340 510
1718350 510
1718360 510
1718370 509
1718380 509
1718390 509
1718400 508
1718410 508
1718420 508
1718430 508
1718440 508
1718450 507
1718460 507
1718470 507
1718480 507
1718490 507
1718500 507
1718510 507
1718520 506
1718530 506
1718540 505
1718550 504
1718560 504
1718570 504
1718580 505
1718590 505
1718600 505
1718610 506
1718620 507
1718630 508
1718640 509
1718650 509
1718660 510
1718670 511
1718680 511
1718690 512
1718700 512
1718710 513
1718720 513
1718730 514
1718740 514
1718750 514
1718760 514
1718770 514
1718780 513
1718790 513
1718800 513
1718810 513
1718820 513
1718830 513
1718840 513
1718850 513
1718860 513
1718870 512
1718880 512
1718890 512
1718900 512
1718910 512
1718920 512
1718930 512
1718940 512
1718950 512
1718960 512
1718970 512
1718980 512
1718990 512
1719000 512
1719010 512
1719020 512
1719030 512
1719040 513
1719050 513
1719060 513
1719070 513
1719080 513
1719090 513
1719100 513
1719110 513
1719120 513
1719130 513
1719140 513
1719150 513
1719160 512
1719170 512
1719180 512
1719190 512
1719200 512
1719210 512
1719220 511
1719230 511
1719240 511
1719250 511
1719260 510
1719270 510
1719280 510
1719290 510
1719300 510
1719310 510
1719320 509
1719330 509
1719340 509
1719350 509
1719360 509
1719370 509
1719380 509
1719390 509
1719400 509
1719410 509
1719420 509
1719430 508
1719440 508
1719450 508
1719460 508
1719470 508
1719480 508
1719490 508
1719500 507
1719510 507
1719520 507
1719530 507
1719540 507
1719550 507
1719560 507
1719570 507
1719580 507
1719590 506
1719600 506
1719610 506
1719620 506
1719630 506
1719640 506
1719650 505
1719660 505
1719670 505
1719680 505
1719690 505
1719700 505
1719710 504
1719720 504
1719730 504
1719740 504
1719750 504
1719760 504
1719770 504
1719780 503
1719790 503
1719800 503
1719810 503
1719820 503
1719830 503
1719840 502
1719850 502
1719860 502
1719870 502
1719880 502
1719890 502
1719900 501
1719910 501
1719920 501
1719930 501
1719940 500
1719950 500
1719960 500
1719970 499
1719980 499
1719990 499
