1700000 525
1700010 525
1700020 525
1700030 525
1700040 525
1700050 525
1700060 525
1700070 525
1700080 525
1700090 525
1700100 525
1700110 525
1700120 525
1700130 525
1700140 525
1700150 525
1700160 525
1700170 525
1700180 525
1700190 525
1700200 525
1700210 525
1700220 525
1700230 524
1700240 524
1700250 524
1700260 524
1700270 524
1700280 524
1700290 524
1700300 524
1700310 524
1700320 524
1700330 524
1700340 524
1700350 524
1700360 524
1700370 524
1700380 524
1700390 524
1700400 524
1700410 523
1700420 523
1700430 523
1700440 523
1700450 523
1700460 523
1700470 523
1700480 523
1700490 523
1700500 523
1700510 523
1700520 523
1700530 523
1700540 523
1700550 523
1700560 523
1700570 523
1700580 523
1700590 523
1700600 523
1700610 523
1700620 523
1700630 523
1700640 523
1700650 523
1700660 523
1700670 523
1700680 523
1700690 523
1700700 523
1700710 523
1700720 522
1700730 522
1700740 522
1700750 522
1700760 522
1700770 522
1700780 522
1700790 522
1700800 522
1700810 522
1700820 522
1700830 522
1700840 522
1700850 522
1700860 522
1700870 522
1700880 522
1700890 522
1700900 522
1700910 522
1700920 522
1700930 522
1700940 521
1700950 521
1700960 521
1700970 521
1700980 521
1700990 521
1701000 521
1701010 521
1701020 521
1701030 521
1701040 521
1701050 521
1701060 520
1701070 520
1701080 520
1701090 520
1701100 520
1701110 520
1701120 520
1701130 520
1701140 520
1701150 520
1701160 520
1701170 520
1701180 520
1701190 520
1701200 520
1701210 520
1701220 520
1701230 520
1701240 520
1701250 520
1701260 520
1701270 520
1701280 520
1701290 520
1701300 520
1701310 520
1701320 520
1701330 520
1701340 520
1701350 520
1701360 520
1701370 520
1701380 520
1701390 520
1701400 520
1701410 520
1701420 520
1701430 520
1701440 520
1701450 519
1701460 519
1701470 519
1701480 519
1701490 519
1701500 519
1701510 519
1701520 519
1701530 519
1701540 519
1701550 519
1701560 519
1701570 519
1701580 519
1701590 519
1701600 519
1701610 519
1701620 519
1701630 519
1701640 519
1701650 519
1701660 519
1701670 519
1701680 519
1701690 519
1701700 519
1701710 519
1701720 519
1701730 518
1701740 518
1701750 518
1701760 518
1701770 518
1701780 518
1701790 518
1701800 518
1701810 517
1701820 517
1701830 517
1701840 517
1701850 517
1701860 517
1701870 516
1701880 516
1701890 516
1701900 516
1701910 516
1701920 516
1701930 516
1701940 515
1701950 515
1701960 515
1701970 515
1701980 515
1701990 514
1702000 514
1702010 514
1702020 514
1702030 514
1702040 514
1702050 513
1702060 513
1702070 513
1702080 513
1702090 513
1702100 513
1702110 514
1702120 514
1702130 514
1702140 514
1702150 514
1702160 514
1702170 513
1702180 513
1702190 512
1702200 512
1702210 511
1702220 510
1702230 510
1702240 509
1702250 508
1702260 508
1702270 507
1702280 506
1702290 506
1702300 505
1702310 505
1702320 504
1702330 504
1702340 503
1702350 503
1702360 503
1702370 502
1702380 502
1702390 501
1702400 501
1702410 500
1702420 499
1702430 498
1702440 498
1702450 498
1702460 497
1702470 497
1702480 496
1702490 496
1702500 496
1702510 496
1702520 496
1702530 495
1702540 495
1702550 495
1702560 495
1702570 495
1702580 495
1702590 495
1702600 494
1702610 494
1702620 494
1702630 494
1702640 494
1702650 494
1702660 494
1702670 493
1702680 493
1702690 493
1702700 493
1702710 493
1702720 493
1702730 493
1702740 493
1702750 493
1702760 493
1702770 492
1702780 492
1702790 492
1702800 492
1702810 492
1702820 492
1702830 492
1702840 491
1702850 491
1702860 491
1702870 491
1702880 491
1702890 491
1702900 490
1702910 490
1702920 490
1702930 490
1702940 490
1702950 489
1702960 489
1702970 489
1702980 489
1702990 489
1703000 488
1703010 488
1703020 488
1703030 487
1703040 487
1703050 487
1703060 487
1703070 486
1703080 487
1703090 487
1703100 486
1703110 486
1703120 486
1703130 486
1703140 486
1703150 485
1703160 485
1703170 485
1703180 485
1703190 485
1703200 485
1703210 484
1703220 484
1703230 484
1703240 484
1703250 484
1703260 484
1703270 484
1703280 484
1703290 484
1703300 484
1703310 484
1703320 484
1703330 484
1703340 485
1703350 486
1703360 486
1703370 486
1703380 486
1703390 487
1703400 487
1703410 488
1703420 489
1703430 491
1703440 493
1703450 495
1703460 495
1703470 495
1703480 495
1703490 495
1703500 495
1703510 495
1703520 495
1703530 495
1703540 495
1703550 495
1703560 495
1703570 495
1703580 495
1703590 495
1703600 495
1703610 495
1703620 495
1703630 495
1703640 495
1703650 495
1703660 495
1703670 495
1703680 495
1703690 495
1703700 495
1703710 495
1703720 495
1703730 495
1703740 495
1703750 495
1703760 495
1703770 495
1703780 495
1703790 494
1703800 494
1703810 494
1703820 494
1703830 494
1703840 494
1703850 494
1703860 494
1703870 493
1703880 493
1703890 493
1703900 493
1703910 493
1703920 492
1703930 492
1703940 492
1703950 492
1703960 491
1703970 491
1703980 491
1703990 491
1704000 490
1704010 490
1704020 490
1704030 489
1704040 489
1704050 489
1704060 489
1704070 489
1704080 490
1704090 491
1704100 492
1704110 492
1704120 492
1704130 492
1704140 493
1704150 493
1704160 493
1704170 493
1704180 493
1704190 493
1704200 493
1704210 493
1704220 493
1704230 493
1704240 493
1704250 493
1704260 493
1704270 493
1704280 493
1704290 493
1704300 493
1704310 493
1704320 493
1704330 493
1704340 493
1704350 493
1704360 493
1704370 492
1704380 492
1704390 492
1704400 492
1704410 492
1704420 492
1704430 492
1704440 492
1704450 492
1704460 492
1704470 492
1704480 492
1704490 492
1704500 492
1704510 492
1704520 492
1704530 493
1704540 493
1704550 493
1704560 493
1704570 493
1704580 493
1704590 493
1704600 493
1704610 493
1704620 493
1704630 493
1704640 493
1704650 493
1704660 493
1704670 493
1704680 493
1704690 493
1704700 493
1704710 493
1704720 492
1704730 492
1704740 492
1704750 492
1704760 492
1704770 491
1704780 491
1704790 491
1704800 491
1704810 490
1704820 490
1704830 490
1704840 490
1704850 489
1704860 489
1704870 489
1704880 488
1704890 488
1704900 487
1704910 487
1704920 487
1704930 486
1704940 486
1704950 486
1704960 485
1704970 485
1704980 484
1704990 484
1705000 483
1705010 483
1705020 482
1705030 482
1705040 481
1705050 481
1705060 480
1705070 479
1705080 479
1705090 478
1705100 478
1705110 477
1705120 477
1705130 477
1705140 477
1705150 477
1705160 477
1705170 477
1705180 477
1705190 476
1705200 476
1705210 475
1705220 475
1705230 474
1705240 473
1705250 473
1705260 472
1705270 471
1705280 470
1705290 468
1705300 467
1705310 466
1705320 465
1705330 465
1705340 464
1705350 464
1705360 464
1705370 463
1705380 463
1705390 463
1705400 463
1705410 463
1705420 463
1705430 462
1705440 462
1705450 461
1705460 461
1705470 460
1705480 460
1705490 460
1705500 460
1705510 460
1705520 460
1705530 460
1705540 460
1705550 460
1705560 460
1705570 460
1705580 460
1705590 460
1705600 460
1705610 460
1705620 460
1705630 460
1705640 461
1705650 462
1705660 463
1705670 465
1705680 466
1705690 466
1705700 467
1705710 468
1705720 469
1705730 469
1705740 470
1705750 470
1705760 471
1705770 471
1705780 472
1705790 472
1705800 472
1705810 473
1705820 473
1705830 473
1705840 473
1705850 474
1705860 474
1705870 474
1705880 474
1705890 475
1705900 475
1705910 475
1705920 475
1705930 476
1705940 476
1705950 476
1705960 477
1705970 477
1705980 477
1705990 478
1706000 478
1706010 478
1706020 478
1706030 478
1706040 479
1706050 479
1706060 479
1706070 479
1706080 479
1706090 480
1706100 480
1706110 480
1706120 480
1706130 480
1706140 480
1706150 480
1706160 480
1706170 480
1706180 480
1706190 480
1706200 480
1706210 481
1706220 481
1706230 481
1706240 481
1706250 481
1706260 481
1706270 481
1706280 481
1706290 481
1706300 481
1706310 481
1706320 481
1706330 481
1706340 481
1706350 481
1706360 481
1706370 482
1706380 482
1706390 482
1706400 482
1706410 482
1706420 482
1706430 482
1706440 482
1706450 482
1706460 483
1706470 483
1706480 483
1706490 483
1706500 483
1706510 483
1706520 483
1706530 483
1706540 484
1706550 484
1706560 484
1706570 484
1706580 484
1706590 484
1706600 484
1706610 485
1706620 485
1706630 485
1706640 485
1706650 485
1706660 485
1706670 485
1706680 486
1706690 486
1706700 486
1706710 486
1706720 486
1706730 486
1706740 486
1706750 486
1706760 487
1706770 487
1706780 487
1706790 487
1706800 487
1706810 487
1706820 487
1706830 487
1706840 487
1706850 487
1706860 487
1706870 487
1706880 487
1706890 487
1706900 487
1706910 487
1706920 487
1706930 487
1706940 487
1706950 487
1706960 487
1706970 487
1706980 487
1706990 487
1707000 487
1707010 487
1707020 487
1707030 486
1707040 486
1707050 486
1707060 486
1707070 486
1707080 486
1707090 486
1707100 486
1707110 485
1707120 485
1707130 485
1707140 485
1707150 485
1707160 485
1707170 484
1707180 484
1707190 484
1707200 483
1707210 483
1707220 483
1707230 483
1707240 482
1707250 482
1707260 482
1707270 481
1707280 481
1707290 481
1707300 481
1707310 480
1707320 480
1707330 480
1707340 480
1707350 481
1707360 481
1707370 481
1707380 481
1707390 481
1707400 481
1707410 481
1707420 481
1707430 481
1707440 481
1707450 481
1707460 481
1707470 481
1707480 481
1707490 482
1707500 482
1707510 482
1707520 482
1707530 482
1707540 482
1707550 482
1707560 482
1707570 482
1707580 483
1707590 483
1707600 483
1707610 483
1707620 483
1707630 483
1707640 484
1707650 484
1707660 484
1707670 484
1707680 484
1707690 485
1707700 485
1707710 485
1707720 485
1707730 485
1707740 486
1707750 486
1707760 486
1707770 486
1707780 486
1707790 487
1707800 487
1707810 487
1707820 487
1707830 488
1707840 488
1707850 488
1707860 488
1707870 488
1707880 488
1707890 488
1707900 488
1707910 488
1707920 488
1707930 488
1707940 488
1707950 488
1707960 488
1707970 489
1707980 489
1707990 489
1708000 489
1708010 489
1708020 489
1708030 489
1708040 489
1708050 490
1708060 490
1708070 490
1708080 490
1708090 490
1708100 490
1708110 490
1708120 490
1708130 490
1708140 490
1708150 490
1708160 491
1708170 491
1708180 491
1708190 491
1708200 491
1708210 491
1708220 491
1708230 491
1708240 491
1708250 491
1708260 491
1708270 491
1708280 491
1708290 490
1708300 490
1708310 490
1708320 490
1708330 490
1708340 490
1708350 490
1708360 490
1708370 490
1708380 490
1708390 490
1708400 490
1708410 490
1708420 490
1708430 490
1708440 490
1708450 489
1708460 489
1708470 489
1708480 489
1708490 489
1708500 489
1708510 489
1708520 489
1708530 489
1708540 489
1708550 488
1708560 488
1708570 488
1708580 488
1708590 488
1708600 488
1708610 488
1708620 488
1708630 488
1708640 488
1708650 488
1708660 487
1708670 487
1708680 487
1708690 487
1708700 487
1708710 487
1708720 487
1708730 487
1708740 487
1708750 487
1708760 487
1708770 487
1708780 487
1708790 487
1708800 486
1708810 486
1708820 486
1708830 486
1708840 486
1708850 486
1708860 486
1708870 486
1708880 486
1708890 485
1708900 485
1708910 485
1708920 485
1708930 485
1708940 485
1708950 485
1708960 485
1708970 485
1708980 485
1708990 484
1709000 484
1709010 484
1709020 484
1709030 484
1709040 484
1709050 484
1709060 484
1709070 484
1709080 483
1709090 483
1709100 483
1709110 483
1709120 483
1709130 483
1709140 483
1709150 482
1709160 482
1709170 482
1709180 482
1709190 482
1709200 482
1709210 481
1709220 481
1709230 481
1709240 481
1709250 481
1709260 481
1709270 481
1709280 481
1709290 481
1709300 480
1709310 480
1709320 480
1709330 480
1709340 479
1709350 479
1709360 479
1709370 479
1709380 479
1709390 479
1709400 478
1709410 478
1709420 478
1709430 477
1709440 477
1709450 477
1709460 476
1709470 476
1709480 475
1709490 475
1709500 475
1709510 474
1709520 474
1709530 474
1709540 474
1709550 474
1709560 474
1709570 474
1709580 473
1709590 472
1709600 471
1709610 471
1709620 470
1709630 468
1709640 467
1709650 466
1709660 465
1709670 464
1709680 462
1709690 459
1709700 458
1709710 458
1709720 458
1709730 458
1709740 458
1709750 458
1709760 458
1709770 458
1709780 457
1709790 456
1709800 454
1709810 453
1709820 453
1709830 452
1709840 452
1709850 451
1709860 451
1709870 451
1709880 451
1709890 451
1709900 451
1709910 451
1709920 451
1709930 452
1709940 452
1709950 452
1709960 452
1709970 452
1709980 454
1709990 456
1710000 459
1710010 462
1710020 466
1710030 470
1710040 474
1710050 477
1710060 479
1710070 481
1710080 481
1710090 482
1710100 482
1710110 483
1710120 483
1710130 483
1710140 483
1710150 483
1710160 484
1710170 484
1710180 484
1710190 484
1710200 484
1710210 484
1710220 484
1710230 484
1710240 484
1710250 484
1710260 485
1710270 485
1710280 485
1710290 485
1710300 485
1710310 485
1710320 486
1710330 486
1710340 486
1710350 486
1710360 486
1710370 487
1710380 487
1710390 487
1710400 487
1710410 488
1710420 488
1710430 488
1710440 488
1710450 489
1710460 489
1710470 489
1710480 489
1710490 489
1710500 490
1710510 490
1710520 490
1710530 490
1710540 490
1710550 490
1710560 490
1710570 490
1710580 491
1710590 491
1710600 491
1710610 491
1710620 491
1710630 492
1710640 492
1710650 492
1710660 493
1710670 493
1710680 493
1710690 494
1710700 494
1710710 494
1710720 495
1710730 495
1710740 495
1710750 495
1710760 496
1710770 496
1710780 496
1710790 496
1710800 497
1710810 497
1710820 497
1710830 497
1710840 497
1710850 498
1710860 498
1710870 498
1710880 498
1710890 498
1710900 499
1710910 499
1710920 499
1710930 499
1710940 499
1710950 499
1710960 499
1710970 500
1710980 500
1710990 500
1711000 500
1711010 500
1711020 500
1711030 500
1711040 500
1711050 500
1711060 500
1711070 500
1711080 500
1711090 501
1711100 501
1711110 501
1711120 501
1711130 501
1711140 501
1711150 501
1711160 501
1711170 501
1711180 501
1711190 501
1711200 501
1711210 501
1711220 501
1711230 501
1711240 501
1711250 501
1711260 501
1711270 501
1711280 501
1711290 501
1711300 501
1711310 501
1711320 501
1711330 501
1711340 501
1711350 500
1711360 500
1711370 500
1711380 500
1711390 500
1711400 500
1711410 500
1711420 500
1711430 500
1711440 500
1711450 500
1711460 500
1711470 500
1711480 500
1711490 499
1711500 499
1711510 499
1711520 499
1711530 499
1711540 499
1711550 499
1711560 499
1711570 499
1711580 499
1711590 499
1711600 498
1711610 498
1711620 498
1711630 498
1711640 498
1711650 498
1711660 498
1711670 498
1711680 497
1711690 497
1711700 497
1711710 497
1711720 497
1711730 497
1711740 496
1711750 496
1711760 496
1711770 496
1711780 496
1711790 496
1711800 495
1711810 495
1711820 495
1711830 495
1711840 495
1711850 495
1711860 494
1711870 494
1711880 494
1711890 494
1711900 494
1711910 494
1711920 493
1711930 493
1711940 493
1711950 492
1711960 491
1711970 491
1711980 490
1711990 490
1712000 489
1712010 489
1712020 490
1712030 491
1712040 492
1712050 492
1712060 491
1712070 491
1712080 491
1712090 491
1712100 490
1712110 490
1712120 490
1712130 490
1712140 490
1712150 489
1712160 489
1712170 488
1712180 488
1712190 488
1712200 487
1712210 487
1712220 487
1712230 487
1712240 486
1712250 486
1712260 486
1712270 486
1712280 486
1712290 486
1712300 486
1712310 485
1712320 485
1712330 485
1712340 485
1712350 485
1712360 485
1712370 485
1712380 486
1712390 486
1712400 486
1712410 486
1712420 486
1712430 487
1712440 487
1712450 487
1712460 488
1712470 488
1712480 488
1712490 488
1712500 488
1712510 488
1712520 488
1712530 488
1712540 489
1712550 489
1712560 489
1712570 489
1712580 489
1712590 490
1712600 490
1712610 490
1712620 490
1712630 490
1712640 490
1712650 491
1712660 491
1712670 491
1712680 491
1712690 491
1712700 491
1712710 492
1712720 492
1712730 492
1712740 492
1712750 492
1712760 492
1712770 492
1712780 492
1712790 492
1712800 492
1712810 492
1712820 492
1712830 492
1712840 492
1712850 492
1712860 492
1712870 492
1712880 492
1712890 492
1712900 492
1712910 493
1712920 493
1712930 493
1712940 493
1712950 493
1712960 493
1712970 493
1712980 493
1712990 494
1713000 494
1713010 494
1713020 494
1713030 494
1713040 494
1713050 494
1713060 494
1713070 494
1713080 494
1713090 494
1713100 494
1713110 494
1713120 494
1713130 494
1713140 494
1713150 494
1713160 494
1713170 494
1713180 494
1713190 494
1713200 494
1713210 494
1713220 494
1713230 493
1713240 493
1713250 493
1713260 493
1713270 493
1713280 493
1713290 493
1713300 493
1713310 493
1713320 492
1713330 492
1713340 492
1713350 492
1713360 492
1713370 492
1713380 492
1713390 491
1713400 491
1713410 491
1713420 491
1713430 491
1713440 490
1713450 490
1713460 490
1713470 490
1713480 490
1713490 489
1713500 489
1713510 489
1713520 488
1713530 488
1713540 488
1713550 487
1713560 487
1713570 487
1713580 486
1713590 486
1713600 486
1713610 486
1713620 485
1713630 485
1713640 485
1713650 484
1713660 484
1713670 484
1713680 484
1713690 483
1713700 483
1713710 482
1713720 482
1713730 482
1713740 483
1713750 483
1713760 483
1713770 483
1713780 483
1713790 483
1713800 483
1713810 483
1713820 483
1713830 484
1713840 485
1713850 486
1713860 489
1713870 491
1713880 494
1713890 495
1713900 495
1713910 496
1713920 496
1713930 496
1713940 496
1713950 496
1713960 496
1713970 496
1713980 496
1713990 496
1714000 496
1714010 495
1714020 495
1714030 495
1714040 495
1714050 495
1714060 495
1714070 495
1714080 495
1714090 495
1714100 495
1714110 495
1714120 495
1714130 495
1714140 495
1714150 495
1714160 495
1714170 495
1714180 495
1714190 495
1714200 495
1714210 495
1714220 495
1714230 495
1714240 494
1714250 494
1714260 494
1714270 494
1714280 494
1714290 494
1714300 494
1714310 494
1714320 494
1714330 494
1714340 494
1714350 495
1714360 495
1714370 495
1714380 495
1714390 496
1714400 496
1714410 497
1714420 497
1714430 498
1714440 498
1714450 498
1714460 499
1714470 499
1714480 499
1714490 499
1714500 499
1714510 500
1714520 500
1714530 500
1714540 500
1714550 500
1714560 501
1714570 501
1714580 501
1714590 501
1714600 501
1714610 501
1714620 502
1714630 502
1714640 502
1714650 502
1714660 502
1714670 502
1714680 502
1714690 503
1714700 503
1714710 503
1714720 503
1714730 503
1714740 503
1714750 504
1714760 504
1714770 504
1714780 504
1714790 505
1714800 505
1714810 505
1714820 505
1714830 505
1714840 505
1714850 505
1714860 506
1714870 506
1714880 506
1714890 506
1714900 506
1714910 506
1714920 507
1714930 507
1714940 507
1714950 507
1714960 507
1714970 508
1714980 508
1714990 508
1715000 508
1715010 509
1715020 509
1715030 509
1715040 509
1715050 509
1715060 509
1715070 510
1715080 510
1715090 510
1715100 510
1715110 510
1715120 510
1715130 511
1715140 511
1715150 511
1715160 511
1715170 511
1715180 511
1715190 512
1715200 512
1715210 512
1715220 512
1715230 512
1715240 512
1715250 513
1715260 513
1715270 513
1715280 513
1715290 513
1715300 513
1715310 513
1715320 513
1715330 514
1715340 514
1715350 514
1715360 514
1715370 514
1715380 514
1715390 514
1715400 515
1715410 515
1715420 515
1715430 515
1715440 515
1715450 515
1715460 515
1715470 515
1715480 515
1715490 515
1715500 515
1715510 515
1715520 515
1715530 515
1715540 514
1715550 514
1715560 514
1715570 514
1715580 514
1715590 514
1715600 514
1715610 514
1715620 514
1715630 514
1715640 514
1715650 514
1715660 514
1715670 514
1715680 513
1715690 513
1715700 513
1715710 513
1715720 513
1715730 513
1715740 513
1715750 513
1715760 512
1715770 512
1715780 512
1715790 512
1715800 512
1715810 511
1715820 511
1715830 511
1715840 511
1715850 511
1715860 510
1715870 510
1715880 510
1715890 510
1715900 510
1715910 509
1715920 509
1715930 509
1715940 509
1715950 508
1715960 508
1715970 508
1715980 508
1715990 508
1716000 507
1716010 507
1716020 507
1716030 507
1716040 506
1716050 506
1716060 506
1716070 506
1716080 505
1716090 505
1716100 505
1716110 504
1716120 504
1716130 504
1716140 504
1716150 503
1716160 503
1716170 503
1716180 503
1716190 502
1716200 502
1716210 502
1716220 501
1716230 501
1716240 501
1716250 501
1716260 500
1716270 500
1716280 500
1716290 500
1716300 500
1716310 500
1716320 500
1716330 499
1716340 499
1716350 499
1716360 499
1716370 498
1716380 498
1716390 498
1716400 499
1716410 499
1716420 499
1716430 498
1716440 498
1716450 498
1716460 498
1716470 498
1716480 498
1716490 498
1716500 497
1716510 497
1716520 497
1716530 497
1716540 497
1716550 497
1716560 496
1716570 496
1716580 496
1716590 496
1716600 496
1716610 496
1716620 495
1716630 495
1716640 495
1716650 495
1716660 495
1716670 495
1716680 494
1716690 494
1716700 494
1716710 494
1716720 494
1716730 493
1716740 493
1716750 493
1716760 493
1716770 493
1716780 493
1716790 493
1716800 493
1716810 493
1716820 493
1716830 493
1716840 493
1716850 493
1716860 493
1716870 493
1716880 492
1716890 492
1716900 492
1716910 492
1716920 491
1716930 491
1716940 491
1716950 490
1716960 490
1716970 490
1716980 489
1716990 489
1717000 488
1717010 488
1717020 487
1717030 487
1717040 487
1717050 487
1717060 487
1717070 487
1717080 487
1717090 487
1717100 487
1717110 486
1717120 486
1717130 486
1717140 486
1717150 486
1717160 486
1717170 486
1717180 486
1717190 486
1717200 486
1717210 485
1717220 485
1717230 485
1717240 485
1717250 485
1717260 485
1717270 484
1717280 484
1717290 484
1717300 484
1717310 484
1717320 484
1717330 483
1717340 483
1717350 483
1717360 483
1717370 483
1717380 483
1717390 482
1717400 482
1717410 482
1717420 482
1717430 482
1717440 482
1717450 481
1717460 481
1717470 481
1717480 481
1717490 481
1717500 481
1717510 481
1717520 481
1717530 481
1717540 481
1717550 481
1717560 481
1717570 481
1717580 481
1717590 481
1717600 480
1717610 480
1717620 480
1717630 480
1717640 480
1717650 480
1717660 480
1717670 480
1717680 480
1717690 479
1717700 479
1717710 479
1717720 479
1717730 479
1717740 479
1717750 479
1717760 479
1717770 479
1717780 479
1717790 479
1717800 479
1717810 479
1717820 478
1717830 478
1717840 478
1717850 478
1717860 478
1717870 478
1717880 478
1717890 478
1717900 478
1717910 477
1717920 477
1717930 477
1717940 477
1717950 476
1717960 476
1717970 476
1717980 476
1717990 476
1718000 476
1718010 476
1718020 476
1718030 476
1718040 476
1718050 476
1718060 475
1718070 475
1718080 475
1718090 475
1718100 475
1718110 475
1718120 475
1718130 475
1718140 475
1718150 475
1718160 475
1718170 475
1718180 475
1718190 475
1718200 475
1718210 475
1718220 475
1718230 475
1718240 475
1718250 475
1718260 475
1718270 474
1718280 474
1718290 474
1718300 474
1718310 474
1718320 473
1718330 473
1718340 473
1718350 473
1718360 473
1718370 473
1718380 473
1718390 473
1718400 473
1718410 473
1718420 472
1718430 472
1718440 472
1718450 472
1718460 472
1718470 472
1718480 472
1718490 472
1718500 472
1718510 472
1718520 472
1718530 472
1718540 472
1718550 472
1718560 472
1718570 472
1718580 472
1718590 471
1718600 471
1718610 471
1718620 471
1718630 471
1718640 471
1718650 471
1718660 471
1718670 471
1718680 471
1718690 471
1718700 471
1718710 471
1718720 471
1718730 471
1718740 471
1718750 471
1718760 471
1718770 471
1718780 471
1718790 471
1718800 470
1718810 470
1718820 470
1718830 470
1718840 470
1718850 470
1718860 469
1718870 469
1718880 469
1718890 469
1718900 469
1718910 469
1718920 469
1718930 469
1718940 469
1718950 469
1718960 469
1718970 469
1718980 469
1718990 469
1719000 469
1719010 469
1719020 469
1719030 469
1719040 469
1719050 470
1719060 470
1719070 470
1719080 470
1719090 470
1719100 470
1719110 470
1719120 470
1719130 471
1719140 472
1719150 474
1719160 475
1719170 475
1719180 476
1719190 476
1719200 477
1719210 477
1719220 477
1719230 477
1719240 477
1719250 477
1719260 477
1719270 477
1719280 477
1719290 477
1719300 477
1719310 477
1719320 477
1719330 477
1719340 477
1719350 477
1719360 477
1719370 477
1719380 477
1719390 477
1719400 477
1719410 477
1719420 476
1719430 476
1719440 476
1719450 476
1719460 476
1719470 476
1719480 476
1719490 476
1719500 475
1719510 475
1719520 475
1719530 475
1719540 475
1719550 474
1719560 474
1719570 474
1719580 474
1719590 474
1719600 473
1719610 473
1719620 473
1719630 473
1719640 473
1719650 473
1719660 473
1719670 473
1719680 473
1719690 473
1719700 473
1719710 472
1719720 472
1719730 472
1719740 472
1719750 472
1719760 472
1719770 472
1719780 472
1719790 472
1719800 472
1719810 472
1719820 472
1719830 472
1719840 472
1719850 472
1719860 472
1719870 471
1719880 471
1719890 471
1719900 471
1719910 471
1719920 471
1719930 471
1719940 471
1719950 472
1719960 472
1719970 472
1719980 472
1719990 473
