1700000 514
1700010 515
1700020 515
1700030 516
1700040 516
1700050 517
1700060 517
1700070 517
1700080 518
1700090 518
1700100 518
1700110 519
1700120 519
1700130 520
1700140 520
1700150 521
1700160 522
1700170 523
1700180 523
1700190 523
1700200 524
1700210 524
1700220 524
1700230 524
1700240 525
1700250 525
1700260 525
1700270 525
1700280 525
1700290 525
1700300 525
1700310 525
1700320 525
1700330 525
1700340 525
1700350 525
1700360 525
1700370 525
1700380 525
1700390 525
1700400 525
1700410 525
1700420 525
1700430 525
1700440 525
1700450 525
1700460 526
1700470 526
1700480 526
1700490 526
1700500 526
1700510 526
1700520 526
1700530 526
1700540 526
1700550 526
1700560 526
1700570 526
1700580 526
1700590 526
1700600 526
1700610 526
1700620 526
1700630 526
1700640 526
1700650 527
1700660 527
1700670 527
1700680 527
1700690 527
1700700 527
1700710 527
1700720 527
1700730 528
1700740 528
1700750 528
1700760 528
1700770 528
1700780 529
1700790 529
1700800 529
1700810 529
1700820 529
1700830 530
1700840 530
1700850 530
1700860 530
1700870 530
1700880 531
1700890 531
1700900 531
1700910 531
1700920 531
1700930 532
1700940 532
1700950 532
1700960 532
1700970 532
1700980 532
1700990 532
1701000 532
1701010 532
1701020 531
1701030 531
1701040 531
1701050 531
1701060 531
1701070 531
1701080 531
1701090 530
1701100 530
1701110 530
1701120 530
1701130 530
1701140 530
1701150 529
1701160 529
1701170 529
1701180 529
1701190 529
1701200 529
1701210 528
1701220 528
1701230 528
1701240 528
1701250 528
1701260 527
1701270 527
1701280 527
1701290 527
1701300 527
1701310 527
1701320 526
1701330 526
1701340 526
1701350 526
1701360 526
1701370 525
1701380 525
1701390 525
1701400 525
1701410 524
1701420 524
1701430 524
1701440 523
1701450 523
1701460 523
1701470 523
1701480 522
1701490 522
1701500 522
1701510 522
1701520 521
1701530 521
1701540 521
1701550 521
1701560 520
1701570 520
1701580 520
1701590 519
1701600 519
1701610 519
1701620 518
1701630 518
1701640 517
1701650 517
1701660 517
1701670 516
1701680 516
1701690 516
1701700 516
1701710 515
1701720 515
1701730 515
1701740 514
1701750 514
1701760 514
1701770 513
1701780 513
1701790 513
1701800 512
1701810 512
1701820 512
1701830 511
1701840 511
1701850 511
1701860 511
1701870 510
1701880 510
1701890 510
1701900 509
1701910 509
1701920 509
1701930 508
1701940 508
1701950 508
1701960 507
1701970 507
1701980 507
1701990 507
1702000 507
1702010 506
1702020 506
1702030 506
1702040 506
1702050 505
1702060 505
1702070 505
1702080 504
1702090 504
1702100 504
1702110 503
1702120 503
1702130 503
1702140 503
1702150 502
1702160 502
1702170 502
1702180 502
1702190 501
1702200 501
1702210 501
1702220 500
1702230 500
1702240 500
1702250 500
1702260 500
1702270 500
1702280 499
1702290 499
1702300 499
1702310 499
1702320 499
1702330 499
1702340 499
1702350 499
1702360 499
1702370 499
1702380 499
1702390 499
1702400 499
1702410 499
1702420 500
1702430 500
1702440 500
1702450 500
1702460 501
1702470 501
1702480 501
1702490 502
1702500 502
1702510 503
1702520 503
1702530 503
1702540 504
1702550 504
1702560 504
1702570 504
1702580 504
1702590 504
1702600 504
1702610 505
1702620 505
1702630 505
1702640 505
1702650 505
1702660 505
1702670 505
1702680 505
1702690 505
1702700 505
1702710 505
1702720 505
1702730 505
1702740 505
1702750 505
1702760 505
1702770 505
1702780 505
1702790 505
1702800 505
1702810 505
1702820 504
1702830 504
1702840 504
1702850 504
1702860 504
1702870 504
1702880 504
1702890 504
1702900 503
1702910 503
1702920 503
1702930 503
1702940 502
1702950 502
1702960 502
1702970 502
1702980 502
1702990 501
1703000 501
1703010 501
1703020 500
1703030 500
1703040 500
1703050 499
1703060 499
1703070 499
1703080 499
1703090 498
1703100 498
1703110 498
1703120 497
1703130 497
1703140 496
1703150 496
1703160 496
1703170 495
1703180 495
1703190 494
1703200 493
1703210 492
1703220 492
1703230 491
1703240 491
1703250 490
1703260 491
1703270 491
1703280 492
1703290 492
1703300 493
1703310 493
1703320 494
1703330 494
1703340 495
1703350 495
1703360 495
1703370 495
1703380 496
1703390 496
1703400 496
1703410 496
1703420 496
1703430 496
1703440 496
1703450 497
1703460 497
1703470 497
1703480 497
1703490 497
1703500 497
1703510 497
1703520 497
1703530 497
1703540 497
1703550 497
1703560 497
1703570 497
1703580 497
1703590 497
1703600 496
1703610 496
1703620 496
1703630 496
1703640 496
1703650 496
1703660 496
1703670 496
1703680 496
1703690 496
1703700 496
1703710 496
1703720 496
1703730 496
1703740 496
1703750 496
1703760 496
1703770 496
1703780 495
1703790 495
1703800 495
1703810 495
1703820 495
1703830 495
1703840 495
1703850 495
1703860 495
1703870 495
1703880 495
1703890 495
1703900 495
1703910 495
1703920 495
1703930 495
1703940 495
1703950 495
1703960 494
1703970 494
1703980 494
1703990 494
1704000 494
1704010 494
1704020 494
1704030 493
1704040 493
1704050 493
1704060 493
1704070 493
1704080 493
1704090 492
1704100 492
1704110 492
1704120 492
1704130 492
1704140 492
1704150 491
1704160 491
1704170 491
1704180 491
1704190 491
1704200 490
1704210 490
1704220 490
1704230 490
1704240 490
1704250 489
1704260 489
1704270 489
1704280 489
1704290 489
1704300 488
1704310 488
1704320 488
1704330 488
1704340 488
1704350 487
1704360 487
1704370 487
1704380 487
1704390 487
1704400 486
1704410 486
1704420 486
1704430 486
1704440 486
1704450 485
1704460 485
1704470 485
1704480 485
1704490 485
1704500 484
1704510 484
1704520 484
1704530 484
1704540 483
1704550 483
1704560 483
1704570 483
1704580 483
1704590 482
1704600 482
1704610 482
1704620 481
1704630 481
1704640 480
1704650 480
1704660 479
1704670 479
1704680 478
1704690 477
1704700 477
1704710 476
1704720 475
1704730 475
1704740 474
1704750 473
1704760 472
1704770 472
1704780 471
1704790 470
1704800 468
1704810 467
1704820 466
1704830 466
1704840 466
1704850 466
1704860 466
1704870 466
1704880 466
1704890 466
1704900 466
1704910 466
1704920 466
1704930 466
1704940 467
1704950 469
1704960 471
1704970 473
1704980 474
1704990 476
1705000 477
1705010 477
1705020 478
1705030 478
1705040 479
1705050 479
1705060 479
1705070 480
1705080 480
1705090 480
1705100 480
1705110 481
1705120 481
1705130 481
1705140 481
1705150 481
1705160 481
1705170 481
1705180 482
1705190 482
1705200 482
1705210 482
1705220 482
1705230 482
1705240 482
1705250 482
1705260 482
1705270 482
1705280 482
1705290 482
1705300 482
1705310 482
1705320 482
1705330 482
1705340 482
1705350 482
1705360 482
1705370 482
1705380 482
1705390 482
1705400 482
1705410 482
1705420 482
1705430 482
1705440 482
1705450 482
1705460 482
1705470 482
1705480 482
1705490 481
1705500 481
1705510 481
1705520 481
1705530 481
1705540 481
1705550 481
1705560 481
1705570 481
1705580 481
1705590 481
1705600 481
1705610 481
1705620 481
1705630 480
1705640 480
1705650 480
1705660 480
1705670 480
1705680 480
1705690 480
1705700 479
1705710 479
1705720 479
1705730 479
1705740 478
1705750 478
1705760 478
1705770 478
1705780 478
1705790 477
1705800 477
1705810 477
1705820 476
1705830 476
1705840 476
1705850 476
1705860 475
1705870 475
1705880 475
1705890 474
1705900 474
1705910 474
1705920 473
1705930 473
1705940 473
1705950 474
1705960 474
1705970 474
1705980 475
1705990 475
1706000 475
1706010 475
1706020 475
1706030 475
1706040 476
1706050 476
1706060 476
1706070 477
1706080 477
1706090 477
1706100 477
1706110 477
1706120 478
1706130 478
1706140 478
1706150 478
1706160 478
1706170 478
1706180 478
1706190 478
1706200 478
1706210 478
1706220 478
1706230 478
1706240 477
1706250 477
1706260 477
1706270 476
1706280 476
1706290 475
1706300 475
1706310 475
1706320 474
1706330 474
1706340 474
1706350 474
1706360 474
1706370 474
1706380 474
1706390 474
1706400 474
1706410 474
1706420 474
1706430 475
1706440 475
1706450 476
1706460 477
1706470 479
1706480 481
1706490 483
1706500 484
1706510 485
1706520 485
1706530 486
1706540 486
1706550 486
1706560 486
1706570 487
1706580 487
1706590 487
1706600 487
1706610 487
1706620 487
1706630 488
1706640 488
1706650 488
1706660 488
1706670 488
1706680 488
1706690 488
1706700 488
1706710 488
1706720 489
1706730 489
1706740 489
1706750 489
1706760 489
1706770 490
1706780 490
1706790 490
1706800 490
1706810 490
1706820 490
1706830 490
1706840 490
1706850 490
1706860 490
1706870 490
1706880 490
1706890 491
1706900 491
1706910 491
1706920 491
1706930 491
1706940 491
1706950 491
1706960 491
1706970 491
1706980 491
1706990 492
1707000 492
1707010 492
1707020 492
1707030 492
1707040 493
1707050 493
1707060 493
1707070 493
1707080 493
1707090 494
1707100 494
1707110 494
1707120 494
1707130 494
1707140 494
1707150 495
1707160 495
1707170 495
1707180 495
1707190 495
1707200 495
1707210 495
1707220 495
1707230 495
1707240 495
1707250 496
1707260 496
1707270 496
1707280 496
1707290 496
1707300 496
1707310 496
1707320 496
1707330 496
1707340 496
1707350 496
1707360 496
1707370 496
1707380 496
1707390 496
1707400 496
1707410 496
1707420 496
1707430 496
1707440 496
1707450 496
1707460 496
1707470 496
1707480 496
1707490 496
1707500 496
1707510 496
1707520 496
1707530 496
1707540 496
1707550 496
1707560 496
1707570 496
1707580 496
1707590 496
1707600 496
1707610 496
1707620 496
1707630 496
1707640 496
1707650 496
1707660 496
1707670 495
1707680 495
1707690 495
1707700 495
1707710 495
1707720 495
1707730 495
1707740 495
1707750 495
1707760 494
1707770 494
1707780 494
1707790 494
1707800 494
1707810 494
1707820 494
1707830 493
1707840 493
1707850 493
1707860 493
1707870 493
1707880 493
1707890 492
1707900 492
1707910 492
1707920 492
1707930 492
1707940 492
1707950 491
1707960 491
1707970 491
1707980 491
1707990 491
1708000 490
1708010 490
1708020 490
1708030 490
1708040 490
1708050 489
1708060 489
1708070 489
1708080 489
1708090 489
1708100 489
1708110 488
1708120 488
1708130 488
1708140 488
1708150 488
1708160 488
1708170 487
1708180 487
1708190 487
1708200 487
1708210 486
1708220 486
1708230 486
1708240 486
1708250 486
1708260 486
1708270 485
1708280 485
1708290 485
1708300 485
1708310 484
1708320 484
1708330 484
1708340 484
1708350 483
1708360 483
1708370 483
1708380 483
1708390 483
1708400 483
1708410 483
1708420 483
1708430 483
1708440 483
1708450 483
1708460 483
1708470 483
1708480 482
1708490 482
1708500 482
1708510 482
1708520 482
1708530 482
1708540 482
1708550 482
1708560 482
1708570 482
1708580 482
1708590 482
1708600 482
1708610 482
1708620 482
1708630 482
1708640 482
1708650 482
1708660 482
1708670 482
1708680 482
1708690 482
1708700 482
1708710 481
1708720 481
1708730 481
1708740 481
1708750 481
1708760 481
1708770 480
1708780 479
1708790 479
1708800 479
1708810 478
1708820 478
1708830 478
1708840 477
1708850 477
1708860 476
1708870 476
1708880 475
1708890 475
1708900 475
1708910 474
1708920 473
1708930 472
1708940 471
1708950 469
1708960 469
1708970 468
1708980 468
1708990 468
1709000 469
1709010 469
1709020 470
1709030 471
1709040 472
1709050 472
1709060 473
1709070 473
1709080 474
1709090 474
1709100 475
1709110 475
1709120 476
1709130 476
1709140 476
1709150 477
1709160 477
1709170 477
1709180 477
1709190 477
1709200 477
1709210 477
1709220 477
1709230 477
1709240 477
1709250 477
1709260 477
1709270 477
1709280 477
1709290 477
1709300 477
1709310 477
1709320 477
1709330 477
1709340 477
1709350 477
1709360 477
1709370 477
1709380 477
1709390 476
1709400 476
1709410 475
1709420 475
1709430 474
1709440 474
1709450 473
1709460 472
1709470 471
1709480 470
1709490 469
1709500 468
1709510 467
1709520 466
1709530 465
1709540 464
1709550 463
1709560 461
1709570 460
1709580 459
1709590 458
1709600 457
1709610 455
1709620 454
1709630 454
1709640 454
1709650 453
1709660 453
1709670 453
1709680 453
1709690 453
1709700 453
1709710 454
1709720 454
1709730 454
1709740 453
1709750 453
1709760 454
1709770 454
1709780 454
1709790 455
1709800 456
1709810 457
1709820 459
1709830 461
1709840 463
1709850 466
1709860 469
1709870 472
1709880 475
1709890 477
1709900 478
1709910 479
1709920 480
1709930 481
1709940 482
1709950 483
1709960 484
1709970 485
1709980 485
1709990 486
1710000 487
1710010 487
1710020 488
1710030 488
1710040 489
1710050 490
1710060 490
1710070 491
1710080 491
1710090 492
1710100 492
1710110 493
1710120 493
1710130 494
1710140 494
1710150 495
1710160 495
1710170 496
1710180 496
1710190 496
1710200 497
1710210 497
1710220 498
1710230 498
1710240 498
1710250 498
1710260 499
1710270 499
1710280 499
1710290 499
1710300 500
1710310 500
1710320 500
1710330 501
1710340 501
1710350 501
1710360 502
1710370 502
1710380 502
1710390 503
1710400 503
1710410 503
1710420 503
1710430 504
1710440 504
1710450 504
1710460 505
1710470 505
1710480 505
1710490 506
1710500 506
1710510 506
1710520 506
1710530 507
1710540 507
1710550 507
1710560 507
1710570 508
1710580 508
1710590 508
1710600 508
1710610 508
1710620 508
1710630 508
1710640 508
1710650 508
1710660 508
1710670 508
1710680 508
1710690 508
1710700 507
1710710 507
1710720 507
1710730 507
1710740 507
1710750 506
1710760 506
1710770 506
1710780 506
1710790 505
1710800 505
1710810 505
1710820 505
1710830 505
1710840 505
1710850 505
1710860 504
1710870 504
1710880 504
1710890 504
1710900 504
1710910 504
1710920 504
1710930 504
1710940 503
1710950 503
1710960 503
1710970 503
1710980 503
1710990 503
1711000 503
1711010 502
1711020 502
1711030 502
1711040 502
1711050 502
1711060 502
1711070 502
1711080 502
1711090 502
1711100 501
1711110 501
1711120 501
1711130 501
1711140 501
1711150 500
1711160 500
1711170 500
1711180 500
1711190 500
1711200 500
1711210 500
1711220 500
1711230 500
1711240 500
1711250 499
1711260 499
1711270 499
1711280 499
1711290 499
1711300 499
1711310 499
1711320 499
1711330 499
1711340 499
1711350 499
1711360 499
1711370 499
1711380 499
1711390 499
1711400 499
1711410 499
1711420 499
1711430 499
1711440 500
1711450 500
1711460 500
1711470 500
1711480 500
1711490 500
1711500 500
1711510 500
1711520 499
1711530 499
1711540 499
1711550 499
1711560 499
1711570 499
1711580 499
1711590 499
1711600 499
1711610 499
1711620 499
1711630 499
1711640 499
1711650 499
1711660 499
1711670 499
1711680 499
1711690 499
1711700 499
1711710 498
1711720 498
1711730 498
1711740 497
1711750 496
1711760 495
1711770 495
1711780 495
1711790 495
1711800 495
1711810 497
1711820 498
1711830 498
1711840 498
1711850 499
1711860 499
1711870 499
1711880 499
1711890 500
1711900 500
1711910 500
1711920 500
1711930 500
1711940 501
1711950 501
1711960 501
1711970 501
1711980 501
1711990 502
1712000 502
1712010 502
1712020 502
1712030 502
1712040 502
1712050 502
1712060 502
1712070 502
1712080 503
1712090 503
1712100 503
1712110 503
1712120 503
1712130 503
1712140 503
1712150 503
1712160 503
1712170 503
1712180 503
1712190 503
1712200 502
1712210 502
1712220 502
1712230 502
1712240 502
1712250 502
1712260 502
1712270 502
1712280 503
1712290 503
1712300 503
1712310 503
1712320 503
1712330 503
1712340 503
1712350 503
1712360 503
1712370 503
1712380 503
1712390 503
1712400 503
1712410 503
1712420 503
1712430 503
1712440 503
1712450 503
1712460 503
1712470 503
1712480 503
1712490 503
1712500 503
1712510 503
1712520 503
1712530 503
1712540 503
1712550 503
1712560 503
1712570 503
1712580 503
1712590 502
1712600 502
1712610 502
1712620 502
1712630 502
1712640 502
1712650 502
1712660 502
1712670 502
1712680 502
1712690 502
1712700 502
1712710 502
1712720 502
1712730 502
1712740 502
1712750 501
1712760 501
1712770 501
1712780 501
1712790 501
1712800 501
1712810 501
1712820 500
1712830 500
1712840 500
1712850 500
1712860 500
1712870 499
1712880 499
1712890 499
1712900 499
1712910 499
1712920 498
1712930 498
1712940 498
1712950 498
1712960 498
1712970 498
1712980 497
1712990 497
1713000 497
1713010 497
1713020 497
1713030 497
1713040 497
1713050 497
1713060 497
1713070 497
1713080 497
1713090 497
1713100 497
1713110 497
1713120 497
1713130 497
1713140 497
1713150 497
1713160 497
1713170 497
1713180 497
1713190 497
1713200 497
1713210 497
1713220 497
1713230 496
1713240 496
1713250 496
1713260 496
1713270 495
1713280 495
1713290 494
1713300 494
1713310 493
1713320 492
1713330 491
1713340 491
1713350 490
1713360 489
1713370 489
1713380 488
1713390 488
1713400 488
1713410 488
1713420 488
1713430 488
1713440 488
1713450 489
1713460 489
1713470 490
1713480 490
1713490 490
1713500 490
1713510 490
1713520 491
1713530 491
1713540 492
1713550 493
1713560 494
1713570 495
1713580 496
1713590 497
1713600 497
1713610 497
1713620 497
1713630 497
1713640 498
1713650 498
1713660 499
1713670 499
1713680 499
1713690 500
1713700 500
1713710 500
1713720 500
1713730 500
1713740 500
1713750 500
1713760 501
1713770 501
1713780 501
1713790 501
1713800 501
1713810 502
1713820 502
1713830 502
1713840 503
1713850 503
1713860 504
1713870 504
1713880 505
1713890 505
1713900 505
1713910 506
1713920 506
1713930 506
1713940 506
1713950 507
1713960 507
1713970 507
1713980 507
1713990 507
1714000 507
1714010 507
1714020 508
1714030 508
1714040 508
1714050 508
1714060 508
1714070 509
1714080 509
1714090 509
1714100 510
1714110 510
1714120 510
1714130 511
1714140 511
1714150 511
1714160 512
1714170 512
1714180 513
1714190 513
1714200 514
1714210 514
1714220 515
1714230 515
1714240 516
1714250 517
1714260 517
1714270 518
1714280 518
1714290 519
1714300 519
1714310 520
1714320 520
1714330 520
1714340 521
1714350 521
1714360 521
1714370 522
1714380 522
1714390 522
1714400 522
1714410 522
1714420 523
1714430 523
1714440 523
1714450 523
1714460 523
1714470 523
1714480 523
1714490 523
1714500 523
1714510 523
1714520 523
1714530 523
1714540 523
1714550 523
1714560 523
1714570 523
1714580 523
1714590 523
1714600 523
1714610 523
1714620 523
1714630 523
1714640 523
1714650 523
1714660 523
1714670 523
1714680 523
1714690 523
1714700 523
1714710 523
1714720 523
1714730 523
1714740 523
1714750 523
1714760 523
1714770 523
1714780 523
1714790 522
1714800 522
1714810 522
1714820 522
1714830 522
1714840 522
1714850 522
1714860 522
1714870 522
1714880 522
1714890 522
1714900 521
1714910 521
1714920 521
1714930 521
1714940 521
1714950 521
1714960 521
1714970 520
1714980 520
1714990 520
1715000 520
1715010 520
1715020 520
1715030 520
1715040 520
1715050 519
1715060 519
1715070 519
1715080 519
1715090 519
1715100 519
1715110 518
1715120 518
1715130 518
1715140 518
1715150 518
1715160 517
1715170 517
1715180 517
1715190 517
1715200 517
1715210 517
1715220 516
1715230 516
1715240 516
1715250 516
1715260 516
1715270 516
1715280 515
1715290 515
1715300 515
1715310 515
1715320 515
1715330 514
1715340 514
1715350 514
1715360 514
1715370 514
1715380 513
1715390 513
1715400 513
1715410 513
1715420 512
1715430 512
1715440 512
1715450 512
1715460 511
1715470 511
1715480 511
1715490 511
1715500 511
1715510 510
1715520 510
1715530 510
1715540 510
1715550 509
1715560 509
1715570 509
1715580 508
1715590 508
1715600 508
1715610 507
1715620 507
1715630 507
1715640 507
1715650 506
1715660 506
1715670 506
1715680 505
1715690 505
1715700 505
1715710 505
1715720 504
1715730 504
1715740 504
1715750 503
1715760 503
1715770 503
1715780 503
1715790 502
1715800 502
1715810 502
1715820 502
1715830 501
1715840 501
1715850 501
1715860 501
1715870 501
1715880 501
1715890 500
1715900 500
1715910 500
1715920 500
1715930 500
1715940 500
1715950 500
1715960 499
1715970 499
1715980 499
1715990 499
1716000 499
1716010 498
1716020 498
1716030 498
1716040 497
1716050 497
1716060 497
1716070 497
1716080 497
1716090 496
1716100 496
1716110 496
1716120 496
1716130 496
1716140 495
1716150 495
1716160 495
1716170 495
1716180 495
1716190 495
1716200 494
1716210 494
1716220 494
1716230 494
1716240 494
1716250 493
1716260 493
1716270 493
1716280 493
1716290 492
1716300 492
1716310 492
1716320 492
1716330 492
1716340 491
1716350 491
1716360 491
1716370 491
1716380 490
1716390 490
1716400 490
1716410 490
1716420 490
1716430 490
1716440 490
1716450 490
1716460 489
1716470 489
1716480 489
1716490 489
1716500 489
1716510 489
1716520 489
1716530 489
1716540 488
1716550 488
1716560 488
1716570 487
1716580 487
1716590 487
1716600 488
1716610 488
1716620 488
1716630 488
1716640 488
1716650 488
1716660 487
1716670 487
1716680 487
1716690 487
1716700 487
1716710 487
1716720 487
1716730 487
1716740 487
1716750 486
1716760 486
1716770 486
1716780 486
1716790 486
1716800 486
1716810 486
1716820 486
1716830 486
1716840 486
1716850 486
1716860 486
1716870 486
1716880 486
1716890 485
1716900 485
1716910 485
1716920 485
1716930 485
1716940 485
1716950 485
1716960 485
1716970 485
1716980 485
1716990 485
1717000 485
1717010 485
1717020 485
1717030 485
1717040 485
1717050 484
1717060 484
1717070 484
1717080 484
1717090 484
1717100 484
1717110 484
1717120 484
1717130 484
1717140 484
1717150 484
1717160 484
1717170 484
1717180 484
1717190 484
1717200 484
1717210 484
1717220 483
1717230 483
1717240 483
1717250 483
1717260 483
1717270 484
1717280 484
1717290 485
1717300 485
1717310 486
1717320 486
1717330 486
1717340 486
1717350 486
1717360 486
1717370 487
1717380 487
1717390 487
1717400 487
1717410 487
1717420 488
1717430 488
1717440 488
1717450 488
1717460 488
1717470 488
1717480 488
1717490 488
1717500 488
1717510 488
1717520 487
1717530 487
1717540 487
1717550 487
1717560 487
1717570 487
1717580 487
1717590 487
1717600 487
1717610 487
1717620 487
1717630 487
1717640 487
1717650 487
1717660 487
1717670 486
1717680 486
1717690 486
1717700 486
1717710 486
1717720 486
1717730 486
1717740 486
1717750 486
1717760 486
1717770 486
1717780 486
1717790 486
1717800 486
1717810 486
1717820 486
1717830 486
1717840 486
1717850 486
1717860 486
1717870 486
1717880 486
1717890 486
1717900 486
1717910 486
1717920 486
1717930 485
1717940 485
1717950 485
1717960 485
1717970 485
1717980 485
1717990 485
1718000 485
1718010 485
1718020 485
1718030 484
1718040 484
1718050 484
1718060 484
1718070 484
1718080 484
1718090 484
1718100 484
1718110 483
1718120 483
1718130 483
1718140 483
1718150 483
1718160 483
1718170 483
1718180 482
1718190 482
1718200 482
1718210 482
1718220 482
1718230 482
1718240 481
1718250 481
1718260 481
1718270 481
1718280 481
1718290 481
1718300 481
1718310 480
1718320 480
1718330 480
1718340 480
1718350 480
1718360 479
1718370 479
1718380 479
1718390 479
1718400 479
1718410 478
1718420 478
1718430 478
1718440 478
1718450 478
1718460 477
1718470 477
1718480 477
1718490 477
1718500 477
1718510 477
1718520 477
1718530 477
1718540 477
1718550 477
1718560 477
1718570 477
1718580 477
1718590 477
1718600 477
1718610 477
1718620 477
1718630 476
1718640 476
1718650 476
1718660 476
1718670 476
1718680 476
1718690 475
1718700 475
1718710 475
1718720 474
1718730 474
1718740 474
1718750 474
1718760 473
1718770 473
1718780 473
1718790 473
1718800 472
1718810 472
1718820 471
1718830 470
1718840 469
1718850 469
1718860 469
1718870 468
1718880 468
1718890 468
1718900 468
1718910 468
1718920 468
1718930 468
1718940 468
1718950 468
1718960 468
1718970 468
1718980 469
1718990 469
1719000 469
1719010 469
1719020 469
1719030 468
1719040 468
1719050 468
1719060 468
1719070 468
1719080 468
1719090 468
1719100 468
1719110 468
1719120 468
1719130 469
1719140 469
1719150 469
1719160 470
1719170 470
1719180 470
1719190 470
1719200 471
1719210 471
1719220 471
1719230 471
1719240 471
1719250 471
1719260 471
1719270 471
1719280 471
1719290 471
1719300 471
1719310 471
1719320 470
1719330 470
1719340 470
1719350 470
1719360 470
1719370 469
1719380 469
1719390 469
1719400 469
1719410 469
1719420 469
1719430 469
1719440 469
1719450 469
1719460 469
1719470 469
1719480 469
1719490 469
1719500 469
1719510 469
1719520 469
1719530 469
1719540 469
1719550 469
1719560 469
1719570 469
1719580 469
1719590 469
1719600 469
1719610 469
1719620 469
1719630 469
1719640 469
1719650 469
1719660 469
1719670 469
1719680 469
1719690 469
1719700 469
1719710 468
1719720 468
1719730 468
1719740 468
1719750 467
1719760 467
1719770 467
1719780 467
1719790 466
1719800 466
1719810 466
1719820 466
1719830 465
1719840 465
1719850 465
1719860 465
1719870 465
1719880 465
1719890 464
1719900 464
1719910 464
1719920 464
1719930 464
1719940 464
1719950 464
1719960 464
1719970 464
1719980 464
1719990 464
