1700000 540
1700010 540
1700020 540
1700030 540
1700040 540
1700050 540
1700060 540
1700070 540
1700080 540
1700090 541
1700100 541
1700110 541
1700120 541
1700130 541
1700140 541
1700150 542
1700160 542
1700170 542
1700180 542
1700190 543
1700200 543
1700210 543
1700220 544
1700230 544
1700240 545
1700250 545
1700260 545
1700270 545
1700280 546
1700290 546
1700300 546
1700310 546
1700320 547
1700330 547
1700340 547
1700350 547
1700360 547
1700370 547
1700380 547
1700390 548
1700400 548
1700410 548
1700420 548
1700430 548
1700440 548
1700450 548
1700460 548
1700470 548
1700480 548
1700490 548
1700500 548
1700510 548
1700520 548
1700530 548
1700540 548
1700550 548
1700560 548
1700570 548
1700580 548
1700590 548
1700600 549
1700610 549
1700620 549
1700630 549
1700640 549
1700650 549
1700660 549
1700670 549
1700680 549
1700690 549
1700700 549
1700710 549
1700720 550
1700730 550
1700740 550
1700750 550
1700760 550
1700770 550
1700780 550
1700790 550
1700800 550
1700810 550
1700820 550
1700830 550
1700840 550
1700850 550
1700860 550
1700870 550
1700880 550
1700890 550
1700900 550
1700910 550
1700920 550
1700930 550
1700940 550
1700950 550
1700960 550
1700970 550
1700980 550
1700990 550
1701000 550
1701010 550
1701020 550
1701030 550
1701040 550
1701050 550
1701060 549
1701070 549
1701080 549
1701090 549
1701100 549
1701110 549
1701120 549
1701130 549
1701140 549
1701150 549
1701160 549
1701170 549
1701180 549
1701190 549
1701200 549
1701210 549
1701220 549
1701230 549
1701240 549
1701250 549
1701260 549
1701270 549
1701280 549
1701290 549
1701300 549
1701310 549
1701320 549
1701330 549
1701340 549
1701350 549
1701360 549
1701370 549
1701380 549
1701390 550
1701400 550
1701410 550
1701420 550
1701430 550
1701440 550
1701450 550
1701460 550
1701470 550
1701480 550
1701490 550
1701500 550
1701510 550
1701520 550
1701530 550
1701540 550
1701550 550
1701560 550
1701570 550
1701580 550
1701590 550
1701600 550
1701610 550
1701620 550
1701630 550
1701640 550
1701650 550
1701660 550
1701670 550
1701680 550
1701690 550
1701700 550
1701710 549
1701720 549
1701730 549
1701740 549
1701750 549
1701760 549
1701770 549
1701780 549
1701790 549
1701800 548
1701810 548
1701820 548
1701830 548
1701840 548
1701850 548
1701860 548
1701870 547
1701880 547
1701890 547
1701900 547
1701910 547
1701920 546
1701930 546
1701940 546
1701950 546
1701960 545
1701970 545
1701980 545
1701990 545
1702000 545
1702010 544
1702020 544
1702030 544
1702040 544
1702050 543
1702060 543
1702070 542
1702080 542
1702090 541
1702100 541
1702110 540
1702120 540
1702130 539
1702140 539
1702150 538
1702160 538
1702170 537
1702180 537
1702190 536
1702200 536
1702210 535
1702220 535
1702230 534
1702240 533
1702250 533
1702260 532
1702270 531
1702280 531
1702290 530
1702300 529
1702310 528
1702320 528
1702330 527
1702340 526
1702350 525
1702360 525
1702370 524
1702380 523
1702390 523
1702400 522
1702410 521
1702420 521
1702430 520
1702440 520
1702450 519
1702460 518
1702470 518
1702480 517
1702490 517
1702500 517
1702510 517
1702520 517
1702530 517
1702540 517
1702550 517
1702560 517
1702570 517
1702580 517
1702590 517
1702600 517
1702610 517
1702620 516
1702630 516
1702640 515
1702650 515
1702660 515
1702670 515
1702680 514
1702690 514
1702700 514
1702710 514
1702720 513
1702730 513
1702740 513
1702750 513
1702760 512
1702770 512
1702780 512
1702790 512
1702800 511
1702810 511
1702820 511
1702830 511
1702840 510
1702850 510
1702860 510
1702870 510
1702880 510
1702890 509
1702900 509
1702910 509
1702920 509
1702930 509
1702940 508
1702950 508
1702960 508
1702970 508
1702980 507
1702990 507
1703000 507
1703010 507
1703020 507
1703030 507
1703040 506
1703050 506
1703060 506
1703070 506
1703080 506
1703090 505
1703100 505
1703110 505
1703120 505
1703130 505
1703140 504
1703150 504
1703160 504
1703170 504
1703180 503
1703190 503
1703200 503
1703210 503
1703220 503
1703230 503
1703240 502
1703250 502
1703260 502
1703270 502
1703280 502
1703290 501
1703300 501
1703310 501
1703320 501
1703330 500
1703340 500
1703350 500
1703360 500
1703370 500
1703380 500
1703390 499
1703400 499
1703410 499
1703420 499
1703430 499
1703440 499
1703450 500
1703460 500
1703470 500
1703480 500
1703490 501
1703500 501
1703510 501
1703520 501
1703530 502
1703540 502
1703550 502
1703560 502
1703570 502
1703580 502
1703590 503
1703600 503
1703610 503
1703620 503
1703630 503
1703640 503
1703650 503
1703660 503
1703670 503
1703680 504
1703690 504
1703700 504
1703710 504
1703720 504
1703730 504
1703740 504
1703750 504
1703760 504
1703770 505
1703780 505
1703790 505
1703800 504
1703810 504
1703820 504
1703830 504
1703840 504
1703850 504
1703860 504
1703870 504
1703880 504
1703890 504
1703900 504
1703910 503
1703920 503
1703930 503
1703940 503
1703950 503
1703960 502
1703970 502
1703980 502
1703990 502
1704000 502
1704010 502
1704020 501
1704030 501
1704040 501
1704050 501
1704060 500
1704070 500
1704080 500
1704090 500
1704100 500
1704110 499
1704120 499
1704130 499
1704140 499
1704150 498
1704160 498
1704170 498
1704180 498
1704190 497
1704200 496
1704210 496
1704220 495
1704230 495
1704240 494
1704250 494
1704260 493
1704270 493
1704280 493
1704290 492
1704300 492
1704310 492
1704320 491
1704330 491
1704340 491
1704350 491
1704360 491
1704370 491
1704380 492
1704390 494
1704400 496
1704410 498
1704420 500
1704430 500
1704440 501
1704450 502
1704460 502
1704470 503
1704480 503
1704490 503
1704500 504
1704510 504
1704520 504
1704530 505
1704540 505
1704550 506
1704560 506
1704570 506
1704580 506
1704590 506
1704600 506
1704610 506
1704620 506
1704630 507
1704640 507
1704650 507
1704660 507
1704670 507
1704680 507
1704690 507
1704700 507
1704710 507
1704720 507
1704730 506
1704740 506
1704750 506
1704760 506
1704770 506
1704780 507
1704790 507
1704800 507
1704810 507
1704820 507
1704830 507
1704840 507
1704850 507
1704860 507
1704870 507
1704880 507
1704890 508
1704900 508
1704910 508
1704920 508
1704930 508
1704940 508
1704950 508
1704960 508
1704970 508
1704980 509
1704990 509
1705000 509
1705010 509
1705020 509
1705030 509
1705040 509
1705050 509
1705060 509
1705070 509
1705080 509
1705090 510
1705100 510
1705110 510
1705120 510
1705130 510
1705140 511
1705150 511
1705160 512
1705170 513
1705180 514
1705190 514
1705200 515
1705210 516
1705220 516
1705230 516
1705240 516
1705250 517
1705260 517
1705270 517
1705280 517
1705290 517
1705300 517
1705310 517
1705320 517
1705330 518
1705340 518
1705350 518
1705360 518
1705370 518
1705380 518
1705390 519
1705400 519
1705410 519
1705420 519
1705430 520
1705440 520
1705450 520
1705460 520
1705470 520
1705480 520
1705490 520
1705500 520
1705510 520
1705520 520
1705530 520
1705540 520
1705550 520
1705560 519
1705570 519
1705580 519
1705590 519
1705600 519
1705610 519
1705620 519
1705630 519
1705640 518
1705650 518
1705660 518
1705670 518
1705680 518
1705690 518
1705700 517
1705710 517
1705720 517
1705730 517
1705740 517
1705750 517
1705760 516
1705770 516
1705780 516
1705790 516
1705800 516
1705810 516
1705820 516
1705830 516
1705840 516
1705850 515
1705860 515
1705870 515
1705880 515
1705890 515
1705900 515
1705910 515
1705920 515
1705930 514
1705940 514
1705950 514
1705960 514
1705970 514
1705980 514
1705990 514
1706000 514
1706010 514
1706020 514
1706030 514
1706040 514
1706050 514
1706060 513
1706070 513
1706080 513
1706090 513
1706100 513
1706110 513
1706120 513
1706130 513
1706140 513
1706150 513
1706160 513
1706170 513
1706180 513
1706190 513
1706200 513
1706210 513
1706220 513
1706230 513
1706240 512
1706250 512
1706260 512
1706270 512
1706280 512
1706290 512
1706300 512
1706310 512
1706320 512
1706330 512
1706340 512
1706350 511
1706360 511
1706370 511
1706380 511
1706390 511
1706400 511
1706410 511
1706420 511
1706430 510
1706440 510
1706450 510
1706460 510
1706470 510
1706480 510
1706490 510
1706500 509
1706510 509
1706520 509
1706530 509
1706540 509
1706550 509
1706560 508
1706570 508
1706580 508
1706590 508
1706600 508
1706610 508
1706620 508
1706630 508
1706640 507
1706650 507
1706660 507
1706670 507
1706680 507
1706690 507
1706700 507
1706710 507
1706720 507
1706730 507
1706740 507
1706750 507
1706760 507
1706770 507
1706780 507
1706790 507
1706800 507
1706810 507
1706820 507
1706830 507
1706840 507
1706850 507
1706860 507
1706870 507
1706880 508
1706890 508
1706900 508
1706910 508
1706920 508
1706930 508
1706940 508
1706950 508
1706960 508
1706970 508
1706980 508
1706990 508
1707000 508
1707010 508
1707020 508
1707030 508
1707040 508
1707050 509
1707060 509
1707070 509
1707080 509
1707090 509
1707100 509
1707110 509
1707120 509
1707130 509
1707140 509
1707150 509
1707160 509
1707170 509
1707180 509
1707190 509
1707200 510
1707210 509
1707220 509
1707230 509
1707240 509
1707250 509
1707260 510
1707270 510
1707280 510
1707290 510
1707300 510
1707310 510
1707320 510
1707330 510
1707340 510
1707350 510
1707360 510
1707370 510
1707380 510
1707390 510
1707400 511
1707410 511
1707420 511
1707430 511
1707440 511
1707450 511
1707460 510
1707470 511
1707480 511
1707490 511
1707500 511
1707510 510
1707520 510
1707530 510
1707540 510
1707550 511
1707560 510
1707570 510
1707580 510
1707590 510
1707600 510
1707610 510
1707620 510
1707630 510
1707640 510
1707650 510
1707660 510
1707670 510
1707680 510
1707690 510
1707700 510
1707710 510
1707720 510
1707730 509
1707740 509
1707750 509
1707760 509
1707770 509
1707780 509
1707790 509
1707800 509
1707810 509
1707820 509
1707830 509
1707840 509
1707850 509
1707860 509
1707870 509
1707880 509
1707890 509
1707900 508
1707910 508
1707920 508
1707930 508
1707940 508
1707950 508
1707960 508
1707970 508
1707980 507
1707990 507
1708000 507
1708010 507
1708020 507
1708030 507
1708040 507
1708050 506
1708060 506
1708070 506
1708080 506
1708090 506
1708100 505
1708110 505
1708120 505
1708130 504
1708140 504
1708150 504
1708160 503
1708170 503
1708180 502
1708190 502
1708200 502
1708210 501
1708220 501
1708230 500
1708240 500
1708250 499
1708260 499
1708270 498
1708280 498
1708290 498
1708300 497
1708310 497
1708320 496
1708330 495
1708340 494
1708350 493
1708360 493
1708370 493
1708380 493
1708390 492
1708400 490
1708410 489
1708420 488
1708430 488
1708440 488
1708450 487
1708460 487
1708470 486
1708480 484
1708490 482
1708500 482
1708510 483
1708520 483
1708530 483
1708540 482
1708550 482
1708560 482
1708570 482
1708580 483
1708590 484
1708600 485
1708610 487
1708620 488
1708630 489
1708640 490
1708650 491
1708660 491
1708670 492
1708680 493
1708690 493
1708700 494
1708710 494
1708720 495
1708730 495
1708740 495
1708750 495
1708760 496
1708770 496
1708780 496
1708790 496
1708800 496
1708810 496
1708820 496
1708830 496
1708840 496
1708850 496
1708860 496
1708870 495
1708880 495
1708890 495
1708900 494
1708910 494
1708920 493
1708930 493
1708940 492
1708950 492
1708960 491
1708970 491
1708980 490
1708990 489
1709000 488
1709010 488
1709020 487
1709030 487
1709040 485
1709050 484
1709060 482
1709070 480
1709080 478
1709090 476
1709100 475
1709110 473
1709120 472
1709130 471
1709140 470
1709150 470
1709160 470
1709170 470
1709180 470
1709190 470
1709200 470
1709210 470
1709220 470
1709230 470
1709240 471
1709250 472
1709260 475
1709270 478
1709280 481
1709290 483
1709300 485
1709310 488
1709320 492
1709330 496
1709340 500
1709350 503
1709360 506
1709370 508
1709380 509
1709390 511
1709400 513
1709410 515
1709420 516
1709430 517
1709440 518
1709450 520
1709460 521
1709470 522
1709480 523
1709490 524
1709500 525
1709510 527
1709520 528
1709530 529
1709540 531
1709550 532
1709560 534
1709570 536
1709580 538
1709590 539
1709600 541
1709610 542
1709620 543
1709630 544
1709640 545
1709650 545
1709660 546
1709670 547
1709680 547
1709690 548
1709700 548
1709710 548
1709720 548
1709730 549
1709740 549
1709750 549
1709760 549
1709770 549
1709780 549
1709790 549
1709800 549
1709810 549
1709820 549
1709830 549
1709840 549
1709850 549
1709860 549
1709870 549
1709880 549
1709890 549
1709900 549
1709910 549
1709920 550
1709930 550
1709940 550
1709950 550
1709960 550
1709970 550
1709980 550
1709990 550
1710000 550
1710010 550
1710020 550
1710030 550
1710040 550
1710050 550
1710060 550
1710070 550
1710080 551
1710090 551
1710100 551
1710110 551
1710120 551
1710130 551
1710140 551
1710150 551
1710160 551
1710170 551
1710180 551
1710190 551
1710200 551
1710210 550
1710220 550
1710230 550
1710240 550
1710250 550
1710260 550
1710270 550
1710280 550
1710290 550
1710300 550
1710310 549
1710320 549
1710330 549
1710340 549
1710350 549
1710360 549
1710370 549
1710380 548
1710390 548
1710400 548
1710410 548
1710420 548
1710430 547
1710440 547
1710450 547
1710460 546
1710470 546
1710480 546
1710490 545
1710500 545
1710510 544
1710520 544
1710530 543
1710540 543
1710550 542
1710560 542
1710570 541
1710580 541
1710590 540
1710600 540
1710610 539
1710620 539
1710630 538
1710640 538
1710650 538
1710660 537
1710670 537
1710680 536
1710690 535
1710700 535
1710710 535
1710720 534
1710730 534
1710740 533
1710750 533
1710760 532
1710770 532
1710780 531
1710790 531
1710800 530
1710810 530
1710820 530
1710830 529
1710840 529
1710850 528
1710860 528
1710870 528
1710880 527
1710890 527
1710900 527
1710910 526
1710920 526
1710930 526
1710940 526
1710950 526
1710960 526
1710970 526
1710980 525
1710990 525
1711000 525
1711010 525
1711020 524
1711030 524
1711040 524
1711050 524
1711060 524
1711070 524
1711080 524
1711090 524
1711100 524
1711110 524
1711120 524
1711130 524
1711140 524
1711150 524
1711160 524
1711170 524
1711180 525
1711190 525
1711200 525
1711210 525
1711220 525
1711230 525
1711240 525
1711250 526
1711260 526
1711270 526
1711280 526
1711290 526
1711300 526
1711310 526
1711320 526
1711330 526
1711340 526
1711350 526
1711360 526
1711370 526
1711380 527
1711390 527
1711400 527
1711410 527
1711420 527
1711430 527
1711440 528
1711450 528
1711460 528
1711470 528
1711480 528
1711490 528
1711500 528
1711510 528
1711520 528
1711530 528
1711540 528
1711550 528
1711560 528
1711570 528
1711580 528
1711590 528
1711600 528
1711610 528
1711620 528
1711630 528
1711640 528
1711650 528
1711660 528
1711670 528
1711680 528
1711690 528
1711700 528
1711710 528
1711720 529
1711730 529
1711740 529
1711750 529
1711760 529
1711770 529
1711780 529
1711790 529
1711800 529
1711810 529
1711820 529
1711830 529
1711840 529
1711850 529
1711860 530
1711870 530
1711880 530
1711890 530
1711900 530
1711910 530
1711920 530
1711930 530
1711940 530
1711950 530
1711960 530
1711970 530
1711980 531
1711990 531
1712000 531
1712010 531
1712020 531
1712030 531
1712040 531
1712050 531
1712060 531
1712070 531
1712080 531
1712090 531
1712100 531
1712110 531
1712120 531
1712130 531
1712140 531
1712150 531
1712160 531
1712170 531
1712180 531
1712190 531
1712200 531
1712210 531
1712220 531
1712230 531
1712240 531
1712250 531
1712260 531
1712270 531
1712280 531
1712290 531
1712300 531
1712310 531
1712320 531
1712330 531
1712340 531
1712350 531
1712360 531
1712370 531
1712380 531
1712390 531
1712400 531
1712410 530
1712420 530
1712430 530
1712440 530
1712450 530
1712460 530
1712470 530
1712480 530
1712490 530
1712500 530
1712510 530
1712520 530
1712530 530
1712540 529
1712550 529
1712560 529
1712570 529
1712580 529
1712590 529
1712600 529
1712610 529
1712620 529
1712630 529
1712640 529
1712650 529
1712660 530
1712670 530
1712680 530
1712690 530
1712700 530
1712710 530
1712720 530
1712730 530
1712740 530
1712750 530
1712760 530
1712770 530
1712780 529
1712790 529
1712800 529
1712810 529
1712820 528
1712830 528
1712840 528
1712850 529
1712860 530
1712870 530
1712880 530
1712890 530
1712900 531
1712910 531
1712920 531
1712930 531
1712940 531
1712950 532
1712960 532
1712970 532
1712980 532
1712990 532
1713000 532
1713010 532
1713020 532
1713030 533
1713040 534
1713050 534
1713060 535
1713070 535
1713080 535
1713090 535
1713100 536
1713110 536
1713120 536
1713130 536
1713140 536
1713150 537
1713160 537
1713170 537
1713180 537
1713190 537
1713200 537
1713210 537
1713220 537
1713230 538
1713240 538
1713250 538
1713260 538
1713270 538
1713280 538
1713290 538
1713300 539
1713310 539
1713320 539
1713330 539
1713340 539
1713350 540
1713360 540
1713370 540
1713380 540
1713390 541
1713400 541
1713410 541
1713420 541
1713430 541
1713440 542
1713450 542
1713460 542
1713470 543
1713480 543
1713490 543
1713500 544
1713510 544
1713520 544
1713530 544
1713540 545
1713550 545
1713560 545
1713570 545
1713580 546
1713590 546
1713600 546
1713610 547
1713620 547
1713630 547
1713640 548
1713650 548
1713660 548
1713670 548
1713680 549
1713690 549
1713700 549
1713710 549
1713720 550
1713730 550
1713740 550
1713750 550
1713760 550
1713770 551
1713780 551
1713790 551
1713800 551
1713810 551
1713820 552
1713830 552
1713840 552
1713850 552
1713860 553
1713870 553
1713880 553
1713890 553
1713900 553
1713910 553
1713920 554
1713930 553
1713940 553
1713950 553
1713960 554
1713970 554
1713980 554
1713990 554
1714000 554
1714010 554
1714020 555
1714030 555
1714040 555
1714050 555
1714060 555
1714070 555
1714080 556
1714090 556
1714100 556
1714110 556
1714120 556
1714130 556
1714140 556
1714150 556
1714160 556
1714170 556
1714180 556
1714190 556
1714200 556
1714210 556
1714220 556
1714230 556
1714240 556
1714250 556
1714260 556
1714270 556
1714280 556
1714290 556
1714300 556
1714310 556
1714320 556
1714330 556
1714340 556
1714350 556
1714360 555
1714370 555
1714380 555
1714390 555
1714400 555
1714410 555
1714420 555
1714430 555
1714440 555
1714450 555
1714460 555
1714470 555
1714480 555
1714490 555
1714500 554
1714510 554
1714520 554
1714530 554
1714540 554
1714550 554
1714560 554
1714570 553
1714580 553
1714590 553
1714600 553
1714610 553
1714620 553
1714630 552
1714640 552
1714650 552
1714660 552
1714670 552
1714680 551
1714690 551
1714700 551
1714710 550
1714720 550
1714730 550
1714740 550
1714750 549
1714760 549
1714770 549
1714780 548
1714790 548
1714800 547
1714810 547
1714820 546
1714830 546
1714840 546
1714850 545
1714860 545
1714870 545
1714880 544
1714890 544
1714900 544
1714910 543
1714920 543
1714930 542
1714940 542
1714950 541
1714960 541
1714970 540
1714980 540
1714990 540
1715000 541
1715010 541
1715020 541
1715030 541
1715040 541
1715050 541
1715060 541
1715070 541
1715080 541
1715090 541
1715100 541
1715110 541
1715120 540
1715130 540
1715140 540
1715150 540
1715160 540
1715170 540
1715180 540
1715190 540
1715200 540
1715210 540
1715220 540
1715230 540
1715240 540
1715250 540
1715260 541
1715270 541
1715280 540
1715290 540
1715300 541
1715310 541
1715320 541
1715330 542
1715340 542
1715350 542
1715360 542
1715370 542
1715380 543
1715390 543
1715400 543
1715410 543
