1700250 560
1700260 560
1700270 560
1700280 560
1700290 560
1700300 560
1700310 560
1700320 560
1700330 560
1700340 561
1700350 561
1700360 561
1700370 561
1700380 561
1700390 561
1700400 561
1700410 561
1700420 561
1700430 561
1700440 561
1700450 561
1700460 561
1700470 562
1700480 562
1700490 562
1700500 562
1700510 562
1700520 562
1700530 562
1700540 562
1700550 562
1700560 562
1700570 562
1700580 562
1700590 562
1700600 562
1700610 562
1700620 562
1700630 562
1700640 562
1700650 562
1700660 562
1700670 563
1700680 563
1700690 563
1700700 563
1700710 563
1700720 563
1700730 563
1700740 564
1700750 564
1700760 564
1700770 564
1700780 564
1700790 564
1700800 564
1700810 565
1700820 565
1700830 565
1700840 565
1700850 565
1700860 565
1700870 565
1700880 565
1700890 565
1700900 565
1700910 565
1700920 565
1700930 565
1700940 565
1700950 565
1700960 565
1700970 565
1700980 566
1700990 566
1701000 566
1701010 566
1701020 566
1701030 567
1701040 567
1701050 567
1701060 567
1701070 567
1701080 568
1701090 568
1701100 568
1701110 568
1701120 568
1701130 568
1701140 567
1701150 567
1701160 567
1701170 567
1701180 566
1701190 566
1701200 566
1701210 566
1701220 565
1701230 565
1701240 565
1701250 565
1701260 564
1701270 564
1701280 564
1701290 564
1701300 564
1701310 563
1701320 563
1701330 563
1701340 563
1701350 563
1701360 562
1701370 562
1701380 562
1701390 562
1701400 561
1701410 561
1701420 561
1701430 560
1701440 560
1701450 560
1701460 560
1701470 559
1701480 559
1701490 559
1701500 558
1701510 558
1701520 558
1701530 557
1701540 557
1701550 557
1701560 557
1701570 556
1701580 556
1701590 556
1701600 556
1701610 556
1701620 555
1701630 555
1701640 555
1701650 555
1701660 555
1701670 555
1701680 555
1701690 554
1701700 554
1701710 554
1701720 554
1701730 554
1701740 554
1701750 554
1701760 553
1701770 553
1701780 553
1701790 553
1701800 552
1701810 552
1701820 552
1701830 552
1701840 552
1701850 552
1701860 551
1701870 551
1701880 551
1701890 551
1701900 551
1701910 551
1701920 551
1701930 551
1701940 550
1701950 550
1701960 550
1701970 550
1701980 550
1701990 549
1702000 549
1702010 549
1702020 548
1702030 548
1702040 548
1702050 548
1702060 548
1702070 547
1702080 547
1702090 547
1702100 546
1702110 546
1702120 546
1702130 545
1702140 545
1702150 545
1702160 544
1702170 544
1702180 544
1702190 544
1702200 544
1702210 544
1702220 544
1702230 544
1702240 544
1702250 544
1702260 544
1702270 542
1702280 541
1702290 540
1702300 539
1702310 539
1702320 539
1702330 540
1702340 540
1702350 540
1702360 541
1702370 541
1702380 541
1702390 541
1702400 541
1702410 541
1702420 542
1702430 542
1702440 542
1702450 542
1702460 542
1702470 542
1702480 542
1702490 542
1702500 542
1702510 541
1702520 541
1702530 541
1702540 541
1702550 541
1702560 541
1702570 541
1702580 540
1702590 540
1702600 540
1702610 539
1702620 538
1702630 538
1702640 537
1702650 537
1702660 537
1702670 536
1702680 536
1702690 535
1702700 535
1702710 535
1702720 534
1702730 534
1702740 533
1702750 533
1702760 532
1702770 531
1702780 531
1702790 531
1702800 530
1702810 529
1702820 529
1702830 528
1702840 526
1702850 525
1702860 524
1702870 523
1702880 522
1702890 521
1702900 521
1702910 521
1702920 520
1702930 520
1702940 520
1702950 520
1702960 520
1702970 520
1702980 520
1702990 521
1703000 521
1703010 521
1703020 522
1703030 522
1703040 522
1703050 523
1703060 522
1703070 522
1703080 522
1703090 523
1703100 523
1703110 523
1703120 522
1703130 522
1703140 522
1703150 522
1703160 522
1703170 522
1703180 522
1703190 522
1703200 521
1703210 521
1703220 521
1703230 521
1703240 520
1703250 520
1703260 520
1703270 520
1703280 519
1703290 519
1703300 519
1703310 519
1703320 518
1703330 518
1703340 518
1703350 517
1703360 517
1703370 517
1703380 516
1703390 516
1703400 516
1703410 515
1703420 515
1703430 514
1703440 514
1703450 514
1703460 513
1703470 513
1703480 513
1703490 513
1703500 513
1703510 512
1703520 512
1703530 512
1703540 512
1703550 511
1703560 511
1703570 511
1703580 511
1703590 510
1703600 510
1703610 510
1703620 510
1703630 509
1703640 509
1703650 509
1703660 508
1703670 508
1703680 508
1703690 507
1703700 507
1703710 507
1703720 507
1703730 507
1703740 506
1703750 506
1703760 506
1703770 506
1703780 506
1703790 506
1703800 506
1703810 506
1703820 506
1703830 505
1703840 505
1703850 505
1703860 505
1703870 505
1703880 505
1703890 505
1703900 505
1703910 505
1703920 505
1703930 505
1703940 505
1703950 504
1703960 504
1703970 504
1703980 504
1703990 504
1704000 504
1704010 504
1704020 504
1704030 504
1704040 504
1704050 504
1704060 504
1704070 504
1704080 505
1704090 505
1704100 505
1704110 505
1704120 506
1704130 507
1704140 507
1704150 508
1704160 509
1704170 509
1704180 509
1704190 510
1704200 510
1704210 511
1704220 511
1704230 512
1704240 512
1704250 512
1704260 513
1704270 513
1704280 513
1704290 513
1704300 513
1704310 513
1704320 513
1704330 513
1704340 513
1704350 514
1704360 514
1704370 514
1704380 514
1704390 514
1704400 514
1704410 515
1704420 515
1704430 515
1704440 515
1704450 515
1704460 515
1704470 516
1704480 516
1704490 516
1704500 516
1704510 517
1704520 517
1704530 517
1704540 517
1704550 517
1704560 518
1704570 518
1704580 518
1704590 518
1704600 519
1704610 519
1704620 519
1704630 519
1704640 519
1704650 520
1704660 520
1704670 520
1704680 520
1704690 520
1704700 521
1704710 521
1704720 521
1704730 521
1704740 521
1704750 521
1704760 521
1704770 521
1704780 521
1704790 521
1704800 521
1704810 522
1704820 522
1704830 522
1704840 522
1704850 522
1704860 522
1704870 522
1704880 522
1704890 522
1704900 522
1704910 522
1704920 522
1704930 522
1704940 522
1704950 522
1704960 522
1704970 523
1704980 523
1704990 523
1705000 523
1705010 523
1705020 523
1705030 523
1705040 523
1705050 523
1705060 523
1705070 523
1705080 523
1705090 523
1705100 523
1705110 523
1705120 523
1705130 523
1705140 523
1705150 523
1705160 522
1705170 522
1705180 522
1705190 522
1705200 522
1705210 522
1705220 522
1705230 522
1705240 521
1705250 521
1705260 521
1705270 521
1705280 521
1705290 521
1705300 521
1705310 521
1705320 521
1705330 521
1705340 521
1705350 521
1705360 521
1705370 521
1705380 521
1705390 521
1705400 521
1705410 521
1705420 521
1705430 521
1705440 521
1705450 521
1705460 520
1705470 520
1705480 520
1705490 519
1705500 519
1705510 519
1705520 518
1705530 518
1705540 518
1705550 517
1705560 517
1705570 516
1705580 516
1705590 517
1705600 517
1705610 517
1705620 518
1705630 518
1705640 519
1705650 519
1705660 520
1705670 520
1705680 521
1705690 521
1705700 522
1705710 522
1705720 523
1705730 523
1705740 524
1705750 524
1705760 525
1705770 525
1705780 525
1705790 526
1705800 526
1705810 526
1705820 527
1705830 527
1705840 527
1705850 528
1705860 528
1705870 529
1705880 529
1705890 529
1705900 530
1705910 530
1705920 530
1705930 531
1705940 531
1705950 531
1705960 532
1705970 532
1705980 533
1705990 533
1706000 533
1706010 533
1706020 532
1706030 532
1706040 531
1706050 531
1706060 530
1706070 530
1706080 530
1706090 529
1706100 529
1706110 529
1706120 529
1706130 529
1706140 528
1706150 528
1706160 528
1706170 528
1706180 528
1706190 528
1706200 527
1706210 527
1706220 527
1706230 527
1706240 527
1706250 527
1706260 527
1706270 527
1706280 527
1706290 526
1706300 526
1706310 526
1706320 526
1706330 526
1706340 526
1706350 526
1706360 526
1706370 526
1706380 526
1706390 526
1706400 525
1706410 525
1706420 525
1706430 525
1706440 525
1706450 525
1706460 525
1706470 524
1706480 524
1706490 524
1706500 524
1706510 524
1706520 524
1706530 524
1706540 524
1706550 523
1706560 523
1706570 523
1706580 523
1706590 523
1706600 523
1706610 523
1706620 523
1706630 522
1706640 522
1706650 522
1706660 522
1706670 522
1706680 522
1706690 522
1706700 522
1706710 521
1706720 521
1706730 521
1706740 521
1706750 521
1706760 521
1706770 521
1706780 521
1706790 520
1706800 520
1706810 520
1706820 520
1706830 520
1706840 520
1706850 520
1706860 519
1706870 519
1706880 519
1706890 519
1706900 519
1706910 519
1706920 518
1706930 518
1706940 518
1706950 518
1706960 518
1706970 517
1706980 517
1706990 517
1707000 517
1707010 517
1707020 516
1707030 516
1707040 516
1707050 516
1707060 515
1707070 515
1707080 515
1707090 515
1707100 514
1707110 514
1707120 514
1707130 514
1707140 513
1707150 513
1707160 513
1707170 513
1707180 513
1707190 512
1707200 512
1707210 512
1707220 512
1707230 512
1707240 512
1707250 511
1707260 511
1707270 511
1707280 511
1707290 511
1707300 511
1707310 511
1707320 511
1707330 511
1707340 511
1707350 510
1707360 510
1707370 510
1707380 510
1707390 510
1707400 510
1707410 510
1707420 510
1707430 510
1707440 509
1707450 509
1707460 509
1707470 509
1707480 509
1707490 509
1707500 509
1707510 509
1707520 509
1707530 509
1707540 509
1707550 509
1707560 509
1707570 509
1707580 509
1707590 509
1707600 509
1707610 509
1707620 509
1707630 509
1707640 509
1707650 509
1707660 509
1707670 509
1707680 509
1707690 509
1707700 509
1707710 509
1707720 509
1707730 510
1707740 510
1707750 510
1707760 510
1707770 509
1707780 509
1707790 509
1707800 509
1707810 509
1707820 510
1707830 510
1707840 510
1707850 510
1707860 510
1707870 510
1707880 510
1707890 510
1707900 510
1707910 510
1707920 510
1707930 510
1707940 510
1707950 511
1707960 511
1707970 511
1707980 511
1707990 511
1708000 511
1708010 511
1708020 511
1708030 512
1708040 512
1708050 512
1708060 512
1708070 512
1708080 512
1708090 512
1708100 512
1708110 512
1708120 512
1708130 512
1708140 512
1708150 513
1708160 513
1708170 513
1708180 513
1708190 513
1708200 513
1708210 513
1708220 513
1708230 513
1708240 513
1708250 513
1708260 514
1708270 514
1708280 514
1708290 514
1708300 514
1708310 514
1708320 514
1708330 514
1708340 514
1708350 514
1708360 513
1708370 513
1708380 513
1708390 513
1708400 513
1708410 513
1708420 513
1708430 513
1708440 513
1708450 513
1708460 513
1708470 513
1708480 512
1708490 512
1708500 512
1708510 512
1708520 511
1708530 511
1708540 511
1708550 511
1708560 510
1708570 510
1708580 509
1708590 509
1708600 509
1708610 508
1708620 508
1708630 508
1708640 507
1708650 507
1708660 506
1708670 505
1708680 505
1708690 504
1708700 504
1708710 503
1708720 503
1708730 503
1708740 503
1708750 503
1708760 503
1708770 503
1708780 503
1708790 503
1708800 503
1708810 503
1708820 502
1708830 502
1708840 502
1708850 502
1708860 502
1708870 501
1708880 501
1708890 501
1708900 500
1708910 500
1708920 500
1708930 499
1708940 499
1708950 499
1708960 499
1708970 498
1708980 498
1708990 498
1709000 497
1709010 497
1709020 497
1709030 497
1709040 497
1709050 496
1709060 496
1709070 496
1709080 495
1709090 495
1709100 495
1709110 494
1709120 494
1709130 494
1709140 493
1709150 493
1709160 493
1709170 492
1709180 492
1709190 491
1709200 491
1709210 490
1709220 490
1709230 489
1709240 488
1709250 487
1709260 487
1709270 486
1709280 485
1709290 484
1709300 482
1709310 481
1709320 481
1709330 481
1709340 481
1709350 481
1709360 481
1709370 483
1709380 483
1709390 482
1709400 481
1709410 480
1709420 480
1709430 480
1709440 480
1709450 480
1709460 480
1709470 480
1709480 480
1709490 480
1709500 480
1709510 480
1709520 482
1709530 485
1709540 488
1709550 491
1709560 494
1709570 497
1709580 500
1709590 503
1709600 505
1709610 506
1709620 507
1709630 508
1709640 509
1709650 510
1709660 510
1709670 510
1709680 511
1709690 511
1709700 512
1709710 513
1709720 513
1709730 514
1709740 514
1709750 515
1709760 515
1709770 515
1709780 516
1709790 516
1709800 517
1709810 517
1709820 517
1709830 517
1709840 518
1709850 518
1709860 518
1709870 519
1709880 519
1709890 519
1709900 520
1709910 520
1709920 521
1709930 521
1709940 521
1709950 522
1709960 522
1709970 522
1709980 522
1709990 522
1710000 522
1710010 522
1710020 522
1710030 522
1710040 522
1710050 522
1710060 522
1710070 522
1710080 522
1710090 522
1710100 523
1710110 523
1710120 523
1710130 523
1710140 523
1710150 523
1710160 523
1710170 523
1710180 523
1710190 523
1710200 523
1710210 524
1710220 524
1710230 524
1710240 524
1710250 524
1710260 524
1710270 524
1710280 524
1710290 524
1710300 524
1710310 524
1710320 525
1710330 525
1710340 525
1710350 525
1710360 525
1710370 525
1710380 525
1710390 524
1710400 523
1710410 522
1710420 522
1710430 522
1710440 522
1710450 522
1710460 521
1710470 521
1710480 520
1710490 519
1710500 519
1710510 520
1710520 521
1710530 522
1710540 523
1710550 525
1710560 526
1710570 528
1710580 530
1710590 532
1710600 533
1710610 534
1710620 535
1710630 536
1710640 536
1710650 537
1710660 537
1710670 538
1710680 538
1710690 538
1710700 539
1710710 539
1710720 539
1710730 539
1710740 539
1710750 538
1710760 538
1710770 538
1710780 538
1710790 538
1710800 538
1710810 538
1710820 538
1710830 538
1710840 538
1710850 539
1710860 539
1710870 539
1710880 539
1710890 539
1710900 539
1710910 539
1710920 539
1710930 539
1710940 540
1710950 540
1710960 540
1710970 540
1710980 540
1710990 539
1711000 539
1711010 539
1711020 539
1711030 539
1711040 538
1711050 538
1711060 538
1711070 538
1711080 538
1711090 538
1711100 539
1711110 539
1711120 539
1711130 539
1711140 540
1711150 540
1711160 540
1711170 540
1711180 541
1711190 541
1711200 541
1711210 542
1711220 542
1711230 543
1711240 543
1711250 543
1711260 544
1711270 544
1711280 544
1711290 544
1711300 545
1711310 545
1711320 545
1711330 545
1711340 545
1711350 546
1711360 546
1711370 546
1711380 547
1711390 547
1711400 548
1711410 548
1711420 548
1711430 548
1711440 549
1711450 549
1711460 549
1711470 549
1711480 550
1711490 550
1711500 550
1711510 550
1711520 551
1711530 551
1711540 551
1711550 552
1711560 552
1711570 552
1711580 552
1711590 553
1711600 553
1711610 553
1711620 553
1711630 554
1711640 554
1711650 554
1711660 555
1711670 555
1711680 555
1711690 556
1711700 556
1711710 556
1711720 557
1711730 557
1711740 557
1711750 558
1711760 558
1711770 558
1711780 558
1711790 558
1711800 558
1711810 559
1711820 559
1711830 559
1711840 559
1711850 559
1711860 559
1711870 559
1711880 560
1711890 560
1711900 560
1711910 560
1711920 560
1711930 560
1711940 561
1711950 561
1711960 561
1711970 561
1711980 561
1711990 561
1712000 561
1712010 561
1712020 561
1712030 561
1712040 561
1712050 561
1712060 561
1712070 561
1712080 561
1712090 561
1712100 561
1712110 561
1712120 561
1712130 561
1712140 561
1712150 561
1712160 561
1712170 561
1712180 561
1712190 560
1712200 560
1712210 560
1712220 560
1712230 560
1712240 560
1712250 560
1712260 560
1712270 560
1712280 560
1712290 560
1712300 560
1712310 560
1712320 559
1712330 559
1712340 559
1712350 559
1712360 559
1712370 559
1712380 559
1712390 559
1712400 559
1712410 558
1712420 558
1712430 558
1712440 558
1712450 558
1712460 558
1712470 557
1712480 557
1712490 557
1712500 557
1712510 556
1712520 556
1712530 556
1712540 556
1712550 555
1712560 555
1712570 555
1712580 554
1712590 554
1712600 554
1712610 553
1712620 553
1712630 553
1712640 552
1712650 552
1712660 552
1712670 551
1712680 551
1712690 551
1712700 550
1712710 550
1712720 550
1712730 549
1712740 549
1712750 549
1712760 549
1712770 548
1712780 548
1712790 548
1712800 547
1712810 547
1712820 547
1712830 546
1712840 546
1712850 546
1712860 546
1712870 545
1712880 545
1712890 545
1712900 545
1712910 544
1712920 544
1712930 544
1712940 544
1712950 544
1712960 543
1712970 543
1712980 543
1712990 543
1713000 543
1713010 543
1713020 543
1713030 543
1713040 543
1713050 543
1713060 543
1713070 543
1713080 543
1713090 542
1713100 542
1713110 542
1713120 542
1713130 542
1713140 542
1713150 542
1713160 543
1713170 544
1713180 544
1713190 545
1713200 545
1713210 546
1713220 546
1713230 547
1713240 548
