1700710 581
1700720 580
1700730 580
1700740 580
1700750 581
1700760 581
1700770 581
1700780 581
1700790 582
1700800 582
1700810 582
1700820 581
1700830 581
1700840 581
1700850 581
1700860 581
1700870 582
1700880 582
1700890 582
1700900 582
1700910 582
1700920 582
1700930 582
1700940 582
1700950 582
1700960 582
1700970 582
1700980 582
1700990 582
1701000 581
1701010 581
1701020 581
1701030 581
1701040 581
1701050 581
1701060 580
1701070 580
1701080 580
1701090 580
1701100 579
1701110 579
1701120 579
1701130 579
1701140 578
1701150 578
1701160 578
1701170 577
1701180 577
1701190 577
1701200 576
1701210 576
1701220 576
1701230 575
1701240 575
1701250 574
1701260 574
1701270 574
1701280 573
1701290 573
1701300 572
1701310 572
1701320 571
1701330 571
1701340 571
1701350 570
1701360 570
1701370 570
1701380 570
1701390 570
1701400 570
1701410 569
1701420 569
1701430 569
1701440 569
1701450 569
1701460 570
1701470 570
1701480 570
1701490 570
1701500 571
1701510 571
1701520 571
1701530 572
1701540 572
1701550 572
1701560 572
1701570 572
1701580 572
1701590 572
1701600 572
1701610 572
1701620 572
1701630 572
1701640 573
1701650 573
1701660 573
1701670 573
1701680 573
1701690 573
1701700 573
1701710 573
1701720 573
1701730 574
1701740 574
1701750 574
1701760 574
1701770 574
1701780 574
1701790 574
1701800 574
1701810 574
1701820 574
1701830 574
1701840 574
1701850 573
1701860 573
1701870 573
1701880 573
1701890 573
1701900 573
1701910 573
1701920 573
1701930 573
1701940 573
1701950 573
1701960 573
1701970 573
1701980 573
1701990 573
1702000 573
1702010 573
1702020 572
1702030 572
1702040 572
1702050 572
1702060 572
1702070 572
1702080 572
1702090 572
1702100 572
1702110 571
1702120 571
1702130 571
1702140 571
1702150 570
1702160 570
1702170 570
1702180 569
1702190 569
1702200 569
1702210 569
1702220 569
1702230 568
1702240 568
1702250 568
1702260 568
1702270 568
1702280 568
1702290 567
1702300 567
1702310 567
1702320 567
1702330 567
1702340 566
1702350 566
1702360 566
1702370 566
1702380 565
1702390 565
1702400 565
1702410 565
1702420 564
1702430 564
1702440 564
1702450 564
1702460 564
1702470 564
1702480 564
1702490 563
1702500 563
1702510 563
1702520 563
1702530 563
1702540 563
1702550 563
1702560 562
1702570 562
1702580 562
1702590 561
1702600 561
1702610 561
1702620 561
1702630 560
1702640 560
1702650 560
1702660 560
1702670 559
1702680 559
1702690 559
1702700 559
1702710 558
1702720 558
1702730 558
1702740 558
1702750 557
1702760 557
1702770 557
1702780 556
1702790 556
1702800 556
1702810 555
1702820 555
1702830 555
1702840 554
1702850 554
1702860 554
1702870 553
1702880 553
1702890 552
1702900 552
1702910 551
1702920 551
1702930 550
1702940 550
1702950 550
1702960 550
1702970 549
1702980 549
1702990 549
1703000 548
1703010 548
1703020 547
1703030 547
1703040 547
1703050 546
1703060 546
1703070 546
1703080 545
1703090 545
1703100 544
1703110 544
1703120 544
1703130 543
1703140 543
1703150 543
1703160 542
1703170 542
1703180 541
1703190 541
1703200 541
1703210 540
1703220 540
1703230 539
1703240 539
1703250 539
1703260 538
1703270 537
1703280 537
1703290 536
1703300 535
1703310 534
1703320 534
1703330 532
1703340 531
1703350 530
1703360 528
1703370 526
1703380 524
1703390 523
1703400 522
1703410 521
1703420 520
1703430 520
1703440 520
1703450 520
1703460 520
1703470 520
1703480 520
1703490 519
1703500 518
1703510 517
1703520 517
1703530 517
1703540 517
1703550 516
1703560 516
1703570 516
1703580 516
1703590 516
1703600 516
1703610 516
1703620 515
1703630 514
1703640 514
1703650 514
1703660 514
1703670 515
1703680 516
1703690 519
1703700 521
1703710 523
1703720 524
1703730 524
1703740 525
1703750 526
1703760 526
1703770 526
1703780 527
1703790 527
1703800 527
1703810 527
1703820 527
1703830 527
1703840 527
1703850 527
1703860 527
1703870 527
1703880 527
1703890 527
1703900 527
1703910 527
1703920 527
1703930 527
1703940 527
1703950 527
1703960 527
1703970 527
1703980 527
1703990 526
1704000 526
1704010 526
1704020 526
1704030 526
1704040 526
1704050 526
1704060 526
1704070 526
1704080 526
1704090 526
1704100 526
1704110 525
1704120 525
1704130 525
1704140 525
1704150 525
1704160 525
1704170 525
1704180 525
1704190 525
1704200 525
1704210 525
1704220 525
1704230 525
1704240 525
1704250 525
1704260 525
1704270 525
1704280 525
1704290 525
1704300 525
1704310 525
1704320 525
1704330 525
1704340 525
1704350 525
1704360 525
1704370 525
1704380 525
1704390 525
1704400 525
1704410 524
1704420 524
1704430 524
1704440 524
1704450 523
1704460 523
1704470 522
1704480 523
1704490 523
1704500 523
1704510 524
1704520 524
1704530 524
1704540 524
1704550 524
1704560 524
1704570 524
1704580 524
1704590 524
1704600 524
1704610 524
1704620 523
1704630 523
1704640 523
1704650 524
1704660 524
1704670 524
1704680 524
1704690 524
1704700 524
1704710 524
1704720 524
1704730 524
1704740 524
1704750 524
1704760 524
1704770 524
1704780 524
1704790 524
1704800 524
1704810 524
1704820 524
1704830 524
1704840 524
1704850 524
1704860 524
1704870 524
1704880 524
1704890 524
1704900 524
1704910 524
1704920 524
1704930 524
1704940 524
1704950 524
1704960 524
1704970 524
1704980 524
1704990 524
1705000 524
1705010 523
1705020 523
1705030 523
1705040 523
1705050 523
1705060 523
1705070 523
1705080 523
1705090 523
1705100 523
1705110 523
1705120 523
1705130 523
1705140 523
1705150 523
1705160 523
1705170 523
1705180 523
1705190 523
1705200 523
1705210 523
1705220 523
1705230 523
1705240 522
1705250 522
1705260 523
1705270 523
1705280 523
1705290 523
1705300 523
1705310 523
1705320 523
1705330 523
1705340 523
1705350 523
1705360 523
1705370 523
1705380 523
1705390 523
1705400 523
1705410 523
1705420 523
1705430 523
1705440 523
1705450 523
1705460 523
1705470 523
1705480 523
1705490 523
1705500 523
1705510 523
1705520 523
1705530 523
1705540 523
1705550 523
1705560 523
1705570 523
1705580 523
1705590 523
1705600 523
1705610 523
1705620 523
1705630 523
1705640 523
1705650 524
1705660 524
1705670 524
1705680 524
1705690 524
1705700 524
1705710 525
1705720 525
1705730 525
1705740 525
1705750 525
1705760 525
1705770 526
1705780 526
1705790 526
1705800 526
1705810 526
1705820 527
1705830 527
1705840 527
1705850 527
1705860 527
1705870 527
1705880 527
1705890 527
1705900 527
1705910 527
1705920 527
1705930 527
1705940 527
1705950 527
1705960 527
1705970 527
1705980 527
1705990 527
1706000 527
1706010 527
1706020 527
1706030 527
1706040 527
1706050 527
1706060 527
1706070 527
1706080 527
1706090 527
1706100 527
1706110 527
1706120 527
1706130 527
1706140 527
1706150 527
1706160 527
1706170 527
1706180 527
1706190 527
1706200 527
1706210 527
1706220 527
1706230 527
1706240 527
1706250 527
1706260 527
1706270 528
1706280 528
1706290 528
1706300 528
1706310 528
1706320 528
1706330 528
1706340 528
1706350 528
1706360 528
1706370 528
1706380 528
1706390 528
1706400 528
1706410 528
1706420 528
1706430 528
1706440 527
1706450 527
1706460 527
1706470 527
1706480 527
1706490 527
1706500 526
1706510 526
1706520 526
1706530 526
1706540 526
1706550 525
1706560 525
1706570 525
1706580 525
1706590 524
1706600 524
1706610 524
1706620 524
1706630 523
1706640 523
1706650 523
1706660 522
1706670 522
1706680 522
1706690 521
1706700 521
1706710 521
1706720 520
1706730 520
1706740 520
1706750 519
1706760 519
1706770 518
1706780 518
1706790 517
1706800 517
1706810 516
1706820 516
1706830 516
1706840 515
1706850 515
1706860 515
1706870 515
1706880 515
1706890 514
1706900 514
1706910 514
1706920 513
1706930 513
1706940 512
1706950 512
1706960 512
1706970 512
1706980 511
1706990 511
1707000 510
1707010 510
1707020 510
1707030 509
1707040 509
1707050 509
1707060 508
1707070 508
1707080 508
1707090 507
1707100 507
1707110 507
1707120 507
1707130 506
1707140 506
1707150 506
1707160 506
1707170 505
1707180 505
1707190 505
1707200 505
1707210 504
1707220 504
1707230 504
1707240 504
1707250 504
1707260 503
1707270 503
1707280 503
1707290 503
1707300 502
1707310 502
1707320 502
1707330 502
1707340 502
1707350 501
1707360 501
1707370 501
1707380 500
1707390 500
1707400 500
1707410 500
1707420 500
1707430 500
1707440 500
1707450 500
1707460 500
1707470 500
1707480 500
1707490 500
1707500 500
1707510 500
1707520 500
1707530 500
1707540 502
1707550 501
1707560 500
1707570 500
1707580 500
1707590 499
1707600 499
1707610 499
1707620 499
1707630 498
1707640 498
1707650 498
1707660 498
1707670 498
1707680 498
1707690 498
1707700 498
1707710 498
1707720 498
1707730 498
1707740 499
1707750 499
1707760 499
1707770 499
1707780 499
1707790 499
1707800 499
1707810 499
1707820 499
1707830 499
1707840 499
1707850 499
1707860 499
1707870 499
1707880 500
1707890 500
1707900 500
1707910 501
1707920 501
1707930 501
1707940 502
1707950 502
1707960 502
1707970 502
1707980 502
1707990 503
1708000 503
1708010 503
1708020 504
1708030 504
1708040 505
1708050 505
1708060 505
1708070 505
1708080 505
1708090 505
1708100 505
1708110 505
1708120 505
1708130 505
1708140 505
1708150 505
1708160 505
1708170 505
1708180 505
1708190 505
1708200 505
1708210 505
1708220 505
1708230 504
1708240 504
1708250 504
1708260 504
1708270 504
1708280 504
1708290 504
1708300 504
1708310 504
1708320 505
1708330 505
1708340 506
1708350 506
1708360 506
1708370 506
1708380 507
1708390 507
1708400 507
1708410 507
1708420 508
1708430 508
1708440 508
1708450 508
1708460 508
1708470 508
1708480 508
1708490 509
1708500 509
1708510 509
1708520 509
1708530 509
1708540 509
1708550 509
1708560 509
1708570 509
1708580 509
1708590 508
1708600 508
1708610 508
1708620 508
1708630 508
1708640 508
1708650 507
1708660 507
1708670 507
1708680 507
1708690 506
1708700 506
1708710 506
1708720 506
1708730 505
1708740 505
1708750 505
1708760 504
1708770 504
1708780 504
1708790 503
1708800 503
1708810 502
1708820 502
1708830 501
1708840 501
1708850 500
1708860 500
1708870 499
1708880 498
1708890 498
1708900 497
1708910 497
1708920 496
1708930 496
1708940 496
1708950 496
1708960 495
1708970 495
1708980 495
1708990 494
1709000 494
1709010 493
1709020 493
1709030 492
1709040 492
1709050 492
1709060 492
1709070 493
1709080 494
1709090 497
1709100 499
1709110 500
1709120 500
1709130 500
1709140 501
1709150 501
1709160 502
1709170 502
1709180 503
1709190 503
1709200 503
1709210 504
1709220 504
1709230 504
1709240 504
1709250 504
1709260 504
1709270 505
1709280 504
1709290 504
1709300 504
1709310 504
1709320 503
1709330 503
1709340 502
1709350 502
1709360 502
1709370 501
1709380 500
1709390 500
1709400 499
1709410 498
1709420 497
1709430 497
1709440 496
1709450 495
1709460 495
1709470 494
1709480 494
1709490 494
1709500 493
1709510 493
1709520 492
1709530 492
1709540 491
1709550 490
1709560 489
1709570 488
1709580 487
1709590 487
1709600 486
1709610 486
1709620 486
1709630 486
1709640 485
1709650 485
1709660 485
1709670 485
1709680 485
1709690 485
1709700 486
1709710 486
1709720 486
1709730 486
1709740 487
1709750 489
1709760 492
1709770 496
1709780 499
1709790 501
1709800 502
1709810 503
1709820 504
1709830 505
1709840 505
1709850 506
1709860 506
1709870 506
1709880 506
1709890 507
1709900 507
1709910 508
1709920 508
1709930 509
1709940 509
1709950 510
1709960 511
1709970 512
1709980 512
1709990 513
1710000 513
1710010 514
1710020 515
1710030 515
1710040 516
1710050 516
1710060 515
1710070 515
1710080 515
1710090 515
1710100 516
1710110 517
1710120 518
1710130 519
1710140 520
1710150 522
1710160 524
1710170 527
1710180 529
1710190 530
1710200 531
1710210 532
1710220 533
1710230 534
1710240 536
1710250 537
1710260 539
1710270 540
1710280 542
1710290 544
1710300 545
1710310 547
1710320 548
1710330 550
1710340 551
1710350 551
1710360 552
1710370 553
1710380 554
1710390 554
1710400 555
1710410 556
1710420 557
1710430 558
1710440 558
1710450 559
1710460 560
1710470 561
1710480 561
1710490 562
1710500 562
1710510 563
1710520 563
1710530 563
1710540 563
1710550 564
1710560 564
1710570 564
1710580 564
1710590 565
1710600 565
1710610 565
1710620 565
1710630 565
1710640 565
1710650 565
1710660 565
1710670 565
1710680 564
1710690 564
1710700 564
1710710 563
1710720 563
1710730 563
1710740 562
1710750 562
1710760 562
1710770 561
1710780 561
1710790 561
1710800 561
1710810 560
1710820 560
1710830 560
1710840 560
1710850 559
1710860 559
1710870 559
1710880 558
1710890 558
1710900 558
1710910 558
1710920 557
1710930 557
1710940 557
1710950 557
1710960 557
1710970 557
1710980 557
1710990 556
1711000 557
1711010 557
1711020 557
1711030 557
1711040 557
1711050 557
1711060 557
1711070 558
1711080 558
1711090 558
1711100 559
1711110 559
1711120 559
1711130 559
1711140 560
1711150 560
1711160 560
1711170 561
1711180 561
1711190 561
1711200 562
1711210 562
1711220 562
1711230 563
1711240 563
1711250 563
1711260 563
1711270 564
1711280 564
1711290 564
1711300 565
1711310 565
1711320 565
1711330 566
1711340 566
1711350 567
1711360 567
1711370 568
1711380 568
1711390 569
1711400 569
1711410 570
1711420 570
1711430 570
1711440 571
1711450 571
1711460 572
1711470 572
1711480 573
1711490 573
1711500 574
1711510 574
1711520 574
1711530 575
1711540 575
1711550 575
1711560 576
1711570 576
1711580 576
1711590 576
1711600 577
1711610 577
1711620 577
1711630 577
1711640 578
1711650 578
1711660 578
1711670 578
1711680 578
1711690 578
1711700 578
1711710 578
1711720 578
1711730 578
1711740 578
1711750 578
1711760 578
1711770 578
1711780 578
1711790 578
1711800 578
1711810 578
1711820 578
1711830 578
1711840 578
1711850 578
1711860 578
1711870 578
1711880 578
1711890 577
1711900 577
1711910 577
1711920 577
1711930 577
1711940 577
1711950 577
1711960 577
1711970 577
1711980 577
1711990 577
1712000 577
1712010 577
1712020 577
1712030 576
1712040 576
1712050 576
1712060 576
1712070 576
1712080 576
1712090 575
1712100 575
1712110 575
1712120 574
1712130 574
1712140 574
1712150 573
1712160 573
1712170 572
1712180 572
1712190 572
1712200 571
1712210 571
1712220 571
1712230 570
1712240 570
1712250 569
1712260 569
1712270 569
1712280 568
1712290 568
1712300 567
1712310 567
1712320 566
1712330 566
1712340 565
1712350 564
1712360 564
1712370 563
1712380 562
1712390 561
1712400 560
1712410 559
1712420 558
1712430 557
1712440 556
1712450 555
1712460 554
1712470 554
1712480 553
1712490 553
1712500 552
1712510 552
1712520 552
1712530 552
1712540 552
