1701140 627
1701150 627
1701160 626
1701170 626
1701180 626
1701190 626
1701200 625
1701210 625
1701220 624
1701230 624
1701240 623
1701250 623
1701260 622
1701270 621
1701280 621
1701290 620
1701300 620
1701310 619
1701320 619
1701330 618
1701340 618
1701350 618
1701360 617
1701370 617
1701380 616
1701390 616
1701400 616
1701410 615
1701420 615
1701430 615
1701440 614
1701450 614
1701460 614
1701470 613
1701480 613
1701490 612
1701500 612
1701510 612
1701520 612
1701530 611
1701540 611
1701550 610
1701560 610
1701570 610
1701580 610
1701590 610
1701600 609
1701610 609
1701620 608
1701630 608
1701640 608
1701650 607
1701660 607
1701670 606
1701680 606
1701690 605
1701700 605
1701710 604
1701720 604
1701730 603
1701740 602
1701750 601
1701760 600
1701770 599
1701780 600
1701790 600
1701800 601
1701810 601
1701820 601
1701830 601
1701840 601
1701850 600
1701860 600
1701870 600
1701880 600
1701890 600
1701900 600
1701910 599
1701920 599
1701930 599
1701940 599
1701950 598
1701960 598
1701970 598
1701980 597
1701990 596
1702000 596
1702010 595
1702020 595
1702030 595
1702040 594
1702050 594
1702060 594
1702070 593
1702080 593
1702090 592
1702100 592
1702110 591
1702120 591
1702130 590
1702140 590
1702150 590
1702160 590
1702170 590
1702180 590
1702190 590
1702200 589
1702210 589
1702220 589
1702230 588
1702240 588
1702250 588
1702260 588
1702270 588
1702280 588
1702290 588
1702300 587
1702310 587
1702320 587
1702330 586
1702340 586
1702350 585
1702360 585
1702370 584
1702380 584
1702390 584
1702400 584
1702410 584
1702420 583
1702430 583
1702440 583
1702450 583
1702460 583
1702470 582
1702480 582
1702490 582
1702500 582
1702510 581
1702520 581
1702530 581
1702540 580
1702550 580
1702560 580
1702570 580
1702580 579
1702590 578
1702600 578
1702610 577
1702620 577
1702630 577
1702640 577
1702650 577
1702660 577
1702670 577
1702680 577
1702690 578
1702700 578
1702710 578
1702720 578
1702730 578
1702740 578
1702750 578
1702760 578
1702770 577
1702780 577
1702790 577
1702800 577
1702810 577
1702820 577
1702830 577
1702840 577
1702850 576
1702860 576
1702870 576
1702880 576
1702890 575
1702900 575
1702910 575
1702920 575
1702930 574
1702940 574
1702950 574
1702960 574
1702970 574
1702980 574
1702990 573
1703000 573
1703010 573
1703020 573
1703030 572
1703040 572
1703050 572
1703060 572
1703070 572
1703080 572
1703090 571
1703100 571
1703110 571
1704350 542
1704360 542
1704370 542
1704380 542
1704390 541
1704400 541
1704410 541
1704420 541
1704430 541
1704440 541
1704450 541
1704460 541
1704470 541
1704480 541
1704490 541
1704500 541
1704510 541
1704520 541
1704530 541
1704540 541
1704550 541
1704560 541
1704570 540
1704580 540
1704590 540
1704600 540
1704610 540
1704620 540
1704630 539
1704640 539
1704650 539
1704660 539
1704670 539
1704680 539
1704690 539
1704700 539
1704710 538
1704720 538
1704730 538
1704740 538
1706240 521
1706250 521
1706260 522
1706270 523
1706280 525
1706290 528
1706300 530
1706310 531
1706320 532
1706330 532
1706340 533
1706350 533
1706360 534
1706370 534
1706380 535
1706390 535
1706400 536
1706410 536
1706420 537
1706430 537
1706440 537
1706450 538
1706460 538
1706470 539
1706480 539
1706490 539
1706500 539
1706510 540
1706520 540
1706530 540
1706540 540
1706550 540
1706560 541
1706570 541
1706580 541
1706590 541
1706600 542
1706610 542
1706620 542
1706630 542
1706640 542
1706650 542
1706660 542
1706670 542
1706680 541
1706690 541
1706700 541
1706710 540
1706720 540
1706730 540
1706740 539
1706750 539
1706760 539
1706770 538
1706780 538
1706790 538
1706800 538
1706810 537
1706820 537
1706830 537
1706840 537
1706850 537
1706860 536
1706870 536
1706880 536
1706890 536
1706900 536
1706910 536
1706920 535
1706930 535
1706940 535
1706950 534
1706960 534
1706970 534
1706980 533
1706990 533
1707000 532
1707010 532
1707020 532
1707030 531
1707040 531
1707050 530
1707060 530
1707070 529
1707080 529
1707090 529
1707100 528
1707110 528
1707120 528
1707130 528
1707140 528
1707150 528
1707160 528
1707170 528
1707180 528
1707190 528
1707200 528
1707210 528
1707220 528
1707230 528
1707240 528
1707250 528
1707260 528
1707270 528
1707280 528
1707290 528
1707300 528
1707310 528
1707320 528
1707330 528
1707340 528
1707350 528
1707360 527
1707370 527
1707380 527
1707390 527
1707400 527
1707410 527
1707420 527
1707430 526
1707440 526
1707450 526
1707460 526
1707470 526
1707480 526
1707490 526
1707500 526
1707510 526
1707520 526
1707530 526
1707540 525
1707550 525
1707560 525
1707570 525
1707580 525
1707590 524
1707600 524
1707610 524
1707620 524
1707630 523
1707640 523
1707650 523
1707660 523
1707670 522
1707680 522
1707690 522
1707700 522
1707710 522
1707720 522
1707730 521
1707740 521
1707750 521
1707760 521
1707770 521
1707780 521
1707790 520
1707800 520
1707810 520
1707820 520
1707830 520
1707840 519
1707850 519
1707860 519
1707870 519
1707880 518
1707890 518
1707900 517
1707910 517
1707920 516
1707930 517
1707940 516
1707950 516
1707960 516
1707970 515
1707980 514
1707990 513
1708000 512
1708010 512
1708020 511
1708030 511
1708040 511
1708050 510
1708060 511
1708070 511
1708080 511
1708090 511
1708100 510
1708110 511
1708120 511
1708130 511
1708140 511
1708150 511
1708160 512
1708170 513
1708180 514
1708190 514
1708200 514
1708210 514
1708220 514
1708230 513
1708240 513
1708250 513
1708260 513
1708270 513
1708280 513
1708290 514
1708300 514
1708310 515
1708320 515
1708330 514
1708340 514
1708350 515
1708360 515
1708370 515
1708380 514
1708390 514
1708400 514
1708410 514
1708420 514
1708430 514
1708440 514
1708450 513
1708460 513
1708470 513
1708480 513
1708490 513
1708500 513
1708510 513
1708520 513
1708530 513
1708540 513
1708550 513
1708560 513
1708570 513
1708580 513
1708590 514
1708600 514
1708610 514
1708620 515
1708630 516
1708640 516
1708650 517
1708660 517
1708670 517
1708680 517
1708690 517
1708700 517
1708710 517
1708720 517
1708730 518
1708740 518
1708750 518
1708760 518
1708770 519
1708780 519
1708790 519
1708800 519
1708810 520
1708820 520
1708830 520
1708840 520
1708850 521
1708860 521
1708870 521
1708880 521
1708890 521
1708900 522
1708910 522
1708920 522
1708930 523
1708940 523
1708950 523
1708960 523
1708970 523
1708980 524
1708990 524
1709000 524
1709010 524
1709020 524
1709030 524
1709040 524
1709050 524
1709060 524
1709070 525
1709080 525
1709090 525
1709100 525
1709110 525
1709120 525
1709130 524
1709140 524
1709150 524
1709160 524
1709170 523
1709180 523
1709190 522
1709200 522
1709210 521
1709220 519
1709230 518
1709240 516
1709250 517
1709260 517
1709270 516
1709280 516
1709290 516
1709300 516
1709310 517
1709320 516
1709330 516
1709340 514
1709350 513
1709360 512
1709370 512
1709380 512
1709390 512
1709400 512
1709410 512
1709420 512
1709430 512
1709440 512
1709450 512
1709460 513
1709470 514
1709480 514
1709490 515
1709500 515
1709510 515
1709520 515
1709530 514
1709540 514
1709550 514
1709560 513
1709570 513
1709580 513
1709590 513
1709600 512
1709610 512
1709620 512
1709630 512
1709640 512
1709650 512
1709660 511
1709670 511
1709680 510
1709690 510
1709700 509
1709710 509
1709720 508
1709730 508
1709740 508
1709750 507
1709760 506
1709770 504
1709780 503
1709790 503
1709800 505
1709810 506
1709820 505
1709830 503
1709840 501
1709850 500
1709860 499
1709870 498
1709880 498
1709890 497
1709900 497
1709910 497
1709920 497
1709930 496
1709940 496
1709950 495
1709960 495
1709970 496
1709980 495
1709990 495
1710000 495
1710010 495
1710020 495
1710030 496
1710040 496
1710050 497
1710060 498
1710070 500
1710080 502
1710090 503
1710100 505
1710110 508
1710120 511
1710130 514
1710140 517
1710150 519
1710160 521
1710170 523
1710180 525
1710190 527
1710200 528
1710210 529
1710220 530
1710230 531
1710240 531
1710250 531
1710260 530
1710270 529
1710280 529
1710290 528
1710300 529
1710310 530
1710320 530
1710330 531
1710340 532
1710350 533
1710360 533
1710370 534
1710380 535
1710390 535
1710400 535
1710410 535
1710420 535
1710430 536
1710440 537
1710450 538
1710460 539
1710470 540
1710480 540
1710490 541
1710500 541
1710510 541
1710520 541
1710530 541
1710540 541
1710550 541
1710560 540
1710570 540
1710580 539
1710590 539
1710600 539
1710610 538
1710620 538
1710630 537
1710640 537
1710650 537
1710660 536
1710670 536
1710680 535
1710690 535
1710700 534
1710710 534
1710720 533
1710730 532
1710740 531
1710750 531
1710760 533
1710770 535
1710780 537
1710790 540
1710800 542
1710810 544
1710820 545
1710830 547
1710840 548
1710850 550
1710860 551
1710870 553
1710880 555
1710890 556
1710900 558
1710910 559
1710920 561
1710930 562
1710940 564
1710950 565
1710960 567
1710970 568
1710980 570
1710990 571
1711000 571
1711010 572
1711020 572
1711030 573
1711040 573
1711050 574
