1701030 608
1701040 609
1701050 609
1701060 610
1701070 610
1701080 611
1701090 611
1701100 611
1701110 612
1701120 612
1701130 612
1701140 612
1701150 612
1701160 612
1701170 612
1701180 611
1701190 611
1701200 611
1701210 611
1701220 610
1701230 610
1701240 610
1701250 609
1701260 609
1701270 608
1701280 608
1701290 607
1701300 607
1701310 607
1701320 606
1701330 606
1701340 606
1701350 605
1701360 605
1701370 604
1701380 604
1701390 604
1701400 605
1701410 605
1701420 605
1701430 605
1701440 605
1701450 604
1701460 604
1701470 604
1701480 604
1701490 604
1701500 604
1701510 604
1701520 604
1701530 604
1701540 604
1701550 604
1701560 604
1701570 604
1701580 604
1701590 603
1701600 603
1701610 603
1701620 603
1701630 603
1701640 603
1701650 603
1701660 602
1701670 602
1701680 602
1701690 602
1701700 601
1701710 600
1701720 600
1701730 599
1701740 599
1701750 598
1701760 598
1701770 597
1701780 596
1701790 596
1701800 595
1701810 595
1701820 594
1701830 593
1701840 593
1701850 592
1701860 592
1701870 591
1701880 591
1701890 590
1701900 590
1701910 589
1701920 588
1701930 588
1701940 587
1701950 586
1701960 586
1701970 585
1701980 585
1701990 584
1702000 583
1702010 583
1702020 582
1702030 581
1702040 581
1702050 580
1702060 580
1702070 579
1702080 578
1702090 578
1702100 577
1702110 576
1702120 576
1702130 575
1702140 574
1702150 573
1702160 573
1702170 572
1702180 571
1702190 571
1702200 570
1702210 570
1702220 569
1702230 569
1702240 569
1702250 569
1702260 568
1702270 568
1702280 567
1702290 568
1702300 568
1702310 568
1702320 568
1702330 568
1702340 568
1702350 568
1702360 568
1702370 568
1702380 568
1702390 568
1702400 568
1702410 568
1702420 568
1702430 568
1702440 568
1702450 568
1702460 567
1702470 567
1702480 567
1702490 567
1702500 566
1702510 566
1702520 565
1702530 565
1702540 564
1702550 564
1702560 563
1702570 562
1702580 562
1702590 562
1702600 562
1702610 562
1702620 562
1702630 563
1702640 563
1702650 564
1702660 564
1702670 564
1702680 564
1702690 564
1702700 564
1702710 564
1702720 564
1702730 564
1702740 564
1702750 563
1702760 563
1702770 563
1702780 563
1702790 563
1702800 563
1702810 563
1702820 562
1702830 562
1702840 563
1702850 563
1702860 563
1702870 563
1702880 563
1702890 563
1702900 563
1702910 563
1702920 562
1702930 562
1702940 562
1702950 562
1702960 562
1702970 562
1702980 562
1702990 562
1703000 561
1703010 561
1703020 561
1703030 561
1703040 560
1703050 560
1703060 560
1703070 559
1703080 559
1703090 558
1703100 558
1703110 557
1703120 557
1703130 556
1703140 555
1703150 554
1703160 554
1703170 553
1703180 552
1703190 551
1703200 550
1703210 550
1703220 549
1703230 548
1703240 547
1703250 544
1703260 543
1703270 542
1703280 541
1703290 540
1703300 539
1703310 538
1703320 537
1703330 537
1703340 536
1703350 535
1703360 535
1703370 534
1703380 534
1703390 534
1703400 533
1703410 533
1703420 532
1703430 532
1703440 531
1703450 531
1703460 530
1703470 530
1703480 529
1703490 529
1703500 529
1703510 529
1703520 529
1703530 530
1703540 530
1703550 530
1703560 530
1703570 531
1703580 531
1703590 531
1703600 532
1703610 532
1703620 532
1703630 532
1703640 532
1703650 532
1703660 532
1703670 532
1703680 532
1703690 532
1703700 531
1703710 531
1703720 531
1703730 531
1703740 531
1703750 531
1703760 530
1703770 530
1703780 530
1703790 530
1703880 531
1703890 530
1703900 530
1703910 530
1703920 530
1703930 530
1703940 531
1703950 531
1703960 531
1703970 531
1703980 532
1703990 532
1704000 532
1704010 532
1704020 532
1704030 533
1704040 533
1704050 533
1704060 533
1704070 533
1704080 533
1704090 533
1704100 534
1704110 534
1704120 534
1704130 534
1704140 534
1704150 534
1704160 534
1704170 534
1704180 535
1704190 535
1704200 535
1704210 535
1704220 535
1704230 535
1704240 535
1704250 535
1704260 535
1704270 536
1704280 536
1704290 536
1704300 536
1704310 536
1704320 536
1704330 536
1704340 536
1704350 536
1704360 536
1704370 536
1704380 536
1704390 536
1704400 536
1704410 536
1704420 536
1704430 536
1704440 536
1704450 536
1704460 536
1704470 536
1704480 536
1704490 536
1704500 536
1704510 536
1704520 536
1704530 536
1704540 536
1704550 536
1704560 536
1704570 536
1704580 536
1704590 536
1704600 536
1704610 536
1704620 536
1704630 536
1704640 536
1704650 536
1704660 536
1704670 536
1704680 536
1704690 536
1704700 536
1704710 536
1704720 536
1704730 536
1704740 536
1704750 536
1704760 536
1704770 536
1704780 536
1704790 536
1704800 536
1704810 536
1704820 536
1704830 536
1704840 536
1704850 536
1704860 536
1704870 536
1704880 536
1704890 536
1704900 536
1704910 536
1704920 536
1704930 536
1704940 535
1704950 535
1704960 535
1704970 535
1704980 535
1704990 535
1705000 535
1705010 535
1705020 535
1705030 534
1705040 534
1705050 534
1705060 534
1705070 534
1705080 534
1705090 534
1705100 533
1705110 533
1705120 533
1705130 533
1705140 533
1705150 532
1705160 532
1706000 530
1706010 530
1706020 530
1706030 530
1706040 530
1706050 529
1706060 529
1706070 529
1706080 529
1706090 529
1706100 529
1706110 529
1706120 529
1706130 529
1706140 529
1706150 529
1706160 529
1706170 529
1706180 529
1706190 528
1706200 528
1706210 528
1706220 528
1706230 528
1706240 528
1706250 528
1706260 528
1706270 528
1706280 528
1706290 528
1706300 528
1706310 528
1706320 527
1706330 526
1706340 524
1706350 522
1706360 520
1706370 518
1706380 518
1706390 518
1706400 518
1706410 518
1706420 518
1706430 518
1706440 520
1706450 522
1706460 524
1706470 526
1706480 527
1706490 528
1706500 528
1706510 528
1706520 529
1706530 529
1706540 529
1706550 529
1706560 529
1706570 529
1706580 528
1706590 528
1706600 528
1706610 528
1706620 528
1706630 528
1706640 528
1706650 527
1706660 527
1706670 527
1706680 527
1706690 527
1706700 526
1706710 526
1706720 526
1706730 526
1706740 526
1706750 526
1706760 526
1706770 525
1706780 525
1706790 525
1706800 525
1706810 525
1706820 525
1706830 525
1706840 524
1706850 524
1706860 524
1706870 524
1706880 523
1706890 523
1706900 523
1706910 523
1706920 522
1706930 522
1706940 522
1706950 522
1706960 522
1706970 522
1706980 521
1706990 521
1707000 521
1707010 521
1707020 521
1707030 521
1707040 520
1707050 520
1707060 520
1707070 520
1707080 520
1707090 520
1707100 520
1707110 519
1707120 519
1707130 519
1707140 519
1707150 518
1707160 518
1707170 518
1707180 518
1707190 518
1707200 518
1707210 518
1707220 518
1707230 518
1707240 518
1707250 517
1707260 517
1707270 517
1707280 517
1707290 517
1707300 517
1707310 517
1707320 518
1707330 518
1707340 518
1707350 518
1707360 519
1707370 519
1707380 519
1707390 519
1707400 519
1707410 519
1707420 519
1707430 519
1707440 519
1707450 519
1707460 519
1707470 519
1707480 519
1707490 519
1707500 519
1707510 519
1707520 519
1707530 519
1707540 519
1707550 519
1707560 519
1707570 519
1707580 519
1707590 519
1707600 519
1707610 519
1707620 519
1707630 519
1707640 519
1707650 519
1707660 519
1707670 519
1707680 519
1707690 519
1707700 519
1707710 519
1707720 519
1707730 519
1707740 519
1707750 519
1707760 519
1707770 519
1707780 519
1707790 519
1707800 519
1707810 518
1707820 518
1707830 518
1707840 518
1707850 518
1707860 518
1707870 518
1707880 518
1707890 518
1707900 518
1707910 518
1707920 518
1707930 518
1707940 518
1707950 518
1707960 518
1707970 518
1707980 518
1707990 518
1708000 518
1708010 518
1708020 518
1708030 518
1708040 518
1708050 518
1708060 518
1708070 517
1708080 517
1708090 517
1708100 517
1708110 517
1708120 517
1708130 517
1708140 517
1708150 517
1708160 516
1708170 516
1708180 516
1708190 516
1708200 516
1708210 516
1708220 516
1708230 515
1708240 515
1708250 514
1708260 514
1708270 513
1708280 513
1708290 512
1708300 512
1708310 511
1708320 511
1708330 509
1708340 509
1708350 508
1708360 508
1708370 508
1708380 507
1708390 507
1708400 507
1708410 507
1708420 506
1708430 506
1708440 506
1708450 505
1708460 505
1708470 505
1708480 505
1708490 505
1708500 505
1708510 505
1708520 505
1708530 505
1708540 505
1708550 505
1708560 506
1708570 506
1708580 506
1708590 507
1708600 508
1708610 508
1708620 509
1708630 509
1708640 509
1708650 509
1708660 509
1708670 509
1708680 510
1708690 510
1708700 510
1708710 510
1708720 511
1708730 511
1708740 511
1708750 511
1708760 511
1708770 511
1708780 511
1708790 511
1708800 511
1708810 511
1708820 511
1708830 511
1708840 511
1708850 511
1708860 511
1708870 511
1708880 510
1708890 510
1708900 510
1708910 510
1708920 510
1708930 510
1708940 510
1708950 510
1708960 510
1708970 510
1708980 510
1708990 510
1709000 510
1709010 511
1709020 511
1709030 511
1709040 511
1709050 511
1709060 511
1709070 511
1709080 511
1709090 511
1709100 511
1709110 511
1709120 511
1709130 511
1709140 510
1709150 510
1709160 510
1709170 509
1709180 508
1709190 507
1709200 506
1709210 505
1709220 505
1709230 504
1709240 504
1709250 504
1709260 504
1709270 503
1709280 502
1709290 501
1709300 501
1709310 500
1709320 499
1709330 499
1709340 499
1709350 498
1709360 498
1709370 497
1709380 496
1709390 496
1709400 496
1709410 497
1709420 498
1709430 499
1709440 500
1709450 501
1709460 501
1709470 499
1709480 499
1709490 499
1709500 500
1709510 500
1709520 499
1709530 499
1709540 498
1709550 498
1709560 497
1709570 495
1709580 493
1709590 492
1709600 491
1709610 491
1709620 491
1709630 491
1709640 491
1709650 491
1709660 491
1709670 492
1709680 494
1709690 497
1709700 500
1709710 503
1709720 507
1709730 510
1709740 513
1709750 516
1709760 517
1709770 519
1709780 520
1709790 521
1709800 522
1709810 522
1709820 523
1709830 523
1709840 523
1709850 524
1709860 524
1709870 524
1709880 524
1709890 524
1709900 524
1709910 524
1709920 525
1709930 525
1709940 525
1709950 526
1709960 526
1709970 527
1709980 527
1709990 528
1710000 529
1710010 529
1710020 530
1710030 531
1710040 532
1710050 533
1710060 534
1710070 534
1710080 535
1710090 536
1710100 537
1710110 538
1710120 539
1710130 540
1710140 541
1710150 542
1710160 542
1710170 543
1710180 544
1710190 545
1710200 545
1710210 546
1710220 546
1710230 546
1710240 547
1710250 547
1710260 548
1710270 548
1710280 549
1710290 550
1710300 551
1710310 551
1710320 551
1710330 551
1710340 551
1710350 551
1710360 552
1710370 552
1710380 552
1710390 552
1710400 553
1710410 553
1710420 553
1710430 554
1710440 555
1710450 555
1710460 556
1710470 556
1710480 556
1710490 556
1710500 556
1710510 556
1710520 556
1710530 556
1710540 557
1710550 557
1710560 557
1710570 558
1710580 558
1710590 558
1710600 558
1710610 558
1710620 558
1710630 558
1710640 558
1710650 558
1710660 558
1710670 559
1710680 559
1710690 559
1710700 559
1710710 559
1710720 559
1710730 559
1710740 560
1710750 560
1710760 560
1710770 560
1710780 559
1710790 559
1710800 559
1710810 558
1710820 558
1710830 558
1710840 558
1710850 559
1710860 559
1710870 559
1710880 560
1710890 560
1710900 561
1710910 562
1710920 563
1710930 564
1710940 565
1710950 566
1710960 566
1710970 567
1710980 568
1710990 569
1711000 570
1711010 571
1711020 572
1711030 573
1711040 574
1711050 575
1711060 576
1711070 576
1711080 578
1711090 579
1711100 580
1711110 581
1711120 581
1711130 582
1711140 583
1711150 584
1711160 585
1711170 585
1711180 586
1711190 586
1711200 585
1711210 584
1711220 584
1711230 583
1711240 582
1711250 582
1711260 581
1711270 581
1711280 580
1711290 579
1711300 579
1711310 578
1711320 578
1711330 577
1711340 577
1711350 576
1711360 575
1711370 575
1711380 574
1711390 574
1711400 574
