1700500 613
1700510 613
1700520 614
1700530 614
1700540 615
1700550 615
1700560 616
1700570 617
1700580 618
1700590 619
1700600 619
1700610 620
1700620 621
1700630 622
1700640 624
1700650 625
1700660 626
1700670 627
1700680 628
1700690 630
1700700 631
1700710 632
1700720 633
1700730 634
1700740 635
1700750 636
1700760 637
1700770 638
1700780 639
1700790 639
1700800 640
1700810 641
1700820 641
1700830 642
1700840 643
1700850 643
1700860 643
1700870 643
1700880 643
1700890 643
1700900 643
1700910 643
1700920 642
1700930 642
1700940 642
1700950 643
1700960 643
1700970 644
1700980 645
1700990 646
1701000 647
1701010 648
1701020 648
1701030 649
1701040 650
1701050 651
1701060 651
1701070 652
1701080 652
1701090 653
1701100 654
1701110 655
1701120 656
1701130 657
1701140 658
1701150 658
1701160 658
1701170 658
1701180 658
1701190 658
1701200 658
1701210 659
1701220 659
1701230 659
1701240 659
1701250 660
1701260 660
1701270 660
1701280 660
1701290 660
1701300 660
1701310 660
1701320 660
1701330 660
1701340 660
1701350 659
1701360 659
1701370 659
1701380 658
1701390 658
1701400 658
1701410 658
1701420 658
1701430 657
1701440 657
1701450 657
1701460 656
1701470 656
1701480 655
1701490 655
1701500 655
1701510 654
1701520 654
1701530 654
1701540 654
1701550 654
1701560 654
1701570 654
1701580 653
1701590 653
1701600 653
1701610 653
1701620 653
1701630 653
1701640 653
1701650 653
1701660 653
1701670 652
1701680 652
1701690 652
1701700 651
1701710 651
1701720 651
1701730 651
1701740 651
1701750 651
1701760 651
1701770 651
1701780 651
1701790 651
1701800 650
1701810 650
1701820 649
1701830 649
1701840 649
1701850 648
1701860 648
1701870 647
1701880 647
1701890 646
1701900 646
1701910 645
1701920 645
1701930 644
1701940 643
1701950 643
1701960 642
1701970 642
1701980 641
1701990 640
1702000 640
1702010 639
1702020 639
1702030 638
1702040 637
1702050 637
1702060 636
1702070 635
1702080 634
1702090 633
1702100 633
1702110 632
1702120 631
1702130 630
1702140 629
1702150 629
1702160 628
1702170 627
1702180 627
1702190 626
1702200 626
1702210 625
1702220 625
1702230 624
1702240 624
1702250 623
1702260 623
1702270 623
1702280 623
1702290 623
1702300 623
1702310 623
1702320 623
1702330 622
1702340 622
1702350 622
1702360 621
1702370 621
1702380 621
1702390 621
1702400 621
1702410 621
