1700590 608
1700600 609
1700610 609
1700620 609
1700630 610
1700640 610
1700650 611
1700660 611
1700670 612
1700680 612
1700690 612
1700700 613
1700710 614
1700720 614
1700730 615
1700740 615
1700750 616
1700760 616
1700770 616
1700780 617
1700790 617
1700800 618
1700810 618
1700820 619
1700830 619
1700840 619
1700850 620
1700860 621
1700870 621
1700880 622
1700890 622
1700900 623
1700910 624
1700920 625
1700930 626
1700940 627
1700950 628
1700960 629
1700970 630
1700980 631
1700990 633
1701000 634
1701010 635
1701020 636
1701030 637
1701040 639
1701050 640
1701060 641
1701070 642
1701080 644
1701090 645
1701100 646
1701110 648
1701120 649
1701130 650
1701140 651
1701150 651
1701160 652
1701170 653
1701180 654
1701190 655
1701200 656
1701210 657
1701220 659
1701230 660
1701240 661
1701250 662
1701260 663
1701270 664
1701280 665
1701290 666
1701300 667
1701310 668
1701320 669
1701330 669
1701340 670
1701350 670
1701360 671
1701370 672
1701380 672
1701390 673
1701400 673
1701410 673
1701420 673
1701430 674
1701440 674
1701450 674
1701460 674
1701470 674
1701480 675
1701490 675
1701500 675
1701510 675
1701520 675
1701530 675
1701540 675
1701550 675
1701560 675
1701570 675
1701580 673
1701590 672
1701600 672
1701610 671
1701620 671
1701630 670
1701640 670
1701650 670
1701660 670
1701670 670
1701680 670
1701690 670
1701700 670
1701710 670
1701720 670
1701730 670
1701740 670
1701750 670
1701760 671
1701770 671
1701780 672
1701790 672
1701800 672
1701810 672
1701820 671
1701830 671
1701840 670
1701850 669
1701860 668
1701870 667
1701880 666
1701890 665
1701900 665
1701910 664
1701920 663
1701930 663
1701940 662
1701950 661
1701960 661
1701970 660
1701980 659
1701990 657
1702000 656
1702010 655
1702020 654
1702030 654
1702040 653
1702050 652
1702060 652
1702070 651
1702080 651
1702090 650
1702100 650
1702110 648
1702120 647
1702130 647
1702140 646
1702150 646
1702160 646
1702170 646
1702180 645
1702190 644
1702200 643
1702210 643
1702220 642
1702230 642
1702240 641
1702250 641
1702260 640
